# BEGINHEADER
# This file contains data from the SALSA 2m radio telescope.
# DATE=2024-01-31T11:33:0000
# GLON and GLAT given in degrees
# GLON=29.29307268546505
# GLAT=-26.613984968278245
# DATA in two columns below. Col. 1 is velocity relative to LSR [km/s]. Col. 2 is uncalibrated antenna temperature [K].
# ENDHEADER
2390.078251657632 20.716656336903576
2388.0171077070336 42.41481541709604
2385.9559637564344 38.014311885026586
2383.894819805836 41.14416695543245
2381.8336758552373 40.427502627505184
2379.772531904639 43.06509714757676
2377.71138795404 44.13637127340744
2375.6502440034415 46.034324057756514
2373.5891000528422 47.59041519548817
2371.527956102244 50.43961819311373
2369.466812151645 52.68135441318625
2367.405668201047 55.063792617661726
2365.3445242504476 57.00566065458976
2363.2833802998493 59.550195223074205
2361.2222363492506 62.302660656398885
2359.1610923986523 65.27857186315404
2357.0999484480535 67.23562309760405
2355.0388044974547 69.78488137878243
2352.977660546856 71.36348719688354
2350.9165165962577 74.31161115989596
2348.855372645659 75.60764805577963
2346.7942286950606 76.92944147900732
2344.7330847444614 79.95013183695754
2342.671940793863 80.86912232361071
2340.6107968432643 83.98666507107943
2338.549652892666 84.48210152667552
2336.4885089420673 84.71563797003869
2334.4273649914685 85.90271670859467
2332.3662210408697 86.7929294135105
2330.3050770902714 88.39768883920416
2328.2439331396727 89.30893114159826
2326.1827891890744 90.53293688975455
2324.121645238475 89.12144496631099
2322.060501287877 90.99273331506755
2319.999357337278 91.2586975009998
2317.9382133866798 91.37143432824404
2315.877069436081 91.88715516252928
2313.8159254854822 92.25657332692312
2311.754781534883 93.37507257298685
2309.6936375842847 93.01493297835268
2307.632493633686 93.21741979147835
2305.5713496830876 92.97121151409799
2303.5102057324884 92.89930030032338
2301.44906178189 94.83206424748153
2299.3879178312914 93.90307645279721
2297.326773880693 94.98879387098695
2295.2656299300943 94.61626456225204
2293.2044859794955 95.59382141924054
2291.1433420288968 95.73101717162433
2289.0821980782985 96.30689682857299
2287.0210541276997 95.88995806243115
2284.9599101771014 95.84011962384675
2282.898766226502 96.52155694998052
2280.837622275904 96.1963303387872
2278.776478325305 96.31301964428766
2276.715334374707 96.06707550492493
2274.654190424108 96.43144550865004
2272.5930464735093 98.19289634064702
2270.5319025229105 97.65777677997748
2268.470758572312 97.52592086559315
2266.4096146217134 96.43899225147385
2264.348470671115 98.15039220235744
2262.287326720516 98.90033152168941
2260.2261827699176 98.08810552612444
2258.165038819319 98.67791389369819
2256.1038948687205 98.69396373775879
2254.042750918122 99.05867810252454
2251.981606967523 98.67692224838082
2249.920463016924 98.83535199254466
2247.8593190663255 98.37641444998874
2245.7981751157267 98.4351685622546
2243.7370311651284 99.10962987748165
2241.675887214529 99.89022426103907
2239.614743263931 99.47993767391638
2237.553599313332 98.7950336002251
2235.492455362734 100.23740623869482
2233.431311412135 100.10209429355105
2231.3701674615363 100.76393062669761
2229.3090235109375 100.00806206825428
2227.2478795603392 100.31967737685078
2225.1867356097405 100.06190747687319
2223.1255916591417 100.99341873295924
2221.064447708543 99.75942419566826
2219.0033037579446 99.79417938572892
2216.942159807346 99.77123930370544
2214.8810158567476 100.4044396583942
2212.819871906149 101.33014638140503
2210.75872795555 104.06108556216579
2208.6975840049513 101.07934869457995
2206.636440054353 100.80863432516223
2204.575296103754 101.20850539296818
2202.5141521531555 99.83251467897193
2200.4530082025567 101.24139200565918
2198.3918642519584 101.44037640368077
2196.3307203013596 100.18307148202037
2194.2695763507613 100.03789572482714
2192.2084324001626 100.4351941667585
2190.147288449564 100.36555236471122
2188.086144498965 101.06573100197002
2186.0250005483663 101.10862945275505
2183.9638565977675 101.7461708174737
2181.9027126471688 101.89250766957268
2179.84156869657 101.46186433128905
2177.7804247459717 101.39637870020313
2175.719280795373 101.23318430228824
2173.6581368447746 100.68807637149324
2171.596992894176 101.03674076655528
2169.535848943577 101.47893271244637
2167.4747049929783 101.72845842236077
2165.41356104238 101.03639695597657
2163.3524170917813 101.20147695476797
2161.2912731411825 101.59339741741091
2159.2301291905837 102.19994155093785
2157.1689852399854 101.30026376169393
2155.1078412893867 101.55992071084904
2153.0466973387884 101.21501733451458
2150.9855533881896 101.38124094348069
2148.924409437591 101.39890727820737
2146.863265486992 102.25217593224059
2144.8021215363938 101.45895978477112
2142.740977585795 101.07796211051776
2140.6798336351962 102.37750729670705
2138.6186896845975 101.37246931245745
2136.557545733999 102.18799187779007
2134.4964017834004 100.6558859804627
2132.435257832802 102.50082471644518
2130.3741138822033 102.68466384186326
2128.3129699316046 104.15743889696388
2126.251825981006 105.68721204520163
2124.1906820304075 103.35599307149816
2122.1295380798083 102.91406624313697
2120.0683941292095 101.09200678499175
2118.007250178611 101.93416922082271
2115.9461062280125 102.41660725813668
2113.8849622774137 101.76415069594785
2111.8238183268154 101.67394940821818
2109.7626743762166 101.9820425667416
2107.701530425618 101.01779458679121
2105.640386475019 101.0105872015031
2103.579242524421 101.25914737234352
2101.518098573822 99.95598498015579
2099.4569546232233 101.97028515373486
2097.3958106726245 102.0103580594777
2095.334666722026 101.97706401844756
2093.2735227714275 101.22456795269248
2091.2123788208287 102.77253267605157
2089.15123487023 100.7376897928563
2087.0900909196316 100.79502445646534
2085.028946969033 102.72133259912665
2082.9678030184346 101.01629901199546
2080.906659067836 101.1572706447784
2078.845515117237 100.90339527259341
2076.7843711666383 100.68648783452748
2074.72322721604 100.79545082696492
2072.662083265441 101.72081808280072
2070.6009393148424 101.86371512520834
2068.5397953642437 101.04997558480457
2066.4786514136454 99.46553809768213
2064.4175074630466 101.14455528100089
2062.3563635124483 98.97784840624703
2060.295219561849 102.61025909253927
2058.234075611251 96.79013702492747
2056.172931660652 139.6854127814869
2054.1117877100532 114.78552937701826
2052.0506437594545 94.36452549063866
2049.989499808856 101.83179426291605
2047.9283558582574 98.20949088703868
2045.8672119076587 101.78742169708867
2043.80606795706 99.00860032289559
2041.7449240064616 101.60807510765832
2039.6837800558626 99.4344772743217
2037.6226361052643 98.38673043755341
2035.5614921546655 98.87726668230502
2033.500348204067 98.77216638158666
2031.4392042534682 98.80854068090787
2029.3780603028697 99.54968493008093
2027.316916352271 100.35771212037511
2025.2557724016724 98.21080883146568
2023.1946284510736 98.53130257318006
2021.1334845004753 98.80315133026849
2019.0723405498763 98.6628955383506
2017.011196599278 98.12966185721669
2014.9500526486793 99.382709698783
2012.8889086980805 99.76898331007756
2010.8277647474818 98.92135903106458
2008.7666207968832 98.10191078039594
2006.7054768462845 97.41683560949083
2004.644332895686 97.11060158584317
2002.5831889450872 97.22600280084957
2000.5220449944889 97.81527610666889
1998.4609010438899 98.23343300005692
1996.3997570932916 96.37472588709097
1994.3386131426928 96.22037168087496
1992.2774691920943 96.41030504078765
1990.2163252414955 95.72532382011006
1988.155181290897 96.77151723418437
1986.0940373402982 96.03230581198972
1984.0328933896997 96.19955036455345
1981.9717494391007 96.30787923291017
1979.9106054885024 95.90287980233767
1977.8494615379034 96.08551512998345
1975.788317587305 94.49243922162469
1973.7271736367063 94.80964338744103
1971.6660296861078 95.4001114466164
1969.604885735509 95.14691789633994
1967.5437417849105 94.02157994369213
1965.4825978343117 93.98141257683258
1963.4214538837132 94.11201891109542
1961.3603099331144 93.15323288850333
1959.2991659825161 93.71010092756937
1957.2380220319171 93.51942652244583
1955.1768780813188 93.21358282570498
1953.11573413072 93.1696132776084
1951.0545901801213 92.23209408364492
1948.9934462295225 92.30248111594645
1946.932302278924 92.73455042485931
1944.8711583283252 92.18365820068723
1942.8100143777267 91.7323147504669
1940.748870427128 91.44701544036927
1938.6877264765296 91.18408731307743
1936.6265825259306 90.96829383372003
1934.5654385753323 89.98675431779223
1932.5042946247336 89.4911276279173
1930.443150674135 89.03218327498197
1928.3820067235363 89.22474884529734
1926.3208627729377 87.7881355332797
1924.259718822339 87.77100872160209
1922.1985748717404 87.08434487733297
1920.1374309211415 85.72958086236574
1918.0762869705432 84.47781263358539
1916.0151430199442 84.3580469488678
1913.9539990693459 82.50639490881453
1911.892855118747 81.40932399095198
1909.8317111681486 80.263548789871
1907.7705672175498 78.62457500185468
1905.7094232669513 76.56215955894993
1903.6482793163525 74.90604494823668
1901.587135365754 72.82051084055277
1899.5259914151552 70.80052502731492
1897.464847464557 68.85426125597147
1895.403703513958 66.19300884247625
1893.3425595633596 63.21427973419112
1891.2814156127608 61.399886854125825
1889.2202716621623 59.04748703919178
1887.1591277115633 56.76459676294384
1885.0979837609648 54.19378307284639
1883.036839810366 52.47449089570306
1880.9756958597675 49.86737227856588
1878.9145519091687 47.254220321151216
1876.8534079585704 45.6605098851591
1874.7922640079714 43.673844014829506
1872.7311200573731 42.88134054053828
1870.6699761067744 40.4688558835512
1868.6088321561758 41.375860310065164
1866.547688205577 37.78237262803853
1864.4865442549785 42.74223829462143
