286.014440 0.000000
283.953296 0.000000
281.892152 0.000000
279.831008 0.000000
277.769865 0.000000
275.708721 0.000000
273.647577 0.000000
271.586433 0.000000
269.525289 0.000000
267.464145 0.000000
265.403001 0.000000
263.341857 0.000000
261.280713 0.000000
259.219569 0.000000
257.158425 0.000000
255.097281 0.000000
253.036137 0.000000
250.974993 0.000000
248.913849 0.000000
246.852705 0.000000
244.791561 0.000000
242.730417 0.000000
240.669273 0.000000
238.608129 0.000000
236.546986 0.000000
234.485842 0.000000
232.424698 0.000000
230.363554 0.000000
228.302410 0.000000
226.241266 0.000000
224.180122 0.000000
222.118978 0.000000
220.057834 0.000000
217.996690 0.000000
215.935546 0.000000
213.874402 0.000000
211.813258 0.000000
209.752114 0.000000
207.690970 0.000000
205.629826 0.000000
203.568682 0.000000
201.507538 0.000000
199.446394 0.000000
197.385250 0.000000
195.324107 0.000000
193.262963 0.000000
191.201819 0.000000
189.140675 0.000000
187.079531 0.000000
185.018387 0.000000
182.957243 0.000000
180.896099 0.000000
178.834955 0.000000
176.773811 0.000000
174.712667 0.000000
172.651523 0.000000
170.590379 0.000000
168.529235 0.000000
166.468091 0.000000
164.406947 0.000000
162.345803 0.000000
160.284659 0.000000
158.223515 0.000000
156.162371 0.000000
154.101228 0.000000
152.040084 0.000000
149.978940 0.000000
147.917796 0.000000
145.856652 0.000000
143.795508 0.000000
141.734364 0.000000
139.673220 0.000000
137.612076 0.000000
135.550932 0.000000
133.489788 0.000000
131.428644 0.000000
129.367500 0.000000
127.306356 0.000000
125.245212 0.000000
123.184068 0.000000
121.122924 0.000000
119.061780 0.000000
117.000636 0.000000
114.939492 0.000000
112.878348 0.000000
110.817205 0.000000
108.756061 0.000000
106.694917 0.000001
104.633773 0.000001
102.572629 0.000003
100.511485 0.000007
98.450341 0.000015
96.389197 0.000031
94.328053 0.000065
92.266909 0.000132
90.205765 0.000265
88.144621 0.000521
86.083477 0.001005
84.022333 0.001905
81.961189 0.003543
79.900045 0.006469
77.838901 0.011593
75.777757 0.020394
73.716613 0.035215
71.655469 0.059684
69.594326 0.099291
67.533182 0.162139
65.472038 0.259885
63.410894 0.408879
61.349750 0.631435
59.288606 0.957156
57.227462 1.424151
55.166318 2.079933
53.105174 2.981688
51.044030 4.195609
48.982886 5.794921
46.921742 7.856332
44.860598 10.454707
42.799454 13.656006
40.738310 17.508756
38.677166 22.034674
36.616022 27.219350
34.554878 33.004156
32.493734 39.280705
30.432590 45.889115
28.371447 52.621089
26.310303 59.228370
24.249159 65.436414
22.188015 70.962510
20.126871 75.536736
18.065727 78.923661
16.004583 80.942385
13.943439 81.482535
11.882295 80.514266
9.821151 78.090986
7.760007 74.344482
5.698863 69.473046
3.637719 63.724099
1.576575 57.373433
-0.484569 50.703476
-2.545713 43.982954
-4.606857 37.449914
-6.668001 31.299472
-8.729145 25.676923
-10.790289 20.676104
-12.851432 16.342341
-14.912576 12.678846
-16.973720 9.655295
-19.034864 7.217284
-21.096008 5.295577
-23.157152 3.814337
-25.218296 2.697906
-27.279440 1.876046
-29.340584 1.287889
-31.401728 0.885174
-33.462872 0.635475
-35.524016 0.526164
-37.585160 0.569401
-39.646304 0.807575
-41.707448 1.317131
-43.768592 2.207059
-45.829736 3.607281
-47.890880 5.642945
-49.952024 8.394340
-52.013168 11.848588
-54.074312 15.856734
-56.135455 20.114493
-58.196599 24.182934
-60.257743 27.554768
-62.318887 29.755404
-64.380031 30.451846
-66.441175 29.535138
-68.502319 27.148228
-70.563463 23.649441
-72.624607 19.524372
-74.685751 15.276014
-76.746895 11.327127
-78.808039 7.959874
-80.869183 5.301141
-82.930327 3.345872
-84.991471 2.001363
-87.052615 1.134538
-89.113759 0.609522
-91.174903 0.310339
-93.236047 0.149747
-95.297191 0.068479
-97.358334 0.029678
-99.419478 0.012190
-101.480622 0.004745
-103.541766 0.001750
-105.602910 0.000612
-107.664054 0.000203
-109.725198 0.000064
-111.786342 0.000019
-113.847486 0.000005
-115.908630 0.000001
-117.969774 0.000000
-120.030918 0.000000
-122.092062 0.000000
-124.153206 0.000000
-126.214350 0.000000
-128.275494 0.000000
-130.336638 0.000000
-132.397782 0.000000
-134.458926 0.000000
-136.520070 0.000000
-138.581213 0.000000
-140.642357 0.000000
-142.703501 0.000000
-144.764645 0.000000
-146.825789 0.000000
-148.886933 0.000000
-150.948077 0.000000
-153.009221 0.000000
-155.070365 0.000000
-157.131509 0.000000
-159.192653 0.000000
-161.253797 0.000000
-163.314941 0.000000
-165.376085 0.000000
-167.437229 0.000000
-169.498373 0.000000
-171.559517 0.000000
-173.620661 0.000000
-175.681805 0.000000
-177.742949 0.000000
-179.804092 0.000000
-181.865236 0.000000
-183.926380 0.000000
-185.987524 0.000000
-188.048668 0.000000
-190.109812 0.000000
-192.170956 0.000000
-194.232100 0.000000
-196.293244 0.000000
-198.354388 0.000000
-200.415532 0.000000
-202.476676 0.000000
-204.537820 0.000000
-206.598964 0.000000
-208.660108 0.000000
-210.721252 0.000000
-212.782396 0.000000
-214.843540 0.000000
-216.904684 0.000000
-218.965828 0.000000
-221.026971 0.000000
-223.088115 0.000000
-225.149259 0.000000
-227.210403 0.000000
-229.271547 0.000000
-231.332691 0.000000
-233.393835 0.000000
-235.454979 0.000000
-237.516123 0.000000
-239.577267 0.000000
