286.014440 -3.049664
283.953296 -4.209959
281.892152 -4.586061
279.831008 -4.281747
277.769865 -4.072057
275.708721 -4.036286
273.647577 -4.054380
271.586433 -3.992461
269.525289 -2.935254
267.464145 0.058633
265.403001 1.692323
263.341857 -0.633893
261.280713 -2.731045
259.219569 -2.939961
257.158425 -3.207492
255.097281 -4.004528
253.036137 -3.999748
250.974993 -3.725194
248.913849 -4.423768
246.852705 -5.538440
244.791561 -5.623433
242.730417 -4.937812
240.669273 -3.823221
238.608129 -1.747009
236.546986 -1.325690
234.485842 -3.422487
232.424698 -4.894266
230.363554 -4.746259
228.302410 -4.105836
226.241266 -4.373995
224.180122 -5.251176
222.118978 -5.841639
220.057834 -6.036220
217.996690 -5.794257
215.935546 -5.562579
213.874402 -5.203823
211.813258 -4.621776
209.752114 -3.959833
207.690970 -3.884147
205.629826 -4.611814
203.568682 -4.920371
201.507538 -4.644412
199.446394 -5.008613
197.385250 -5.976579
195.324107 -6.788356
193.262963 -7.059737
191.201819 -6.825024
189.140675 -6.726881
187.079531 -6.771768
185.018387 -6.798916
182.957243 -6.685470
180.896099 -6.496590
178.834955 -6.372507
176.773811 -6.404080
174.712667 -6.936400
172.651523 -7.423454
170.590379 -7.335832
168.529235 -7.171574
166.468091 -7.066511
164.406947 -6.647442
162.345803 -6.411426
160.284659 -6.953178
158.223515 -7.723168
156.162371 -8.205528
154.101228 -8.406352
152.040084 -8.245950
149.978940 -7.902482
147.917796 -7.863098
145.856652 -8.223353
143.795508 -8.856284
141.734364 -8.738826
139.673220 -8.157228
137.612076 -8.618292
135.550932 -9.148778
133.489788 -8.403097
131.428644 -7.533382
129.367500 -8.406677
127.306356 -9.691089
125.245212 -9.708798
123.184068 -9.463046
121.122924 -9.304900
119.061780 -9.306839
117.000636 -9.519971
114.939492 -9.663884
112.878348 -9.669998
110.817205 -9.808627
108.756061 -9.791098
106.694917 -9.037923
104.633773 -8.506387
102.572629 -8.828854
100.511485 -9.538974
98.450341 -9.792454
96.389197 -9.853068
94.328053 -9.979692
92.266909 -9.988566
90.205765 -9.995011
88.144621 -9.517848
86.083477 -9.210744
84.022333 -9.330736
81.961189 -9.662701
79.900045 -9.858828
77.838901 -9.586194
75.777757 -9.060283
73.716613 -8.915393
71.655469 -9.532724
69.594326 -10.346217
67.533182 -10.278946
65.472038 -9.345012
63.410894 -8.597952
61.349750 -8.586718
59.288606 -8.590160
57.227462 -8.269348
55.166318 -7.458900
53.105174 -5.864014
51.044030 -3.891788
48.982886 -1.065903
46.921742 2.269535
44.860598 6.194260
42.799454 10.915431
40.738310 16.034949
38.677166 22.050839
36.616022 28.649087
34.554878 36.258956
32.493734 45.264762
30.432590 53.913747
28.371447 60.315898
26.310303 63.247646
24.249159 64.022674
22.188015 65.665050
20.126871 69.259008
18.065727 73.164381
16.004583 76.798447
13.943439 80.472106
11.882295 83.712420
9.821151 84.224444
7.760007 79.945489
5.698863 72.161728
3.637719 62.879296
1.576575 53.729553
-0.484569 45.873338
-2.545713 39.186815
-4.606857 33.513134
-6.668001 29.019882
-8.729145 25.757630
-10.790289 23.313061
-12.851432 20.788546
-14.912576 18.217323
-16.973720 15.820159
-19.034864 12.949138
-21.096008 9.456919
-23.157152 6.416139
-25.218296 4.221036
-27.279440 2.173459
-29.340584 0.158509
-31.401728 -1.310206
-33.462872 -1.957067
-35.524016 -1.866960
-37.585160 -1.425761
-39.646304 -1.033598
-41.707448 -0.604323
-43.768592 0.457893
-45.829736 2.848151
-47.890880 5.802235
-49.952024 9.116552
-52.013168 12.963463
-54.074312 17.222493
-56.135455 21.077492
-58.196599 24.106306
-60.257743 26.602501
-62.318887 28.819411
-64.380031 29.675036
-66.441175 28.849281
-68.502319 27.255796
-70.563463 24.682432
-72.624607 20.589096
-74.685751 15.585067
-76.746895 11.513192
-78.808039 8.453719
-80.869183 5.322804
-82.930327 2.721598
-84.991471 1.136085
-87.052615 -0.319532
-89.113759 -1.697801
-91.174903 -2.486060
-93.236047 -3.450239
-95.297191 -4.666076
-97.358334 -5.583312
-99.419478 -6.184843
-101.480622 -6.277351
-103.541766 -6.255709
-105.602910 -6.567976
-107.664054 -7.220795
-109.725198 -7.690943
-111.786342 -7.439492
-113.847486 -7.327795
-115.908630 -7.637187
-117.969774 -7.961143
-120.030918 -8.812398
-122.092062 -9.636130
-124.153206 -9.452837
-126.214350 -8.847935
-128.275494 -8.628844
-130.336638 -8.520714
-132.397782 -8.358650
-134.458926 -7.959937
-136.520070 -7.278322
-138.581213 -6.920357
-140.642357 -6.800244
-142.703501 -7.328044
-144.764645 -8.170240
-146.825789 -8.064164
-148.886933 -7.852097
-150.948077 -7.911468
-153.009221 -7.796492
-155.070365 -7.753511
-157.131509 -7.742110
-159.192653 -7.753912
-161.253797 -7.788688
-163.314941 -7.755036
-165.376085 -7.702784
-167.437229 -7.537793
-169.498373 -7.671921
-171.559517 -7.992441
-173.620661 -7.248519
-175.681805 -6.247497
-177.742949 -5.992457
-179.804092 -6.008640
-181.865236 -6.583995
-183.926380 -7.051244
-185.987524 -7.400326
-188.048668 -7.652317
-190.109812 -7.442668
-192.170956 -7.179308
-194.232100 -7.389439
-196.293244 -7.748928
-198.354388 -6.977310
-200.415532 -6.007171
-202.476676 -5.991468
-204.537820 -6.369032
-206.598964 -6.976713
-208.660108 -7.690501
-210.721252 -7.749822
-212.782396 -6.930398
-214.843540 -6.342001
-216.904684 -6.317155
-218.965828 -6.493454
-221.026971 -6.605288
-223.088115 -6.250029
-225.149259 -6.238644
-227.210403 -5.866951
-229.271547 -4.743616
-231.332691 -3.784407
-233.393835 -3.146575
-235.454979 -3.810105
-237.516123 -5.092630
-239.577267 -5.967414
