# BEGINHEADER
# This file contains data from the SALSA 2m radio telescope.
# DATE=2024-01-31T12:45:0055
# GLON and GLAT given in degrees
# GLON=59.79174070577412
# GLAT=0.1516235939705239
# DATA in two columns below. Col. 1 is velocity relative to LSR [km/s]. Col. 2 is uncalibrated antenna temperature [K].
# ENDHEADER
286.01444034728775 -2.07892880484918
283.9532963966891 -5.419262436321773
281.8921524460905 -4.933503203918619
279.8310084954918 -3.9005386663901356
277.7698645448932 -4.133693576857734
275.70872059429456 -3.8945700570114927
273.6475766436959 -4.241875603238896
271.58643269309727 -3.692349791927063
269.5252887424986 -5.262094259904985
267.4641447919 -0.4840383839096887
265.4030008413013 8.129737621300459
263.3418568907027 -3.844100024204339
261.280712940104 -3.5036053227233133
259.21956898950543 -2.9958381574268436
257.1584250389068 -1.632124662125954
255.09728108830814 -5.793288819965989
253.03613713770952 -3.9113749168013063
250.97499318711084 -2.9000707652013697
248.91384923651222 -3.7689778070935516
246.85270528591357 -6.669250859410562
244.79156133531495 -6.507203822858338
242.73041738471628 -3.4673323460635124
240.66927343411766 -6.617268493567633
238.608129483519 -0.17708558367448315
236.5469855329204 1.9646143275382808
234.48584158232174 -5.742611161271388
232.4246976317231 -5.14394181892858
230.36355368112444 -5.743735346887011
228.3024097305258 -2.7547159012582942
226.24126577992718 -3.974384935644735
224.18012182932853 -6.075925896917844
222.11897787872988 -5.286102469429373
220.05783392813123 -7.208509894121441
217.9966899775326 -4.862234456689527
215.93554602693396 -6.2246516335139415
213.87440207633531 -4.97629699633987
211.81325812573667 -4.968367107532933
209.75211417513805 -3.7466544256160708
207.6909702245394 -2.709635175516793
205.62982627394078 -5.257921811183754
203.5686823233421 -5.866721150756477
201.50753837274348 -3.5636666144038087
199.44639442214483 -4.679144440474273
197.38525047154621 -6.3657785541852805
195.32410652094757 -6.712769193775257
193.26296257034892 -8.034115749651916
191.20181861975027 -6.013548809752348
189.14067466915162 -7.041799757093403
187.079530718553 -6.574403706375278
185.01838676795435 -6.965734392065643
182.9572428173557 -6.858353044374404
180.89609886675706 -6.123955838028187
178.83495491615844 -6.8449496279108235
176.7738109655598 -5.542576715620464
174.71266701496114 -7.031070802285038
172.6515230643625 -8.163252161743612
170.59037911376387 -7.147146505865068
168.52923516316523 -6.871771338084164
166.4680912125666 -7.612891433115615
164.40694726196793 -6.684825104885373
162.3458033113693 -5.438849345893621
160.28465936077066 -7.077748144160404
158.22351541017204 -7.988104385773766
156.1623714595734 -8.261576676430863
154.10122750897472 -8.532444686927187
152.0400835583761 -8.745541129496978
149.97893960777745 -7.153776734110937
147.91779565717883 -8.247350622438804
145.85665170658015 -7.308184282498515
143.79550775598153 -9.580828316127203
141.73436380538288 -9.994809900357442
139.67321985478426 -6.072982990583002
137.61207590418562 -8.989106283883169
135.55093195358697 -10.162698785541359
133.48978800298832 -9.185075089924904
131.4286440523897 -5.3105546853585
129.36750010179105 -7.896172247925172
127.3063561511924 -12.106317090154429
125.24521220059377 -8.40765955185807
123.18406824999512 -10.125836527984662
121.12292429939649 -8.92795212986777
119.06178034879784 -9.175517774089347
117.0006363981992 -9.62182525090355
114.93949244760057 -9.776883241380252
112.87834849700192 -9.733701127609603
110.81720454640329 -9.108642378176633
108.75606059580464 -11.459572752676639
106.694916645206 -8.091321231423349
104.63377269460736 -8.33773908488414
102.57262874400872 -8.069465298762745
100.51148479341009 -10.453593233225291
98.45034084281144 -9.846055902942773
96.38919689221281 -9.17700856890556
94.32805294161415 -11.138442847898137
92.26690899101551 -8.50971928342921
90.20576504041686 -11.838168962519049
88.14462108981823 -8.341936815180263
86.0834771392196 -9.450388113113627
84.02233318862095 -8.96186689281088
81.96118923802231 -9.791843614331881
79.90004528742367 -10.198122736224
77.83890133682503 -9.839578470783199
75.77775738622638 -8.793607591843875
73.71661343562775 -8.40652935510851
71.65546948502912 -9.084283031576247
69.59432553443047 -11.275566879658573
67.53318158383183 -10.816890814648165
65.47203763323319 -9.324097788656095
63.410893682634544 -7.583366793478268
61.3497497320359 -8.922077763078445
59.28860578143726 -9.0209312094289
57.22746183083862 -7.687826653214098
55.16631788023998 -9.254954249844475
53.105173929641346 -4.408350225397504
51.044029979042705 -5.740248209170783
48.98288602844406 -0.5689814030887007
46.92174207784541 2.1209830693981253
44.86059812724677 4.83884483622336
42.79945417664813 12.126448157521027
40.73831022604949 14.251185738176588
38.67716627545085 22.535401624323313
36.61602232485221 28.40859942337785
34.55487837425357 34.24177840746412
32.49373442365493 46.385160964126726
30.432590473056287 54.27354372648061
28.371446522457646 63.192369823709406
26.31030257185901 64.4425916891683
24.24915862126037 63.53533145859372
22.188014670661726 63.20145869844974
20.126870720063085 70.32552565435988
18.065726769464447 73.02778314283017
16.004582818865806 76.82699815922179
13.943438868267163 80.28781244123455
11.882294917668522 84.51014996705747
9.821150967069881 88.36458140036504
7.760007016471241 81.0417975179171
5.6988630658726 73.01366300753095
3.637719115273959 62.93744818720225
1.5765751646753183 52.438113247138546
-0.48456878592332236 45.573802130216684
-2.545712736521963 38.72576257592521
-4.6068566871206045 32.79311720195882
-6.668000637719245 28.556308464802562
-8.729144588317887 24.81571709716955
-10.790288538916526 23.95939851898992
-12.851432489515165 20.76306057926477
-14.912576440113806 17.783798081088474
-16.973720390712447 16.14072076798306
-19.03486434131109 13.802538022058492
-21.09600829190973 8.929641565446348
-23.157152242508367 5.568432293014005
-25.218296193107015 4.5252645510176155
-27.279440143705656 2.240180972954808
-29.340584094304294 -0.20029450729519507
-31.401728044902935 -1.8245952169296678
-33.46287199550158 -2.259339406775461
-35.52401594610022 -2.3103349638919637
-37.58515989669886 -0.8884520565090143
-39.646303847297496 -1.5671413522372775
-41.70744779789614 0.0804032207584918
-43.76859174849478 -1.7677482057440206
-45.82973569909342 3.8144634350625646
-47.89087964969206 4.930614048425575
-49.9520236002907 9.414499825137304
-52.01316755088934 11.977485989096694
-54.07431150148798 18.03891281386457
-56.13545545208662 21.21505589911108
-58.19659940268526 24.915316704969893
-60.2577433532839 25.829895588752546
-62.31888730388254 29.865632654693144
-64.38003125448118 31.232787012202657
-66.44117520507983 28.288341442874152
-68.50231915567846 28.16806956942796
-70.56346310627711 25.204494767489884
-72.62460705687575 22.00094026326207
-74.6857510074744 14.26323297497667
-76.74689495807303 10.539011285561754
-78.80803890867166 9.446626373270437
-80.86918285927031 4.8305715119415105
-82.93032680986894 1.64442971715681
-84.99147076046759 1.4159852843968705
-87.05261471106623 0.16775500894439924
-89.11375866166487 -3.023163115695369
-91.17490261226351 -1.7493223708710404
-93.23604656286214 -3.1251119383438763
-95.29719051346079 -5.41792350345145
-97.35833446405942 -5.090580111373591
-99.41947841465809 -7.056312220775471
-101.48062236525672 -6.106300761067494
-103.54176631585537 -6.004191311124144
-105.602910266454 -6.489289550308437
-107.66405421705264 -6.807271701018353
-109.72519816765129 -8.997667735758224
-111.78634211824992 -6.947567250830497
-113.84748606884857 -6.596769841658998
-115.9086300194472 -8.625592335320132
-117.96977397004585 -6.864044823966615
-120.03091792064448 -8.785522854775156
-122.09206187124312 -10.693222398666986
-124.15320582184177 -9.748672527633861
-126.2143497724404 -8.056555917381264
-128.27549372303906 -8.926409133233829
-130.33663767363768 -8.530995468086708
-132.39778162423633 -8.121849489783708
-134.45892557483495 -8.972071490302554
-136.52006952543363 -6.115506352960374
-138.58121347603225 -7.502287220393433
-140.6423574266309 -6.420155751162513
-142.70350137722951 -6.030020708899754
-144.7646453278282 -10.383207052358514
-146.8257892784268 -7.19496510933203
-148.88693322902546 -7.558177630296793
-150.94807717962408 -8.601059854522411
-153.00922113022273 -7.219203326147366
-155.07036508082138 -8.042478027741783
-157.13150903142002 -7.648132034410068
-159.19265298201867 -7.630033350116728
-161.2537969326173 -8.066769172799798
-163.31494088321594 -7.475739047651555
-165.3760848338146 -7.985571719094299
-167.43722878441324 -7.6223748533295055
-169.49837273501186 -6.467355518359433
-171.5595166856105 -9.72894823701516
-173.62066063620912 -7.544891950595103
-175.6818045868078 -4.4089922355217
-177.74294853740642 -7.688336123380284
-179.80409248800507 -3.9174153569352383
-181.8652364386037 -7.942694327092262
-183.92638038920236 -6.622300164829088
-185.98752433980098 -7.239271701444566
-188.04866829039963 -8.473357712230786
-190.10981224099825 -7.0093271787726135
-192.1709561915969 -7.463535798784471
-194.23210014219558 -6.006714133486377
-196.2932440927942 -9.832429437410509
-198.35438804339285 -6.84197050333432
-200.41553199399146 -4.677729334442265
-202.4766759445901 -6.501094095637551
-204.53781989518876 -5.970305231259159
-206.5989638457874 -6.882508738703667
-208.66010779638603 -7.851385075937675
-210.72125174698468 -8.986067739447781
-212.78239569758333 -6.305438150854387
-214.84353964818197 -5.719099253602175
-216.9046835987806 -6.978370947149874
-218.96582754937924 -5.3098002629132
-221.02697149997786 -8.556272612908916
-223.08811545057654 -4.587191786487835
-225.14925940117516 -6.682129757301349
-227.2104033517738 -7.425925191731622
-229.27154730237243 -2.859399553897752
-231.33269125297107 -5.67046891558635
-233.39383520356975 -0.5910637362480451
-235.45497915416837 -4.301950496887043
-237.51612310476702 -5.192207422878554
-239.57726705536564 -6.398260218502695
