0,4332.02
4.88281e-005,384.267
9.76563e-005,-3808.86
0.000146484,-6812.97
0.000195313,-7869.74
0.000244141,-6834.37
0.000292969,-4064.87
0.000341797,-381.519
0.000390625,3248.65
0.000439453,5904.15
0.000488281,6927.21
0.000537109,6124.77
0.000585938,3825.88
0.000634766,691.263
0.000683594,-2460.88
0.000732422,-4813.11
0.00078125,-5780.55
0.000830078,-5207.66
0.000878906,-3312.83
0.000927734,-657.635
0.000976563,2058.79
0.00102539,4130.66
0.00107422,5037.29
0.00112305,4624.56
0.00117188,3057.59
0.0012207,791.529
0.00126953,-1536.89
0.00131836,-3369.12
0.00136719,-4223.33
0.00141602,-3952.76
0.00146484,-2660.52
0.00151367,-756.385
0.0015625,1250.15
0.00161133,2846.34
0.00166016,3649.26
0.00170898,3469.56
0.00175781,2412.08
0.00180664,804.54
0.00185547,-926.793
0.0019043,-2340.53
0.00195313,-3072.48
0.00200195,-2974.29
0.00205078,-2114.68
0.00209961,-759.171
0.00214844,718.934
0.00219727,1952.12
0.00224609,2626.14
0.00229492,2584.33
0.00234375,1892.68
0.00239258,752.03
0.00244141,-530.611
0.00249023,-1606.35
0.00253906,-2209.16
0.00258789,-2226.25
0.00263672,-1664.46
0.00268555,-704.001
0.00273437,381.117
0.0027832,1336.3
0.00283203,1880.67
0.00288086,1913.52
0.00292969,1465.82
0.00297852,662.776
0.00302734,-268.048
0.00307617,-1102.62
0.003125,-1590.85
0.00317383,-1668.05
0.00322266,-1295.03
0.00327148,-627.951
0.00332031,169.71
0.00336914,898.373
0.00341797,1337.49
0.0034668,1437.71
0.00351563,1136.14
0.00356445,570.609
0.00361328,-104.204
0.00366211,-736.019
0.00371094,-1123.22
0.00375977,-1217.15
0.00380859,-993.242
0.00385742,-524.877
0.00390625,60.1486
0.00395508,612.968
0.00400391,968.661
0.00405273,1060.92
0.00410156,879.131
0.00415039,480.957
0.00419922,-18.0786
0.00424805,-490.72
0.00429688,-811.688
0.0043457,-897.863
0.00439453,-769.775
0.00444336,-434.358
0.00449219,-17.6598
0.00454102,387
0.00458984,678.99
0.00463867,781.067
0.0046875,673.706
0.00473633,402.648
0.00478516,43.1267
0.00483398,-305.006
0.00488281,-569.121
0.00493164,-669.201
0.00498047,-581.676
0.0050293,-359.487
0.00507813,-46.3404
0.00512695,247.584
0.00517578,480.698
0.00522461,574.589
0.00527344,505.989
0.00532227,318.109
0.00537109,65.8428
0.00541992,-196.758
0.00546875,-400.149
0.00551758,-488.068
0.00556641,-445.651
0.00561523,-274.42
0.00566406,-68.3374
0.00571289,156.163
0.00576172,335.04
0.00581055,421.14
0.00585938,387.838
0.0059082,260.178
0.00595703,70.6811
0.00600586,-121.254
0.00605469,-284.421
0.00610352,-364.812
0.00615234,-336.329
0.00620117,-234.898
0.00625,-76.7153
0.00629883,80.2371
0.00634766,220.743
0.00639648,295.704
0.00644531,286.999
0.00649414,199.364
0.00654297,59.9506
0.0065918,-74.6461
0.00664063,-193.323
0.00668945,-255.525
0.00673828,-250.84
0.00678711,-176.373
0.00683594,-69.5422
0.00688477,43.7501
0.00693359,163.423
0.00698242,220.666
0.00703125,216.202
0.00708008,161.519
0.00712891,67.9312
0.00717773,-42.7367
0.00722656,-131.258
0.00727539,-180.217
0.00732422,-183.035
0.00737305,-133.235
0.00742187,-59.3726
0.0074707,34.7889
0.00751953,114.356
0.00756836,165.687
0.00761719,158.165
0.00766602,130.148
0.00771484,54.5856
0.00776367,-10.1949
0.0078125,-94.7815
0.00786133,-131.502
0.00791016,-134.348
0.00795898,-107.06
0.00800781,-53.3212
0.00805664,13.2783
0.00810547,76.0527
0.0081543,111.987
0.00820313,114.832
0.00825195,98.0434
0.00830078,48.8306
0.00834961,-6.48536
0.00839844,-67.8308
0.00844727,-96.5234
0.00849609,-108.967
0.00854492,-79.8102
0.00859375,-44.5195
0.00864258,6.33513
0.00869141,53.6387
0.00874023,78.5729
0.00878906,93.9198
0.00883789,81.0799
0.00888672,46.5945
0.00893555,-3.09419
0.00898437,-43.1498
0.0090332,-64.4723
0.00908203,-76.4535
0.00913086,-60.9243
0.00917969,-24.2747
0.00922852,-3.02251
0.00927734,30.1073
0.00932617,62.9788
0.009375,68.7079
0.00942383,65.4643
0.00947266,38.5327
0.00952148,14.7625
0.00957031,-11.7639
0.00961914,-41.0133
0.00966797,-49.6077
0.0097168,-43.6008
0.00976563,-23.1631
0.00981445,-2.8841
0.00986328,22.9829
0.00991211,45.7865
0.00996094,54.1595
0.0100098,51.109
0.0100586,31.1115
0.0101074,5.63458
0.0101563,-16.8378
0.0102051,-33.5444
0.0102539,-44.5515
0.0103027,-36.057
0.0103516,-30.3908
0.0104004,-8.25608
0.0104492,10.9652
0.010498,32.7673
0.0105469,38.0795
0.0105957,32.5123
0.0106445,21.5904
0.0106934,2.68828
0.0107422,-8.03339
0.010791,-29.3409
0.0108398,-37.1974
0.0108887,-31.7592
0.0109375,-26.3628
0.0109863,-15.756
0.0110352,-2.61577
0.011084,10.4223
0.0111328,25.9541
0.0111816,20.6823
0.0112305,18.0265
0.0112793,2.56517
0.0113281,-5.11034
0.011377,-17.8165
0.0114258,-25.3529
0.0114746,-22.7286
0.0115234,-20.1245
0.0115723,-5.0115
0.0116211,2.49598
0.0116699,12.4312
0.0117188,14.8593
0.0117676,19.7352
0.0118164,12.2864
0.0118652,4.89541
0.0119141,0
0.0119629,-4.85731
0.0120117,-21.7727
0.0120605,-14.4585
0.0121094,-14.4022
0.0121582,-2.391
0.012207,0
0.0122559,9.48959
0.0123047,14.1789
0.0123535,16.4775
0.0124023,11.7238
0.0124512,7.00685
0.0125,0
0.0125488,-4.63488
0.0125977,-13.8504
0.0126465,-13.7964
0.0126953,-6.87132
0.0127441,-6.84453
0.012793,0
0.0128418,13.5825
0.0128906,13.5296
0.0129395,11.2307
0.0129883,8.94953
0.0130371,8.91464
0.0130859,2.21997
0.0131348,0
0.0131836,-2.2027
0.0132324,-6.58232
0.0132813,-4.37111
0.0133301,-2.17703
0.0133789,2.16855
0.0134277,6.48027
0.0134766,8.60668
0.0135254,8.57313
0.0135742,6.40478
0.013623,6.37981
0.0136719,-2.11831
0.0137207,-6.33016
0.0137695,-8.40731
0.0138184,-8.37453
0.0138672,-6.25641
0.013916,-4.15468
0.0139648,-2.06924
0.0140137,0
0.0140625,6.15941
0.0141113,10.2257
0.0141602,10.1858
0.014209,4.05844
0.0142578,4.04261
0.0143066,2.01343
0.0143555,-2.00558
0.0144043,-1.99776
0.0144531,-5.96991
0.014502,-3.96442
0.0145508,-1.97448
0.0145996,-1.96679
0.0146484,0
0.0146973,3.90296
0.0147461,1.94387
0.0147949,0
0.0148437,-1.92874
0.0148926,-3.84245
0.0149414,-3.82747
0.0149902,-7.6251
0.0150391,-5.69653
0.0150879,-1.89144
0.0151367,-3.76813
0.0151855,-1.87672
0.0152344,-1.8694
0.0152832,-1.86212
0.015332,-1.85486
0.0153809,-3.69525
0.0154297,-1.84042
0.0154785,-3.66649
0.0155273,-1.8261
0.0155762,-3.63796
0.015625,-7.24755
0.0156738,-3.60965
0.0157227,-1.79779
0.0157715,-1.79078
0.0158203,-3.56759
0.0158691,0
0.015918,1.76992
0.0159668,3.52603
0.0160156,0
0.0160645,0
0.0161133,1.74248
0.0161621,5.20705
0.0162109,1.72892
0.0162598,1.72218
0.0163086,5.14638
0.0163574,5.12632
0.0164063,3.40422
0.0164551,6.7819
0.0165039,6.75546
0.0165527,1.68228
0.0166016,1.67572
0.0166504,0
0.0166992,0
0.016748,0
0.0167969,1.64974
0.0168457,-1.64331
0.0168945,-3.27381
0.0169434,-1.63052
0.0169922,-3.24833
0.017041,0
0.0170898,1.61153
0.0171387,3.21049
0.0171875,1.59899
0.0172363,0
0.0172852,-1.58654
0.017334,-4.74107
0.0173828,-4.72259
0.0174316,-4.70417
0.0174805,-3.12389
0.0175293,0
0.0175781,-1.54979
0.017627,0
0.0176758,4.61319
0.0177246,3.06347
0.0177734,0
0.0178223,1.51981
0.0178711,-3.02778
0.0179199,-3.01597
0.0179687,-1.50211
0.0180176,-2.9925
0.0180664,0
0.0181152,2.96922
0.0181641,2.95764
0.0182129,4.41916
0.0182617,1.46731
0.0183105,1.46159
0.0183594,0
0.0184082,2.90043
0.018457,0
0.0185059,1.43893
0.0185547,0
0.0186035,0
0.0186523,-1.42217
0.0187012,-1.41662
0.01875,-1.4111
0.0187988,-2.8112
0.0188477,-1.40012
0.0188965,-1.39466
0.0189453,-1.38922
0.0189941,-2.76761
0.019043,-2.75682
0.0190918,-2.74608
0.0191406,-2.73537
0.0191895,-5.44941
0.0192383,-2.71408
0.0192871,-2.7035
0.0193359,-1.34648
0.0193848,-5.36493
0.0194336,-1.336
0.0194824,-2.66159
0.0195313,-3.97682
0.0195801,-5.28175
0.0196289,-1.31529
0.0196777,-5.24065
0.0197266,-5.22022
0.0197754,-2.59993
0.0198242,-3.88469
0.019873,-2.5797
0.0199219,-2.56964
0.0199707,-2.55962
0.0200195,-2.54964
0.0200684,-1.26985
0.0201172,-1.2649
0.020166,-1.25997
0.0202148,-1.25506
0.0202637,-1.25016
0.0203125,-1.24529
0.0203613,-1.24044
0.0204102,-2.4712
0.020459,-3.69235
0.0205078,-1.22598
0.0205566,0
0.0206055,3.64933
0.0206543,1.2117
0.0207031,3.62093
0.020752,4.80909
0.0208008,1.19758
0.0208496,3.57875
0.0208984,3.5648
0.0209473,1.18363
0.0209961,1.17902
0.0210449,1.17442
0.0210938,2.33969
0.0211426,1.16528
0.0211914,2.32148
0.0212402,2.31243
0.0212891,2.30341
0.0213379,1.14722
0.0213867,2.28549
0.0214355,1.13829
0.0214844,2.2677
0.0215332,-1.12943
0.021582,-1.12503
0.0216309,-1.12064
0.0216797,-1.11627
0.0217285,-1.11192
0.0217773,-1.10758
0.0218262,0
0.021875,2.19793
0.0219238,0
0.0219727,0
0.0220215,1.08616
0.0220703,-1.08193
0.0221191,-2.15542
0.022168,-1.07351
0.0222168,-2.13865
0.0222656,-1.06515
0.0223145,-1.061
0.0223633,-1.05686
0.0224121,-1.05274
0.0224609,-1.04864
0.0225098,-1.04455
0.0225586,-1.04048
0.0226074,-1.03642
0.0226563,-2.06477
0.0227051,-2.05672
0.0227539,-2.0487
0.0228027,-3.06106
0.0228516,-2.03275
0.0229004,-2.02483
0.0229492,-1.00847
0.022998,-1.00454
0.0230469,-1.00062
0.0230957,-1.99344
0.0231445,-0.992833
0.0231934,-2.96689
0.0232422,-2.95532
0.023291,-2.9438
0.0233398,-1.95488
0.0233887,-0.973629
0.0234375,-2.9095
0.0234863,-0.966053
0.0235352,-1.92457
0.023584,-0.958535
0.0236328,-0.954798
0.0236816,-0.951075
0.0237305,-0.947368
0.0237793,-0.943674
0.0238281,-1.87999
0.023877,-1.87266
0.0239258,-0.93268
0.0239746,-2.78713
0.0240234,-1.85084
0.0240723,-1.84363
0.0241211,-1.83644
0.0241699,-0.91464
0.0242188,-0.911074
0.0242676,-3.63009
0.0243164,-2.71195
0.0243652,-1.80092
0.0244141,-0.89695
0.0244629,-1.78691
0.0245117,-1.77994
0.0245605,-0.8865
0.0246094,-0.883044
0.0246582,0
0.024707,1.75234
0.0247559,0.872756
0.0248047,-0.869353
0.0248535,-0.865964
0.0249023,-0.862588
0.0249512,-0.859225
0.025,-0.855875
0.0250488,-0.852538
0.0250977,-1.69843
0.0251465,0
0.0251953,0.842606
0.0252441,0.839321
0.025293,0
0.0253418,0
0.0253906,1.65909
0.0254395,0
0.0254883,-0.823087
0.0255371,-0.819878
0.0255859,-0.816682
0.0256348,-1.627
0.0256836,-0.810326
0.0257324,-0.807167
0.0257812,-0.80402
0.0258301,0
0.0258789,0
0.0259277,0.794653
0.0259766,1.58311
0.0260254,0.788469
0.0260742,-0.785395
0.026123,-2.347
0.0261719,-2.33785
0.0262207,-3.10498
0.0262695,-1.54644
0.0263184,-3.08082
0.0263672,-2.3016
0.026416,-1.52842
0.0264648,-1.52246
0.0265137,-0.758263
0.0265625,-1.51061
0.0266113,-3.00945
0.0266602,-0.749429
0.026709,-0.746508
0.0267578,-1.48719
0.0268066,-0.740698
0.0268555,-1.47562
0.0269043,-0.734934
0.0269531,-0.732069
0.027002,-0.729215
0.0270508,-0.726372
0.0270996,0
0.0271484,0
0.0271973,1.43582
0.0272461,0
0.0272949,1.42465
0.0273438,2.83818
0.0273926,1.41356
0.0274414,1.40805
0.0274902,0.701279
0.0275391,0.698545
0.0275879,0.695822
0.0276367,0.693109
0.0276855,0.690407
0.0277344,-0.687715
0.0277832,-0.685034
0.027832,-0.682363
0.0278809,0
0.0279297,0.677053
0.0279785,1.34883
0.0280273,1.34357
0.0280762,0.669165
0.028125,0.666556
0.0281738,1.99187
0.0282227,1.32274
0.0282715,0.658791
0.0283203,0.656222
0.0283691,0.653664
0.028418,1.30223
0.0284668,0
0.0285156,-0.646048
0.0285645,-1.28706
0.0286133,0
0.0286621,0
0.0287109,1.27206
0.0287598,0
0.0288086,0
0.0288574,0.628622
0.0289063,-0.626172
0.0289551,-0.62373
0.0290039,-0.621299
0.0290527,-1.23775
0.0291016,-1.84939
0.0291504,-0.61406
0.0291992,-0.611666
0.029248,-0.609282
0.0292969,0.606906
0.0293457,3.0227
0.0293945,1.80655
0.0294434,2.39934
0.0294922,1.79249
0.029541,1.7855
0.0295898,2.37139
0.0296387,2.36214
0.0296875,1.7647
0.0297363,1.17188
0.0297852,1.16731
0.029834,2.32552
0.0298828,1.15823
0.0299316,1.73057
0.0299805,1.72382
0.0300293,0.572367
0.0300781,-0.570136
0.030127,-0.567913
0.0301758,-2.2628
0.0302246,-0.563494
0.0302734,-1.12259
0.0303223,-1.11822
0.0303711,-0.556929
0.0304199,-0.554757
0.0304688,-0.552595
0.0305176,-0.55044
0.0305664,-1.09659
0.0306152,-0.546157
0.0306641,-1.08805
0.0307129,-1.08381
0.0307617,-1.07959
0.0308105,-0.537689
0.0308594,-1.07119
0.0309082,-1.60051
0.030957,-1.06285
0.0310059,-1.05871
0.0310547,-1.05458
0.0311035,-0.525234
0.0311523,-1.04637
0.0312012,-1.56344
0.03125,-2.07646
0.0312988,-1.03418
0.0313477,-1.54522
0.0313965,-0.513067
0.0314453,-0.511066
0.0314941,-1.01815
0.031543,-1.01418
0.0315918,-0.505112
0.0316406,-0.503143
0.0316895,-1.00236
0.0317383,-0.499228
0.0317871,-0.497281
0.0318359,-1.48603
0.0318848,-0.493411
0.0319336,-0.491488
0.0319824,0
0.0320312,0.487663
0.0320801,0.485762
0.0321289,-0.483868
0.0321777,0
0.0322266,0.480103
0.0322754,-0.478231
0.0323242,-0.476366
0.032373,-1.42353
0.0324219,-0.472659
0.0324707,-0.470816
0.0325195,-0.468981
0.0325684,0
0.0326172,0
0.032666,1.39055
0.0327148,0.92342
0.0327637,0
0.0328125,0.458117
0.0328613,1.36899
0.0329102,0.909104
0.032959,0.90556
0.0330078,0.451015
0.0330566,0.449256
0.0331055,0
0.0331543,0.44576
0.0332031,1.33207
0.033252,1.32687
0.0333008,1.3217
0.0333496,1.31655
0.0333984,0.437138
0.0334473,0
0.0334961,0.433736
0.0335449,0.432045
0.0335938,-0.430361
0.0336426,-0.428683
0.0336914,-0.854024
0.0337402,-0.425347
0.0337891,-0.847378
0.0338379,-0.422037
0.0338867,-0.420392
0.0339355,-0.837506
0.0339844,-0.41712
0.0340332,0.415494
0.034082,0.413874
0.0341309,0.824521
0.0341797,0
0.0342285,0
0.0342773,0
0.0343262,0
0.034375,0.404287
0.0344238,0.805421
0.0344727,0.802281
0.0345215,0.399577
0.0345703,0
0.0346191,-0.396467
0.034668,-0.394922
0.0347168,-0.786764
0.0347656,-0.783696
0.0348145,-0.390321
0.0348633,-0.388799
0.0349121,-0.774566
0.0349609,-0.385773
0.0350098,-0.384269
0.0350586,-0.382771
0.0351074,-0.381279
0.0351563,0
0.0352051,-0.378312
0.0352539,-0.376837
0.0353027,-0.375368
0.0353516,-0.373904
0.0354004,-0.372446
0.0354492,-0.370994
0.035498,-0.739096
0.0355469,-0.736215
0.0355957,-0.366672
0.0356445,-0.365243
0.0356934,-0.363819
0.0357422,-0.3624
0.035791,-1.08296
0.0358398,-0.35958
0.0358887,-0.358178
0.0359375,-0.713564
0.0359863,-0.710782
0.0360352,-0.354005
0.036084,0
0.0361328,1.05375
0.0361816,0.699762
0.0362305,1.04555
0.0362793,1.04147
0.0363281,0
0.036377,0.344457
0.0364258,1.37246
0.0364746,0.683552
0.0365234,0.340444
0.0365723,0.339116
0.0366211,0
0.0366699,0.336477
0.0367188,0
0.0367676,0.333859
0.0368164,0
0.0368652,0
0.0369141,0
0.0369629,0
0.0370117,0.327401
0.0370605,0.326125
0.0371094,0
0.0371582,0.323587
0.037207,0.322326
0.0372559,0.642138
0.0373047,-0.319817
0.0373535,-1.27428
0.0374023,-0.317328
0.0374512,-0.948274
0.0375,-0.629718
0.0375488,-0.627263
0.0375977,-0.624817
0.0376465,-0.311191
0.0376953,0
0.0377441,0.308769
0.037793,0.307565
0.0378418,0
0.0378906,0
0.0379395,-0.303982
0.0379883,-0.605594
0.0380371,-0.301616
0.0380859,-0.30044
0.0381348,-0.299269
0.0381836,-0.298102
0.0382324,-0.29694
0.0382813,-0.295783
0.0383301,-0.294629
0.0383789,0
0.0384277,0.87701
0.0384766,-0.291197
0.0385254,-0.290062
0.0385742,-0.288931
0.038623,-0.575609
0.0386719,-0.573365
0.0387207,-0.285565
0.0387695,-0.284451
0.0388184,-0.283342
0.0388672,-0.282238
0.038916,-0.281137
0.0389648,-0.280041
0.0390137,-0.27895
0.0390625,-0.277862
0.0391113,-0.553557
0.0391602,-0.2757
0.039209,-0.54925
0.0392578,-0.273554
0.0393066,-1.08995
0.0393555,-0.814276
0.0394043,-0.270367
0.0394531,-1.34657
0.039502,-1.07305
0.0395508,-1.06887
0.0395996,-0.266175
0.0396484,-0.795413
0.0396973,-1.05642
0.0397461,-0.526149
0.0397949,-0.786146
0.0398437,-0.522054
0.0398926,-0.26001
0.0399414,-0.258996
0.0399902,-0.515972
0.0400391,-0.25698
0.0400879,-0.255978
0.0401367,-0.254981
0.0401855,0
0.0402344,1.01198
0.0402832,0.50402
0.040332,0.502055
0.0403809,1.00019
0.0404297,0.249074
0.0404785,0.496206
0.0405273,0.247136
0.0405762,0.984688
0.040625,0.245212
0.0406738,-0.244256
0.0407227,0
0.0407715,0.484711
0.0408203,0.482821
0.0408691,0.961878
0.040918,0.479064
0.0409668,0.715795
0.0410156,0.475336
0.0410645,0.473483
0.0411133,0.235818
0.0411621,0.469798
0.0412109,0.70195
0.0412598,0.466142
0.0413086,0
0.0413574,0.462515
0.0414063,0.230356
0.0414551,0.458915
0.0415039,0.228563
0.0415527,0.455344
0.0416016,0
0.0416504,0.4518
0.0416992,0.225019
0.041748,0.224142
0.0417969,0.446537
0.0418457,0
0.0418945,0.221531
0.0419434,-0.220667
0.0419922,-0.439614
0.042041,-0.21895
0.0420898,-0.218096
0.0421387,-0.217246
0.0421875,-0.216399
0.0422363,-0.215555
0.0422852,-0.644145
0.042334,-0.213878
0.0423828,-0.213044
0.0424316,-0.212214
0.0424805,0
0.0425293,0
0.0425781,0.419482
0.042627,-0.208924
0.0426758,-0.208109
0.0427246,-0.621893
0.0427734,0
0.0428223,-0.205684
0.0428711,-0.409765
0.0429199,-0.612252
0.0429688,-0.406576
0.0430176,-0.404991
0.0430664,-0.201706
0.0431152,-0.602759
0.0431641,-0.200136
0.0432129,-0.199356
0.0432617,-0.198579
0.0433105,-0.39561
0.0433594,-0.197034
0.0434082,-0.392531
0.043457,-0.1955
0.0435059,-0.389476
0.0435547,-0.193979
0.0436035,0
0.0436523,0.192469
0.0437012,0.383438
0.04375,0.190972
0.0437988,0
0.0438477,0.568456
0.0438965,0.377493
0.0439453,0.188011
0.0439941,0.187278
0.044043,0
0.0440918,-0.18582
0.0441406,-0.185096
0.0441895,-0.368749
0.0442383,-0.367311
0.0442871,-0.548819
0.0443359,-0.546679
0.0443848,-0.181516
0.0444336,-0.361617
0.0444824,-0.360207
0.0445313,-0.179401
0.0445801,-0.178702
0.0446289,-0.178005
0.0446777,0
0.0447266,0.35324
0.0447754,0
0.0448242,-0.175245
0.044873,-0.174562
0.0449219,0
0.0449707,0
0.0450195,-0.172528
0.0450684,-0.171856
0.0451172,-0.171186
0.045166,-0.170518
0.0452148,-0.169854
0.0452637,-0.169191
0.0453125,-0.168532
0.0453613,-0.167875
0.0454102,-0.16722
0.045459,-0.166568
0.0455078,-0.165919
0.0455566,-0.330544
0.0456055,-0.164628
0.0456543,-0.327972
0.0457031,-0.163347
0.045752,-0.16271
0.0458008,-0.162075
0.0458496,0.161444
0.0458984,0.482443
0.0459473,0.320374
0.0459961,0.159563
0.0460449,-0.158941
0.0460938,-0.474963
0.0461426,-0.473111
0.0461914,-0.785445
0.0462402,-0.782382
0.0462891,-0.935199
0.0463379,-0.621035
0.0463867,-0.309307
0.0464355,-0.462152
0.0464844,-0.15345
0.0465332,-0.152852
0.046582,-0.152256
0.0466309,-0.151662
0.0466797,-0.302142
0.0467285,-0.300964
0.0467773,-0.299791
0.0468262,-0.149311
0.046875,0
0.0469238,0
0.0469727,-0.147571
0.0470215,0
0.0470703,0.146423
0.0471191,0.145852
0.047168,0.145284
0.0472168,0.144717
0.0472656,-0.144153
0.0473145,-0.143591
0.0473633,0
0.0474121,0.569894
0.0474609,0.283836
0.0475098,0.282729
0.0475586,0.140814
0.0476074,0.140265
0.0476562,0.139718
0.0477051,0.139173
0.0477539,0
0.0478027,0.13809
0.0478516,-0.137552
0.0479004,-0.137015
0.0479492,-0.272962
0.047998,-0.135949
0.0480469,-0.270838
0.0480957,-0.134891
0.0481445,-0.134365
0.0481934,-0.401524
0.0482422,0.13332
0.048291,0
0.0483398,0
0.0483887,0.131766
0.0484375,0
0.0484863,0.261482
0.0485352,0.260463
0.048584,0.129724
0.0486328,0
0.0486816,0.128714
0.0487305,0.128212
0.0487793,0
0.0488281,0.127214
0.048877,-0.126719
0.0489258,-0.252449
0.0489746,-0.125732
0.0490234,-0.125242
0.0490723,-0.124754
0.0491211,0.124268
0.0491699,0.247566
0.0492188,0.369902
0.0492676,0.368459
0.0493164,0.489364
0.0493652,0.365592
0.0494141,0.364167
0.0494629,0.362747
0.0495117,0.481777
0.0495605,0.239949
0.0496094,0.597535
0.0496582,0.476164
0.049707,0.592885
0.0497559,0.236229
0.0498047,0.235308
0.0498535,0.468782
0.0499023,0.350216
0.0499512,0
0.05,0
0.0500488,0.230757
0.0500977,0.114929
0.0501465,0.114481
0.0501953,0.114034
0.0502441,-0.11359
0.050293,-0.113147
0.0503418,-0.225412
0.0503906,-0.112266
0.0504395,-0.111829
0.0504883,-0.222785
0.0505371,-0.221917
0.0505859,-0.110526
0.0506348,-0.110095
0.0506836,-0.438663
0.0507324,-0.109238
0.0507813,-0.217625
0.0508301,-0.108388
0.0508789,-0.107966
0.0509277,-0.107545
0.0509766,-0.107125
0.0510254,-0.106708
0.0510742,-0.106292
0.051123,-0.529387
0.0511719,-0.316394
0.0512207,-0.31516
0.0512695,-0.209288
0.0513184,-0.208472
0.0513672,-0.103829
0.051416,-0.206849
0.0514648,-0.103021
0.0515137,-0.10262
0.0515625,-0.10222
0.0516113,-0.101821
0.0516602,-0.202848
0.051709,0
0.0517578,0
0.0518066,0.100243
0.0518555,0
0.0519043,-0.0994625
0.0519531,-0.0990748
0.052002,0
0.0520508,0.0983037
0.0520996,0.391682
0.0521484,0.195077
0.0521973,0.194317
0.0522461,0.0967797
0.0522949,0.0964024
0.0523438,0.0960265
0.0523926,0.0956522
0.0524414,0.0952793
0.0524902,0
0.0525391,0
0.0525879,0.0941692
0.0526367,0.187604
0.0526855,0.280309
0.0527344,0.186144
0.0527832,0.0927093
0.052832,0.0923478
0.0528809,0
0.0529297,0.0916292
0.0529785,0
0.0530273,0.0909161
0.0530762,0.181123
0.053125,0.180417
0.0531738,0.269571
0.0532227,0.0895066
0.0532715,0.267473
0.0533203,0.26643
0.0533691,0.353855
0.053418,0.176238
0.0534668,0
0.0535156,0.0874332
0.0535645,0.0870923
0.0536133,0.0867527
0.0536621,-0.0864145
0.0537109,-0.0860776
0.0537598,-0.085742
0.0538086,-0.0854078
0.0538574,-0.17015
0.0539063,-0.0847431
0.0539551,-0.0844127
0.0540039,-0.0840836
0.0540527,-0.0837558
0.0541016,-0.0834293
0.0541504,-0.083104
0.0541992,-0.0827801
0.054248,0.0824573
0.0542969,0
0.0543457,0
0.0543945,0.24449
0.0544434,0.0811789
0.0544922,-0.0808624
0.054541,-0.0805472
0.0545898,-0.0802332
0.0546387,-0.159841
0.0546875,-0.159218
0.0547363,-0.158597
0.0547852,-0.0789893
0.054834,-0.157363
0.0548828,-0.0783746
0.0549316,-0.156138
0.0549805,0
0.0550293,0.154923
0.0550781,0.154319
0.055127,0.153717
0.0551758,0
0.0552246,-0.0762606
0.0552734,-0.151926
0.0553223,-0.227001
0.0553711,-0.0753721
0.0554199,-0.150156
0.0554687,-0.0747855
0.0555176,-0.074494
0.0555664,-0.0742036
0.0556152,0
0.0556641,0.147252
0.0557129,0.0733391
0.0557617,-0.0730531
0.0558105,-0.218305
0.0558594,-0.217454
0.0559082,-0.216606
0.055957,-0.215762
0.0560059,-0.21492
0.0560547,-0.0713609
0.0561035,0
0.0561523,0.212417
0.0562012,0.282118
0.05625,0.281018
0.0562988,0.279922
0.0563477,0.278831
0.0563965,0.208308
0.0564453,0.138331
0.0564941,0.0688957
0.056543,0.0686271
0.0565918,0.0683595
0.0566406,-0.068093
0.0566895,-0.0678275
0.0567383,-0.0675631
0.0567871,-0.0672997
0.0568359,0
0.0568848,-0.066776
0.0569336,-0.0665156
0.0569824,-0.132513
0.0570313,-0.065998
0.0570801,-0.0657407
0.0571289,-0.0654844
0.0571777,-0.130458
0.0572266,-0.0649748
0.0572754,-0.129443
0.0573242,-0.0644692
0.057373,-0.128436
0.0574219,-0.127935
0.0574707,-0.127436
0.0575195,-0.126939
0.0575684,-0.126444
0.0576172,-0.0629757
0.057666,-0.0627302
0.0577148,0
0.0577637,0.062242
0.0578125,0
0.0578613,-0.0617577
0.0579102,-0.123034
0.057959,-0.122554
0.0580078,-0.0610382
0.0580566,-0.0608002
0.0581055,-0.0605632
0.0581543,-0.0603271
0.0582031,0
0.058252,0.119715
0.0583008,0.0596242
0.0583496,0.0593918
0.0583984,-0.0591602
0.0584473,-0.0589296
0.0584961,-0.1174
0.0585449,-0.175413
0.0585938,-0.058243
0.0586426,-0.116032
0.0586914,-0.0577898
0.0587402,-0.0575645
0.0587891,-0.0573401
0.0588379,-0.0571165
0.0588867,-0.0568938
0.0589355,-0.113344
0.0589844,-0.112902
0.0590332,-0.056231
0.059082,-0.112024
0.0591309,-0.111587
0.0591797,-0.166728
0.0592285,-0.110718
0.0592773,-0.110287
0.0593262,-0.164785
0.059375,-0.164143
0.0594238,-0.163503
0.0594727,-0.217154
0.0595215,-0.216307
0.0595703,-0.161598
0.0596191,-0.160968
0.059668,-0.106894
0.0597168,-0.212954
0.0597656,-0.212124
0.0598145,-0.158472
0.0598633,-0.157855
0.0599121,-0.0524131
0.0599609,-0.156626
0.0600098,-0.10401
0.0600586,-0.103605
0.0601074,-0.0516005
0.0601563,0
0.0602051,0.102398
0.0602539,0.0509993
0.0603027,0.0508005
0.0603516,0.101205
0.0604004,0.0504052
0.0604492,0.0502086
0.060498,0
0.0605469,0.0996358
0.0605957,0.0496237
0.0606445,0.0494302
0.0606934,0.098475
0.0607422,0.0980911
0.060791,0.0488543
0.0608398,0.0486639
0.0608887,0.0484742
0.0609375,0.0965704
0.0609863,0.192388
0.0610352,0.0958188
0.061084,0.0477226
0.0611328,0.0475366
0.0611816,0.189405
0.0612305,0.188667
0.0612793,0.0939655
0.0613281,0.0935992
0.061377,0.0466171
0.0614258,0
0.0614746,-0.0462544
0.0615234,-0.0921481
0.0615723,-0.0458944
0.0616211,0
0.0616699,-0.0455373
0.0617188,-0.0453597
0.0617676,-0.0451829
0.0618164,0
0.0618652,0
0.0619141,0.0446565
0.0619629,0.0444824
0.0620117,0.0886179
0.0620605,0
0.0621094,-0.0439642
0.0621582,-0.0437928
0.062207,-0.087244
0.0622559,-0.043452
0.0623047,-0.0432826
0.0623535,-0.0431138
0.0624023,-0.0429457
0.0624512,-0.0427783
0.0625,-0.0426115
0.0625488,-0.0424454
0.0625977,-0.0422799
0.0626465,-0.0842302
0.0626953,-0.0839018
0.0627441,-0.125362
0.062793,-0.0832488
0.0628418,-0.165849
0.0628906,-0.082601
0.0629395,-0.123418
0.0629883,-0.0409791
0.0630371,-0.0816387
0.0630859,-0.0813204
0.0631348,-0.121505
0.0631836,-0.0403438
0.0632324,-0.080373
0.0632813,-0.0800596
0.0633301,-0.0398738
0.0633789,-0.0794366
0.0634277,-0.0791269
0.0634766,-0.118228
0.0635254,-0.0392556
0.0635742,-0.0391025
0.063623,-0.0389501
0.0636719,-0.0387982
0.0637207,-0.038647
0.0637695,0
0.0638184,0.0383462
0.0638672,0.0763934
0.063916,0
0.0639648,-0.0378995
0.0640137,-0.0377517
0.0640625,-0.0752091
0.0641113,-0.0374579
0.0641602,-0.0746238
0.064209,-0.0743328
0.0642578,-0.0370215
0.0643066,-0.0737544
0.0643555,-0.1102
0.0644043,-0.109771
0.0644531,-0.0364476
0.064502,-0.108916
0.0645508,-0.0361639
0.0645996,-0.0360229
0.0646484,-0.0358825
0.0646973,-0.0357426
0.0647461,-0.0356033
0.0647949,-0.0354645
0.0648438,-0.0353262
0.0648926,0.0351885
0.0649414,0.0350513
0.0649902,-0.0349146
0.0650391,-0.0347785
0.0650879,-0.0346429
0.0651367,-0.0345079
0.0651855,-0.0343733
0.0652344,-0.0342393
0.0652832,-0.0341058
0.065332,-0.0339729
0.0653809,-0.0676808
0.0654297,-0.0337085
0.0654785,-0.0335771
0.0655273,-0.0334462
0.0655762,-0.0333158
0.065625,-0.0663718
0.0656738,-0.0330565
0.0657227,-0.0329276
0.0657715,-0.0327993
0.0658203,-0.0326714
0.0658691,-0.032544
0.065918,-0.0324171
0.0659668,-0.0322908
0.0660156,-0.0643297
0.0660645,-0.0640789
0.0661133,-0.0957437
0.0661621,-0.0953704
0.0662109,-0.0633324
0.0662598,-0.0630855
0.0663086,-0.0942593
0.0663574,-0.125189
0.0664063,-0.0623505
0.0664551,-0.0931611
0.0665039,-0.0309326
0.0665527,-0.0924361
0.0666016,-0.0306919
0.0666504,-0.0611445
0.0666992,0
0.066748,0.0303344
0.0667969,0.0302161
0.0668457,-0.0300983
0.0668945,-0.0899428
0.0669434,-0.0298641
0.0669922,-0.0297476
0.067041,-0.0296317
0.0670898,-0.0295161
0.0671387,-0.0294011
0.0671875,-0.0292864
0.0672363,0
0.0672852,0.0871756
0.067334,0.115781
0.0673828,0.0576648
0.0674316,0.11488
0.0674805,0.057216
0.0675293,0.056993
0.0675781,0.0567708
0.067627,0.0565495
0.0676758,-0.0281645
0.0677246,-0.0280547
0.0677734,-0.0279453
0.0678223,-0.0835091
0.0678711,-0.0277278
0.0679199,0.0276197
0.0679687,0.0550241
0.0680176,-0.0274048
0.0680664,-0.027298
0.0681152,-0.0271915
0.0681641,-0.0270855
0.0682129,-0.0539599
0.0682617,-0.0268747
0.0683106,-0.02677
0.0683594,0
0.0684082,0
0.068457,0.0264581
0.0685059,0
0.0685547,0.0262522
0.0686035,0.0261498
0.0686523,0.0520958
0.0687012,0.0259463
0.06875,0
0.0687988,0.0257444
0.0688477,0
0.0688965,0
0.0689453,0
0.0689941,0.0253453
0.069043,0.0252465
0.0690918,0
0.0691406,0.0501
0.0691895,0.0499047
0.0692383,0.0497102
0.0692871,0.0495164
0.0693359,0.0493233
0.0693848,0.0736965
0.0694336,0.0734092
0.0694824,0.073123
0.0695313,0.0485586
0.0695801,0.120923
0.0696289,0.0240904
0.0696777,0.0479929
0.0697266,0.0239029
0.0697754,0
0.0698242,0.0474338
0.069873,0.0236244
0.0699219,0
0.0699707,0.0468811
0.0700195,0.0233492
0.0700684,0
0.0701172,0.0231675
0.070166,0.0230772
0.0702148,-0.0229872
0.0702637,-0.0457951
0.0703125,-0.0228083
0.0703613,-0.0227194
0.0704102,-0.0226308
0.070459,-0.0225426
0.0705078,-0.0224547
0.0705566,-0.0447343
0.0706055,-0.0668398
0.0706543,-0.0443862
0.0707031,-0.0442131
0.070752,-0.0660611
0.0708008,-0.0658036
0.0708496,-0.043698
0.0708984,-0.0435277
0.0709473,-0.021679
0.0709961,-0.0431889
0.0710449,-0.0215103
0.0710938,-0.0428528
0.0711426,-0.0853715
0.0711914,-0.0850387
0.0712402,-0.0211768
0.0712891,-0.0210942
0.0713379,-0.063036
0.0713867,-0.0418601
0.0714355,-0.0208485
0.0714844,-0.0207672
0.0715332,0
0.071582,0.0206056
0.0716309,0
0.0716797,-0.0204452
0.0717285,-0.0203655
0.0717773,-0.0202861
0.0718262,-0.0404141
0.071875,-0.0201283
0.0719238,-0.0200498
0.0719727,-0.0199716
0.0720215,-0.0198938
0.0720703,-0.0198162
0.0721191,0
0.072168,0
0.0722168,0
0.0722656,0.019509
0.0723145,0
0.0723633,0
0.0724121,-0.0192817
0.0724609,-0.0192065
0.0725098,-0.0382633
0.0725586,-0.0190571
0.0726074,0
0.0726563,-0.0189087
0.0727051,-0.018835
0.0727539,0
0.0728027,0.0373769
0.0728516,0.0186156
0.0729004,0.037086
0.0729492,0.0184707
0.072998,0
0.0730469,0.036654
0.0730957,0.0730221
0.0731445,0.0181844
0.0731934,0.0543404
0.0732422,0.0360857
0.073291,0.035945
0.0733398,0.0716098
0.0733887,0.0356653
0.0734375,0.0177631
0.0734863,0.0353877
0.0735352,0
0.073584,-0.0175562
0.0736328,-0.0174877
0.0736816,-0.0174196
0.0737305,-0.0347033
0.0737793,-0.017284
0.0738281,-0.0172166
0.073877,-0.034299
0.0739258,-0.0170826
0.0739746,-0.017016
0.0740234,-0.0169497
0.0740723,-0.0168836
0.0741211,0
0.0741699,0
0.0742188,0
0.0742676,0.0332437
0.0743164,0.0496712
0.0743652,0.032985
0.0744141,0.0657128
0.0744629,0.0490925
0.0745117,0
0.0745605,0
0.0746094,0
0.0746582,0.0161105
0.074707,-0.0160476
0.0747559,-0.0479552
0.0748047,-0.0159228
0.0748535,-0.0158607
0.0749023,-0.0315977
0.0749512,-0.0314745
0.075,0
0.0750488,0.0312296
0.0750977,0
0.0751465,0.0154933
0.0751953,0
0.0752441,-0.0153727
0.075293,-0.0153128
0.0753418,-0.0457592
0.0753906,-0.0151936
0.0754395,-0.0151344
0.0754883,-0.0150754
0.0755371,-0.0150166
0.0755859,-0.014958
0.0756348,0
0.0756836,0.0148416
0.0757324,0.0147838
0.0757812,0.0147261
0.0758301,-0.0146687
0.0758789,-0.0438346
0.0759277,-0.0291092
0.0759766,-0.0144978
0.0760254,0
0.0760742,0.02877
0.0761231,0.0573157
0.0761719,0.0570923
0.0762207,0.0426523
0.0762695,0.07081
0.0763184,0.0423204
0.0763672,0.0562072
0.076416,0.013997
0.0764648,0.0278849
0.0765137,0.0138881
0.0765625,0.0138339
0.0766113,0.01378
0.0766602,0.0137263
0.076709,0
0.0767578,0
0.0768066,0.0135664
0.0768555,0.0135135
0.0769043,0.0134608
0.0769531,-0.0134083
0.077002,-0.0267121
0.0770508,-0.013304
0.0770996,0
0.0771484,-0.0132004
0.0771973,-0.013149
0.0772461,-0.0392931
0.0772949,-0.0130466
0.0773438,-0.0129958
0.0773926,-0.0258902
0.0774414,-0.0257893
0.0774902,-0.0128444
0.0775391,-0.0255886
0.0775879,-0.0127444
0.0776367,0
0.0776855,0
0.0777344,-0.0125959
0.0777832,-0.0125468
0.077832,-0.0124979
0.0778809,-0.0124492
0.0779297,-0.0124007
0.0779785,-0.0247046
0.0780273,-0.0246083
0.0780762,0
0.078125,0.0122084
0.0781738,0.0121608
0.0782227,0.0242268
0.0782715,0.0120662
0.0783203,0.0120191
0.0783691,0
0.078418,-0.0119256
0.0784668,-0.0118791
0.0785156,-0.0236656
0.0785645,0
0.0786133,0
0.0786621,0
0.0787109,0
0.0787598,0
0.0788086,0.0231174
0.0788574,-0.0115136
0.0789063,-0.0114687
0.0789551,-0.011424
0.0790039,-0.0341385
0.0790527,-0.0113351
0.0791016,-0.0112909
0.0791504,-0.0224938
0.0791992,-0.0224061
0.079248,-0.0334782
0.0792969,-0.0333476
0.0793457,-0.0221451
0.0793945,-0.0441175
0.0794434,-0.0329591
0.0794922,-0.0328306
0.079541,-0.0218018
0.0795898,-0.0217168
0.0796387,-0.0324481
0.0796875,-0.0430955
0.0797363,-0.0429275
0.0797852,-0.0320701
0.079834,-0.0212967
0.0798828,-0.0106068
0.0799316,-0.0105655
0.0799805,-0.0105243
0.0800293,-0.0209665
0.0800781,-0.0104424
0.080127,-0.0312051
0.0801758,-0.0103611
0.0802246,-0.0103207
0.0802734,-0.0102805
0.0803223,0
0.0803711,0
0.0804199,0
0.0804688,0
0.0805176,0.0100817
0.0805664,0
0.0806152,0.0100032
0.0806641,0.0298926
0.0807129,0.0297761
0.0807617,0.0197733
0.0808105,0.00984812
0.0808594,0.0196195
0.0809082,0.019543
0.080957,0.0194668
0.0810059,0.0290863
0.0810547,0.0193153
0.0811035,0.01924
0.0811523,0.019165
0.0812012,0.0286354
0.08125,0.0190158
0.0812988,0.0189417
0.0813477,0.00943392
0.0813965,0.0187943
0.0814453,0
0.0814941,0
0.081543,0.00928766
0.0815918,0.00925145
0.0816406,0.0184308
0.0816895,0.00917946
0.0817383,0.00914367
0.0817871,0.00910802
0.0818359,-0.00907252
0.0818848,-0.0271114
0.0819336,-0.00900191
0.0819824,-0.00896682
0.0820313,-0.0178637
0.0820801,-0.0177941
0.0821289,-0.00886235
0.0821777,-0.0088278
0.0822266,-0.00879338
0.0822754,-0.0087591
0.0823242,-0.00872495
0.082373,-0.00869094
0.0824219,-0.00865705
0.0824707,-0.0086233
0.0825195,-0.0257691
0.0825684,-0.0085562
0.0826172,-0.0170457
0.082666,-0.0169792
0.0827148,-0.00845652
0.0827637,-0.00842355
0.0828125,-0.0167814
0.0828613,-0.016716
0.0829102,-0.00832541
0.082959,-0.0248789
0.0830078,-0.0165212
0.0830566,-0.0164568
0.0831055,-0.0163927
0.0831543,-0.0163288
0.0832031,-0.0162651
0.083252,-0.0243025
0.0833008,-0.0242078
0.0833496,-0.0241134
0.0833984,-0.00800647
0.0834473,-0.00797525
0.0834961,-0.00794416
0.0835449,-0.00791319
0.0835937,-0.00788234
0.0836426,-0.00785161
0.0836914,-0.015642
0.0837402,-0.00779051
0.0837891,0
0.0838379,-0.00772988
0.0838867,-0.00769974
0.0839356,-0.00766973
0.0839844,-0.0152796
0.0840332,-0.00761004
0.084082,-0.00758037
0.0841309,0
0.0841797,0
0.0842285,0
0.0842773,-0.00746285
0.0843262,-0.0148675
0.084375,-0.0222143
0.0844238,-0.0147518
0.0844727,-0.00734715
0.0845215,-0.0073185
0.0845703,-0.00728997
0.0846191,-0.00726155
0.084668,-0.0144665
0.0847168,0
0.0847656,0
0.0848145,0
0.0848633,0.0071211
0.0849121,0
0.0849609,0.00706568
0.0850098,0.0140763
0.0850586,0
0.0851074,0
0.0851563,0.0139123
0.0852051,0.00692902
0.0852539,0.013804
0.0853027,0.0137502
0.0853516,0
0.0854004,0
0.0854492,0.006795
0.085498,0
0.0855469,0
0.0855957,0.0134317
0.0856445,0
0.0856934,0.00666357
0.0857422,0
0.085791,0
0.0858398,0.00658594
0.0858887,0.00656026
0.0859375,0.00653469
0.0859863,-0.00650921
0.0860352,-0.00648383
0.086084,-0.0193757
0.0861328,-0.0193001
0.0861816,-0.0192249
0.0862305,-0.0255332
0.0862793,-0.0190753
0.0863281,-0.0126673
0.086377,-0.0189268
0.0864258,-0.00628435
0.0864746,-0.00625985
0.0865234,-0.00623544
0.0865723,-0.00621113
0.0866211,-0.00618692
0.0866699,-0.0123256
0.0867188,-0.00613877
0.0867676,-0.00611484
0.0868164,-0.006091
0.0868652,-0.0121345
0.0869141,0
0.0869629,0
0.0870117,0.0179897
0.0870605,0
0.0871094,0.0118998
0.0871582,0.0059267
0.087207,0
0.0872559,0.00588058
0.0873047,0.0117153
0.0873535,0.0116696
0.0874023,0.00581207
0.0874512,0.0231577
0.0875,0
0.0875488,0.00574436
0.0875977,0.00572196
0.0876465,0.00569966
0.0876953,0.00567744
0.0877441,0
0.087793,0.0112665
0.0878418,0.00561129
0.0878906,0.00558941
0.0879395,0.00556762
0.0879883,0
0.0880371,0.0055243
0.0880859,-0.00550276
0.0881348,-0.0164439
0.0881836,-0.00545994
0.0882324,-0.00543865
0.0882813,-0.00541745
0.0883301,-0.0107927
0.0883789,-0.00537529
0.0884277,-0.00535433
0.0884766,-0.0106669
0.0885254,-0.00531266
0.0885742,-0.00529195
0.088623,-0.00527132
0.0886719,-0.00525077
0.0887207,0
0.0887695,-0.00520991
0.0888184,-0.0051896
0.0888672,-0.0103387
0.088916,-0.0102984
0.0889648,-0.0102583
0.0890137,-0.00510914
0.0890625,0
0.0891113,0.0152081
0.0891602,0.0252481
0.089209,0.0201197
0.0892578,0.00501032
0.0893066,0.00499079
0.0893555,0.00994266
0.0894043,0.00990389
0.0894531,0.0147979
0.089502,0.0147402
0.0895508,0.0146828
0.0895996,0.0146255
0.0896484,0.0145685
0.0896973,0.00967447
0.0897461,0.0192735
0.0897949,0.00959918
0.0898438,0.00956176
0.0898926,0.00476224
0.0899414,0.00474367
0.0899902,0.00472518
0.0900391,0
0.0900879,-0.00468841
0.0901367,-0.0140104
0.0901855,-0.00465192
0.0902344,-0.00463379
0.0902832,0
0.090332,0.00919545
0.0903809,0.0045798
0.0904297,0.00456195
0.0904785,0.00454416
0.0905273,-0.00452645
0.0905762,-0.0090176
0.090625,-0.00449122
0.0906738,-0.00894742
0.0907227,-0.0133688
0.0907715,-0.0044389
0.0908203,-0.00884318
0.0908691,-0.00880871
0.090918,-0.00877436
0.0909668,-0.00874016
0.0910156,-0.00435304
0.0910645,-0.00433607
0.0911133,-0.00431917
0.0911621,-0.012907
0.0912109,-0.00857111
0.0912598,-0.00853769
0.0913086,-0.0127566
0.0913574,-0.0127069
0.0914062,-0.00421911
0.0914551,-0.012608
0.0915039,-0.00418628
0.0915527,-0.00416996
0.0916016,-0.0041537
0.0916504,0
0.0916992,0.00824275
0.0917481,0.00410531
0.0917969,0.0040893
0.0918457,-0.00407336
0.0918945,-0.00405748
0.0919434,-0.00404166
0.0919922,-0.0040259
0.092041,0.00401021
0.0920898,0.00798915
0.0921387,0.003979
0.0921875,0.00396349
0.0922363,0.00789607
0.0922852,0.00393264
0.092334,0.00391731
0.0923828,0.00780408
0.0924316,0.00388683
0.0924805,0
0.0925293,0.00385658
0.0925781,-0.00384154
0.092627,0
0.0926758,0.00381165
0.0927246,0.0113904
0.0927734,0.00756397
0.0928223,0.00753448
0.0928711,0.00375256
0.0929199,0
0.0929688,0.0111701
0.0930176,0.0111265
0.0930664,0.0110831
0.0931152,0.0147199
0.0931641,0.00733126
0.0932129,0.00730267
0.0932617,0.0145484
0.0933105,0.00362292
0.0933594,0.0108264
0.0934082,0.00718946
0.093457,0.00358071
0.0935059,0.00356675
0.0935547,0.00355285
0.0936035,0.003539
0.0936523,0
0.0937012,-0.00351146
0.09375,-0.00699553
0.0937988,-0.00348413
0.0938477,-0.00347055
0.0938965,-0.00345702
0.0939453,-0.00344354
0.0939941,-0.00343011
0.094043,-0.00683348
0.0940918,-0.00340342
0.0941406,-0.0067803
0.0941895,-0.00337693
0.0942383,-0.00672754
0.0942871,-0.00335065
0.0943359,-0.00333759
0.0943848,-0.00332458
0.0944336,0.00331162
0.0944824,0
0.0945313,0
0.0945801,0.00327304
0.0946289,0
0.0946777,0
0.0947266,0
0.0947754,0
0.0948242,0
0.094873,-0.00319722
0.0949219,0
0.0949707,-0.00317234
0.0950195,-0.00315997
0.0950684,-0.00314765
0.0951172,-0.00313538
0.095166,-0.00624631
0.0952148,-0.00622196
0.0952637,-0.00309885
0.0953125,-0.00308677
0.0953613,-0.00307473
0.0954102,-0.00306275
0.095459,0
0.0955078,0.00303891
0.0955566,0.00605413
0.0956055,0
0.0956543,0
0.0957031,0
0.095752,0.00298013
0.0958008,0
0.0958496,-0.00295694
0.0958984,-0.00589083
0.0959473,-0.00293393
0.0959961,0
0.0960449,0.0029111
0.0960938,0.0057995
0.0961426,0.0115538
0.0961914,0.0143859
0.0962402,0.00573193
0.0962891,0.0114192
0.0963379,0.0113747
0.0963867,0.00566516
0.0964355,0.00282153
0.0964844,0.00281053
0.0965332,0.00559915
0.096582,0.00278866
0.0966309,0.00277779
0.0966797,0.00276696
0.0967285,0.00551235
0.0967773,0
0.0968262,-0.00273472
0.096875,-0.00272406
0.0969238,-0.00814033
0.0969727,-0.00270286
0.0970215,-0.00807698
0.0970703,-0.00268183
0.0971191,-0.00267137
0.097168,-0.00532192
0.0972168,-0.00265059
0.0972656,-0.00792076
0.0973145,-0.0105198
0.0973633,-0.00785912
0.0974121,-0.010438
0.0974609,0
0.0975098,0
0.0975586,0
0.0976074,0.00513807
0.0976563,-0.00255902
0.0977051,-0.00254904
0.0977539,-0.00253911
0.0978027,-0.00505841
0.0978516,-0.00251935
0.0979004,-0.00250952
0.0979492,0
0.097998,-0.00249
0.0980469,-0.00248029
0.0980957,-0.00247062
0.0981445,-0.00246099
0.0981934,-0.00245139
0.0982422,0
0.098291,0.00243231
0.0983398,0.00242283
0.0983887,0.00241339
0.0984375,-0.00240398
0.0984863,-0.00239461
0.0985352,-0.00238527
0.098584,-0.00237597
0.0986328,-0.00236671
0.0986816,-0.00235748
0.0987305,0
0.0987793,0
0.0988281,0
0.098877,0
0.0989258,-0.00231188
0.0989746,-0.00230287
0.0990234,-0.00688167
0.0990723,-0.00228495
0.0991211,-0.00227604
0.0991699,-0.0068015
0.0992187,-0.00677498
0.0992676,-0.00449905
0.0993164,-0.00448151
0.0993652,-0.00446403
0.0994141,-0.00444663
0.0994629,-0.00664394
0.0995117,-0.00441203
0.0995606,-0.00219741
0.0996094,-0.00656654
0.0996582,-0.00654094
0.099707,-0.00217181
0.0997559,-0.00216335
0.0998047,-0.00215491
0.0998535,-0.00858604
0.0999023,-0.00213814
0.0999512,-0.00425961
