-5555.56,17.8379,-58.3452
-5550.13,25.4065,-33.7757
-5544.7,-1.23703,-11.6528
-5539.28,-32.148,6.02739
-5533.85,-29.252,27.3635
-5528.43,-9.06154,12.0422
-5523,-4.72611,-11.9694
-5517.58,-6.48906,-16.924
-5512.15,-11.4576,-22.3884
-5506.73,-11.1402,-6.49229
-5501.3,14.7959,26.39
-5495.88,37.2971,30.2924
-5490.45,23.9556,21.0001
-5485.03,4.2625,19.0848
-5479.6,-6.55563,3.41891
-5474.17,-27.5765,-12.0962
-5468.75,-22.6424,-7.87314
-5463.32,8.7204,6.54623
-5457.9,11.5794,11.6192
-5452.47,-8.54109,-7.43228
-5447.05,-23.3235,-16.9858
-5441.62,-30.9792,14.4
-5436.2,-35.0315,34.9694
-5430.77,-32.216,16.2203
-5425.35,-14.9892,8.79702
-5419.92,3.47367,15.1917
-5414.5,8.49593,7.96087
-5409.07,16.194,-6.14689
-5403.65,17.5605,-5.38444
-5398.22,18.4976,9.86755
-5392.79,9.46434,21.2179
-5387.37,-28.7101,17.3528
-5381.94,-34.329,-8.56002
-5376.52,8.44218,-26.4533
-5371.09,32.3157,-17.4841
-5365.67,19.8332,0.20483
-5360.24,3.18445,19.8169
-5354.82,-20.7783,24.6111
-5349.39,-42.7642,18.0819
-5343.97,-54.9791,19.4402
-5338.54,-56.6067,21.0797
-5333.12,-22.8701,11.6644
-5327.69,4.86982,-2.52447
-5322.27,6.46044,-10.2342
-5316.84,17.5584,-12.0867
-5311.41,22.1307,-1.96313
-5305.99,23.6005,6.89464
-5300.56,22.1567,25.2954
-5295.14,-0.671729,52.8989
-5289.71,-34.2692,58.0751
-5284.29,-61.4476,49.8622
-5278.86,-42.116,34.23
-5273.44,18.0274,20.9054
-5268.01,44.3286,19.8935
-5262.59,14.5591,16.373
-5257.16,-13.2432,10.2238
-5251.74,2.23024,6.4477
-5246.31,6.9454,4.76208
-5240.88,-15.469,9.86435
-5235.46,-8.17671,16.7394
-5230.03,2.58025,26.3471
-5224.61,8.33958,22.524
-5219.18,25.105,2.70838
-5213.76,29.125,-6.82566
-5208.33,21.3323,-12.4754
-5202.91,14.6776,-24.6959
-5197.48,13.3107,-21.1336
-5192.06,-5.73797,1.34493
-5186.63,-34.9313,-1.91554
-5181.21,-36.5037,-18.4351
-5175.78,-29.7331,-21.9958
-5170.36,-30.2759,-27.2648
-5164.93,-27.2533,-18.7239
-5159.5,-14.9874,-3.8773
-5154.08,12.6857,1.54978
-5148.65,29.4123,-10.5117
-5143.23,28.1797,-28.1408
-5137.8,16.8713,-20.5011
-5132.38,-6.3613,-10.5335
-5126.95,0.529341,-9.04496
-5121.53,37.4716,0.927005
-5116.1,55.3563,-9.13427
-5110.68,48.5608,-25.0319
-5105.25,14.9776,-35.7467
-5099.83,-22.7317,-58.0396
-5094.4,-10.4249,-35.7726
-5088.98,19.4159,-7.64266
-5083.55,38.8831,-1.40278
-5078.12,50.5999,19.8386
-5072.7,28.0284,30.9942
-5067.27,-6.99174,37.2033
-5061.85,-24.4209,30.6387
-5056.42,-8.01713,7.57338
-5051,14.423,0.0709346
-5045.57,17.3147,0.817553
-5040.15,16.9822,-2.77413
-5034.72,0.970463,5.5515
-5029.3,-17.3505,18.3259
-5023.87,-19.6671,31.0792
-5018.45,-28.8769,28.306
-5013.02,-19.0079,15.1983
-5007.6,6.88388,17.8795
-5002.17,9.7326,-1.96455
-4996.74,1.80604,-10.4307
-4991.32,-13.009,10.2999
-4985.89,-22.8829,3.13583
-4980.47,-16.4538,-23.7919
-4975.04,-8.04174,-58.8044
-4969.62,-10.9193,-64.2006
-4964.19,-14.1024,-28.7473
-4958.77,-11.1645,-19.6149
-4953.34,1.97313,-29.2206
-4947.92,4.70464,-10.0801
-4942.49,-14.3882,6.88701
-4937.07,-27.3144,2.8793
-4931.64,-32.4305,-1.42329
-4926.21,-3.73042,-9.08491
-4920.79,47.359,-5.12107
-4915.36,50.9647,-2.34584
-4909.94,17.0978,-4.35661
-4904.51,-2.30908,5.30133
-4899.09,0.975265,24.026
-4893.66,21.8063,38.2096
-4888.24,37.0697,12.5693
-4882.81,14.5692,-22.9971
-4877.39,-23.9043,-31.8824
-4871.96,-35.4989,-20.1004
-4866.54,-33.0966,-1.76324
-4861.11,-35.3236,20.0352
-4855.69,-23.7562,24.6905
-4850.26,-8.261,4.7529
-4844.83,-1.28673,3.19867
-4839.41,-7.81632,15.3723
-4833.98,-23.4169,11.5182
-4828.56,-17.7274,-1.2358
-4823.13,15.9349,-15.0405
-4817.71,47.4921,-19.3606
-4812.28,30.5537,-1.36371
-4806.86,-7.8745,4.68135
-4801.43,-11.0619,1.83307
-4796.01,-2.12097,10.0068
-4790.58,-6.77297,0.602322
-4785.16,3.08469,-5.36439
-4779.73,7.53697,10.5126
-4774.31,-16.0564,8.29539
-4768.88,-18.0532,-15.2
-4763.45,-6.26899,-24.3203
-4758.03,-28.5832,-19.5008
-4752.6,-41.8369,-1.0279
-4747.18,16.3931,14.9178
-4741.75,66.9162,-1.82667
-4736.33,36.6794,-27.5619
-4730.9,-4.19705,-20.0717
-4725.48,-21.043,7.7008
-4720.05,-8.68434,17.5853
-4714.63,26.2573,12.3303
-4709.2,27.0048,-6.41071
-4703.78,4.13998,-32.3369
-4698.35,-13.2876,-50.4597
-4692.92,12.2397,-34.5912
-4687.5,43.622,3.61708
-4682.07,19.3103,3.87381
-4676.65,10.4402,-15.6198
-4671.22,15.0447,-1.0585
-4665.8,-6.29121,3.91877
-4660.37,-24.9534,-14.1287
-4654.95,-16.0011,-11.0273
-4649.52,6.44522,-31.7456
-4644.1,7.20882,-62.7399
-4638.67,-3.81777,-44.7081
-4633.25,-7.22461,-8.74501
-4627.82,-22.1131,0.086834
-4622.4,-22.7591,-12.438
-4616.97,6.62195,-0.85708
-4611.54,7.32924,17.2893
-4606.12,5.53213,2.70075
-4600.69,15.5441,-7.40077
-4595.27,-9.72619,-5.7006
-4589.84,-28.3687,-16.7661
-4584.42,4.95915,-9.81171
-4578.99,42.8926,17.8911
-4573.57,28.0157,17.5823
-4568.14,-5.31981,-1.79579
-4562.72,-19.1351,-3.06052
-4557.29,-24.2554,-9.30675
-4551.87,-22.0439,-33.1196
-4546.44,-11.4098,-34.4633
-4541.02,-12.542,-6.78541
-4535.59,-35.2211,10.2735
-4530.16,-44.0997,4.59837
-4524.74,-17.9373,3.72777
-4519.31,3.09477,11.7489
-4513.89,-8.84357,4.80889
-4508.46,-7.24107,-18.2272
-4503.04,26.9917,-30.9313
-4497.61,32.8818,-26.1516
-4492.19,10.0254,-3.26737
-4486.76,-0.107712,9.34489
-4481.34,-1.82448,-13.2716
-4475.91,3.08785,-24.3235
-4470.49,1.00154,-17.9237
-4465.06,-3.6341,2.1199
-4459.63,4.6846,10.2127
-4454.21,12.5617,-21.6933
-4448.78,10.2997,-36.2596
-4443.36,-0.11286,-28.4923
-4437.93,-2.01797,-23.9127
-4432.51,9.7013,-9.22155
-4427.08,20.0354,-3.32464
-4421.66,30.6648,3.43863
-4416.23,27.2725,26.9421
-4410.81,12.2509,28.0596
-4405.38,-1.99885,14.0168
-4399.96,-13.3574,0.579338
-4394.53,15.9791,-1.48859
-4389.11,49.373,5.36412
-4383.68,27.9671,1.14049
-4378.25,9.88809,7.24169
-4372.83,5.75734,11.8159
-4367.4,-7.50378,5.97429
-4361.98,8.78357,8.15989
-4356.55,20.0476,7.88751
-4351.13,-8.54467,18.3138
-4345.7,-25.6902,37.8549
-4340.28,-3.86987,29.5446
-4334.85,23.4757,8.83937
-4329.43,24.5091,16.6015
-4324,12.4324,38.8575
-4318.58,24.2393,29.8342
-4313.15,24.0786,8.00567
-4307.73,1.70258,-8.28805
-4302.3,9.55105,-29.3195
-4296.87,13.3901,-18.061
-4291.45,11.18,12.4989
-4286.02,34.0922,16.0391
-4280.6,23.567,8.47054
-4275.17,-21.4206,7.19028
-4269.75,-19.9884,3.24244
-4264.32,7.20961,-13.5869
-4258.9,-5.88657,-21.8001
-4253.47,-32.9632,-3.23446
-4248.05,-32.7118,2.33793
-4242.62,-7.82777,-4.56525
-4237.2,5.60731,11.144
-4231.77,1.10958,22.3913
-4226.35,12.3375,5.55554
-4220.92,13.8002,5.60178
-4215.49,-24.3929,25.395
-4210.07,-41.5041,26.7197
-4204.64,1.93939,21.6503
-4199.22,45.8349,3.66963
-4193.79,62.1777,-8.50295
-4188.37,49.6258,15.4396
-4182.94,0.680139,16.2439
-4177.52,-23.2959,-14.9778
-4172.09,-10.9494,-6.73549
-4166.67,-9.44619,25.9718
-4161.24,-9.68872,9.98989
-4155.82,1.84605,-25.0245
-4150.39,19.7492,-20.7007
-4144.96,23.3515,-11.4788
-4139.54,-2.3858,-18.6437
-4134.11,-13.7964,-0.724595
-4128.69,8.41335,31.1958
-4123.26,8.58953,27.3193
-4117.84,-10.2164,11.5923
-4112.41,1.1131,20.144
-4106.99,21.1743,13.1316
-4101.56,-0.77825,-6.12218
-4096.14,-41.1717,15.1701
-4090.71,-35.8679,20.519
-4085.29,-4.11655,-0.826318
-4079.86,3.0378,-11.7098
-4074.44,2.31127,-32.2589
-4069.01,13.7664,-37.473
-4063.58,27.1567,-12.704
-4058.16,26.2324,2.67301
-4052.73,27.571,-23.2184
-4047.31,34.9211,-52.6537
-4041.88,13.3888,-43.9315
-4036.46,-6.27259,-9.86823
-4031.03,-16.1062,-7.55642
-4025.61,-31.6717,-32.9876
-4020.18,-29.4262,-14.7192
-4014.76,-16.5876,10.4076
-4009.33,-0.68328,1.76766
-4003.91,24.8146,0.889555
-3998.48,20.5267,-1.0787
-3993.06,-13.5982,-21.6718
-3987.63,-31.348,-31.9926
-3982.2,-35.4157,-12.0094
-3976.78,-20.9878,23.4338
-3971.35,-0.938074,31.8665
-3965.93,-8.06403,17.9224
-3960.5,-25.9717,16.651
-3955.08,-13.4908,17.9175
-3949.65,14.6386,14.4023
-3944.23,14.807,20.1286
-3938.8,2.27317,-1.52451
-3933.38,5.82884,-24.9391
-3927.95,20.9296,0.00796509
-3922.53,24.0071,12.2242
-3917.1,-3.60645,-8.35627
-3911.68,-12.1145,-9.18745
-3906.25,11.4683,24.5935
-3900.82,6.76274,36.0093
-3895.4,-16.0928,2.68458
-3889.97,-22.7401,-6.99556
-3884.55,-14.6659,23.6921
-3879.12,-24.7563,35.545
-3873.7,-48.8685,20.5715
-3868.27,-46.0869,0.955461
-3862.85,-22.4904,-18.7988
-3857.42,-12.0883,-32.7617
-3852,-18.1824,-28.3414
-3846.57,-21.5144,-14.3103
-3841.15,-30.064,-13.9567
-3835.72,-36.413,-12.0365
-3830.29,-8.32298,-5.5499
-3824.87,19.8363,-11.0461
-3819.44,13.8769,-34.0293
-3814.02,14.2292,-38.6835
-3808.59,25.3942,-6.25389
-3803.17,6.94734,19.9032
-3797.74,-25.0592,31.8003
-3792.32,-34.063,29.715
-3786.89,-26.9679,15.7037
-3781.47,-10.009,9.60488
-3776.04,15.2593,14.5596
-3770.62,42.4688,6.43483
-3765.19,39.9499,-12.9839
-3759.77,28.2758,-7.89445
-3754.34,29.8639,9.71076
-3748.91,13.0572,17.0964
-3743.49,-13.7585,21.4039
-3738.06,-36.4014,21.8512
-3732.64,-20.8868,-11.4113
-3727.21,11.4686,-47.6455
-3721.79,6.6234,-29.8277
-3716.36,0.22998,-6.71497
-3710.94,17.8363,-8.21886
-3705.51,14.5888,1.65293
-3700.09,6.35332,6.17623
-3694.66,16.5167,-1.04681
-3689.24,14.0382,-0.535825
-3683.81,3.04133,-0.492812
-3678.39,-8.53065,-8.38562
-3672.96,-9.40771,-16.452
-3667.53,-3.95973,-8.33919
-3662.11,-6.85224,12.0266
-3656.68,-5.21727,26.4113
-3651.26,-5.56322,15.2477
-3645.83,-9.44882,1.43576
-3640.41,6.20848,0.0046827
-3634.98,10.1978,-12.2385
-3629.56,-5.33067,-11.1327
-3624.13,-3.87718,1.09132
-3618.71,13.7916,5.7336
-3613.28,33.702,24.8967
-3607.86,17.0211,17.6392
-3602.43,-10.1894,-10.7181
-3597,9.19019,-13.8445
-3591.58,34.1001,-11.0665
-3586.15,22.6495,-4.6908
-3580.73,8.99192,-7.22172
-3575.3,12.7534,-18.5453
-3569.88,7.92338,-0.0469338
-3564.45,11.1265,8.52691
-3559.03,23.2489,-19.4009
-3553.6,7.11994,-15.624
-3548.18,-10.5563,0.318339
-3542.75,10.7999,7.69159
-3537.33,22.1515,15.7632
-3531.9,7.20827,1.09764
-3526.48,17.8614,-11.7212
-3521.05,49.3975,-14.6154
-3515.62,67.3593,-15.4454
-3510.2,50.9534,-17.2612
-3504.77,22.0057,-17.2133
-3499.35,11.1711,-19.1943
-3493.92,17.9095,-15.38
-3488.5,33.6639,18.7932
-3483.07,35.2335,28.4491
-3477.65,21.9066,-2.67487
-3472.22,11.3462,-9.73262
-3466.8,9.66329,0.388865
-3461.37,18.066,-10.5711
-3455.95,2.31206,-10.1669
-3450.52,-18.7459,4.83108
-3445.1,-4.24647,-0.404635
-3439.67,-3.35891,-2.99195
-3434.24,-27.0205,11.048
-3428.82,-26.1747,3.64486
-3423.39,-9.14057,-15.246
-3417.97,-12.0539,0.991009
-3412.54,-20.8819,1.40061
-3407.12,-17.1759,-7.07679
-3401.69,3.98524,11.1999
-3396.27,13.8137,-5.9507
-3390.84,-17.9432,-31.2209
-3385.42,-27.1503,-12.7125
-3379.99,2.31793,-14.4072
-3374.57,13.5527,-23.7819
-3369.14,-1.88847,13.7196
-3363.71,-2.133,65.6244
-3358.29,31.7039,105.847
-3352.86,42.6561,76.1034
-3347.44,21.2697,16.4646
-3342.01,-6.44342,-1.9805
-3336.59,-25.6299,-18.6735
-3331.16,-20.5537,-15.7518
-3325.74,-11.8142,-2.03631
-3320.31,-5.92536,-10.4429
-3314.89,12.3906,-8.62231
-3309.46,32.1191,-11.7764
-3304.04,9.64867,-23.1008
-3298.61,-16.5651,-15.9178
-3293.19,-4.57078,-3.67659
-3287.76,2.29849,2.36683
-3282.33,-12.4505,-10.9414
-3276.91,-18.7767,-29.609
-3271.48,-8.55888,-34.1761
-3266.06,-31.3571,-28.8692
-3260.63,-39.5916,-13.1236
-3255.21,12.0085,-11.0515
-3249.78,42.0163,-10.3491
-3244.36,21.6536,22.1672
-3238.93,-2.79059,45.8771
-3233.51,-13.6059,39.4784
-3228.08,-9.45331,25.5159
-3222.66,2.41627,9.31619
-3217.23,7.79758,-1.05317
-3211.81,19.2321,7.25844
-3206.38,21.5842,17.8392
-3200.95,23.0438,0.587649
-3195.53,24.7767,-26.7309
-3190.1,1.61982,-34.001
-3184.68,-18.3052,-8.73351
-3179.25,-29.1422,29.8647
-3173.83,-44.3489,20.0289
-3168.4,-44.6932,-15.5463
-3162.98,-1.14358,-37.5346
-3157.55,33.6423,-54.1375
-3152.13,5.89208,-42.0392
-3146.7,-7.57776,-38.5443
-3141.28,2.51593,-45.1831
-3135.85,-9.34968,-14.1663
-3130.43,-12.9366,14.3411
-3125,-8.37912,13.4852
-3119.57,-14.4452,8.289
-3114.15,-21.1108,9.30672
-3108.72,-9.73051,-1.51755
-3103.3,21.8654,-8.00359
-3097.87,37.6292,-1.65059
-3092.45,38.5434,-11.0542
-3087.02,34.7308,-17.3313
-3081.6,15.2056,-22.2369
-3076.17,-16.1021,-26.0871
-3070.75,-13.5106,-23.5473
-3065.32,24.8703,-33.4609
-3059.9,12.6425,-19.8135
-3054.47,-29.066,3.08328
-3049.04,-40.3518,-2.07895
-3043.62,-34.7259,1.62216
-3038.19,-33.188,22.3261
-3032.77,-18.8905,26.9721
-3027.34,4.05437,12.8691
-3021.92,16.0333,-9.28192
-3016.49,37.2479,-26.1948
-3011.07,26.1215,-25.979
-3005.64,-9.93431,5.54989
-3000.22,-25.8913,21.392
-2994.79,-44.6908,-21.3102
-2989.37,-47.1006,-17.4473
-2983.94,-31.6054,25.2206
-2978.52,1.02396,22.8224
-2973.09,24.98,6.05858
-2967.66,-2.38111,-8.21665
-2962.24,-68.3422,-10.9817
-2956.81,-100.6,-18.4303
-2951.39,-53.627,-42.5395
-2945.96,-32.8355,-50.7562
-2940.54,-23.1551,-41.5761
-2935.11,10.4058,-26.0014
-2929.69,-3.81399,-23.0803
-2924.26,-30.4292,-18.9277
-2918.84,-31.017,18.0395
-2913.41,-17.4653,33.7443
-2907.99,-24.4125,-2.3267
-2902.56,-20.7482,-25.6688
-2897.14,10.2219,-16.8751
-2891.71,-3.32616,-0.674838
-2886.28,-35.7991,18.8371
-2880.86,-28.246,6.05544
-2875.43,1.98425,-16.2348
-2870.01,11.3716,3.8063
-2864.58,7.71166,10.7112
-2859.16,36.6171,-11.1394
-2853.73,30.472,-6.56489
-2848.31,-11.7223,31.3389
-2842.88,-4.01414,50.7357
-2837.46,5.10412,23.4828
-2832.03,22.9843,-23.5827
-2826.61,34.0154,-52.7458
-2821.18,-15.944,-42.0208
-2815.75,-9.87035,-24.4121
-2810.33,62.0636,4.39689
-2804.9,44.8554,34.4067
-2799.48,-13.9164,46.7936
-2794.05,-4.52619,66.3183
-2788.63,14.9387,53.0587
-2783.2,10.8911,22.9463
-2777.78,-8.67126,22.3689
-2772.35,-23.4635,30.0452
-2766.93,-5.9497,28.9059
-2761.5,72.0207,-13.2303
-2756.08,138.02,-57.4187
-2750.65,90.3709,-32.1462
-2745.23,11.8266,-4.88737
-2739.8,-29.2562,-23.2317
-2734.37,-35.4668,-31.5607
-2728.95,-19.1169,5.14315
-2723.52,18.389,32.5989
-2718.1,40.2335,24.2566
-2712.67,29.0851,-12.7367
-2707.25,19.4638,-71.9748
-2701.82,1.21977,-64.2988
-2696.4,-6.41997,-23.2884
-2690.97,-9.87903,-11.7893
-2685.55,-0.979518,13.2683
-2680.12,22.5125,33.1536
-2674.7,-19.0047,22.0016
-2669.27,-52.8204,-35.1456
-2663.85,-78.3989,8.46075
-2658.42,-204.412,220.225
-2652.99,-195.645,229.711
-2647.57,-44.6508,43.2404
-2642.14,8.29813,-27.38
-2636.72,-12.6202,-28.0821
-2631.29,-39.2966,-49.058
-2625.87,-17.3944,-67.133
-2620.44,12.9567,-41.1372
-2615.02,-15.9858,-30.1278
-2609.59,-26.0844,-66.8633
-2604.17,19.169,-67.5752
-2598.74,47.445,-19.2078
-2593.32,51.505,6.79402
-2587.89,21.3353,32.9818
-2582.47,-30.7468,48.3034
-2577.04,-29.8825,9.91994
-2571.61,9.50133,-20.4153
-2566.19,-21.0916,-1.91287
-2560.76,-98.6588,42.6666
-2555.34,-76.3839,33.7293
-2549.91,-5.83157,-44.3453
-2544.49,6.63767,-76.1749
-2539.06,5.10984,-47.2506
-2533.64,0.565221,-47.3981
-2528.21,-24.8405,-24.6487
-2522.79,-46.8522,21.9604
-2517.36,-34.6056,29.5152
-2511.94,29.8269,57.7045
-2506.51,85.4417,64.1616
-2501.08,51.6055,-14.6084
-2495.66,-22.529,-43.5563
-2490.23,-45.7118,3.33252
-2484.81,-54.0521,28.9737
-2479.38,-66.1075,19.9941
-2473.96,-73.3712,-11.9963
-2468.53,-25.687,6.58695
-2463.11,-1.66087,0.258441
-2457.68,-146.22,-52.829
-2452.26,-168.253,-46.9983
-2446.83,-15.7198,-22.3806
-2441.41,41.0559,26.1098
-2435.98,21.1207,29.1787
-2430.56,-4.43402,-51.2963
-2425.13,-7.89963,-119.924
-2419.7,14,-102.858
-2414.28,32.9481,-20.4971
-2408.85,45.9933,9.05041
-2403.43,74.4571,14.2997
-2398,39.9298,-3.28566
-2392.58,-59.6033,-60.6793
-2387.15,-52.4281,-62.2611
-2381.73,11.7208,-47.3014
-2376.3,-8.70814,-44.5882
-2370.88,-29.165,-57.5729
-2365.45,19.4313,-77.4012
-2360.03,105.237,23.6468
-2354.6,133.646,118.533
-2349.18,46.0472,50.8161
-2343.75,7.88071,-20.9678
-2338.32,29.046,-15.8826
-2332.9,-14.1977,3.3167
-2327.47,-50.6596,-41.2964
-2322.05,-11.6103,-89.354
-2316.62,-7.55637,-66.7855
-2311.2,-6.16918,-28.3406
-2305.77,66.9684,21.075
-2300.35,67.8236,13.6892
-2294.92,24.8829,-30.5318
-2289.5,-43.0539,-4.46141
-2284.07,-59.8382,48.1147
-2278.65,28.3606,100.016
-2273.22,37.2556,88.7257
-2267.79,27.0396,18.1231
-2262.37,-8.52748,-50.277
-2256.94,-126.088,-140.361
-2251.52,-113.229,-128.808
-2246.09,34.7258,-54.9846
-2240.67,183.398,-16.2453
-2235.24,195.722,-1.57755
-2229.82,102.721,-32.2068
-2224.39,45.5574,-39.4865
-2218.97,37.3436,-20.829
-2213.54,55.0051,65.2815
-2208.12,-0.805486,126.69
-2202.69,-57.1041,19.2736
-2197.27,-75.0491,-61.3248
-2191.84,-65.0069,-17.9287
-2186.41,-32.0795,76.3316
-2180.99,-54.9456,80.2118
-2175.56,-43.7337,-10.9218
-2170.14,32.585,-55.1761
-2164.71,4.36178,-93.051
-2159.29,-236.393,-64.6448
-2153.86,-314.219,-83.9867
-2148.44,-99.7013,-244.624
-2143.01,24.4672,-222.663
-2137.59,106.899,-100.285
-2132.16,101.641,-43.9744
-2126.74,-94.3236,84.7173
-2121.31,-120.633,92.2904
-2115.89,-25.6798,-109.552
-2110.46,-132.178,-134.237
-2105.03,-218.978,55.8039
-2099.61,-43.9574,245.313
-2094.18,99.6335,200.299
-2088.76,69.788,-84.6676
-2083.33,3.09027,31.7106
-2077.91,-16.4481,312.771
-2072.48,67.1833,349.765
-2067.06,-30.0061,333.914
-2061.63,-151.22,468.636
-2056.21,237.652,884.509
-2050.78,315.203,546.335
-2045.36,3.61537,-99.3393
-2039.93,-232.081,-145.873
-2034.51,-344.553,60.8442
-2029.08,-406.282,320.182
-2023.65,-57.3911,830.117
-2018.23,-7948.01,-4953.27
-2012.8,-18480.5,-13128.5
-2007.38,-11147.5,-8232.69
-2001.95,-608.214,-662.292
-1996.53,286.333,-166.18
-1991.1,251.485,-147.535
-1985.68,205.127,-55.1788
-1980.25,148.664,-209.985
-1974.83,316.485,-167.854
-1969.4,174.66,60.3976
-1963.98,-8.03723,118.993
-1958.55,479.397,-941.208
-1953.12,819.654,-1558.82
-1947.7,346.049,-610.69
-1942.27,-95.6432,63.1243
-1936.85,-239.36,208.584
-1931.42,-83.4388,139.872
-1926,238.374,7.20366
-1920.57,259.707,-13.9296
-1915.15,-17.6807,-146.567
-1909.72,-118.009,-158.94
-1904.3,95.585,18.0126
-1898.87,225.482,174.819
-1893.45,104.977,187.335
-1888.02,21.6072,105.834
-1882.6,109.75,55.3155
-1877.17,159.179,131.768
-1871.74,146.383,71.9418
-1866.32,33.1908,-101.18
-1860.89,-6.31085,-95.1639
-1855.47,137.501,-40.7309
-1850.04,116.863,13.6161
-1844.62,25.8931,66.8706
-1839.19,79.4874,78.5845
-1833.77,62.2054,26.9804
-1828.34,-40.3029,-24.5618
-1822.92,-23.8365,-0.645884
-1817.49,38.4048,-19.2555
-1812.07,72.477,-85.9921
-1806.64,23.0592,-64.2224
-1801.22,-93.4285,18.036
-1795.79,-44.7715,-12.2092
-1790.36,84.7187,-87.5546
-1784.94,61.3371,-41.2086
-1779.51,58.4885,46.6525
-1774.09,105.828,38.3563
-1768.66,62.1113,-85.9539
-1763.24,-37.8442,-104.208
-1757.81,-120.844,197.321
-1752.39,-68.0992,335.182
-1746.96,-0.62883,116.291
-1741.54,-22.4006,-63.1369
-1736.11,19.2528,-120.02
-1730.69,57.7553,-59.9255
-1725.26,20.9399,59.5738
-1719.83,35.536,117.009
-1714.41,31.6581,70.2202
-1708.98,-49.2119,12.2336
-1703.56,-4.59191,10.5989
-1698.13,95.5395,-21.7631
-1692.71,53.8017,-18.0183
-1687.28,-10.2595,3.74386
-1681.86,-10.373,-45.665
-1676.43,26.297,-17.3298
-1671.01,30.8556,40.8364
-1665.58,-37.8744,75.3015
-1660.16,-86.832,98.5451
-1654.73,-72.8856,50.2229
-1649.31,-31.6592,59.0485
-1643.88,-10.1455,87.7637
-1638.45,-25.3718,34.1323
-1633.03,-42.8939,37.2633
-1627.6,-37.9246,53.6795
-1622.18,-9.86813,19.2946
-1616.75,24.4968,14.5999
-1611.33,19.3047,18.0983
-1605.9,-19.039,8.45466
-1600.48,-31.5968,-23.8983
-1595.05,-10.3411,-52.8605
-1589.63,-0.051609,-72.7015
-1584.2,-42.9621,-82.8968
-1578.78,-60.6348,-35.5586
-1573.35,9.30287,43.7544
-1567.93,56.0565,39.231
-1562.5,6.14495,-12.8698
-1557.07,-88.5016,29.9309
-1551.65,-96.0927,24.1488
-1546.22,2.55088,-31.896
-1540.8,46.7907,-5.57871
-1535.37,20.817,-44.7418
-1529.95,11.0651,-90.8011
-1524.52,-5.23596,-38.6835
-1519.1,-12.4488,9.26781
-1513.67,11.9242,3.21518
-1508.25,43.9635,-28.2241
-1502.82,77.3642,-24.4078
-1497.4,63.6216,-15.7315
-1491.97,12.5021,-15.8166
-1486.55,-30.0121,3.26308
-1481.12,-52.7792,18.5572
-1475.69,-72.0104,19.0258
-1470.27,-94.1199,12.6281
-1464.84,-88.6687,25.8599
-1459.42,-101.429,29.003
-1453.99,-105.204,-12.3613
-1448.57,-16.1143,-32.4347
-1443.14,77.278,-3.18804
-1437.72,26.1164,25.9117
-1432.29,-62.1133,39.2342
-1426.87,-46.4593,33.3663
-1421.44,-23.1999,-21.5788
-1416.02,-7.12252,-35.6474
-1410.59,11.8857,15.3606
-1405.16,3.49009,6.68758
-1399.74,-12.3215,-23.6165
-1394.31,-21.5872,-13.7927
-1388.89,-21.1784,8.20414
-1383.46,-11.6788,25.0582
-1378.04,3.45537,24.9977
-1372.61,6.36951,-16.7671
-1367.19,19.9467,-36.8562
-1361.76,13.8802,-31.926
-1356.34,-54.1704,-148.953
-1350.91,-38.0914,-189.71
-1345.49,48.179,-33.7301
-1340.06,62.0756,51.6992
-1334.64,56.544,29.6899
-1329.21,56.1216,24.4702
-1323.78,1.93563,24.6527
-1318.36,-40.2912,-12.4499
-1312.93,-2.35172,-0.965702
-1307.51,31.3154,23.3359
-1302.08,39.6731,-23.8243
-1296.66,26.217,-42.8994
-1291.23,5.35363,-16.1627
-1285.81,-10.4522,-8.09156
-1280.38,-12.5302,3.21381
-1274.96,0.731083,26.4421
-1269.53,-11.523,34.3793
-1264.11,-21.8813,12.0748
-1258.68,33.9277,91.2775
-1253.26,100.041,239.953
-1247.83,62.3313,167.603
-1242.4,9.79125,17.4377
-1236.98,-7.7704,-26.63
-1231.55,-27.088,-33.7419
-1226.13,-19.4506,-4.81314
-1220.7,10.6745,14.41
-1215.28,29.1326,23.0221
-1209.85,-7.88775,54.2821
-1204.43,-42.2055,58.8848
-1199,-26.7149,39.5953
-1193.58,-2.98718,50.8104
-1188.15,7.76459,52.569
-1182.73,12.7506,-2.29092
-1177.3,-5.38352,-28.1759
-1171.87,-49.2635,21.1883
-1166.45,-26.044,19.3421
-1161.02,33.5785,-38.4515
-1155.6,54.83,-51.8258
-1150.17,41.654,-28.9199
-1144.75,-5.37916,-27.5064
-1139.32,-39.9483,-80.2731
-1133.9,-47.5147,-114.797
-1128.47,-36.3064,-70.1043
-1123.05,-8.80211,-4.50608
-1117.62,18.4029,-6.69831
-1112.2,22.5777,-37.3176
-1106.77,-12.812,-10.9654
-1101.35,-20.8982,36.3824
-1095.92,14.4941,55.0442
-1090.49,30.9132,37.1245
-1085.07,25.755,20.7205
-1079.64,-12.4665,20.1262
-1074.22,-46.5755,24.0087
-1068.79,-27.3648,53.1337
-1063.37,21.8525,27.4793
-1057.94,-251.301,167.72
-1052.52,-586.297,395.245
-1047.09,-301.308,204.952
-1041.67,-5.18996,-35.5383
-1036.24,-21.2509,-4.86706
-1030.82,15.8749,54.4774
-1025.39,11.8395,64.0727
-1019.97,-10.5565,43.9883
-1014.54,44.7129,10.8448
-1009.11,55.3393,8.50345
-1003.69,17.4114,25.3213
-998.264,31.7329,-0.198883
-992.838,16.3891,-29.323
-987.413,-30.2169,-9.41845
-981.988,-20.1781,20.3797
-976.562,7.16691,2.53455
-971.137,16.8007,-34.3577
-965.712,10.6061,-40.8539
-960.286,20.4197,-59.3979
-954.861,69.0891,-145.125
-949.436,59.4632,-129.235
-944.01,7.50732,27.5003
-938.585,5.50047,63.1814
-933.16,13.0584,-6.11552
-927.734,10.9848,2.79747
-922.309,15.9004,28.9655
-916.884,3.42271,42.4912
-911.458,-27.4026,61.9419
-906.033,-2.87466,85.8798
-900.608,50.6188,94.0452
-895.182,55.5935,12.8869
-889.757,34.4866,-16.0961
-884.331,21.2815,38.6513
-878.906,24.4834,13.7305
-873.481,18.0403,-55.0183
-868.055,15.9885,-58.0454
-862.63,20.2916,1.47543
-857.205,-125.283,62.7325
-851.779,-260.58,59.4046
-846.354,-113.068,-3.43423
-840.929,10.0356,-1.60664
-835.503,-37.5037,38.4257
-830.078,-49.784,15.8946
-824.653,-19.8358,-19.3226
-819.227,-7.23373,-48.4882
-813.802,-6.11097,-31.6095
-808.377,0.762765,21.8836
-802.951,21.3105,22.6983
-797.526,40.2428,-9.09993
-792.101,25.9609,-11.4793
-786.675,8.15957,10.5482
-781.25,-21.704,-3.26459
-775.825,-50.4442,-1.26833
-770.399,-32.3937,41.21
-764.974,-39.4862,23.788
-759.549,-18.5171,-2.07524
-754.123,68.1369,34.7055
-748.698,74.0775,39.325
-743.273,17.3154,-9.03324
-737.847,-17.8452,-26.9453
-732.422,-38.7448,-18.8862
-726.996,-46.5134,-10.089
-721.571,-47.1463,-8.28582
-716.146,-24.527,-20.4751
-710.72,-4.89976,11.1219
-705.295,-38.828,51.4706
-699.87,-66.9397,33.7914
-694.444,-57.1763,22.8254
-689.019,-38.1383,26.4596
-683.594,-12.6267,2.62013
-678.168,-7.30605,-29.6886
-672.743,4.06672,-49.0583
-667.318,29.76,-33.5888
-661.892,-0.438697,7.93295
-656.467,-102.598,205.337
-651.042,-134.966,355.531
-645.616,-58.0078,167.922
-640.191,-29.6475,30.7635
-634.766,-35.5589,37.52
-629.34,-22.6765,9.02123
-623.915,-15.4616,8.53859
-618.49,16.4774,10.7493
-613.064,52.2051,-2.36939
-607.639,43.2605,23.2676
-602.214,7.80868,67.6525
-596.788,3.81313,49.988
-591.363,18.2627,9.30609
-585.937,-5.93327,13.5712
-580.512,-26.3562,7.25702
-575.087,-16.9936,-6.85581
-569.661,-45.6828,9.92405
-564.236,0.2809,18.5786
-558.811,-163.121,-6.11344
-553.385,-681.34,-51.4143
-547.96,-585.82,-43.7448
-542.535,-74.0232,7.45708
-537.109,26.2311,22.9266
-531.684,9.04014,-6.64551
-526.259,12.5039,-29.793
-520.833,-10.7957,-9.34013
-515.408,-12.4721,16.8023
-509.983,-10.8548,16.5576
-504.557,10.174,-19.2386
-499.132,22.4541,-33.1446
-493.707,-2.12953,4.43104
-488.281,-11.171,27.0568
-482.856,-14.3176,1.70405
-477.431,-3.13934,-16.87
-472.005,13.9276,14.3782
-466.58,8.99612,29.041
-461.154,-48.3764,27.57
-455.729,-537.619,203.292
-450.304,-853.705,330.407
-444.878,-355.428,130.848
-439.453,-7.17915,-17.7036
-434.028,-28.8027,7.02616
-428.602,-13.8475,21.884
-423.177,-12.1928,16.5394
-417.752,-19.7401,4.18479
-412.326,-5.63193,-0.49177
-406.901,25.3355,-7.23177
-401.476,34.4542,-3.56046
-396.05,14.6802,7.47106
-390.625,10.6789,15.5232
-385.2,27.7844,6.50488
-379.774,14.9696,-0.959455
-374.349,-22.7068,-2.05671
-368.924,-32.788,21.3644
-363.498,-26.09,-25.3068
-358.073,110.418,351.165
-352.648,380.618,1234.16
-347.222,303.038,1000.67
-341.797,20.9057,128.583
-336.371,-28.9561,-8.80802
-330.946,6.53581,26.4699
-325.521,18.1063,-7.43689
-320.095,27.488,-25.9281
-314.67,48.1243,-21.7642
-309.245,47.708,5.14294
-303.819,16.8419,-17.7748
-298.394,-8.20331,-37.4489
-292.969,-14.7005,-14.0344
-287.543,-0.920809,11.3451
-282.118,17.2775,23.3403
-276.693,23.3659,18.3635
-271.267,20.8329,14.5155
-265.842,11.7426,-6.82318
-260.417,-14.1703,54.8388
-254.991,-173.713,735.235
-249.566,-271.637,1121.08
-244.141,-100.256,419.74
-238.715,16.0813,-31.883
-233.29,-0.772539,-4.70141
-227.865,-10.1245,-5.05547
-222.439,6.66559,11.5813
-217.014,27.4297,12.7956
-211.589,18.9767,13.5776
-206.163,-28.8436,18.9416
-200.738,-78.7998,25.6581
-195.312,-53.3289,-0.372584
-189.887,-8.49119,-8.78197
-184.462,4.30909,28.9165
-179.036,-9.11529,32.7854
-173.611,-5.56302,9.70223
-168.186,6.83124,17.0627
-162.76,13.3202,19.1812
-157.335,-157.89,19.2092
-151.91,-488.902,45.7365
-146.484,-370.405,41.7559
-141.059,-30.922,22.8506
-135.634,18.4464,32.6734
-130.208,2.31059,13.4341
-124.783,-6.42127,-15.9133
-119.358,-31.1838,1.66818
-113.932,-35.193,21.0449
-108.507,-24.8907,-0.867029
-103.082,-4.70539,-44.8216
-97.6562,7.66558,-41.2342
-92.2309,10.4976,-1.98358
-86.8055,-2.44882,17.0652
-81.3802,-17.202,38.666
-75.9549,-5.40004,39.7934
-70.5295,11.4998,8.6501
-65.1042,0.00667858,-13.1668
-59.6788,24.0949,-34.8863
-54.2535,310.649,-116.681
-48.8281,460.868,-143.808
-43.4028,172.933,-41.2166
-37.9774,5.1667,23.3141
-32.5521,13.8802,6.6286
-27.1267,-1.20584,-9.30574
-21.7014,1.4713,9.12896
-16.276,6.46582,13.3144
-10.8507,4.40076,-14.1555
-5.42535,-72.9029,227.598
0,-147.349,481.956
5.42535,-66.8317,229.454
10.8507,4.26724,-14.1963
16.276,-12.8058,7.42256
21.7014,-6.32465,6.7455
27.1267,6.20336,-7.04055
32.5521,-15.2138,-2.26635
37.9774,-17.3204,16.4391
43.4028,-120.32,-130.873
48.8281,-301.66,-376.936
54.2535,-192.293,-270.446
59.6788,-0.467435,-42.3958
65.1042,7.3573,-10.9195
70.5295,-14.3715,0.740376
75.9549,-17.7753,36.0099
81.3802,-7.36057,41.6748
86.8055,-7.51257,15.5171
92.2309,-7.59376,-7.51466
97.6562,16.7029,-38.4713
103.082,28.9649,-34.5277
108.507,21.1201,13.1999
113.932,17.4081,37.1266
119.358,24.9197,18.8208
124.783,14.2221,-9.60202
130.208,-9.42781,9.84528
135.634,-33.5635,16.7724
141.059,12.8576,36.2354
146.484,283.73,241.745
151.91,379.743,311.308
157.335,120.155,104.216
162.76,-21.769,8.45331
168.186,-15.2047,10.3256
173.611,-0.81346,11.1543
179.036,-10.7764,32.2775
184.462,-19.7423,21.5632
189.887,11.9503,-2.53239
195.312,44.42,29.5123
200.738,50.9801,65.3359
206.163,13.3204,31.8324
211.589,-23.3249,0.644657
217.014,-29.8954,-4.73045
222.439,-12.0022,5.87398
227.865,11.2206,1.47035
233.29,3.26943,-3.46565
238.715,4.49672,-35.4247
244.141,-151.6,404.043
249.566,-401.702,1081.31
254.991,-267.123,706.676
260.417,-18.9178,53.3873
265.842,-5.91953,-12.223
271.267,-25.3882,0.38434
276.693,-29.6404,2.15792
282.118,-27.3755,9.68848
287.543,-5.58076,9.92049
292.969,20.0352,-3.4147
298.394,27.742,-26.4592
303.819,-4.02307,-24.1539
309.245,-42.4276,-22.4144
314.67,-27.7265,-44.9541
320.095,-8.28974,-36.8665
325.521,-10.8521,-16.2903
330.946,-20.2202,18.2898
336.371,28.9311,8.88997
341.797,-89.2343,94.9098
347.222,-810.797,660.136
352.648,-1005.68,810.325
358.073,-287.91,229.383
363.498,35.781,-6.39102
368.924,15.2356,36.0467
374.349,19.9749,10.9923
379.774,-11.8738,-9.16633
385.2,-26.6718,-10.144
390.625,-17.5336,6.89775
396.05,-16.3483,-2.01526
401.476,-26.5729,-22.2183
406.901,-16.9601,-20.1629
412.326,4.9441,2.74168
417.752,14.0247,14.5077
423.177,0.859633,20.53
428.602,-0.757283,25.8861
434.028,19.9495,21.9312
439.453,15.8515,-10.6624
444.878,221.493,307.23
450.304,522.992,751.305
455.729,332.026,469.17
461.154,24.6889,49.9083
466.58,-23.6977,19.0455
472.005,-19.5867,4.13185
477.431,12.0362,-12.2303
482.856,10.9169,9.41903
488.281,-5.86879,28.6779
493.707,-0.712331,4.86437
499.132,-0.081042,-40.0343
504.557,2.32347,-21.6387
509.983,-0.259934,19.7968
515.408,0.944096,20.904
520.833,14.173,-1.70642
526.259,6.29377,-31.6916
531.684,-3.77854,-10.5645
537.109,-34.5669,4.33888
542.535,57.198,47.5754
547.96,510.128,291.32
553.385,593.607,338.376
558.811,138.652,86.1476
564.236,-10.6219,15.2453
569.661,32.3233,33.773
575.087,17.9221,3.81899
580.512,17.7922,20.7546
585.937,-2.67006,14.5689
591.363,-20.3445,-2.49743
596.788,-31.1141,39.3096
602.214,-44.3045,51.72
607.639,-48.8757,-4.90126
613.064,-41.9551,-31.1571
618.49,-19.6718,-0.302035
623.915,8.04323,15.724
629.34,13.7549,20.1592
634.766,8.49874,50.9898
640.191,7.37614,42.0827
645.616,-45.8103,171.651
651.042,-86.919,370.221
656.467,-29.7649,227.604
661.892,-4.07235,6.82202
667.318,-5.88943,-44.4879
672.743,24.0616,-42.9453
678.168,22.6585,-20.5276
683.594,9.00282,9.23291
689.019,16.8221,43.2627
694.444,34.6375,50.8957
699.87,36.5995,65.4466
705.295,3.40779,64.3834
710.72,-2.15723,11.9603
716.146,31.7833,-3.25922
721.571,43.7194,19.4948
726.996,44.2031,17.6458
732.422,42.6819,6.00848
737.847,29.8619,-12.3597
743.273,-9.3038,-17.1715
748.698,-83.4033,-8.82171
754.123,-75.8951,-9.32954
759.549,16.5113,8.63406
764.974,19.4336,41.8018
770.399,3.81065,52.279
775.825,42.5294,27.1566
781.25,19.819,9.43027
786.675,-12.6631,4.18209
792.101,-15.1036,-24.0339
797.526,-28.2742,-30.0477
802.951,-30.3599,6.90107
808.377,-12.8695,17.7157
813.802,22.742,-22.7882
819.227,33.1113,-36.1535
824.653,27.2497,-4.9272
830.078,32.3846,41.0161
835.503,9.60453,52.8282
840.929,-7.42153,-6.94387
846.354,95.6578,60.3796
851.779,182.812,194.963
857.205,68.7847,122.065
862.63,-17.6475,-10.1237
868.055,19.2035,-57.0625
873.481,15.8098,-55.7002
878.906,-27.9757,-2.3079
884.331,-39.2568,20.1429
889.757,-19.5898,-32.6289
895.182,-53.2954,-20.4037
900.608,-94.5542,49.6613
906.033,-45.6402,72.8051
911.458,-11.9197,66.6755
916.884,-26.5984,33.3129
922.309,-29.3794,15.1221
927.734,-10.6712,-3.8234
933.16,-7.40614,-12.3721
938.585,-39.8909,49.3042
944.01,-21.6018,18.6008
949.436,22.9702,-140.392
954.861,23.8752,-158.948
960.286,16.2862,-60.6616
965.712,14.0523,-39.8004
971.137,5.2837,-37.8787
976.562,-7.35895,-1.90654
981.988,5.33214,28.1791
987.413,30.3177,9.08881
992.838,2.81003,-33.4745
998.264,-26.1965,-17.9097
1003.69,-28.5942,11.2559
1009.11,-50.6334,-23.8957
1014.54,-43.133,-16.0125
1019.97,-15.8462,42.371
1025.39,-45.6442,46.4982
1030.82,-43.6243,36.2867
1036.24,20.3394,7.84837
1041.67,24.1754,-26.5604
1047.09,135.188,338.402
1052.52,265.044,655.527
1057.94,114.55,279.572
1063.37,-33.4828,10.5616
1068.79,-7.02559,59.3521
1074.22,25.1873,45.9488
1079.64,-0.919216,23.6566
1085.07,-32.9386,2.77608
1090.49,-46.388,13.4911
1095.92,-42.7965,37.5287
1101.35,-3.01946,41.8486
1106.77,16.7535,-1.92644
1112.2,2.14975,-43.563
1117.62,-11.511,-15.8439
1123.05,9.81704,1.18638
1128.47,69.3012,-37.8168
1133.9,103.585,-68.6011
1139.32,78.0067,-44.2106
1144.75,19.841,-19.7957
1150.17,-18.3609,-47.2683
1155.6,-16.4755,-73.626
1161.02,-6.33602,-50.6546
1166.45,10.7755,30.599
1171.87,28.993,45.1137
1177.3,20.2189,-20.3484
1182.73,-9.28967,-9.02932
1188.15,-35.8334,39.2398
1193.58,-25.9363,43.7941
1199,0.0062472,47.7647
1204.43,2.06196,72.4187
1209.85,-23.8149,49.4127
1215.28,-37.0258,2.79544
1220.7,-16.9075,5.97733
1226.13,18.8167,6.88636
1231.55,41.3252,-12.8259
1236.98,21.3333,-17.7321
1242.4,-17.8683,8.98135
1247.83,-145.397,104.094
1253.26,-217.118,142.987
1258.68,-79.1691,56.7005
1264.11,11.3882,22.2464
1269.53,-9.67167,34.9452
1274.96,-15.3924,21.5127
1280.38,8.59083,9.67122
1285.81,13.19,-0.863272
1291.23,4.59966,-16.3931
1296.66,2.25421,-50.2255
1302.08,-19.5681,-41.9362
1307.51,-39.0109,1.83494
1312.93,2.48895,0.514508
1318.36,40.3639,12.2089
1323.78,-15.3903,19.3556
1329.21,-60.2105,-11.0961
1334.64,-63.4795,-7.00498
1340.06,-80.3729,8.14831
1345.49,-21.0806,-54.9048
1350.91,137.664,-135.977
1356.34,128.203,-93.196
1361.76,6.34555,-34.2296
1367.19,4.07322,-41.7092
1372.61,4.09558,-17.4623
1378.04,-16.8432,18.7919
1383.46,-4.33021,27.3049
1388.89,12.97,18.6443
1394.31,25.6093,0.63683
1399.74,23.4211,-12.6889
1405.16,-6.63318,3.59264
1410.59,-18.4432,6.08811
1416.02,25.8386,-25.5701
1421.44,31.3003,-4.91644
1426.87,19.8582,53.6416
1432.29,29.5548,67.26
1437.72,-36.1411,6.87769
1443.14,-62.2836,-45.8563
1448.57,31.4965,-17.8786
1453.99,94.1308,48.5814
1459.42,67.87,80.763
1464.84,59.0488,71.0218
1470.27,70.9674,63.1004
1475.69,49.0602,56.0408
1481.12,33.3788,44.8984
1486.55,23.0564,19.4878
1491.97,-1.52033,-20.1037
1497.4,-43.9478,-48.6187
1502.82,-50.4892,-63.4966
1508.25,-20.6646,-47.9829
1513.67,-11.6835,-4.0024
1519.1,5.13802,14.6446
1524.52,25.9724,-29.1421
1529.95,41.602,-81.465
1535.37,7.76126,-48.7333
1540.8,-35.6716,-30.7899
1546.22,15.7213,-27.8695
1551.65,66.1605,73.7547
1557.07,56.634,74.3033
1562.5,2.10231,-14.1058
1567.93,-68.4107,1.17752
1573.35,-32.1798,31.0719
1578.78,70.1524,4.42718
1584.2,81.9725,-44.7005
1589.63,40.6969,-60.2435
1595.05,38.1324,-38.0406
1600.48,39.5587,-2.14381
1605.9,11.0563,17.6558
1611.33,-26.1247,4.20914
1616.75,-28.4729,-1.59461
1622.18,-2.60835,21.5141
1627.6,1.42363,65.7095
1633.03,14.7231,54.8785
1638.45,1.94762,42.4847
1643.88,-40.6658,78.4328
1649.31,-6.77285,66.657
1654.73,32.3406,82.3938
1660.16,16.8807,130.253
1665.58,-10.7102,83.6066
1671.01,-48.4162,16.6008
1676.43,-12.1105,-29.0722
1681.86,34.1352,-32.0575
1687.28,6.41199,8.84086
1692.71,-34.5279,-45.0233
1698.13,-67.0361,-71.4674
1703.56,-2.11997,11.3547
1708.98,33.9576,37.661
1714.41,-65.5124,40.5122
1719.83,-94.8913,77.1334
1725.26,-50.6732,37.6796
1730.69,-14.3714,-81.9768
1736.11,51.1532,-110.267
1741.54,53.8766,-39.8165
1746.96,-64.5079,96.7608
1752.39,-130.975,315.959
1757.81,-10.1565,231.162
1763.24,89.6469,-65.2303
1768.66,-3.42784,-105.991
1774.09,-109.184,-27.3793
1779.51,-74.5769,5.97032
1784.94,-27.8072,-68.4628
1790.36,-21.275,-119.96
1795.79,43.9445,14.914
1801.22,67.37,67.1971
1806.64,16.7955,-66.137
1812.07,-11.9998,-111.819
1817.49,-21.0715,-37.4392
1822.92,20.1226,12.7938
1828.34,47.1474,2.1745
1833.77,-66.6583,-12.4173
1839.19,-109.843,20.7003
1844.62,-58.8602,40.9591
1850.04,-104.497,-54.0606
1855.47,-91.2169,-110.657
1860.89,58.447,-75.3654
1866.32,29.0625,-102.442
1871.74,-161.587,-22.2141
1877.17,-205.649,20.2291
1882.6,-121.919,-15.5132
1888.02,-77.0946,75.6574
1893.45,-191.786,96.6055
1898.87,-284.69,18.8435
1904.3,-89.316,-38.5174
1909.72,186.712,-65.778
1915.15,96.6173,-111.623
1920.57,-207.518,-156.774
1926,-201.65,-127.325
1931.42,-9.04177,162.618
1936.85,81.7998,306.772
1942.27,43.9931,105.815
1947.7,54.606,-699.793
1953.12,192.158,-1750.67
1958.55,128.878,-1048.37
1963.98,-59.877,103.144
1969.4,-178.574,-47.5968
1974.83,-168.516,-316.133
1980.25,-5.82602,-257.218
1985.68,-139.202,-160.451
1991.1,-125.989,-262.941
1996.53,-144.454,-297.885
2001.95,874.581,-208.956
2007.38,13845.4,-591.609
2012.8,22662.4,-549.857
2018.23,9359.03,338.023
2023.65,-416.616,720.291
2029.08,157.779,492.633
2034.51,251.624,243.114
2039.93,273.975,8.84419
2045.36,52.5526,-84.3777
2050.78,-566.822,276.673
2056.21,-691.633,600.398
2061.63,-136.691,473.078
2067.06,-161.846,293.607
2072.48,-251.283,252.4
2077.91,-161.263,268.496
2083.33,-20.2943,24.5613
2088.76,-10.5113,-109.218
2094.18,-194.605,110.341
2099.61,-100.735,227.955
2105.03,150.336,168.714
2110.46,184.645,-37.3747
2115.89,82.5501,-76.4625
2121.31,48.4014,143.97
2126.74,30.8245,122.979
2132.16,-59.6741,-93.2935
2137.59,-32.545,-142.917
2143.01,104.227,-198.277
2148.44,219.448,-147.05
2153.86,307.465,106.082
2159.29,232.128,78.5965
2164.71,48.4174,-79.5818
2170.14,3.83991,-63.9644
2175.56,42.3643,15.4009
2180.99,0.698451,97.224
2186.41,-16.0882,81.2206
2191.84,63.919,21.4877
2197.27,96.5109,-8.8735
2202.69,36.5637,47.9108
2208.12,-70.1763,105.481
2213.54,-82.1063,23.3623
2218.97,-19.3118,-38.1503
2224.39,-15.6882,-58.2111
2229.82,-67.15,-84.1417
2235.24,-161.378,-110.754
2240.67,-142.96,-116.023
2246.09,1.95799,-65.0027
2251.52,165.899,-43.4699
2256.94,183.02,-45.8573
2262.37,35.1842,-36.913
2267.79,-32.5508,-0.0955944
2273.22,-80.501,52.7239
2278.65,-79.4401,67.0578
2284.07,22.7027,73.35
2289.5,38.1881,20.3768
2294.92,-3.55567,-39.2264
2300.35,-63.8832,-26.5777
2305.77,-67.3043,-19.9764
2311.2,20.9623,-20.0456
2316.62,43.6106,-51.1422
2322.05,59.5915,-67.5853
2327.47,65.0915,-5.90769
2332.9,9.91571,10.689
2338.32,-15.1988,-29.4096
2343.75,5.19165,-21.7899
2349.18,-66.5908,16.3792
2354.6,-177.08,23.5344
2360.03,-100.467,-39.244
2365.45,27.1732,-75.0344
2370.88,56.3732,-31.4212
2376.3,32.1528,-32.0957
2381.73,16.7336,-45.7688
2387.15,78.2808,-22.2994
2392.58,83.3447,-16.9757
2398,-31.266,-25.0524
2403.43,-69.7239,-29.7809
2408.85,-43.1911,-18.216
2414.28,-15.8534,-35.4173
2419.7,45.9111,-93.102
2425.13,73.6098,-95.0039
2430.56,32.3606,-40.047
2435.98,-33.8263,12.3797
2441.41,-48.6371,-1.31208
2446.83,25.5474,-9.76407
2452.26,165.769,55.1223
2457.68,150.763,37.9679
2463.11,1.23241,1.143
2468.53,17.6121,19.8248
2473.96,67.5357,31.0833
2479.38,43.625,53.5427
2484.81,28.6093,54.2458
2490.23,36.0333,28.3245
2495.66,43.0338,-23.5117
2501.08,-34.614,-40.9682
2506.51,-106.713,5.41421
2511.94,-56.9955,31.1602
2517.36,12.1846,43.8204
2522.79,26.5622,44.4054
2528.21,34.3773,-6.54411
2533.64,26.0364,-39.611
2539.06,22.1861,-42.03
2544.49,37.0936,-66.8635
2549.91,29.6322,-33.503
2555.34,44.4639,70.6762
2560.76,57.933,90.5415
2566.19,18.5554,10.2084
2571.61,3.53913,-22.2382
2577.04,19.2265,24.9341
2582.47,-1.52072,57.2387
2587.89,-36.1309,15.4126
2593.32,-46.4988,-23.1687
2598.74,-28.5928,-42.4549
2604.17,21.8957,-66.7416
2609.59,59.0144,-40.846
2615.02,30.1002,-16.0379
2620.44,12.262,-41.3496
2625.87,51.9609,-45.9289
2631.29,60.0112,-18.6964
2636.72,26.166,-16.224
2642.14,8.43121,-27.3392
2647.57,12.8375,60.8163
2652.99,33.7442,299.843
2658.42,46.3164,296.881
2663.85,60.2644,50.8545
2669.27,63.4433,0.399756
2674.7,3.45225,28.8674
2680.12,-37.203,14.8967
2685.55,-6.60747,11.5477
2690.97,14.7826,-4.24955
2696.4,18.3451,-15.7169
2701.82,34.9444,-53.9883
2707.25,24.1127,-70.5542
2712.67,-16.9906,-26.8235
2718.1,-46.9192,-2.38872
2723.52,-33.4742,16.7427
2728.95,12.9726,14.9539
2734.37,47.0519,-6.33221
2739.8,37.2455,-2.90005
2745.23,-7.07178,-10.6652
2750.65,-56.9449,-77.1852
2756.08,-82.316,-124.782
2761.5,-52.3095,-51.2417
2766.93,-11.2315,27.2911
2772.35,2.651,38.0292
2777.78,-5.31975,23.3936
2783.2,-21.8605,12.9331
2788.63,-42.0547,35.6341
2794.05,-33.3323,57.5115
2799.48,-14.6294,46.5756
2804.9,-56.4267,3.44165
2810.33,-53.9118,-31.0604
2815.75,21.834,-14.7191
2821.18,36.7159,-25.9211
2826.61,1.29502,-62.7495
2832.03,-5.86759,-32.4036
2837.46,-17.3629,16.6139
2842.88,-25.0432,44.3063
2848.31,-7.80667,32.5364
2853.73,-21.5919,-22.4822
2859.16,-24.1279,-29.711
2864.58,-12.3829,4.56766
2870.01,-11.556,-3.20338
2875.43,7.43352,-14.5688
2880.86,20.0312,20.815
2886.28,19.1453,35.6352
2891.71,3.13489,1.30052
2897.14,0.962141,-19.706
2902.56,31.5549,-9.67816
2907.99,21.5399,11.7224
2913.41,-4.39016,37.7418
2918.84,15.6267,32.2999
2924.26,35.8112,1.32404
2929.69,16.0683,-17.0017
2935.11,5.91306,-27.3749
2940.54,42.4455,-21.52
2945.96,55.6044,-23.7174
2951.39,68.2466,-5.27901
2956.81,93.707,40.9752
2962.24,62.7992,29.1122
2967.66,6.56873,-5.48044
2973.09,-24.0973,-8.94585
2978.52,-13.611,18.348
2983.94,12.0989,38.5823
2989.37,48.8046,11.8739
2994.79,48.9669,7.32381
3000.22,9.50265,32.213
3005.64,5.13246,10.1563
3011.07,-7.12839,-36.1446
3016.49,-16.232,-42.5453
3021.92,-8.10171,-16.6608
3027.34,-10.5575,8.40189
3032.77,0.578269,32.9243
3038.19,15.0295,37.0676
3043.62,27.882,20.7633
3049.04,34.6158,20.8408
3054.47,22.3728,18.8095
3059.9,0.598478,-23.4957
3065.32,-1.90735,-41.6476
3070.75,24.3683,-11.9665
3076.17,27.937,-12.623
3081.6,-0.171325,-26.9381
3087.02,-19.1016,-33.7895
3092.45,-25.7725,-30.7175
3097.87,-30.273,-22.4104
3103.3,-13.6517,-18.8623
3108.72,8.91563,4.18314
3114.15,12.2974,19.5207
3119.57,7.34048,14.9496
3125,-0.594272,15.8653
3130.43,2.70545,19.1234
3135.85,15.673,-6.51615
3141.28,23.1803,-38.8653
3146.7,27.8359,-27.7172
3152.13,18.6233,-38.1469
3157.55,2.38261,-63.6945
3162.98,21.9372,-30.4782
3168.4,45.7458,12.1037
3173.83,25.5669,41.4043
3179.25,7.45978,41.0551
3184.68,20.0594,2.99576
3190.1,17.6702,-29.0939
3195.53,-5.5934,-36.0156
3200.95,-19.4326,-12.3987
3206.38,-27.8697,2.71964
3211.81,-20.003,-4.73695
3217.23,-5.87554,-5.23348
3222.66,-7.21279,6.3724
3228.08,-6.43079,26.44
3233.51,-10.7962,40.3374
3238.93,-23.3407,39.5944
3244.36,-30.3474,6.26895
3249.78,-29.046,-32.0751
3255.21,-3.77557,-15.8772
3260.63,40.1615,11.2594
3266.06,42.1397,-6.39898
3271.48,26.2067,-23.5472
3276.91,32.1237,-14.0472
3282.33,16.4403,-2.10858
3287.76,-3.22903,0.676947
3293.19,5.84525,-0.492097
3298.61,22.6342,-3.93333
3304.04,4.91872,-24.5469
3309.46,-20.0426,-27.7239
3314.89,-5.45067,-14.077
3320.31,10.7519,-5.34412
3325.74,10.9331,4.91822
3331.16,25.8481,-1.56534
3336.59,31.6902,-1.14898
3342.01,6.4493,1.96118
3347.44,-26.8402,1.75593
3352.86,-77.92,39.2396
3358.29,-85.4727,70.0227
3363.71,-34.9284,55.5979
3369.14,-6.10613,12.4303
3374.57,2.06296,-27.2947
3379.99,6.13472,-13.2402
3385.42,29.6173,4.64313
3390.84,32.3341,-15.8495
3396.27,-8.1241,-12.658
3401.69,-9.56535,7.05707
3407.12,18.1967,3.73787
3412.54,16.5287,12.8382
3417.97,9.43901,7.56207
3423.39,16.1033,-7.52811
3428.82,19.6617,17.6584
3434.24,16.2231,24.2689
3439.67,4.45775,-0.602153
3445.1,3.7468,2.03915
3450.52,12.8396,14.4877
3455.95,3.7685,-9.72155
3461.37,-9.06618,-18.8662
3466.8,-8.22867,-5.08125
3472.22,-3.964,-14.4134
3477.65,-16.6656,-14.4675
3483.07,-45.1184,3.88299
3488.5,-38.4177,-3.24442
3493.92,-6.24723,-22.7654
3499.35,1.47215,-22.1597
3504.77,-8.61789,-26.5759
3510.2,-32.5899,-42.8029
3515.62,-47.2064,-50.4716
3521.05,-32.7796,-39.7395
3526.48,-8.25336,-19.7053
3531.9,-6.58972,-3.12088
3537.33,-27.1795,0.681564
3542.75,-13.2552,0.336879
3548.18,8.57374,6.16629
3553.6,2.83413,-16.9344
3559.03,-8.42536,-29.0847
3564.45,-13.9924,0.847283
3569.88,-6.54239,-4.46962
3575.3,-0.202425,-22.5065
3580.73,-3.41624,-11.0153
3586.15,-16.1541,-16.5542
3591.58,-22.0819,-28.2431
3597,0.122687,-16.6166
3602.43,14.4408,-3.18781
3607.86,-23.9748,5.10546
3613.28,-41.8623,1.79437
3618.71,-14.6399,-2.95874
3624.13,2.60408,3.07285
3629.56,10.6447,-6.24843
3634.98,-1.61068,-15.8487
3640.41,-5.14969,-3.46785
3645.83,7.03052,6.47402
3651.26,-3.91432,15.7519
3656.68,-10.4437,24.8134
3662.11,-1.04449,13.8022
3667.53,7.946,-4.69925
3672.96,16.9992,-8.3786
3678.39,11.7614,-2.18173
3683.81,-2.24579,-2.10926
3689.24,-11.3386,-8.29428
3694.66,-13.1076,-10.1039
3700.09,-8.72085,1.56761
3705.51,-13.019,-6.78765
3710.94,-10.191,-16.7877
3716.36,3.5645,-5.69525
3721.79,11.1883,-28.4322
3727.21,17.1352,-45.9131
3732.64,23.6971,2.2194
3738.06,17.9591,38.4709
3743.49,-0.562581,25.4382
3748.91,-20.385,6.87185
3754.34,-30.1884,-8.64916
3759.77,-19.0272,-22.3565
3765.19,-25.8594,-33.1039
3770.62,-38.8065,-18.4135
3776.04,-20.7922,3.53758
3781.47,2.92688,13.5598
3786.89,13.576,28.0992
3792.32,11.623,43.6827
3797.74,2.99256,40.3766
3803.17,-16.8893,12.6156
3808.59,-17.5555,-19.385
3814.02,9.83502,-40.0269
3819.44,7.52442,-35.9715
3824.87,-10.2681,-20.2499
3830.29,10.0036,0.0531467
3835.72,36.9185,10.3831
3841.15,32.7287,5.24098
3846.57,25.8386,0.166992
3852,30.9222,-13.3286
3857.42,28.3417,-20.401
3862.85,29.1575,-3.00843
3868.27,37.6735,26.5636
3873.7,29.0104,44.3815
3879.12,0.647335,43.3118
3884.55,-1.08985,27.8427
3889.97,22.7646,6.91639
3895.4,11.8403,11.2247
3900.82,-25.7428,26.0714
3906.25,-23.2601,13.9759
3911.68,15.1809,-0.842398
3917.1,7.66277,-4.911
3922.53,-26.7384,-3.29012
3927.95,-17.3558,-11.6971
3933.38,9.11344,-23.9349
3938.8,-1.03204,-2.53503
3944.23,-23.5314,8.40737
3949.65,-20.1896,3.75428
3955.08,1.16503,22.3982
3960.5,12.2204,28.3275
3965.93,-3.33669,19.3677
3971.35,-17.0418,26.9431
3976.78,4.29562,31.1638
3982.2,36.0766,9.84798
3987.63,43.8787,-8.99342
3993.06,23.3921,-10.3627
3998.48,-16.4142,-12.3726
4003.91,-21.0696,-13.1387
4009.33,-0.42194,1.84743
4014.76,7.93189,17.904
4020.18,32.6263,4.25223
4025.61,44.7034,-9.63734
4031.03,17.5781,2.74191
4036.46,10.7184,-4.67355
4041.88,13.4663,-43.9078
4047.31,0.492713,-63.1796
4052.73,-9.87381,-34.6665
4058.16,-23.2424,-12.4529
4063.58,-15.4102,-25.7179
4069.01,9.54184,-38.7647
4074.44,16.1228,-28.0363
4079.86,4.02961,-11.4066
4085.29,3.87485,1.61689
4090.71,18.2619,37.0679
4096.14,25.6498,35.5995
4101.56,4.06874,-4.64021
4106.99,-24.8974,-0.953968
4112.41,-12.1872,16.0777
4117.84,1.98744,15.3234
4123.26,-22.3978,17.8456
4128.69,-24.4194,21.1578
4134.11,11.8429,7.11413
4139.54,12.4034,-14.1223
4144.96,-12.9403,-22.5744
4150.39,-4.79723,-28.2052
4155.82,12.463,-21.7785
4161.24,2.44604,13.6999
4166.67,-6.69199,26.8138
4172.09,12.8439,0.538848
4177.52,27.6887,0.609685
4182.94,-9.64735,13.0865
4188.37,-49.7753,-14.9504
4193.79,-46.7928,-41.8186
4199.22,-40.0509,-22.5883
4204.64,-13.7145,16.8644
4210.07,19.467,45.3605
4215.49,6.02186,34.6938
4220.92,-14.5734,-3.07291
4226.35,-13.3349,-2.29328
4231.77,-13.4409,17.9428
4237.2,-10.8806,6.10324
4242.62,9.04238,0.592184
4248.05,25.812,20.2304
4253.47,29.1364,15.7513
4258.9,17.0706,-14.7813
4264.32,1.62076,-15.2956
4269.75,14.7582,13.8657
4275.17,13.7377,17.9392
4280.6,-24.2746,-6.15612
4286.02,-37.2327,-5.76706
4291.45,-16.2579,4.1103
4296.87,-1.00128,-22.4609
4302.3,8.47712,-29.6479
4307.73,3.22316,-7.82315
4313.15,-24.4388,-6.82764
4318.58,-36.7784,11.1792
4324,-32.0359,25.2621
4329.43,-29.6024,0.0579071
4334.85,-24.4051,-5.79926
4340.28,-13.3129,26.6576
4345.7,0.129996,45.7489
4351.13,-3.15706,19.9609
4356.55,-21.0308,-4.67141
4361.98,-11.8449,1.85314
4367.4,2.88011,9.14898
4372.83,-11.3804,6.57639
4378.25,-12.2471,0.474277
4383.68,-23.8235,-14.6935
4389.11,-43.9316,-23.162
4394.53,-12.4148,-10.1695
4399.96,10.7499,7.94957
4405.38,-6.18096,12.7382
4410.81,-25.8473,16.412
4416.23,-37.6757,7.08542
4421.66,-27.3452,-14.2968
4427.08,-14.751,-13.9599
4432.51,-2.88611,-13.0699
4437.93,15.045,-18.6959
4443.36,16.0264,-23.5582
4448.78,11.7373,-35.8202
4454.21,1.71662,-25.009
4459.63,-9.59458,5.84712
4465.06,1.82737,3.78963
4470.49,9.19248,-15.4194
4475.91,11.0416,-21.8918
4481.34,8.93393,-9.98238
4486.76,-5.13631,7.80753
4492.19,-6.48437,-8.31492
4497.61,-12.6363,-40.0681
4503.04,-5.0806,-40.7367
4508.46,16.1957,-11.0619
4513.89,4.64255,8.93201
4519.31,-9.13562,8.0097
4524.74,12.7862,13.1209
4530.16,33.9889,28.4725
4535.59,23.4548,28.2126
4541.02,14.1922,1.38809
4546.44,28.7308,-22.1911
4551.87,36.7954,-15.1305
4557.29,25.3129,5.84782
4562.72,17.5752,8.16294
4568.14,5.41449,1.48602
4573.57,-33.0579,-1.08984
4578.99,-45.5641,-9.15294
4584.42,1.37511,-10.907
4589.84,32.8944,1.96402
4595.27,11.2511,0.712814
4600.69,-8.74822,-14.8277
4606.12,-6.09659,-0.854506
4611.54,-15.7443,10.2349
4616.97,-5.01052,-4.4135
4622.4,25.8234,2.4152
4627.82,18.2841,12.4375
4633.25,10.8796,-3.21
4638.67,28.1655,-34.9298
4644.1,29.1073,-56.0448
4649.52,12.4086,-29.9224
4654.95,19.4319,-0.194348
4660.37,28.588,2.24063
4665.8,3.0243,6.76681
4671.22,-11.8808,-9.29032
4676.65,0.0791365,-18.7874
4682.07,-18.1752,-7.58667
4687.5,-38.187,-21.3945
4692.92,9.19605,-35.5218
4698.35,39.2327,-34.4027
4703.78,14.6502,-29.1236
4709.2,-18.8032,-20.4156
4714.63,-28.6633,-4.46065
4720.05,-2.63396,19.4351
4725.48,13.1392,18.1514
4730.9,14.7035,-14.2932
4736.33,-14.9962,-43.3607
4741.75,-54.4545,-38.9334
4747.18,-21.9325,3.20061
4752.6,35.2591,22.5427
4758.03,34.6013,-0.183409
4763.45,18.7971,-16.6569
4768.88,23.4665,-2.50613
4774.31,8.67262,15.8558
4779.73,-12.127,4.50069
4785.16,0.442487,-6.17267
4790.58,5.27868,4.28668
4796.01,-3.8371,9.48204
4801.43,8.14568,7.70544
4806.86,3.9105,8.28436
4812.28,-24.5676,-18.216
4817.71,-28.5463,-42.6079
4823.13,-4.8001,-21.3798
4828.56,15.3877,8.88855
4833.98,12.9726,22.6436
4839.41,-2.11602,17.115
4844.83,-0.721941,3.37135
4850.26,4.19092,8.55982
4855.69,5.88803,33.7536
4861.11,18.0811,36.3627
4866.54,28.4243,17.0456
4871.96,40.67,3.1868
4877.39,37.6461,-13.0645
4882.81,0.78145,-27.2125
4888.24,-37.7608,-10.3087
4893.66,-39.4448,19.4833
4899.09,-14.2437,19.3731
4904.51,-1.05013,5.6862
4909.94,-11.7385,-13.1727
4915.36,-40.9398,-30.4439
4920.79,-36.3987,-30.7284
4926.21,8.17294,-5.44565
4931.64,27.6823,16.9542
4937.07,21.0346,17.6617
4942.49,8.07713,13.7554
4947.92,1.73638,-10.9876
4953.34,14.7042,-25.3284
4958.77,20.2244,-10.0185
4964.19,27.7667,-15.9466
4969.62,44.953,-47.1186
4975.04,39.55,-44.2541
4980.47,26.9451,-10.5236
4985.89,17.2172,15.3956
4991.32,5.02524,15.8136
4996.74,4.33551,-9.65734
5002.17,-6.97015,-7.07102
5007.6,-15.7051,10.9734
5013.02,7.25948,23.2291
5018.45,8.11155,39.6145
5023.87,-1.07454,36.7635
5029.3,4.13648,24.8952
5034.72,-3.90891,4.05972
5040.15,-12.5276,-11.7962
5045.57,-14.8117,-9.00449
5051,-11.9968,-8.00656
5056.42,2.41152,10.7618
5061.85,3.11291,39.0566
5067.27,-15.0074,34.7527
5072.7,-40.5684,10.022
5078.12,-53.0428,-11.8482
5083.55,-31.4511,-22.9061
5088.98,-11.8228,-17.1933
5094.4,28.6464,-23.8272
5099.83,51.3008,-35.4056
5105.25,7.57204,-38.0107
5110.68,-26.2612,-47.9072
5116.1,-40.7846,-38.5275
5121.53,-31.5837,-20.1853
5126.95,4.61903,-7.79461
5132.38,11.1643,-5.17563
5137.8,-2.52266,-26.4307
5143.23,-7.62583,-39.0878
5148.65,-18.5058,-25.1618
5154.08,-11.3835,-5.80894
5159.5,14.5933,5.16645
5164.93,33.0643,-0.282939
5170.36,40.3461,-5.67344
5175.78,36.9498,-1.60886
5181.21,40.5717,5.12925
5186.63,30.0305,17.9453
5192.06,4.00486,4.32356
5197.48,0.782727,-24.9638
5202.91,1.64155,-28.6814
5208.33,-10.7091,-22.2715
5213.76,-20.3288,-21.9452
5219.18,-22.3274,-11.7932
5224.61,-19.5089,14.0097
5230.03,-16.8722,20.3999
5235.46,-2.58183,18.45
5240.88,7.30833,16.8281
5246.31,-8.42093,0.064113
5251.74,-5.45446,4.09826
5257.16,5.26201,15.8814
5262.59,-21.2257,5.43251
5268.01,-47.8743,-8.29583
5273.44,-26.6356,7.25049
5278.86,15.7745,51.929
5284.29,23.0597,75.6988
5289.71,-4.06476,67.3095
5295.14,-29.0238,44.2308
5300.56,-32.5137,8.58095
5305.99,-23.4211,-7.48133
5311.41,-17.2494,-14.0029
5316.84,-7.79772,-19.8389
5322.27,0.366931,-12.0971
5327.69,-2.62559,-4.81605
5333.12,12.4375,22.459
5338.54,35.1415,49.1299
5343.97,34.7089,46.8606
5349.39,25.3418,38.904
5354.82,3.46361,32.0226
5360.24,-13.7215,14.6482
5365.67,-16.557,-10.9208
5371.09,-17.0139,-32.5657
5376.52,7.79362,-26.6516
5381.94,33.2467,12.1
5387.37,14.0982,30.4406
5392.79,-19.7111,12.2981
5398.22,-20.8531,-2.16312
5403.65,-11.5473,-14.2836
5409.07,-9.98817,-14.1516
5414.5,-11.4951,1.84899
5419.92,-11.3749,10.652
5425.35,7.50733,15.6749
5430.77,17.638,31.4622
5436.2,9.48778,48.5804
5441.62,17.6305,29.2615
5447.05,28.8344,-1.03951
5452.47,11.2368,-1.38552
5457.9,-16.0972,3.15757
5463.32,-10.8901,0.550706
5468.75,23.174,6.13435
5474.17,29.626,5.39241
5479.6,3.52281,6.50003
5485.03,-14.2057,13.4377
5490.45,-31.6033,4.01422
5495.88,-47.86,4.25724
5501.3,-27.0234,13.6045
5506.73,12.8661,0.847186
5512.15,22.0182,-12.1538
5517.58,14.8435,-10.402
5523,10.6113,-7.28022
5528.43,0.778414,15.0507
5533.85,8.94957,39.0429
5539.28,23.2815,22.9739
5544.7,7.5417,-8.96886
5550.13,-2.17579,-42.2085
