291.454468 0.000000
289.393324 0.000000
287.332180 0.000000
285.271036 0.000000
283.209892 0.000000
281.148748 0.000000
279.087604 0.000000
277.026460 0.000000
274.965316 0.000000
272.904172 0.000000
270.843029 0.000000
268.781885 0.000000
266.720741 0.000000
264.659597 0.000000
262.598453 0.000000
260.537309 0.000000
258.476165 0.000000
256.415021 0.000000
254.353877 0.000000
252.292733 0.000000
250.231589 0.000000
248.170445 0.000000
246.109301 0.000000
244.048157 0.000000
241.987013 0.000000
239.925869 0.000000
237.864725 0.000000
235.803581 0.000000
233.742437 0.000000
231.681293 0.000000
229.620149 0.000000
227.559006 0.000000
225.497862 0.000000
223.436718 0.000000
221.375574 0.000000
219.314430 0.000000
217.253286 0.000000
215.192142 0.000000
213.130998 0.000000
211.069854 0.000000
209.008710 0.000000
206.947566 0.000000
204.886422 0.000000
202.825278 0.000000
200.764134 0.000000
198.702990 0.000000
196.641846 0.000000
194.580702 0.000000
192.519558 0.000000
190.458414 0.000000
188.397270 0.000000
186.336127 0.000000
184.274983 0.000000
182.213839 0.000000
180.152695 0.000000
178.091551 0.000000
176.030407 0.000000
173.969263 0.000000
171.908119 0.000000
169.846975 0.000000
167.785831 0.000000
165.724687 0.000000
163.663543 0.000000
161.602399 0.000000
159.541255 0.000000
157.480111 0.000000
155.418967 0.000000
153.357823 0.000000
151.296679 0.000000
149.235535 0.000000
147.174391 0.000000
145.113248 0.000000
143.052104 0.000000
140.990960 0.000000
138.929816 0.000000
136.868672 0.000000
134.807528 0.000000
132.746384 0.000000
130.685240 0.000000
128.624096 0.000000
126.562952 0.000000
124.501808 0.000000
122.440664 0.000000
120.379520 0.000001
118.318376 0.000003
116.257232 0.000008
114.196088 0.000023
112.134944 0.000064
110.073800 0.000169
108.012656 0.000434
105.951512 0.001074
103.890369 0.002563
101.829225 0.005903
99.768081 0.013114
97.706937 0.028101
95.645793 0.058083
93.584649 0.115806
91.523505 0.222719
89.462361 0.413173
87.401217 0.739354
85.340073 1.276205
83.278929 2.124893
81.217785 3.412741
79.156641 5.287142
77.095497 7.901194
75.034353 11.389984
72.973209 15.838686
70.912065 21.246727
68.850921 27.495383
66.789777 34.328219
64.728633 41.353600
62.667489 48.075298
60.606346 53.951222
58.545202 58.472843
56.484058 61.251008
54.422914 62.090126
52.361770 61.033439
50.300626 58.367798
48.239482 54.585279
46.178338 50.308698
44.117194 46.195755
42.056050 42.840170
39.994906 40.687278
37.933762 39.977019
35.872618 40.720878
33.811474 42.712948
31.750330 45.570225
29.689186 48.794037
27.628042 51.843249
25.566898 54.211251
23.505754 55.504976
21.444610 55.537229
19.383467 54.453100
17.322323 52.874258
15.261179 51.910941
13.200035 52.745128
11.138891 55.663011
9.077747 59.123402
7.016603 60.034575
4.955459 55.672935
2.894315 45.833783
0.833171 33.126360
-1.227973 21.105572
-3.289117 12.096545
-5.350261 6.482434
-7.411405 3.424936
-9.472549 1.874552
-11.533693 1.094267
-13.594837 0.700693
-15.655981 0.529153
-17.717125 0.518846
-19.778269 0.656241
-21.839412 0.953604
-23.900556 1.440037
-25.961700 2.154483
-28.022844 3.137200
-30.083988 4.419024
-32.145132 6.009172
-34.206276 7.883423
-36.267420 9.975391
-38.328564 12.173838
-40.389708 14.328368
-42.450852 16.264244
-44.511996 17.804824
-46.573140 18.797832
-48.634284 19.140090
-50.695428 18.795168
-52.756572 17.799775
-54.817716 16.257316
-56.878860 14.320205
-58.940004 12.165098
-61.001148 9.966624
-63.062291 7.874928
-65.123435 6.000827
-67.184579 4.410031
-69.245723 3.125635
-71.306867 2.136490
-73.368011 1.408411
-75.429155 0.895415
-77.490299 0.549016
-79.551443 0.324647
-81.612587 0.185142
-83.673731 0.101827
-85.734875 0.054012
-87.796019 0.027630
-89.857163 0.013631
-91.918307 0.006486
-93.979451 0.002976
-96.040595 0.001317
-98.101739 0.000562
-100.162883 0.000231
-102.224027 0.000092
-104.285171 0.000035
-106.346314 0.000013
-108.407458 0.000005
-110.468602 0.000002
-112.529746 0.000001
-114.590890 0.000000
-116.652034 0.000000
-118.713178 0.000000
-120.774322 0.000000
-122.835466 0.000000
-124.896610 0.000000
-126.957754 0.000000
-129.018898 0.000000
-131.080042 0.000000
-133.141186 0.000000
-135.202330 0.000000
-137.263474 0.000000
-139.324618 0.000000
-141.385762 0.000000
-143.446906 0.000000
-145.508050 0.000000
-147.569193 0.000000
-149.630337 0.000000
-151.691481 0.000000
-153.752625 0.000000
-155.813769 0.000000
-157.874913 0.000000
-159.936057 0.000000
-161.997201 0.000000
-164.058345 0.000000
-166.119489 0.000000
-168.180633 0.000000
-170.241777 0.000000
-172.302921 0.000000
-174.364065 0.000000
-176.425209 0.000000
-178.486353 0.000000
-180.547497 0.000000
-182.608641 0.000000
-184.669785 0.000000
-186.730929 0.000000
-188.792072 0.000000
-190.853216 0.000000
-192.914360 0.000000
-194.975504 0.000000
-197.036648 0.000000
-199.097792 0.000000
-201.158936 0.000000
-203.220080 0.000000
-205.281224 0.000000
-207.342368 0.000000
-209.403512 0.000000
-211.464656 0.000000
-213.525800 0.000000
-215.586944 0.000000
-217.648088 0.000000
-219.709232 0.000000
-221.770376 0.000000
-223.831520 0.000000
-225.892664 0.000000
-227.953808 0.000000
-230.014951 0.000000
-232.076095 0.000000
-234.137239 0.000000
