291.454468 -3.597064
289.393324 -5.139769
287.332180 -6.013032
285.271036 -5.878739
283.209892 -5.507013
281.148748 -5.253307
279.087604 -5.286051
277.026460 -5.447502
274.965316 -4.853289
272.904172 -2.784809
270.843029 -1.669206
268.781885 -3.408671
266.720741 -5.131960
264.659597 -5.506202
262.598453 -5.212920
260.537309 -4.958832
258.476165 -4.864452
256.415021 -4.743630
254.353877 -4.965020
252.292733 -5.376544
250.231589 -5.877255
248.170445 -6.090748
246.109301 -5.287300
244.048157 -3.244205
241.987013 -2.338340
239.925869 -3.138242
237.864725 -4.156465
235.803581 -5.406493
233.742437 -6.028084
231.681293 -5.677280
229.620149 -5.227735
227.559006 -5.960646
225.497862 -6.709612
223.436718 -7.146405
221.375574 -7.740625
219.314430 -7.381707
217.253286 -5.770752
215.192142 -4.849387
213.130998 -5.751225
211.069854 -6.917979
209.008710 -7.415953
206.947566 -7.209536
204.886422 -6.649628
202.825278 -6.416608
200.764134 -6.120079
198.702990 -6.243595
196.641846 -6.569949
194.580702 -6.893737
192.519558 -7.493700
190.458414 -7.736878
188.397270 -7.586543
186.336127 -7.364478
184.274983 -7.318616
182.213839 -7.358696
180.152695 -7.757249
178.091551 -8.227740
176.030407 -8.367737
173.969263 -8.527276
171.908119 -8.293679
169.846975 -7.873998
167.785831 -7.946842
165.724687 -7.863077
163.663543 -7.765079
161.602399 -8.148088
159.541255 -8.201326
157.480111 -7.509044
155.418967 -7.265760
153.357823 -8.086021
151.296679 -8.926188
149.235535 -8.612319
147.174391 -8.232804
145.113248 -8.900947
143.052104 -9.518642
140.990960 -9.536493
138.929816 -9.123749
136.868672 -8.449538
134.807528 -8.224292
132.746384 -8.672161
130.685240 -9.104845
128.624096 -8.964560
126.562952 -9.138200
124.501808 -9.492414
122.440664 -9.195000
120.379520 -8.599976
118.318376 -8.572917
116.257232 -9.557836
114.196088 -10.630347
112.134944 -10.979712
110.073800 -10.703271
108.012656 -10.138993
105.951512 -9.927326
103.890369 -9.865605
101.829225 -9.698344
99.768081 -9.494733
97.706937 -9.107765
95.645793 -9.012372
93.584649 -9.098124
91.523505 -9.418683
89.462361 -9.505162
87.401217 -8.070568
85.340073 -5.226622
83.278929 -2.981662
81.217785 -1.672464
79.156641 0.261867
77.095497 4.081552
75.034353 9.440694
72.973209 16.130478
70.912065 23.682910
68.850921 30.855262
66.789777 37.522023
64.728633 44.402756
62.667489 50.758908
60.606346 54.360180
58.545202 55.963461
56.484058 58.099708
54.422914 59.902637
52.361770 59.679478
50.300626 57.272852
48.239482 53.964251
46.178338 51.010870
44.117194 48.502399
42.056050 46.057483
39.994906 43.319387
37.933762 40.971675
35.872618 39.998735
33.811474 40.645867
31.750330 42.742965
29.689186 46.079312
27.628042 50.795798
25.566898 56.397400
23.505754 58.917696
21.444610 56.765168
19.383467 53.550097
17.322323 51.568455
15.261179 51.163062
13.200035 53.128101
11.138891 56.534154
9.077747 59.382093
7.016603 59.458480
4.955459 55.057219
2.894315 45.981971
0.833171 33.788274
-1.227973 21.664085
-3.289117 11.936081
-5.350261 5.384587
-7.411405 1.857334
-9.472549 0.861228
-11.533693 0.929995
-13.594837 0.668218
-15.655981 -0.150722
-17.717125 -1.047042
-19.778269 -1.162200
-21.839412 -0.293175
-23.900556 1.068974
-25.961700 2.541144
-28.022844 3.801545
-30.083988 5.163307
-32.145132 7.081449
-34.206276 8.837803
-36.267420 10.928662
-38.328564 13.476838
-40.389708 15.295447
-42.450852 15.775595
-44.511996 16.041973
-46.573140 16.897849
-48.634284 17.539057
-50.695428 17.763796
-52.756572 17.250164
-54.817716 16.432485
-56.878860 15.803548
-58.940004 14.708450
-61.001148 12.810424
-63.062291 10.264409
-65.123435 7.156279
-67.184579 4.056083
-69.245723 1.572695
-71.306867 -0.444748
-73.368011 -2.218185
-75.429155 -3.767267
-77.490299 -5.219573
-79.551443 -6.832628
-81.612587 -8.437149
-83.673731 -9.501807
-85.734875 -9.709974
-87.796019 -9.253209
-89.857163 -9.236809
-91.918307 -9.731826
-93.979451 -9.877353
-96.040595 -9.880326
-98.101739 -9.577874
-100.162883 -9.041056
-102.224027 -8.520764
-104.285171 -8.220600
-106.346314 -7.830960
-108.407458 -7.467892
-110.468602 -8.038294
-112.529746 -9.316938
-114.590890 -10.025630
-116.652034 -10.124384
-118.713178 -10.181149
-120.774322 -10.338101
-122.835466 -10.060204
-124.896610 -9.650448
-126.957754 -9.355200
-129.018898 -8.957733
-131.080042 -9.063847
-133.141186 -8.925103
-135.202330 -8.307016
-137.263474 -8.227379
-139.324618 -8.325777
-141.385762 -8.285007
-143.446906 -8.149625
-145.508050 -7.878470
-147.569193 -8.189271
-149.630337 -8.607292
-151.691481 -8.849205
-153.752625 -8.415851
-155.813769 -7.589634
-157.874913 -7.716983
-159.936057 -7.810587
-161.997201 -7.030147
-164.058345 -6.226433
-166.119489 -6.235200
-168.180633 -6.944417
-170.241777 -7.400026
-172.302921 -7.591767
-174.364065 -7.831190
-176.425209 -7.920487
-178.486353 -7.843542
-180.547497 -7.747643
-182.608641 -7.421850
-184.669785 -6.983661
-186.730929 -7.086450
-188.792072 -7.528739
-190.853216 -7.860991
-192.914360 -7.858455
-194.975504 -7.468862
-197.036648 -6.413300
-199.097792 -5.765536
-201.158936 -6.659388
-203.220080 -7.723105
-205.281224 -7.869943
-207.342368 -7.761411
-209.403512 -7.727276
-211.464656 -7.182757
-213.525800 -6.466426
-215.586944 -6.639079
-217.648088 -7.015106
-219.709232 -6.657674
-221.770376 -6.310162
-223.831520 -5.934679
-225.892664 -4.329007
-227.953808 -3.151562
-230.014951 -4.148058
-232.076095 -5.298864
-234.137239 -5.933666
