# BEGINHEADER
# This file contains data from the SALSA 2m radio telescope.
# DATE=2024-01-31T12:40:0035
# GLON and GLAT given in degrees
# GLON=44.804756631514636
# GLAT=0.18991529883513722
# DATA in two columns below. Col. 1 is velocity relative to LSR [km/s]. Col. 2 is uncalibrated antenna temperature [K].
# ENDHEADER
291.45446801303996 -2.4891061098385974
289.3933240624413 -6.0366533083753335
287.3321801118427 -6.8524708170041855
285.271036161244 -5.54348561527122
283.20989221064536 -5.728873725883753
281.1487482600468 -4.83864362196081
279.0876043094481 -5.332149996209553
277.0264603588495 -5.303948917265903
274.9653164082508 -6.5995705862812395
272.9041724576522 -3.132748112910658
270.8430285070536 2.907346359615227
268.7818845564549 -5.673802525942421
266.7207406058563 -5.374537829365763
264.65959665525764 -6.032882290986189
262.598452704659 -5.132455281290308
260.53730875406035 -4.392131317730251
258.4761648034617 -5.763809018002429
256.41502085286305 -3.5906337818158036
254.35387690226443 -5.700232162708098
252.29273295166578 -4.556262619712873
250.23158900106716 -6.717097282160789
248.1704450504685 -5.546007657613967
246.10930109986987 -7.796708750544857
244.04815714927122 -1.7200014516355122
241.9870131986726 -0.22160938579157752
239.92586924807395 -5.153043305576129
237.8647252974753 -1.9871581772060147
235.80358134687665 -7.311076085651398
233.74243739627804 -5.442873927222585
231.6812934456794 -7.429993418114077
229.62014949508074 -2.3398663700986204
227.5590055444821 -7.299299675973732
225.49786159388347 -6.942736057339376
223.43671764328482 -6.241251975294638
221.3755736926862 -8.60517919109369
219.31442974208753 -8.595643547880618
217.2532857914889 -5.518713343258428
215.19214184089026 -2.526967923309765
213.1309978902916 -6.50275004649695
211.069853939693 -7.327727833225089
209.0087099890943 -7.35428766232061
206.9475660384957 -8.465836374513723
204.88642208789705 -4.832667470495714
202.82527813729843 -8.084608118827273
200.76413418669975 -4.762085988892624
198.70299023610113 -6.420939181187033
196.64184628550248 -7.120533126111949
194.58070233490386 -5.7138281697659075
192.5195583843052 -8.623021792863765
190.45841443370657 -7.389599622025537
188.39727048310792 -8.129786402762955
186.3361265325093 -6.636918806844006
184.27498258191065 -7.894578211995976
182.21383863131203 -6.79597347910349
180.15269468071335 -7.4864683815509725
178.09155073011473 -9.18371613609908
176.03040677951608 -7.51439112369411
173.96926282891744 -9.092677874251708
171.90811887831882 -8.93239011745916
169.84697492772014 -6.480290896077077
167.78583097712152 -8.868433412856744
165.72468702652287 -7.846221085828966
163.66354307592425 -7.050078094968725
161.60239912532558 -8.29434185410768
159.54125517472696 -9.396443548152176
157.4801112241283 -6.769760763774592
155.4189672735297 -6.588173237698397
153.35782332293104 -7.647003273088887
151.2966793723324 -10.449152992416426
149.23553542173374 -8.789072594808667
147.17439147113512 -6.466337245796776
145.11324752053648 -9.725364384561653
143.05210356993786 -9.83523208396235
140.99095961933918 -9.447621732156922
138.92981566874056 -9.832596908905243
136.8686717181419 -7.716206892449079
134.80752776754326 -8.070666311471133
132.74638381694461 -8.07694649824496
130.685239866346 -10.606459179249489
128.62409591574735 -7.931936296454416
126.56295196514871 -8.909675936016809
124.50180801455006 -10.43805903835414
122.44066406395143 -9.07423782209606
120.37952011335278 -8.638932252693875
118.31837616275413 -7.3464585968577705
116.2572322121555 -9.706652343567457
114.19608826155685 -11.405893486783816
112.13494431095822 -10.889142325779357
110.07380036035957 -11.437457503207169
108.01265640976094 -9.353705758684647
105.95151245916229 -9.911252647787936
103.89036850856365 -10.391287254518545
101.82922455796502 -8.885092926852677
99.76808060736637 -10.717617110072174
97.70693665676772 -7.84460620449859
95.64579270616909 -9.739417398793414
93.58464875557044 -8.478728466737417
91.52350480497181 -9.466535786119035
89.46236085437316 -10.207437584867854
87.40121690377453 -10.032163443328535
85.34007295317588 -3.7265478596596395
83.27892900257724 -2.5807486925236405
81.21778505197861 -1.6067399051793179
79.15664110137995 -1.7036739628440793
77.09549715078131 3.9240945832906626
75.03435320018266 8.658357673388101
72.97320924958403 15.173881479425484
70.91206529898538 24.47806302849034
68.85092134838675 31.180612986577046
66.78977739778811 37.336199032775674
64.72863344718947 43.66327894317717
62.667489496590825 53.144693632515924
60.60634554599219 56.4961359883218
58.54520159539355 53.61450335405929
56.48405764479491 58.96207320428321
54.42291369419627 60.93277237165412
52.36176974359763 61.21733183774175
50.30062579299898 57.76937684256631
48.239481842400345 53.21582771484528
46.178337891801704 51.10239612222202
44.11719394120307 48.0435547820642
42.05604999060443 46.81391810239395
39.99490604000579 43.010987669204205
37.933762089407146 40.1528512417892
35.872618138808505 39.001076970208686
33.811474188209864 40.19700860718055
31.750330237611223 41.64893148355157
29.689186287012582 46.4603693477592
27.62804233641394 48.157644109673015
25.5668983858153 58.850555907451366
23.505754435216655 63.223913491423566
21.444610484618018 56.14329995623639
19.383466534019377 52.25750556878013
17.322322583420732 51.93724223641345
15.261178632822094 48.668815761866405
13.200034682223453 52.765876064461125
11.138890731624814 56.591674246823345
9.077746781026171 60.76158822331
7.016602830427532 62.2668812186809
4.955458879828891 57.23493372181918
2.8943149292302497 48.547582367641475
0.833170978631609 32.94864379027926
-1.2279729719670318 20.55014160525544
-3.2891169225656722 9.828933373888296
-5.350260873164313 4.288289749857518
-7.411404823762953 0.016531916400971954
-9.472548774361595 0.4184023708144771
-11.533692724960236 1.5197906151058023
-13.594836675558877 0.8140772545930871
-15.655980626157518 0.22638238342727268
-17.71712457675616 -1.7449487454634722
-19.778268527354797 -1.8159869964874897
-21.83941247795344 -0.4042622514948568
-23.900556428552083 1.0106427983247686
-25.96170037915072 2.507644321600296
-28.02284432974936 4.564595494160783
-30.083988280348 3.3779359458940847
-32.14513223094664 8.654160465080865
-34.206276181545284 7.942499490071103
-36.267420132143926 10.52366552806523
-38.32856408274257 13.905075339875525
-40.3897080333412 16.438690813449824
-42.45085198393984 16.137405150259642
-44.51199593453848 14.444980755860513
-46.57313988513713 18.329942148926726
-48.63428383573577 16.715168794475847
-50.69542778633441 18.89937157427771
-52.756571736933054 17.34489825802047
-54.817715687531695 15.780444394907644
-56.878859638130336 16.37651504484958
-58.94000358872898 15.21884781052029
-61.00114753932762 12.930350061992625
-63.06229148992625 10.7717762453004
-65.1234354405249 7.25045765506412
-67.18457939112353 3.3506021358545337
-69.24572334172218 1.512021979970773
-71.30686729232082 -0.5744113039508084
-73.36801124291945 -2.317697562445618
-75.42915519351811 -3.9254192456036505
-77.49029914411675 -5.029620176803241
-79.5514430947154 -6.638834931771417
-81.61258704531403 -8.981999816952296
-83.67373099591266 -9.689513499595808
-85.73487494651131 -10.62540530447654
-87.79601889710995 -8.75706460594633
-89.8571628477086 -8.179014346682868
-91.91830679830723 -11.20890149951542
-93.97945074890588 -8.804868052132024
-96.04059469950451 -10.87959172731384
-98.10173865010314 -9.16795945650028
-100.16288260070178 -9.488228004311066
-102.22402655130043 -7.909686730380379
-104.28517050189906 -8.495332056113313
-106.3463144524977 -8.119004895619833
-108.40745840309634 -6.784320827808282
-110.46860235369498 -6.968460879989111
-112.52974630429362 -10.559957096114868
-114.59089025489227 -9.939869553340362
-116.65203420549092 -10.48316020432627
-118.71317815608955 -9.44875055574515
-120.77432210668819 -11.157470057383671
-122.83546605728684 -10.19691927694905
-124.89661000788547 -8.763430344287327
-126.95775395848412 -10.743487826218063
-129.01889790908274 -7.364496031685362
-131.0800418596814 -9.640933268651045
-133.14118581028004 -9.914886561285611
-135.20232976087868 -6.990660878508521
-137.2634737114773 -8.502128416206057
-139.32461766207598 -8.757655898022596
-141.3857616126746 -7.449573000002429
-143.44690556327325 -9.663914562338297
-145.50804951387187 -5.9663163617282
-147.56919346447052 -9.249775166518369
-149.63033741506916 -8.10653609549788
-151.6914813656678 -9.14108901227433
-153.75262531626643 -9.859559369576555
-155.81376926686508 -5.36354646794124
-157.87491321746373 -8.40707822111343
-159.93605716806238 -8.67602560903619
-161.997201118661 -6.757822603129579
-164.05834506925964 -5.951428890531458
-166.11948901985826 -5.1893273246877945
-168.18063297045694 -7.7993543213979715
-170.24177692105556 -7.399376589888745
-172.3029208716542 -7.364432921693471
-174.36406482225286 -8.051147827672322
-176.42520877285148 -8.056532073683968
-178.48635272345015 -7.734641831601632
-180.54749667404877 -7.75239074836344
-182.60864062464742 -8.094290612700142
-184.66978457524604 -5.917512693203826
-186.73092852584472 -7.359670017240836
-188.79207247644334 -7.237378471587753
-190.85321642704199 -8.53485883913171
-192.9143603776406 -7.4246515351598985
-194.97550432823925 -8.407746557141177
-197.0366482788379 -6.581719273663594
-199.09779222943655 -3.6890876273127757
-201.15893618003517 -7.06201087778617
-203.22008013063382 -8.684976401800647
-205.28122408123244 -7.788174539725639
-207.3423680318311 -7.372368118405822
-209.40351198242973 -8.214078351618754
-211.46465593302838 -7.850464624481967
-213.52579988362703 -5.1300248102861135
-215.58694383422565 -6.507231267136514
-217.64808778482433 -8.136778999719445
-219.70923173542295 -6.416624063251912
-221.7703756860216 -5.452344333794784
-223.83151963662021 -7.645306446118701
-225.8926635872189 -4.923515029264883
-227.9538075378175 0.7009069496268476
-230.01495148841616 -6.275228776569437
-232.07609543901478 -4.714050072886521
-234.13723938961343 -6.371438392047933
