0,14.9102
0.00012207,14.8957
0.000244141,14.8812
0.000366211,14.8666
0.000488281,14.8521
0.000610352,14.8376
0.000732422,14.8231
0.000854492,14.8087
0.000976563,14.7942
0.00109863,14.7798
0.0012207,14.7654
0.00134277,14.7509
0.00146484,14.7365
0.00158691,14.7222
0.00170898,14.7078
0.00183105,14.6934
0.00195313,14.6791
0.0020752,14.6648
0.00219727,14.6504
0.00231934,14.6361
0.00244141,14.6219
0.00256348,14.6076
0.00268555,14.5933
0.00280762,14.5791
0.00292969,14.5649
0.00305176,14.5506
0.00317383,14.5364
0.0032959,14.5222
0.00341797,14.5081
0.00354004,14.4939
0.00366211,14.4798
0.00378418,14.4656
0.00390625,14.4515
0.00402832,14.4374
0.00415039,14.4233
0.00427246,14.4092
0.00439453,14.3952
0.0045166,14.3811
0.00463867,14.3671
0.00476074,14.3531
0.00488281,14.339
0.00500488,14.3251
0.00512695,14.3111
0.00524902,14.2971
0.00537109,14.2831
0.00549316,14.2692
0.00561523,14.2553
0.0057373,14.2414
0.00585938,14.2275
0.00598145,14.2136
0.00610352,14.1997
0.00622559,14.1858
0.00634766,14.172
0.00646973,14.1582
0.0065918,14.1443
0.00671387,14.1305
0.00683594,14.1167
0.00695801,14.103
0.00708008,14.0892
0.00720215,14.0754
0.00732422,14.0617
0.00744629,14.048
0.00756836,14.0343
0.00769043,14.0206
0.0078125,14.0069
0.00793457,13.9932
0.00805664,13.9796
0.00817871,13.9659
0.00830078,13.9523
0.00842285,13.9387
0.00854492,13.9251
0.00866699,13.9115
0.00878906,13.8979
0.00891113,13.8843
0.0090332,13.8708
0.00915527,13.8572
0.00927734,13.8437
0.00939941,13.8302
0.00952148,13.8167
0.00964355,13.8032
0.00976563,13.7897
0.0098877,13.7763
0.0100098,13.7628
0.0101318,13.7494
0.0102539,13.736
0.010376,13.7226
0.010498,13.7092
0.0106201,13.6958
0.0107422,13.6824
0.0108643,13.6691
0.0109863,13.6557
0.0111084,13.6424
0.0112305,13.6291
0.0113525,13.6158
0.0114746,13.6025
0.0115967,13.5892
0.0117188,13.5759
0.0118408,13.5627
0.0119629,13.5494
0.012085,13.5362
0.012207,13.523
0.0123291,13.5098
0.0124512,13.4966
0.0125732,13.4834
0.0126953,13.4703
0.0128174,13.4571
0.0129395,13.444
0.0130615,13.4309
0.0131836,13.4178
0.0133057,13.4047
0.0134277,13.3916
0.0135498,13.3785
0.0136719,13.3655
0.0137939,13.3524
0.013916,13.3394
0.0140381,13.3264
0.0141602,13.3134
0.0142822,13.3004
0.0144043,13.2874
0.0145264,13.2744
0.0146484,13.2615
0.0147705,13.2485
0.0148926,13.2356
0.0150146,13.2227
0.0151367,13.2097
0.0152588,13.1969
0.0153809,13.184
0.0155029,13.1711
0.015625,13.1582
0.0157471,13.1454
0.0158691,13.1326
0.0159912,13.1198
0.0161133,13.107
0.0162354,13.0942
0.0163574,13.0814
0.0164795,13.0686
0.0166016,13.0559
0.0167236,13.0431
0.0168457,13.0304
0.0169678,13.0177
0.0170898,13.005
0.0172119,12.9923
0.017334,12.9796
0.0174561,12.9669
0.0175781,12.9542
0.0177002,12.9416
0.0178223,12.929
0.0179443,12.9164
0.0180664,12.9037
0.0181885,12.8912
0.0183105,12.8786
0.0184326,12.866
0.0185547,12.8534
0.0186768,12.8409
0.0187988,12.8284
0.0189209,12.8158
0.019043,12.8033
0.019165,12.7908
0.0192871,12.7783
0.0194092,12.7659
0.0195313,12.7534
0.0196533,12.741
0.0197754,12.7285
0.0198975,12.7161
0.0200195,12.7037
0.0201416,12.6913
0.0202637,12.6789
0.0203857,12.6665
0.0205078,12.6542
0.0206299,12.6418
0.020752,12.6295
0.020874,12.6171
0.0209961,12.6048
0.0211182,12.5925
0.0212402,12.5802
0.0213623,12.568
0.0214844,12.5557
0.0216064,12.5434
0.0217285,12.5312
0.0218506,12.519
0.0219727,12.5067
0.0220947,12.4945
0.0222168,12.4823
0.0223389,12.4702
0.0224609,12.458
0.022583,12.4458
0.0227051,12.4337
0.0228271,12.4215
0.0229492,12.4094
0.0230713,12.3973
0.0231934,12.3852
0.0233154,12.3731
0.0234375,12.361
0.0235596,12.349
0.0236816,12.3369
0.0238037,12.3249
0.0239258,12.3128
0.0240479,12.3008
0.0241699,12.2888
0.024292,12.2768
0.0244141,12.2648
0.0245361,12.2529
0.0246582,12.2409
0.0247803,12.229
0.0249023,12.217
0.0250244,12.2051
0.0251465,12.1932
0.0252686,12.1813
0.0253906,12.1694
0.0255127,12.1575
0.0256348,12.1456
0.0257568,12.1338
0.0258789,12.1219
0.026001,12.1101
0.026123,12.0983
0.0262451,12.0865
0.0263672,12.0747
0.0264893,12.0629
0.0266113,12.0511
0.0267334,12.0394
0.0268555,12.0276
0.0269775,12.0159
0.0270996,12.0041
0.0272217,11.9924
0.0273438,11.9807
0.0274658,11.969
0.0275879,11.9573
0.02771,11.9457
0.027832,11.934
0.0279541,11.9224
0.0280762,11.9107
0.0281982,11.8991
0.0283203,11.8875
0.0284424,11.8759
0.0285645,11.8643
0.0286865,11.8527
0.0288086,11.8411
0.0289307,11.8296
0.0290527,11.818
0.0291748,11.8065
0.0292969,11.795
0.0294189,11.7835
0.029541,11.772
0.0296631,11.7605
0.0297852,11.749
0.0299072,11.7375
0.0300293,11.7261
0.0301514,11.7146
0.0302734,11.7032
0.0303955,11.6918
0.0305176,11.6804
0.0306396,11.669
0.0307617,11.6576
0.0308838,11.6462
0.0310059,11.6348
0.0311279,11.6235
0.03125,11.6121
0.0313721,11.6008
0.0314941,11.5895
0.0316162,11.5781
0.0317383,11.5668
0.0318604,11.5556
0.0319824,11.5443
0.0321045,11.533
0.0322266,11.5217
0.0323486,11.5105
0.0324707,11.4993
0.0325928,11.488
0.0327148,11.4768
0.0328369,11.4656
0.032959,11.4544
0.0330811,11.4433
0.0332031,11.4321
0.0333252,11.4209
0.0334473,11.4098
0.0335693,11.3986
0.0336914,11.3875
0.0338135,11.3764
0.0339355,11.3653
0.0340576,11.3542
0.0341797,11.3431
0.0343018,11.332
0.0344238,11.321
0.0345459,11.3099
0.034668,11.2989
0.03479,11.2879
0.0349121,11.2769
0.0350342,11.2658
0.0351563,11.2548
0.0352783,11.2439
0.0354004,11.2329
0.0355225,11.2219
0.0356445,11.211
0.0357666,11.2
0.0358887,11.1891
0.0360107,11.1782
0.0361328,11.1673
0.0362549,11.1564
0.036377,11.1455
0.036499,11.1346
0.0366211,11.1237
0.0367432,11.1129
0.0368652,11.102
0.0369873,11.0912
0.0371094,11.0804
0.0372314,11.0695
0.0373535,11.0587
0.0374756,11.0479
0.0375977,11.0372
0.0377197,11.0264
0.0378418,11.0156
0.0379639,11.0049
0.0380859,10.9941
0.038208,10.9834
0.0383301,10.9727
0.0384521,10.962
0.0385742,10.9513
0.0386963,10.9406
0.0388184,10.9299
0.0389404,10.9192
0.0390625,10.9086
0.0391846,10.8979
0.0393066,10.8873
0.0394287,10.8767
0.0395508,10.866
0.0396729,10.8554
0.0397949,10.8448
0.039917,10.8343
0.0400391,10.8237
0.0401611,10.8131
0.0402832,10.8026
0.0404053,10.792
0.0405273,10.7815
0.0406494,10.771
0.0407715,10.7604
0.0408936,10.7499
0.0410156,10.7394
0.0411377,10.729
0.0412598,10.7185
0.0413818,10.708
0.0415039,10.6976
0.041626,10.6871
0.041748,10.6767
0.0418701,10.6663
0.0419922,10.6559
0.0421143,10.6455
0.0422363,10.6351
0.0423584,10.6247
0.0424805,10.6143
0.0426025,10.604
0.0427246,10.5936
0.0428467,10.5833
0.0429688,10.573
0.0430908,10.5626
0.0432129,10.5523
0.043335,10.542
0.043457,10.5317
0.0435791,10.5215
0.0437012,10.5112
0.0438232,10.5009
0.0439453,10.4907
0.0440674,10.4804
0.0441895,10.4702
0.0443115,10.46
0.0444336,10.4498
0.0445557,10.4396
0.0446777,10.4294
0.0447998,10.4192
0.0449219,10.409
0.0450439,10.3989
0.045166,10.3887
0.0452881,10.3786
0.0454102,10.3685
0.0455322,10.3583
0.0456543,10.3482
0.0457764,10.3381
0.0458984,10.328
0.0460205,10.3179
0.0461426,10.3079
0.0462646,10.2978
0.0463867,10.2878
0.0465088,10.2777
0.0466309,10.2677
0.0467529,10.2577
0.046875,10.2477
0.0469971,10.2377
0.0471191,10.2277
0.0472412,10.2177
0.0473633,10.2077
0.0474854,10.1977
0.0476074,10.1878
0.0477295,10.1778
0.0478516,10.1679
0.0479736,10.158
0.0480957,10.1481
0.0482178,10.1382
0.0483398,10.1283
0.0484619,10.1184
0.048584,10.1085
0.0487061,10.0986
0.0488281,10.0888
0.0489502,10.0789
0.0490723,10.0691
0.0491943,10.0593
0.0493164,10.0494
0.0494385,10.0396
0.0495605,10.0298
0.0496826,10.02
0.0498047,10.0103
0.0499268,10.0005
0.0500488,9.99074
0.0501709,9.98098
0.050293,9.97124
0.050415,9.96151
0.0505371,9.95179
0.0506592,9.94207
0.0507813,9.93237
0.0509033,9.92267
0.0510254,9.91299
0.0511475,9.90331
0.0512695,9.89365
0.0513916,9.88399
0.0515137,9.87434
0.0516357,9.8647
0.0517578,9.85507
0.0518799,9.84545
0.052002,9.83584
0.052124,9.82624
0.0522461,9.81665
0.0523682,9.80707
0.0524902,9.7975
0.0526123,9.78793
0.0527344,9.77838
0.0528564,9.76884
0.0529785,9.7593
0.0531006,9.74977
0.0532227,9.74026
0.0533447,9.73075
0.0534668,9.72125
0.0535889,9.71176
0.0537109,9.70228
0.053833,9.69281
0.0539551,9.68335
0.0540771,9.6739
0.0541992,9.66446
0.0543213,9.65503
0.0544434,9.6456
0.0545654,9.63619
0.0546875,9.62678
0.0548096,9.61738
0.0549316,9.608
0.0550537,9.59862
0.0551758,9.58925
0.0552979,9.57989
0.0554199,9.57054
0.055542,9.5612
0.0556641,9.55186
0.0557861,9.54254
0.0559082,9.53323
0.0560303,9.52392
0.0561523,9.51463
0.0562744,9.50534
0.0563965,9.49606
0.0565186,9.48679
0.0566406,9.47753
0.0567627,9.46828
0.0568848,9.45904
0.0570068,9.44981
0.0571289,9.44058
0.057251,9.43137
0.057373,9.42216
0.0574951,9.41296
0.0576172,9.40378
0.0577393,9.3946
0.0578613,9.38543
0.0579834,9.37627
0.0581055,9.36712
0.0582275,9.35797
0.0583496,9.34884
0.0584717,9.33971
0.0585938,9.3306
0.0587158,9.32149
0.0588379,9.31239
0.05896,9.3033
0.059082,9.29422
0.0592041,9.28515
0.0593262,9.27608
0.0594482,9.26703
0.0595703,9.25798
0.0596924,9.24895
0.0598145,9.23992
0.0599365,9.2309
0.0600586,9.22189
0.0601807,9.21289
0.0603027,9.2039
0.0604248,9.19491
0.0605469,9.18594
0.0606689,9.17697
0.060791,9.16801
0.0609131,9.15907
0.0610352,9.15013
0.0611572,9.14119
0.0612793,9.13227
0.0614014,9.12336
0.0615234,9.11445
0.0616455,9.10556
0.0617676,9.09667
0.0618896,9.08779
0.0620117,9.07892
0.0621338,9.07006
0.0622559,9.0612
0.0623779,9.05236
0.0625,9.04352
0.0626221,9.0347
0.0627441,9.02588
0.0628662,9.01707
0.0629883,9.00827
0.0631104,8.99947
0.0632324,8.99069
0.0633545,8.98191
0.0634766,8.97315
0.0635986,8.96439
0.0637207,8.95564
0.0638428,8.9469
0.0639648,8.93816
0.0640869,8.92944
0.064209,8.92072
0.0643311,8.91201
0.0644531,8.90332
0.0645752,8.89463
0.0646973,8.88594
0.0648193,8.87727
0.0649414,8.86861
0.0650635,8.85995
0.0651855,8.8513
0.0653076,8.84266
0.0654297,8.83403
0.0655518,8.82541
0.0656738,8.81679
0.0657959,8.80819
0.065918,8.79959
0.06604,8.791
0.0661621,8.78242
0.0662842,8.77385
0.0664063,8.76528
0.0665283,8.75673
0.0666504,8.74818
0.0667725,8.73964
0.0668945,8.73111
0.0670166,8.72259
0.0671387,8.71408
0.0672607,8.70557
0.0673828,8.69707
0.0675049,8.68858
0.067627,8.6801
0.067749,8.67163
0.0678711,8.66317
0.0679932,8.65471
0.0681152,8.64626
0.0682373,8.63782
0.0683594,8.62939
0.0684814,8.62097
0.0686035,8.61255
0.0687256,8.60415
0.0688477,8.59575
0.0689697,8.58736
0.0690918,8.57898
0.0692139,8.5706
0.0693359,8.56224
0.069458,8.55388
0.0695801,8.54553
0.0697021,8.53719
0.0698242,8.52886
0.0699463,8.52053
0.0700684,8.51221
0.0701904,8.5039
0.0703125,8.4956
0.0704346,8.48731
0.0705566,8.47903
0.0706787,8.47075
0.0708008,8.46248
0.0709229,8.45422
0.0710449,8.44597
0.071167,8.43773
0.0712891,8.42949
0.0714111,8.42126
0.0715332,8.41304
0.0716553,8.40483
0.0717773,8.39663
0.0718994,8.38843
0.0720215,8.38024
0.0721436,8.37206
0.0722656,8.36389
0.0723877,8.35573
0.0725098,8.34757
0.0726318,8.33942
0.0727539,8.33128
0.072876,8.32315
0.072998,8.31503
0.0731201,8.30691
0.0732422,8.2988
0.0733643,8.2907
0.0734863,8.28261
0.0736084,8.27453
0.0737305,8.26645
0.0738525,8.25838
0.0739746,8.25032
0.0740967,8.24227
0.0742188,8.23422
0.0743408,8.22618
0.0744629,8.21815
0.074585,8.21013
0.074707,8.20212
0.0748291,8.19411
0.0749512,8.18612
0.0750732,8.17813
0.0751953,8.17014
0.0753174,8.16217
0.0754395,8.1542
0.0755615,8.14624
0.0756836,8.13829
0.0758057,8.13035
0.0759277,8.12241
0.0760498,8.11448
0.0761719,8.10656
0.0762939,8.09865
0.076416,8.09074
0.0765381,8.08285
0.0766602,8.07496
0.0767822,8.06708
0.0769043,8.0592
0.0770264,8.05134
0.0771484,8.04348
0.0772705,8.03563
0.0773926,8.02778
0.0775146,8.01995
0.0776367,8.01212
0.0777588,8.0043
0.0778809,7.99648
0.0780029,7.98868
0.078125,7.98088
0.0782471,7.97309
0.0783691,7.96531
0.0784912,7.95753
0.0786133,7.94977
0.0787354,7.94201
0.0788574,7.93426
0.0789795,7.92651
0.0791016,7.91877
0.0792236,7.91104
0.0793457,7.90332
0.0794678,7.89561
0.0795898,7.8879
0.0797119,7.8802
0.079834,7.87251
0.0799561,7.86483
0.0800781,7.85715
0.0802002,7.84948
0.0803223,7.84182
0.0804443,7.83416
0.0805664,7.82652
0.0806885,7.81888
0.0808105,7.81125
0.0809326,7.80362
0.0810547,7.79601
0.0811768,7.78839
0.0812988,7.78079
0.0814209,7.7732
0.081543,7.76561
0.081665,7.75803
0.0817871,7.75046
0.0819092,7.74289
0.0820313,7.73534
0.0821533,7.72779
0.0822754,7.72024
0.0823975,7.71271
0.0825195,7.70518
0.0826416,7.69766
0.0827637,7.69014
0.0828857,7.68264
0.0830078,7.67514
0.0831299,7.66765
0.083252,7.66016
0.083374,7.65269
0.0834961,7.64522
0.0836182,7.63775
0.0837402,7.6303
0.0838623,7.62285
0.0839844,7.61541
0.0841064,7.60798
0.0842285,7.60055
0.0843506,7.59313
0.0844727,7.58572
0.0845947,7.57832
0.0847168,7.57092
0.0848389,7.56353
0.0849609,7.55615
0.085083,7.54877
0.0852051,7.5414
0.0853271,7.53404
0.0854492,7.52669
0.0855713,7.51934
0.0856934,7.512
0.0858154,7.50467
0.0859375,7.49734
0.0860596,7.49003
0.0861816,7.48272
0.0863037,7.47541
0.0864258,7.46812
0.0865479,7.46082
0.0866699,7.45354
0.086792,7.44627
0.0869141,7.439
0.0870361,7.43174
0.0871582,7.42448
0.0872803,7.41724
0.0874023,7.41
0.0875244,7.40276
0.0876465,7.39554
0.0877686,7.38832
0.0878906,7.38111
0.0880127,7.3739
0.0881348,7.36671
0.0882568,7.35952
0.0883789,7.35233
0.088501,7.34516
0.088623,7.33799
0.0887451,7.33082
0.0888672,7.32367
0.0889893,7.31652
0.0891113,7.30938
0.0892334,7.30224
0.0893555,7.29512
0.0894775,7.288
0.0895996,7.28088
0.0897217,7.27378
0.0898438,7.26668
0.0899658,7.25958
0.0900879,7.2525
0.09021,7.24542
0.090332,7.23835
0.0904541,7.23128
0.0905762,7.22422
0.0906982,7.21717
0.0908203,7.21013
0.0909424,7.20309
0.0910645,7.19606
0.0911865,7.18903
0.0913086,7.18202
0.0914307,7.17501
0.0915527,7.168
0.0916748,7.16101
0.0917969,7.15402
0.0919189,7.14703
0.092041,7.14006
0.0921631,7.13309
0.0922852,7.12613
0.0924072,7.11917
0.0925293,7.11222
0.0926514,7.10528
0.0927734,7.09834
0.0928955,7.09141
0.0930176,7.08449
0.0931396,7.07758
0.0932617,7.07067
0.0933838,7.06377
0.0935059,7.05687
0.0936279,7.04998
0.09375,7.0431
0.0938721,7.03623
0.0939941,7.02936
0.0941162,7.0225
0.0942383,7.01564
0.0943604,7.0088
0.0944824,7.00196
0.0946045,6.99512
0.0947266,6.98829
0.0948486,6.98147
0.0949707,6.97466
0.0950928,6.96785
0.0952148,6.96105
0.0953369,6.95425
0.095459,6.94747
0.0955811,6.94068
0.0957031,6.93391
0.0958252,6.92714
0.0959473,6.92038
0.0960693,6.91363
0.0961914,6.90688
0.0963135,6.90014
0.0964355,6.8934
0.0965576,6.88667
0.0966797,6.87995
0.0968018,6.87323
0.0969238,6.86653
0.0970459,6.85982
0.097168,6.85313
0.09729,6.84644
0.0974121,6.83976
0.0975342,6.83308
0.0976563,6.82641
0.0977783,6.81975
0.0979004,6.81309
0.0980225,6.80644
0.0981445,6.7998
0.0982666,6.79316
0.0983887,6.78653
0.0985107,6.7799
0.0986328,6.77329
0.0987549,6.76667
0.098877,6.76007
0.098999,6.75347
0.0991211,6.74688
0.0992432,6.74029
0.0993652,6.73372
0.0994873,6.72714
0.0996094,6.72058
0.0997314,6.71402
0.0998535,6.70746
0.0999756,6.70092
0.100098,6.69438
0.10022,6.68784
0.100342,6.68131
0.100464,6.67479
0.100586,6.66828
0.100708,6.66177
0.10083,6.65526
0.100952,6.64877
0.101074,6.64228
0.101196,6.6358
0.101318,6.62932
0.10144,6.62285
0.101563,6.61638
0.101685,6.60992
0.101807,6.60347
0.101929,6.59703
0.102051,6.59059
0.102173,6.58416
0.102295,6.57773
0.102417,6.57131
0.102539,6.56489
0.102661,6.55849
0.102783,6.55208
0.102905,6.54569
0.103027,6.5393
0.103149,6.53292
0.103271,6.52654
0.103394,6.52017
0.103516,6.51381
0.103638,6.50745
0.10376,6.5011
0.103882,6.49475
0.104004,6.48841
0.104126,6.48208
0.104248,6.47575
0.10437,6.46943
0.104492,6.46312
0.104614,6.45681
0.104736,6.4505
0.104858,6.44421
0.10498,6.43792
0.105103,6.43163
0.105225,6.42536
0.105347,6.41908
0.105469,6.41282
0.105591,6.40656
0.105713,6.40031
0.105835,6.39406
0.105957,6.38782
0.106079,6.38158
0.106201,6.37535
0.106323,6.36913
0.106445,6.36291
0.106567,6.3567
0.106689,6.3505
0.106812,6.3443
0.106934,6.33811
0.107056,6.33192
0.107178,6.32574
0.1073,6.31957
0.107422,6.3134
0.107544,6.30723
0.107666,6.30108
0.107788,6.29493
0.10791,6.28878
0.108032,6.28264
0.108154,6.27651
0.108276,6.27039
0.108398,6.26427
0.108521,6.25815
0.108643,6.25204
0.108765,6.24594
0.108887,6.23984
0.109009,6.23375
0.109131,6.22767
0.109253,6.22159
0.109375,6.21552
0.109497,6.20945
0.109619,6.20339
0.109741,6.19733
0.109863,6.19128
0.109985,6.18524
0.110107,6.1792
0.110229,6.17317
0.110352,6.16715
0.110474,6.16113
0.110596,6.15511
0.110718,6.14911
0.11084,6.1431
0.110962,6.13711
0.111084,6.13112
0.111206,6.12513
0.111328,6.11915
0.11145,6.11318
0.111572,6.10721
0.111694,6.10125
0.111816,6.0953
0.111938,6.08935
0.112061,6.0834
0.112183,6.07747
0.112305,6.07153
0.112427,6.06561
0.112549,6.05969
0.112671,6.05377
0.112793,6.04786
0.112915,6.04196
0.113037,6.03606
0.113159,6.03017
0.113281,6.02429
0.113403,6.01841
0.113525,6.01253
0.113647,6.00666
0.11377,6.0008
0.113892,5.99494
0.114014,5.98909
0.114136,5.98324
0.114258,5.9774
0.11438,5.97157
0.114502,5.96574
0.114624,5.95992
0.114746,5.9541
0.114868,5.94829
0.11499,5.94248
0.115112,5.93668
0.115234,5.93089
0.115356,5.9251
0.115479,5.91932
0.115601,5.91354
0.115723,5.90777
0.115845,5.902
0.115967,5.89624
0.116089,5.89048
0.116211,5.88473
0.116333,5.87899
0.116455,5.87325
0.116577,5.86752
0.116699,5.86179
0.116821,5.85607
0.116943,5.85035
0.117065,5.84464
0.117188,5.83894
0.11731,5.83324
0.117432,5.82754
0.117554,5.82186
0.117676,5.81617
0.117798,5.8105
0.11792,5.80483
0.118042,5.79916
0.118164,5.7935
0.118286,5.78784
0.118408,5.78219
0.11853,5.77655
0.118652,5.77091
0.118774,5.76528
0.118896,5.75965
0.119019,5.75403
0.119141,5.74841
0.119263,5.7428
0.119385,5.7372
0.119507,5.7316
0.119629,5.726
0.119751,5.72041
0.119873,5.71483
0.119995,5.70925
0.120117,5.70368
0.120239,5.69811
0.120361,5.69255
0.120483,5.68699
0.120605,5.68144
0.120728,5.6759
0.12085,5.67036
0.120972,5.66482
0.121094,5.65929
0.121216,5.65377
0.121338,5.64825
0.12146,5.64274
0.121582,5.63723
0.121704,5.63173
0.121826,5.62623
0.121948,5.62074
0.12207,5.61525
0.122192,5.60977
0.122314,5.60429
0.122437,5.59882
0.122559,5.59336
0.122681,5.5879
0.122803,5.58245
0.122925,5.577
0.123047,5.57155
0.123169,5.56611
0.123291,5.56068
0.123413,5.55525
0.123535,5.54983
0.123657,5.54441
0.123779,5.539
0.123901,5.5336
0.124023,5.5282
0.124146,5.5228
0.124268,5.51741
0.12439,5.51202
0.124512,5.50664
0.124634,5.50127
0.124756,5.4959
0.124878,5.49053
0.125,5.48517
0.125122,5.47982
0.125244,5.47447
0.125366,5.46913
0.125488,5.46379
0.12561,5.45846
0.125732,5.45313
0.125854,5.44781
0.125977,5.44249
0.126099,5.43718
0.126221,5.43187
0.126343,5.42657
0.126465,5.42127
0.126587,5.41598
0.126709,5.41069
0.126831,5.40541
0.126953,5.40013
0.127075,5.39486
0.127197,5.3896
0.127319,5.38434
0.127441,5.37908
0.127563,5.37383
0.127686,5.36859
0.127808,5.36335
0.12793,5.35811
0.128052,5.35288
0.128174,5.34766
0.128296,5.34244
0.128418,5.33722
0.12854,5.33201
0.128662,5.32681
0.128784,5.32161
0.128906,5.31641
0.129028,5.31122
0.12915,5.30604
0.129272,5.30086
0.129395,5.29569
0.129517,5.29052
0.129639,5.28535
0.129761,5.28019
0.129883,5.27504
0.130005,5.26989
0.130127,5.26475
0.130249,5.25961
0.130371,5.25448
0.130493,5.24935
0.130615,5.24422
0.130737,5.2391
0.130859,5.23399
0.130981,5.22888
0.131104,5.22378
0.131226,5.21868
0.131348,5.21358
0.13147,5.2085
0.131592,5.20341
0.131714,5.19833
0.131836,5.19326
0.131958,5.18819
0.13208,5.18313
0.132202,5.17807
0.132324,5.17301
0.132446,5.16796
0.132568,5.16292
0.13269,5.15788
0.132813,5.15284
0.132935,5.14781
0.133057,5.14279
0.133179,5.13777
0.133301,5.13276
0.133423,5.12775
0.133545,5.12274
0.133667,5.11774
0.133789,5.11274
0.133911,5.10775
0.134033,5.10277
0.134155,5.09779
0.134277,5.09281
0.134399,5.08784
0.134521,5.08287
0.134644,5.07791
0.134766,5.07296
0.134888,5.06801
0.13501,5.06306
0.135132,5.05812
0.135254,5.05318
0.135376,5.04825
0.135498,5.04332
0.13562,5.0384
0.135742,5.03348
0.135864,5.02857
0.135986,5.02366
0.136108,5.01875
0.13623,5.01385
0.136353,5.00896
0.136475,5.00407
0.136597,4.99919
0.136719,4.99431
0.136841,4.98943
0.136963,4.98456
0.137085,4.9797
0.137207,4.97484
0.137329,4.96998
0.137451,4.96513
0.137573,4.96028
0.137695,4.95544
0.137817,4.95061
0.137939,4.94577
0.138062,4.94095
0.138184,4.93612
0.138306,4.9313
0.138428,4.92649
0.13855,4.92168
0.138672,4.91688
0.138794,4.91208
0.138916,4.90728
0.139038,4.90249
0.13916,4.89771
0.139282,4.89293
0.139404,4.88815
0.139526,4.88338
0.139648,4.87861
0.139771,4.87385
0.139893,4.8691
0.140015,4.86434
0.140137,4.85959
0.140259,4.85485
0.140381,4.85011
0.140503,4.84538
0.140625,4.84065
0.140747,4.83592
0.140869,4.8312
0.140991,4.82649
0.141113,4.82178
0.141235,4.81707
0.141357,4.81237
0.141479,4.80767
0.141602,4.80298
0.141724,4.79829
0.141846,4.79361
0.141968,4.78893
0.14209,4.78425
0.142212,4.77958
0.142334,4.77492
0.142456,4.77026
0.142578,4.7656
0.1427,4.76095
0.142822,4.7563
0.142944,4.75166
0.143066,4.74702
0.143188,4.74239
0.143311,4.73776
0.143433,4.73314
0.143555,4.72852
0.143677,4.7239
0.143799,4.71929
0.143921,4.71468
0.144043,4.71008
0.144165,4.70548
0.144287,4.70089
0.144409,4.6963
0.144531,4.69172
0.144653,4.68714
0.144775,4.68256
0.144897,4.67799
0.14502,4.67343
0.145142,4.66887
0.145264,4.66431
0.145386,4.65976
0.145508,4.65521
0.14563,4.65066
0.145752,4.64612
0.145874,4.64159
0.145996,4.63706
0.146118,4.63253
0.14624,4.62801
0.146362,4.62349
0.146484,4.61898
0.146606,4.61447
0.146729,4.60997
0.146851,4.60547
0.146973,4.60097
0.147095,4.59648
0.147217,4.59199
0.147339,4.58751
0.147461,4.58303
0.147583,4.57856
0.147705,4.57409
0.147827,4.56963
0.147949,4.56517
0.148071,4.56071
0.148193,4.55626
0.148315,4.55181
0.148438,4.54737
0.14856,4.54293
0.148682,4.5385
0.148804,4.53407
0.148926,4.52964
0.149048,4.52522
0.14917,4.5208
0.149292,4.51639
0.149414,4.51198
0.149536,4.50758
0.149658,4.50318
0.14978,4.49878
0.149902,4.49439
0.150024,4.49
0.150146,4.48562
0.150269,4.48124
0.150391,4.47687
0.150513,4.4725
0.150635,4.46813
0.150757,4.46377
0.150879,4.45941
0.151001,4.45506
0.151123,4.45071
0.151245,4.44637
0.151367,4.44203
0.151489,4.43769
0.151611,4.43336
0.151733,4.42904
0.151855,4.42471
0.151978,4.42039
0.1521,4.41608
0.152222,4.41177
0.152344,4.40746
0.152466,4.40316
0.152588,4.39886
0.15271,4.39457
0.152832,4.39028
0.152954,4.38599
0.153076,4.38171
0.153198,4.37744
0.15332,4.37316
0.153442,4.36889
0.153564,4.36463
0.153687,4.36037
0.153809,4.35611
0.153931,4.35186
0.154053,4.34761
0.154175,4.34337
0.154297,4.33913
0.154419,4.33489
0.154541,4.33066
0.154663,4.32644
0.154785,4.32221
0.154907,4.31799
0.155029,4.31378
0.155151,4.30957
0.155273,4.30536
0.155396,4.30116
0.155518,4.29696
0.15564,4.29277
0.155762,4.28858
0.155884,4.28439
0.156006,4.28021
0.156128,4.27603
0.15625,4.27186
0.156372,4.26769
0.156494,4.26352
0.156616,4.25936
0.156738,4.2552
0.15686,4.25105
0.156982,4.2469
0.157104,4.24276
0.157227,4.23861
0.157349,4.23448
0.157471,4.23034
0.157593,4.22621
0.157715,4.22209
0.157837,4.21797
0.157959,4.21385
0.158081,4.20974
0.158203,4.20563
0.158325,4.20152
0.158447,4.19742
0.158569,4.19333
0.158691,4.18923
0.158813,4.18514
0.158936,4.18106
0.159058,4.17698
0.15918,4.1729
0.159302,4.16883
0.159424,4.16476
0.159546,4.16069
0.159668,4.15663
0.15979,4.15257
0.159912,4.14852
0.160034,4.14447
0.160156,4.14043
0.160278,4.13639
0.1604,4.13235
0.160522,4.12831
0.160645,4.12428
0.160767,4.12026
0.160889,4.11624
0.161011,4.11222
0.161133,4.10821
0.161255,4.1042
0.161377,4.10019
0.161499,4.09619
0.161621,4.09219
0.161743,4.08819
0.161865,4.0842
0.161987,4.08022
0.162109,4.07624
0.162231,4.07226
0.162354,4.06828
0.162476,4.06431
0.162598,4.06034
0.16272,4.05638
0.162842,4.05242
0.162964,4.04847
0.163086,4.04451
0.163208,4.04057
0.16333,4.03662
0.163452,4.03268
0.163574,4.02875
0.163696,4.02481
0.163818,4.02088
0.16394,4.01696
0.164063,4.01304
0.164185,4.00912
0.164307,4.00521
0.164429,4.0013
0.164551,3.99739
0.164673,3.99349
0.164795,3.98959
0.164917,3.9857
0.165039,3.98181
0.165161,3.97792
0.165283,3.97404
0.165405,3.97016
0.165527,3.96629
0.165649,3.96241
0.165771,3.95855
0.165894,3.95468
0.166016,3.95082
0.166138,3.94697
0.16626,3.94311
0.166382,3.93927
0.166504,3.93542
0.166626,3.93158
0.166748,3.92774
0.16687,3.92391
0.166992,3.92008
0.167114,3.91625
0.167236,3.91243
0.167358,3.90861
0.16748,3.90479
0.167603,3.90098
0.167725,3.89718
0.167847,3.89337
0.167969,3.88957
0.168091,3.88577
0.168213,3.88198
0.168335,3.87819
0.168457,3.87441
0.168579,3.87063
0.168701,3.86685
0.168823,3.86307
0.168945,3.8593
0.169067,3.85554
0.169189,3.85177
0.169312,3.84801
0.169434,3.84426
0.169556,3.8405
0.169678,3.83676
0.1698,3.83301
0.169922,3.82927
0.170044,3.82553
0.170166,3.8218
0.170288,3.81807
0.17041,3.81434
0.170532,3.81062
0.170654,3.8069
0.170776,3.80318
0.170898,3.79947
0.171021,3.79576
0.171143,3.79206
0.171265,3.78835
0.171387,3.78466
0.171509,3.78096
0.171631,3.77727
0.171753,3.77358
0.171875,3.7699
0.171997,3.76622
0.172119,3.76255
0.172241,3.75887
0.172363,3.7552
0.172485,3.75154
0.172607,3.74788
0.172729,3.74422
0.172852,3.74056
0.172974,3.73691
0.173096,3.73327
0.173218,3.72962
0.17334,3.72598
0.173462,3.72234
0.173584,3.71871
0.173706,3.71508
0.173828,3.71145
0.17395,3.70783
0.174072,3.70421
0.174194,3.7006
0.174316,3.69699
0.174438,3.69338
0.174561,3.68977
0.174683,3.68617
0.174805,3.68257
0.174927,3.67898
0.175049,3.67539
0.175171,3.6718
0.175293,3.66821
0.175415,3.66463
0.175537,3.66106
0.175659,3.65748
0.175781,3.65391
0.175903,3.65035
0.176025,3.64678
0.176147,3.64322
0.17627,3.63967
0.176392,3.63612
0.176514,3.63257
0.176636,3.62902
0.176758,3.62548
0.17688,3.62194
0.177002,3.6184
0.177124,3.61487
0.177246,3.61134
0.177368,3.60782
0.17749,3.6043
0.177612,3.60078
0.177734,3.59727
0.177856,3.59375
0.177979,3.59025
0.178101,3.58674
0.178223,3.58324
0.178345,3.57974
0.178467,3.57625
0.178589,3.57276
0.178711,3.56927
0.178833,3.56579
0.178955,3.56231
0.179077,3.55883
0.179199,3.55536
0.179321,3.55189
0.179443,3.54842
0.179565,3.54495
0.179688,3.54149
0.17981,3.53804
0.179932,3.53458
0.180054,3.53113
0.180176,3.52769
0.180298,3.52424
0.18042,3.5208
0.180542,3.51737
0.180664,3.51393
0.180786,3.5105
0.180908,3.50708
0.18103,3.50365
0.181152,3.50024
0.181274,3.49682
0.181396,3.49341
0.181519,3.49
0.181641,3.48659
0.181763,3.48319
0.181885,3.47979
0.182007,3.47639
0.182129,3.473
0.182251,3.46961
0.182373,3.46622
0.182495,3.46284
0.182617,3.45946
0.182739,3.45608
0.182861,3.45271
0.182983,3.44934
0.183105,3.44597
0.183228,3.44261
0.18335,3.43925
0.183472,3.43589
0.183594,3.43253
0.183716,3.42918
0.183838,3.42584
0.18396,3.42249
0.184082,3.41915
0.184204,3.41581
0.184326,3.41248
0.184448,3.40915
0.18457,3.40582
0.184692,3.4025
0.184814,3.39918
0.184937,3.39586
0.185059,3.39254
0.185181,3.38923
0.185303,3.38592
0.185425,3.38262
0.185547,3.37932
0.185669,3.37602
0.185791,3.37272
0.185913,3.36943
0.186035,3.36614
0.186157,3.36286
0.186279,3.35958
0.186401,3.3563
0.186523,3.35302
0.186646,3.34975
0.186768,3.34648
0.18689,3.34321
0.187012,3.33995
0.187134,3.33669
0.187256,3.33343
0.187378,3.33018
0.1875,3.32693
0.187622,3.32368
0.187744,3.32043
0.187866,3.31719
0.187988,3.31396
0.18811,3.31072
0.188232,3.30749
0.188354,3.30426
0.188477,3.30104
0.188599,3.29781
0.188721,3.2946
0.188843,3.29138
0.188965,3.28817
0.189087,3.28496
0.189209,3.28175
0.189331,3.27855
0.189453,3.27535
0.189575,3.27215
0.189697,3.26896
0.189819,3.26577
0.189941,3.26258
0.190063,3.25939
0.190186,3.25621
0.190308,3.25303
0.19043,3.24986
0.190552,3.24669
0.190674,3.24352
0.190796,3.24035
0.190918,3.23719
0.19104,3.23403
0.191162,3.23087
0.191284,3.22772
0.191406,3.22457
0.191528,3.22142
0.19165,3.21828
0.191772,3.21513
0.191895,3.212
0.192017,3.20886
0.192139,3.20573
0.192261,3.2026
0.192383,3.19947
0.192505,3.19635
0.192627,3.19323
0.192749,3.19011
0.192871,3.187
0.192993,3.18389
0.193115,3.18078
0.193237,3.17768
0.193359,3.17458
0.193481,3.17148
0.193604,3.16838
0.193726,3.16529
0.193848,3.1622
0.19397,3.15911
0.194092,3.15603
0.194214,3.15295
0.194336,3.14987
0.194458,3.1468
0.19458,3.14372
0.194702,3.14066
0.194824,3.13759
0.194946,3.13453
0.195068,3.13147
0.19519,3.12841
0.195313,3.12536
0.195435,3.12231
0.195557,3.11926
0.195679,3.11622
0.195801,3.11317
0.195923,3.11013
0.196045,3.1071
0.196167,3.10407
0.196289,3.10104
0.196411,3.09801
0.196533,3.09499
0.196655,3.09196
0.196777,3.08895
0.196899,3.08593
0.197021,3.08292
0.197144,3.07991
0.197266,3.0769
0.197388,3.0739
0.19751,3.0709
0.197632,3.0679
0.197754,3.06491
0.197876,3.06192
0.197998,3.05893
0.19812,3.05594
0.198242,3.05296
0.198364,3.04998
0.198486,3.047
0.198608,3.04403
0.19873,3.04106
0.198853,3.03809
0.198975,3.03512
0.199097,3.03216
0.199219,3.0292
0.199341,3.02624
0.199463,3.02329
0.199585,3.02034
0.199707,3.01739
0.199829,3.01445
0.199951,3.0115
0.200073,3.00856
0.200195,3.00563
0.200317,3.00269
0.200439,2.99976
0.200562,2.99683
0.200684,2.99391
0.200806,2.99099
0.200928,2.98807
0.20105,2.98515
0.201172,2.98224
0.201294,2.97933
0.201416,2.97642
0.201538,2.97351
0.20166,2.97061
0.201782,2.96771
0.201904,2.96481
0.202026,2.96192
0.202148,2.95903
0.202271,2.95614
0.202393,2.95326
0.202515,2.95037
0.202637,2.94749
0.202759,2.94462
0.202881,2.94174
0.203003,2.93887
0.203125,2.936
0.203247,2.93314
0.203369,2.93027
0.203491,2.92741
0.203613,2.92456
0.203735,2.9217
0.203857,2.91885
0.203979,2.916
0.204102,2.91315
0.204224,2.91031
0.204346,2.90747
0.204468,2.90463
0.20459,2.9018
0.204712,2.89896
0.204834,2.89613
0.204956,2.89331
0.205078,2.89048
0.2052,2.88766
0.205322,2.88484
0.205444,2.88203
0.205566,2.87921
0.205688,2.8764
0.205811,2.8736
0.205933,2.87079
0.206055,2.86799
0.206177,2.86519
0.206299,2.86239
0.206421,2.8596
0.206543,2.85681
0.206665,2.85402
0.206787,2.85123
0.206909,2.84845
0.207031,2.84567
0.207153,2.84289
0.207275,2.84012
0.207397,2.83735
0.20752,2.83458
0.207642,2.83181
0.207764,2.82905
0.207886,2.82628
0.208008,2.82353
0.20813,2.82077
0.208252,2.81802
0.208374,2.81527
0.208496,2.81252
0.208618,2.80977
0.20874,2.80703
0.208862,2.80429
0.208984,2.80155
0.209106,2.79882
0.209229,2.79609
0.209351,2.79336
0.209473,2.79063
0.209595,2.78791
0.209717,2.78519
0.209839,2.78247
0.209961,2.77975
0.210083,2.77704
0.210205,2.77433
0.210327,2.77162
0.210449,2.76891
0.210571,2.76621
0.210693,2.76351
0.210815,2.76081
0.210938,2.75812
0.21106,2.75543
0.211182,2.75274
0.211304,2.75005
0.211426,2.74737
0.211548,2.74468
0.21167,2.74201
0.211792,2.73933
0.211914,2.73665
0.212036,2.73398
0.212158,2.73132
0.21228,2.72865
0.212402,2.72599
0.212524,2.72333
0.212646,2.72067
0.212769,2.71801
0.212891,2.71536
0.213013,2.71271
0.213135,2.71006
0.213257,2.70741
0.213379,2.70477
0.213501,2.70213
0.213623,2.69949
0.213745,2.69686
0.213867,2.69423
0.213989,2.6916
0.214111,2.68897
0.214233,2.68635
0.214355,2.68372
0.214478,2.6811
0.2146,2.67849
0.214722,2.67587
0.214844,2.67326
0.214966,2.67065
0.215088,2.66804
0.21521,2.66544
0.215332,2.66284
0.215454,2.66024
0.215576,2.65764
0.215698,2.65505
0.21582,2.65246
0.215942,2.64987
0.216064,2.64728
0.216187,2.6447
0.216309,2.64212
0.216431,2.63954
0.216553,2.63696
0.216675,2.63439
0.216797,2.63182
0.216919,2.62925
0.217041,2.62668
0.217163,2.62412
0.217285,2.62155
0.217407,2.619
0.217529,2.61644
0.217651,2.61389
0.217773,2.61133
0.217896,2.60879
0.218018,2.60624
0.21814,2.6037
0.218262,2.60115
0.218384,2.59861
0.218506,2.59608
0.218628,2.59354
0.21875,2.59101
0.218872,2.58848
0.218994,2.58596
0.219116,2.58343
0.219238,2.58091
0.21936,2.57839
0.219482,2.57588
0.219604,2.57336
0.219727,2.57085
0.219849,2.56834
0.219971,2.56583
0.220093,2.56333
0.220215,2.56083
0.220337,2.55833
0.220459,2.55583
0.220581,2.55334
0.220703,2.55084
0.220825,2.54835
0.220947,2.54587
0.221069,2.54338
0.221191,2.5409
0.221313,2.53842
0.221436,2.53594
0.221558,2.53346
0.22168,2.53099
0.221802,2.52852
0.221924,2.52605
0.222046,2.52359
0.222168,2.52112
0.22229,2.51866
0.222412,2.51621
0.222534,2.51375
0.222656,2.5113
0.222778,2.50884
0.2229,2.5064
0.223022,2.50395
0.223145,2.50151
0.223267,2.49906
0.223389,2.49662
0.223511,2.49419
0.223633,2.49175
0.223755,2.48932
0.223877,2.48689
0.223999,2.48446
0.224121,2.48204
0.224243,2.47962
0.224365,2.4772
0.224487,2.47478
0.224609,2.47236
0.224731,2.46995
0.224854,2.46754
0.224976,2.46513
0.225098,2.46272
0.22522,2.46032
0.225342,2.45792
0.225464,2.45552
0.225586,2.45312
0.225708,2.45073
0.22583,2.44834
0.225952,2.44595
0.226074,2.44356
0.226196,2.44117
0.226318,2.43879
0.22644,2.43641
0.226563,2.43403
0.226685,2.43166
0.226807,2.42928
0.226929,2.42691
0.227051,2.42454
0.227173,2.42218
0.227295,2.41981
0.227417,2.41745
0.227539,2.41509
0.227661,2.41273
0.227783,2.41038
0.227905,2.40802
0.228027,2.40567
0.228149,2.40333
0.228271,2.40098
0.228394,2.39864
0.228516,2.3963
0.228638,2.39396
0.22876,2.39162
0.228882,2.38929
0.229004,2.38695
0.229126,2.38462
0.229248,2.3823
0.22937,2.37997
0.229492,2.37765
0.229614,2.37533
0.229736,2.37301
0.229858,2.37069
0.22998,2.36838
0.230103,2.36607
0.230225,2.36376
0.230347,2.36145
0.230469,2.35914
0.230591,2.35684
0.230713,2.35454
0.230835,2.35224
0.230957,2.34995
0.231079,2.34765
0.231201,2.34536
0.231323,2.34307
0.231445,2.34079
0.231567,2.3385
0.231689,2.33622
0.231812,2.33394
0.231934,2.33166
0.232056,2.32938
0.232178,2.32711
0.2323,2.32484
0.232422,2.32257
0.232544,2.3203
0.232666,2.31804
0.232788,2.31577
0.23291,2.31351
0.233032,2.31126
0.233154,2.309
0.233276,2.30675
0.233398,2.30449
0.233521,2.30225
0.233643,2.3
0.233765,2.29775
0.233887,2.29551
0.234009,2.29327
0.234131,2.29103
0.234253,2.28879
0.234375,2.28656
0.234497,2.28433
0.234619,2.2821
0.234741,2.27987
0.234863,2.27765
0.234985,2.27542
0.235107,2.2732
0.235229,2.27098
0.235352,2.26877
0.235474,2.26655
0.235596,2.26434
0.235718,2.26213
0.23584,2.25992
0.235962,2.25772
0.236084,2.25551
0.236206,2.25331
0.236328,2.25111
0.23645,2.24891
0.236572,2.24672
0.236694,2.24453
0.236816,2.24233
0.236938,2.24015
0.237061,2.23796
0.237183,2.23577
0.237305,2.23359
0.237427,2.23141
0.237549,2.22923
0.237671,2.22706
0.237793,2.22488
0.237915,2.22271
0.238037,2.22054
0.238159,2.21838
0.238281,2.21621
0.238403,2.21405
0.238525,2.21189
0.238647,2.20973
0.23877,2.20757
0.238892,2.20542
0.239014,2.20326
0.239136,2.20111
0.239258,2.19896
0.23938,2.19682
0.239502,2.19467
0.239624,2.19253
0.239746,2.19039
0.239868,2.18825
0.23999,2.18612
0.240112,2.18398
0.240234,2.18185
0.240356,2.17972
0.240479,2.17759
0.240601,2.17547
0.240723,2.17335
0.240845,2.17122
0.240967,2.1691
0.241089,2.16699
0.241211,2.16487
0.241333,2.16276
0.241455,2.16065
0.241577,2.15854
0.241699,2.15643
0.241821,2.15433
0.241943,2.15222
0.242065,2.15012
0.242188,2.14803
0.24231,2.14593
0.242432,2.14383
0.242554,2.14174
0.242676,2.13965
0.242798,2.13756
0.24292,2.13548
0.243042,2.13339
0.243164,2.13131
0.243286,2.12923
0.243408,2.12715
0.24353,2.12507
0.243652,2.123
0.243774,2.12093
0.243896,2.11886
0.244019,2.11679
0.244141,2.11472
0.244263,2.11266
0.244385,2.1106
0.244507,2.10854
0.244629,2.10648
0.244751,2.10442
0.244873,2.10237
0.244995,2.10032
0.245117,2.09827
0.245239,2.09622
0.245361,2.09417
0.245483,2.09213
0.245605,2.09009
0.245728,2.08805
0.24585,2.08601
0.245972,2.08397
0.246094,2.08194
0.246216,2.07991
0.246338,2.07787
0.24646,2.07585
0.246582,2.07382
0.246704,2.0718
0.246826,2.06977
0.246948,2.06775
0.24707,2.06574
0.247192,2.06372
0.247314,2.0617
0.247437,2.05969
0.247559,2.05768
0.247681,2.05567
0.247803,2.05367
0.247925,2.05166
0.248047,2.04966
0.248169,2.04766
0.248291,2.04566
0.248413,2.04366
0.248535,2.04167
0.248657,2.03968
0.248779,2.03769
0.248901,2.0357
0.249023,2.03371
0.249146,2.03172
0.249268,2.02974
0.24939,2.02776
0.249512,2.02578
0.249634,2.0238
0.249756,2.02183
0.249878,2.01985
0.25,2.01788
0.250122,2.01591
0.250244,2.01395
0.250366,2.01198
0.250488,2.01002
0.25061,2.00805
0.250732,2.00609
0.250854,2.00414
0.250977,2.00218
0.251099,2.00023
0.251221,1.99827
0.251343,1.99632
0.251465,1.99437
0.251587,1.99243
0.251709,1.99048
0.251831,1.98854
0.251953,1.9866
0.252075,1.98466
0.252197,1.98272
0.252319,1.98079
0.252441,1.97885
0.252563,1.97692
0.252686,1.97499
0.252808,1.97306
0.25293,1.97114
0.253052,1.96921
0.253174,1.96729
0.253296,1.96537
0.253418,1.96345
0.25354,1.96154
0.253662,1.95962
0.253784,1.95771
0.253906,1.9558
0.254028,1.95389
0.25415,1.95198
0.254272,1.95008
0.254395,1.94817
0.254517,1.94627
0.254639,1.94437
0.254761,1.94247
0.254883,1.94058
0.255005,1.93868
0.255127,1.93679
0.255249,1.9349
0.255371,1.93301
0.255493,1.93113
0.255615,1.92924
0.255737,1.92736
0.255859,1.92548
0.255981,1.9236
0.256104,1.92172
0.256226,1.91984
0.256348,1.91797
0.25647,1.9161
0.256592,1.91423
0.256714,1.91236
0.256836,1.91049
0.256958,1.90863
0.25708,1.90677
0.257202,1.9049
0.257324,1.90304
0.257446,1.90119
0.257568,1.89933
0.25769,1.89748
0.257813,1.89563
0.257935,1.89378
0.258057,1.89193
0.258179,1.89008
0.258301,1.88824
0.258423,1.88639
0.258545,1.88455
0.258667,1.88271
0.258789,1.88087
0.258911,1.87904
0.259033,1.8772
0.259155,1.87537
0.259277,1.87354
0.259399,1.87171
0.259521,1.86989
0.259644,1.86806
0.259766,1.86624
0.259888,1.86441
0.26001,1.8626
0.260132,1.86078
0.260254,1.85896
0.260376,1.85715
0.260498,1.85533
0.26062,1.85352
0.260742,1.85171
0.260864,1.84991
0.260986,1.8481
0.261108,1.8463
0.26123,1.84449
0.261353,1.84269
0.261475,1.8409
0.261597,1.8391
0.261719,1.8373
0.261841,1.83551
0.261963,1.83372
0.262085,1.83193
0.262207,1.83014
0.262329,1.82835
0.262451,1.82657
0.262573,1.82479
0.262695,1.82301
0.262817,1.82123
0.262939,1.81945
0.263062,1.81767
0.263184,1.8159
0.263306,1.81413
0.263428,1.81235
0.26355,1.81059
0.263672,1.80882
0.263794,1.80705
0.263916,1.80529
0.264038,1.80353
0.26416,1.80177
0.264282,1.80001
0.264404,1.79825
0.264526,1.7965
0.264648,1.79474
0.264771,1.79299
0.264893,1.79124
0.265015,1.78949
0.265137,1.78775
0.265259,1.786
0.265381,1.78426
0.265503,1.78252
0.265625,1.78078
0.265747,1.77904
0.265869,1.7773
0.265991,1.77557
0.266113,1.77383
0.266235,1.7721
0.266357,1.77037
0.266479,1.76864
0.266602,1.76692
0.266724,1.76519
0.266846,1.76347
0.266968,1.76175
0.26709,1.76003
0.267212,1.75831
0.267334,1.75659
0.267456,1.75488
0.267578,1.75317
0.2677,1.75146
0.267822,1.74975
0.267944,1.74804
0.268066,1.74633
0.268188,1.74463
0.268311,1.74292
0.268433,1.74122
0.268555,1.73952
0.268677,1.73783
0.268799,1.73613
0.268921,1.73443
0.269043,1.73274
0.269165,1.73105
0.269287,1.72936
0.269409,1.72767
0.269531,1.72599
0.269653,1.7243
0.269775,1.72262
0.269897,1.72094
0.27002,1.71926
0.270142,1.71758
0.270264,1.7159
0.270386,1.71423
0.270508,1.71255
0.27063,1.71088
0.270752,1.70921
0.270874,1.70755
0.270996,1.70588
0.271118,1.70421
0.27124,1.70255
0.271362,1.70089
0.271484,1.69923
0.271606,1.69757
0.271729,1.69591
0.271851,1.69426
0.271973,1.6926
0.272095,1.69095
0.272217,1.6893
0.272339,1.68765
0.272461,1.686
0.272583,1.68436
0.272705,1.68271
0.272827,1.68107
0.272949,1.67943
0.273071,1.67779
0.273193,1.67615
0.273315,1.67452
0.273438,1.67288
0.27356,1.67125
0.273682,1.66962
0.273804,1.66799
0.273926,1.66636
0.274048,1.66474
0.27417,1.66311
0.274292,1.66149
0.274414,1.65987
0.274536,1.65824
0.274658,1.65663
0.27478,1.65501
0.274902,1.65339
0.275024,1.65178
0.275146,1.65017
0.275269,1.64856
0.275391,1.64695
0.275513,1.64534
0.275635,1.64373
0.275757,1.64213
0.275879,1.64053
0.276001,1.63893
0.276123,1.63733
0.276245,1.63573
0.276367,1.63413
0.276489,1.63254
0.276611,1.63094
0.276733,1.62935
0.276855,1.62776
0.276978,1.62617
0.2771,1.62458
0.277222,1.623
0.277344,1.62141
0.277466,1.61983
0.277588,1.61825
0.27771,1.61667
0.277832,1.61509
0.277954,1.61352
0.278076,1.61194
0.278198,1.61037
0.27832,1.6088
0.278442,1.60723
0.278564,1.60566
0.278687,1.60409
0.278809,1.60252
0.278931,1.60096
0.279053,1.5994
0.279175,1.59784
0.279297,1.59628
0.279419,1.59472
0.279541,1.59316
0.279663,1.59161
0.279785,1.59005
0.279907,1.5885
0.280029,1.58695
0.280151,1.5854
0.280273,1.58385
0.280396,1.58231
0.280518,1.58076
0.28064,1.57922
0.280762,1.57768
0.280884,1.57614
0.281006,1.5746
0.281128,1.57306
0.28125,1.57153
0.281372,1.56999
0.281494,1.56846
0.281616,1.56693
0.281738,1.5654
0.28186,1.56387
0.281982,1.56235
0.282104,1.56082
0.282227,1.5593
0.282349,1.55778
0.282471,1.55626
0.282593,1.55474
0.282715,1.55322
0.282837,1.5517
0.282959,1.55019
0.283081,1.54868
0.283203,1.54716
0.283325,1.54565
0.283447,1.54415
0.283569,1.54264
0.283691,1.54113
0.283813,1.53963
0.283936,1.53813
0.284058,1.53662
0.28418,1.53512
0.284302,1.53363
0.284424,1.53213
0.284546,1.53063
0.284668,1.52914
0.28479,1.52765
0.284912,1.52616
0.285034,1.52467
0.285156,1.52318
0.285278,1.52169
0.2854,1.52021
0.285522,1.51872
0.285645,1.51724
0.285767,1.51576
0.285889,1.51428
0.286011,1.5128
0.286133,1.51132
0.286255,1.50985
0.286377,1.50838
0.286499,1.5069
0.286621,1.50543
0.286743,1.50396
0.286865,1.50249
0.286987,1.50103
0.287109,1.49956
0.287231,1.4981
0.287354,1.49664
0.287476,1.49518
0.287598,1.49372
0.28772,1.49226
0.287842,1.4908
0.287964,1.48935
0.288086,1.48789
0.288208,1.48644
0.28833,1.48499
0.288452,1.48354
0.288574,1.48209
0.288696,1.48065
0.288818,1.4792
0.28894,1.47776
0.289063,1.47631
0.289185,1.47487
0.289307,1.47343
0.289429,1.472
0.289551,1.47056
0.289673,1.46912
0.289795,1.46769
0.289917,1.46626
0.290039,1.46483
0.290161,1.4634
0.290283,1.46197
0.290405,1.46054
0.290527,1.45912
0.290649,1.45769
0.290771,1.45627
0.290894,1.45485
0.291016,1.45343
0.291138,1.45201
0.29126,1.45059
0.291382,1.44917
0.291504,1.44776
0.291626,1.44635
0.291748,1.44494
0.29187,1.44352
0.291992,1.44212
0.292114,1.44071
0.292236,1.4393
0.292358,1.4379
0.29248,1.43649
0.292603,1.43509
0.292725,1.43369
0.292847,1.43229
0.292969,1.43089
0.293091,1.4295
0.293213,1.4281
0.293335,1.42671
0.293457,1.42531
0.293579,1.42392
0.293701,1.42253
0.293823,1.42115
0.293945,1.41976
0.294067,1.41837
0.294189,1.41699
0.294312,1.4156
0.294434,1.41422
0.294556,1.41284
0.294678,1.41146
0.2948,1.41009
0.294922,1.40871
0.295044,1.40733
0.295166,1.40596
0.295288,1.40459
0.29541,1.40322
0.295532,1.40185
0.295654,1.40048
0.295776,1.39911
0.295898,1.39775
0.296021,1.39638
0.296143,1.39502
0.296265,1.39366
0.296387,1.3923
0.296509,1.39094
0.296631,1.38958
0.296753,1.38822
0.296875,1.38687
0.296997,1.38552
0.297119,1.38416
0.297241,1.38281
0.297363,1.38146
0.297485,1.38011
0.297607,1.37877
0.297729,1.37742
0.297852,1.37608
0.297974,1.37473
0.298096,1.37339
0.298218,1.37205
0.29834,1.37071
0.298462,1.36937
0.298584,1.36804
0.298706,1.3667
0.298828,1.36537
0.29895,1.36404
0.299072,1.3627
0.299194,1.36137
0.299316,1.36004
0.299438,1.35872
0.299561,1.35739
0.299683,1.35607
0.299805,1.35474
0.299927,1.35342
0.300049,1.3521
0.300171,1.35078
0.300293,1.34946
0.300415,1.34814
0.300537,1.34683
0.300659,1.34551
0.300781,1.3442
0.300903,1.34289
0.301025,1.34158
0.301147,1.34027
0.30127,1.33896
0.301392,1.33765
0.301514,1.33635
0.301636,1.33504
0.301758,1.33374
0.30188,1.33244
0.302002,1.33114
0.302124,1.32984
0.302246,1.32854
0.302368,1.32724
0.30249,1.32595
0.302612,1.32465
0.302734,1.32336
0.302856,1.32207
0.302979,1.32078
0.303101,1.31949
0.303223,1.3182
0.303345,1.31691
0.303467,1.31563
0.303589,1.31434
0.303711,1.31306
0.303833,1.31178
0.303955,1.3105
0.304077,1.30922
0.304199,1.30794
0.304321,1.30667
0.304443,1.30539
0.304565,1.30412
0.304688,1.30284
0.30481,1.30157
0.304932,1.3003
0.305054,1.29903
0.305176,1.29776
0.305298,1.2965
0.30542,1.29523
0.305542,1.29397
0.305664,1.2927
0.305786,1.29144
0.305908,1.29018
0.30603,1.28892
0.306152,1.28766
0.306274,1.28641
0.306396,1.28515
0.306519,1.2839
0.306641,1.28264
0.306763,1.28139
0.306885,1.28014
0.307007,1.27889
0.307129,1.27764
0.307251,1.2764
0.307373,1.27515
0.307495,1.27391
0.307617,1.27266
0.307739,1.27142
0.307861,1.27018
0.307983,1.26894
0.308105,1.2677
0.308228,1.26646
0.30835,1.26523
0.308472,1.26399
0.308594,1.26276
0.308716,1.26153
0.308838,1.26029
0.30896,1.25906
0.309082,1.25784
0.309204,1.25661
0.309326,1.25538
0.309448,1.25416
0.30957,1.25293
0.309692,1.25171
0.309814,1.25049
0.309937,1.24927
0.310059,1.24805
0.310181,1.24683
0.310303,1.24561
0.310425,1.2444
0.310547,1.24318
0.310669,1.24197
0.310791,1.24076
0.310913,1.23954
0.311035,1.23833
0.311157,1.23713
0.311279,1.23592
0.311401,1.23471
0.311523,1.23351
0.311646,1.2323
0.311768,1.2311
0.31189,1.2299
0.312012,1.2287
0.312134,1.2275
0.312256,1.2263
0.312378,1.2251
0.3125,1.22391
0.312622,1.22271
0.312744,1.22152
0.312866,1.22033
0.312988,1.21914
0.31311,1.21795
0.313232,1.21676
0.313354,1.21557
0.313477,1.21438
0.313599,1.2132
0.313721,1.21201
0.313843,1.21083
0.313965,1.20965
0.314087,1.20847
0.314209,1.20729
0.314331,1.20611
0.314453,1.20493
0.314575,1.20376
0.314697,1.20258
0.314819,1.20141
0.314941,1.20024
0.315063,1.19906
0.315186,1.19789
0.315308,1.19672
0.31543,1.19556
0.315552,1.19439
0.315674,1.19322
0.315796,1.19206
0.315918,1.19089
0.31604,1.18973
0.316162,1.18857
0.316284,1.18741
0.316406,1.18625
0.316528,1.18509
0.31665,1.18394
0.316772,1.18278
0.316895,1.18163
0.317017,1.18047
0.317139,1.17932
0.317261,1.17817
0.317383,1.17702
0.317505,1.17587
0.317627,1.17472
0.317749,1.17358
0.317871,1.17243
0.317993,1.17129
0.318115,1.17014
0.318237,1.169
0.318359,1.16786
0.318481,1.16672
0.318604,1.16558
0.318726,1.16444
0.318848,1.16331
0.31897,1.16217
0.319092,1.16104
0.319214,1.1599
0.319336,1.15877
0.319458,1.15764
0.31958,1.15651
0.319702,1.15538
0.319824,1.15426
0.319946,1.15313
0.320068,1.152
0.32019,1.15088
0.320313,1.14976
0.320435,1.14863
0.320557,1.14751
0.320679,1.14639
0.320801,1.14527
0.320923,1.14415
0.321045,1.14304
0.321167,1.14192
0.321289,1.14081
0.321411,1.13969
0.321533,1.13858
0.321655,1.13747
0.321777,1.13636
0.321899,1.13525
0.322021,1.13414
0.322144,1.13304
0.322266,1.13193
0.322388,1.13082
0.32251,1.12972
0.322632,1.12862
0.322754,1.12752
0.322876,1.12642
0.322998,1.12532
0.32312,1.12422
0.323242,1.12312
0.323364,1.12202
0.323486,1.12093
0.323608,1.11984
0.32373,1.11874
0.323853,1.11765
0.323975,1.11656
0.324097,1.11547
0.324219,1.11438
0.324341,1.11329
0.324463,1.11221
0.324585,1.11112
0.324707,1.11004
0.324829,1.10895
0.324951,1.10787
0.325073,1.10679
0.325195,1.10571
0.325317,1.10463
0.325439,1.10355
0.325562,1.10247
0.325684,1.1014
0.325806,1.10032
0.325928,1.09925
0.32605,1.09818
0.326172,1.0971
0.326294,1.09603
0.326416,1.09496
0.326538,1.09389
0.32666,1.09283
0.326782,1.09176
0.326904,1.09069
0.327026,1.08963
0.327148,1.08857
0.327271,1.0875
0.327393,1.08644
0.327515,1.08538
0.327637,1.08432
0.327759,1.08326
0.327881,1.08221
0.328003,1.08115
0.328125,1.08009
0.328247,1.07904
0.328369,1.07799
0.328491,1.07694
0.328613,1.07588
0.328735,1.07483
0.328857,1.07378
0.328979,1.07274
0.329102,1.07169
0.329224,1.07064
0.329346,1.0696
0.329468,1.06855
0.32959,1.06751
0.329712,1.06647
0.329834,1.06543
0.329956,1.06439
0.330078,1.06335
0.3302,1.06231
0.330322,1.06127
0.330444,1.06024
0.330566,1.0592
0.330688,1.05817
0.330811,1.05714
0.330933,1.05611
0.331055,1.05507
0.331177,1.05404
0.331299,1.05302
0.331421,1.05199
0.331543,1.05096
0.331665,1.04994
0.331787,1.04891
0.331909,1.04789
0.332031,1.04686
0.332153,1.04584
0.332275,1.04482
0.332397,1.0438
0.33252,1.04278
0.332642,1.04176
0.332764,1.04075
0.332886,1.03973
0.333008,1.03872
0.33313,1.0377
0.333252,1.03669
0.333374,1.03568
0.333496,1.03467
0.333618,1.03366
0.33374,1.03265
0.333862,1.03164
0.333984,1.03063
0.334106,1.02963
0.334229,1.02862
0.334351,1.02762
0.334473,1.02662
0.334595,1.02561
0.334717,1.02461
0.334839,1.02361
0.334961,1.02261
0.335083,1.02162
0.335205,1.02062
0.335327,1.01962
0.335449,1.01863
0.335571,1.01763
0.335693,1.01664
0.335815,1.01565
0.335938,1.01466
0.33606,1.01366
0.336182,1.01268
0.336304,1.01169
0.336426,1.0107
0.336548,1.00971
0.33667,1.00873
0.336792,1.00774
0.336914,1.00676
0.337036,1.00578
0.337158,1.00479
0.33728,1.00381
0.337402,1.00283
0.337524,1.00186
0.337646,1.00088
0.337769,0.9999
0.337891,0.998924
0.338013,0.997949
0.338135,0.996975
0.338257,0.996002
0.338379,0.99503
0.338501,0.994059
0.338623,0.993089
0.338745,0.992119
0.338867,0.991151
0.338989,0.990183
0.339111,0.989217
0.339233,0.988251
0.339355,0.987287
0.339478,0.986323
0.3396,0.98536
0.339722,0.984398
0.339844,0.983438
0.339966,0.982478
0.340088,0.981519
0.34021,0.980561
0.340332,0.979604
0.340454,0.978647
0.340576,0.977692
0.340698,0.976738
0.34082,0.975784
0.340942,0.974832
0.341064,0.97388
0.341187,0.97293
0.341309,0.97198
0.341431,0.971031
0.341553,0.970084
0.341675,0.969137
0.341797,0.968191
0.341919,0.967246
0.342041,0.966302
0.342163,0.965358
0.342285,0.964416
0.342407,0.963475
0.342529,0.962534
0.342651,0.961595
0.342773,0.960656
0.342896,0.959719
0.343018,0.958782
0.34314,0.957846
0.343262,0.956911
0.343384,0.955977
0.343506,0.955044
0.343628,0.954112
0.34375,0.95318
0.343872,0.95225
0.343994,0.95132
0.344116,0.950392
0.344238,0.949464
0.34436,0.948538
0.344482,0.947612
0.344604,0.946687
0.344727,0.945763
0.344849,0.944839
0.344971,0.943917
0.345093,0.942996
0.345215,0.942075
0.345337,0.941156
0.345459,0.940237
0.345581,0.93932
0.345703,0.938403
0.345825,0.937487
0.345947,0.936572
0.346069,0.935657
0.346191,0.934744
0.346313,0.933832
0.346436,0.93292
0.346558,0.93201
0.34668,0.9311
0.346802,0.930191
0.346924,0.929283
0.347046,0.928376
0.347168,0.92747
0.34729,0.926565
0.347412,0.92566
0.347534,0.924757
0.347656,0.923854
0.347778,0.922952
0.3479,0.922051
0.348022,0.921151
0.348145,0.920252
0.348267,0.919354
0.348389,0.918457
0.348511,0.91756
0.348633,0.916665
0.348755,0.91577
0.348877,0.914876
0.348999,0.913983
0.349121,0.913091
0.349243,0.9122
0.349365,0.911309
0.349487,0.91042
0.349609,0.909531
0.349731,0.908643
0.349854,0.907756
0.349976,0.90687
0.350098,0.905985
0.35022,0.905101
0.350342,0.904217
0.350464,0.903335
0.350586,0.902453
0.350708,0.901572
0.35083,0.900692
0.350952,0.899813
0.351074,0.898935
0.351196,0.898057
0.351318,0.897181
0.35144,0.896305
0.351563,0.89543
0.351685,0.894556
0.351807,0.893683
0.351929,0.892811
0.352051,0.891939
0.352173,0.891069
0.352295,0.890199
0.352417,0.88933
0.352539,0.888462
0.352661,0.887595
0.352783,0.886728
0.352905,0.885863
0.353027,0.884998
0.353149,0.884134
0.353271,0.883271
0.353394,0.882409
0.353516,0.881548
0.353638,0.880687
0.35376,0.879828
0.353882,0.878969
0.354004,0.878111
0.354126,0.877254
0.354248,0.876398
0.35437,0.875542
0.354492,0.874687
0.354614,0.873834
0.354736,0.872981
0.354858,0.872129
0.35498,0.871277
0.355103,0.870427
0.355225,0.869577
0.355347,0.868729
0.355469,0.867881
0.355591,0.867033
0.355713,0.866187
0.355835,0.865342
0.355957,0.864497
0.356079,0.863653
0.356201,0.86281
0.356323,0.861968
0.356445,0.861127
0.356567,0.860286
0.356689,0.859446
0.356812,0.858608
0.356934,0.857769
0.357056,0.856932
0.357178,0.856096
0.3573,0.85526
0.357422,0.854425
0.357544,0.853591
0.357666,0.852758
0.357788,0.851926
0.35791,0.851094
0.358032,0.850264
0.358154,0.849434
0.358276,0.848605
0.358398,0.847776
0.358521,0.846949
0.358643,0.846122
0.358765,0.845296
0.358887,0.844471
0.359009,0.843647
0.359131,0.842823
0.359253,0.842001
0.359375,0.841179
0.359497,0.840358
0.359619,0.839537
0.359741,0.838718
0.359863,0.837899
0.359985,0.837081
0.360107,0.836264
0.360229,0.835448
0.360352,0.834633
0.360474,0.833818
0.360596,0.833004
0.360718,0.832191
0.36084,0.831379
0.360962,0.830567
0.361084,0.829756
0.361206,0.828947
0.361328,0.828137
0.36145,0.827329
0.361572,0.826522
0.361694,0.825715
0.361816,0.824909
0.361938,0.824104
0.362061,0.823299
0.362183,0.822496
0.362305,0.821693
0.362427,0.820891
0.362549,0.82009
0.362671,0.819289
0.362793,0.818489
0.362915,0.81769
0.363037,0.816892
0.363159,0.816095
0.363281,0.815298
0.363403,0.814503
0.363525,0.813708
0.363647,0.812913
0.36377,0.81212
0.363892,0.811327
0.364014,0.810535
0.364136,0.809744
0.364258,0.808954
0.36438,0.808164
0.364502,0.807375
0.364624,0.806587
0.364746,0.8058
0.364868,0.805013
0.36499,0.804228
0.365112,0.803443
0.365234,0.802658
0.365356,0.801875
0.365479,0.801092
0.365601,0.80031
0.365723,0.799529
0.365845,0.798749
0.365967,0.797969
0.366089,0.79719
0.366211,0.796412
0.366333,0.795635
0.366455,0.794858
0.366577,0.794082
0.366699,0.793307
0.366821,0.792533
0.366943,0.791759
0.367065,0.790986
0.367188,0.790214
0.36731,0.789443
0.367432,0.788672
0.367554,0.787903
0.367676,0.787134
0.367798,0.786365
0.36792,0.785598
0.368042,0.784831
0.368164,0.784065
0.368286,0.7833
0.368408,0.782535
0.36853,0.781771
0.368652,0.781008
0.368774,0.780246
0.368896,0.779484
0.369019,0.778723
0.369141,0.777963
0.369263,0.777204
0.369385,0.776445
0.369507,0.775687
0.369629,0.77493
0.369751,0.774174
0.369873,0.773418
0.369995,0.772663
0.370117,0.771909
0.370239,0.771156
0.370361,0.770403
0.370483,0.769651
0.370605,0.7689
0.370728,0.768149
0.37085,0.767399
0.370972,0.76665
0.371094,0.765902
0.371216,0.765154
0.371338,0.764408
0.37146,0.763661
0.371582,0.762916
0.371704,0.762171
0.371826,0.761427
0.371948,0.760684
0.37207,0.759942
0.372192,0.7592
0.372314,0.758459
0.372437,0.757719
0.372559,0.756979
0.372681,0.75624
0.372803,0.755502
0.372925,0.754764
0.373047,0.754028
0.373169,0.753292
0.373291,0.752557
0.373413,0.751822
0.373535,0.751088
0.373657,0.750355
0.373779,0.749623
0.373901,0.748891
0.374023,0.74816
0.374146,0.74743
0.374268,0.7467
0.37439,0.745971
0.374512,0.745243
0.374634,0.744516
0.374756,0.743789
0.374878,0.743063
0.375,0.742338
0.375122,0.741613
0.375244,0.740889
0.375366,0.740166
0.375488,0.739444
0.37561,0.738722
0.375732,0.738001
0.375854,0.73728
0.375977,0.736561
0.376099,0.735842
0.376221,0.735124
0.376343,0.734406
0.376465,0.733689
0.376587,0.732973
0.376709,0.732257
0.376831,0.731543
0.376953,0.730829
0.377075,0.730115
0.377197,0.729403
0.377319,0.728691
0.377441,0.727979
0.377563,0.727269
0.377686,0.726559
0.377808,0.72585
0.37793,0.725141
0.378052,0.724434
0.378174,0.723726
0.378296,0.72302
0.378418,0.722314
0.37854,0.721609
0.378662,0.720905
0.378784,0.720201
0.378906,0.719498
0.379028,0.718796
0.37915,0.718094
0.379272,0.717393
0.379395,0.716693
0.379517,0.715994
0.379639,0.715295
0.379761,0.714597
0.379883,0.713899
0.380005,0.713202
0.380127,0.712506
0.380249,0.711811
0.380371,0.711116
0.380493,0.710422
0.380615,0.709728
0.380737,0.709036
0.380859,0.708344
0.380981,0.707652
0.381104,0.706961
0.381226,0.706271
0.381348,0.705582
0.38147,0.704893
0.381592,0.704205
0.381714,0.703518
0.381836,0.702831
0.381958,0.702145
0.38208,0.70146
0.382202,0.700775
0.382324,0.700091
0.382446,0.699408
0.382568,0.698725
0.38269,0.698043
0.382813,0.697362
0.382935,0.696681
0.383057,0.696001
0.383179,0.695322
0.383301,0.694643
0.383423,0.693965
0.383545,0.693288
0.383667,0.692611
0.383789,0.691935
0.383911,0.691259
0.384033,0.690585
0.384155,0.689911
0.384277,0.689237
0.384399,0.688564
0.384521,0.687892
0.384644,0.687221
0.384766,0.68655
0.384888,0.68588
0.38501,0.68521
0.385132,0.684542
0.385254,0.683873
0.385376,0.683206
0.385498,0.682539
0.38562,0.681873
0.385742,0.681207
0.385864,0.680542
0.385986,0.679878
0.386108,0.679214
0.38623,0.678552
0.386353,0.677889
0.386475,0.677227
0.386597,0.676566
0.386719,0.675906
0.386841,0.675246
0.386963,0.674587
0.387085,0.673929
0.387207,0.673271
0.387329,0.672614
0.387451,0.671957
0.387573,0.671301
0.387695,0.670646
0.387817,0.669992
0.387939,0.669338
0.388062,0.668684
0.388184,0.668032
0.388306,0.667379
0.388428,0.666728
0.38855,0.666077
0.388672,0.665427
0.388794,0.664778
0.388916,0.664129
0.389038,0.663481
0.38916,0.662833
0.389282,0.662186
0.389404,0.66154
0.389526,0.660894
0.389648,0.660249
0.389771,0.659604
0.389893,0.65896
0.390015,0.658317
0.390137,0.657675
0.390259,0.657033
0.390381,0.656391
0.390503,0.655751
0.390625,0.655111
0.390747,0.654471
0.390869,0.653832
0.390991,0.653194
0.391113,0.652557
0.391235,0.65192
0.391357,0.651283
0.391479,0.650648
0.391602,0.650012
0.391724,0.649378
0.391846,0.648744
0.391968,0.648111
0.39209,0.647478
0.392212,0.646846
0.392334,0.646215
0.392456,0.645584
0.392578,0.644954
0.3927,0.644325
0.392822,0.643696
0.392944,0.643067
0.393066,0.64244
0.393188,0.641813
0.393311,0.641186
0.393433,0.64056
0.393555,0.639935
0.393677,0.63931
0.393799,0.638686
0.393921,0.638063
0.394043,0.63744
0.394165,0.636818
0.394287,0.636196
0.394409,0.635575
0.394531,0.634955
0.394653,0.634335
0.394775,0.633716
0.394897,0.633098
0.39502,0.63248
0.395142,0.631862
0.395264,0.631245
0.395386,0.630629
0.395508,0.630014
0.39563,0.629399
0.395752,0.628784
0.395874,0.628171
0.395996,0.627558
0.396118,0.626945
0.39624,0.626333
0.396362,0.625722
0.396484,0.625111
0.396606,0.624501
0.396729,0.623891
0.396851,0.623282
0.396973,0.622674
0.397095,0.622066
0.397217,0.621459
0.397339,0.620852
0.397461,0.620246
0.397583,0.619641
0.397705,0.619036
0.397827,0.618432
0.397949,0.617828
0.398071,0.617225
0.398193,0.616623
0.398315,0.616021
0.398438,0.615419
0.39856,0.614819
0.398682,0.614219
0.398804,0.613619
0.398926,0.61302
0.399048,0.612422
0.39917,0.611824
0.399292,0.611227
0.399414,0.61063
0.399536,0.610034
0.399658,0.609439
0.39978,0.608844
0.399902,0.60825
0.400024,0.607656
0.400146,0.607063
0.400269,0.60647
0.400391,0.605878
0.400513,0.605287
0.400635,0.604696
0.400757,0.604106
0.400879,0.603516
0.401001,0.602927
0.401123,0.602339
0.401245,0.601751
0.401367,0.601163
0.401489,0.600577
0.401611,0.59999
0.401733,0.599405
0.401855,0.59882
0.401978,0.598235
0.4021,0.597651
0.402222,0.597068
0.402344,0.596485
0.402466,0.595903
0.402588,0.595321
0.40271,0.59474
0.402832,0.59416
0.402954,0.59358
0.403076,0.593
0.403198,0.592421
0.40332,0.591843
0.403442,0.591265
0.403564,0.590688
0.403687,0.590112
0.403809,0.589536
0.403931,0.58896
0.404053,0.588385
0.404175,0.587811
0.404297,0.587237
0.404419,0.586664
0.404541,0.586092
0.404663,0.585519
0.404785,0.584948
0.404907,0.584377
0.405029,0.583807
0.405151,0.583237
0.405273,0.582667
0.405396,0.582099
0.405518,0.581531
0.40564,0.580963
0.405762,0.580396
0.405884,0.579829
0.406006,0.579263
0.406128,0.578698
0.40625,0.578133
0.406372,0.577569
0.406494,0.577005
0.406616,0.576442
0.406738,0.575879
0.40686,0.575317
0.406982,0.574756
0.407104,0.574195
0.407227,0.573634
0.407349,0.573074
0.407471,0.572515
0.407593,0.571956
0.407715,0.571398
0.407837,0.57084
0.407959,0.570283
0.408081,0.569726
0.408203,0.56917
0.408325,0.568614
0.408447,0.568059
0.408569,0.567505
0.408691,0.566951
0.408813,0.566398
0.408936,0.565845
0.409058,0.565292
0.40918,0.564741
0.409302,0.564189
0.409424,0.563639
0.409546,0.563089
0.409668,0.562539
0.40979,0.56199
0.409912,0.561441
0.410034,0.560893
0.410156,0.560346
0.410278,0.559799
0.4104,0.559253
0.410522,0.558707
0.410645,0.558161
0.410767,0.557616
0.410889,0.557072
0.411011,0.556528
0.411133,0.555985
0.411255,0.555442
0.411377,0.5549
0.411499,0.554359
0.411621,0.553818
0.411743,0.553277
0.411865,0.552737
0.411987,0.552197
0.412109,0.551658
0.412231,0.55112
0.412354,0.550582
0.412476,0.550045
0.412598,0.549508
0.41272,0.548971
0.412842,0.548436
0.412964,0.5479
0.413086,0.547365
0.413208,0.546831
0.41333,0.546297
0.413452,0.545764
0.413574,0.545231
0.413696,0.544699
0.413818,0.544168
0.41394,0.543636
0.414063,0.543106
0.414185,0.542576
0.414307,0.542046
0.414429,0.541517
0.414551,0.540988
0.414673,0.54046
0.414795,0.539933
0.414917,0.539406
0.415039,0.538879
0.415161,0.538353
0.415283,0.537828
0.415405,0.537303
0.415527,0.536778
0.415649,0.536255
0.415771,0.535731
0.415894,0.535208
0.416016,0.534686
0.416138,0.534164
0.41626,0.533642
0.416382,0.533122
0.416504,0.532601
0.416626,0.532081
0.416748,0.531562
0.41687,0.531043
0.416992,0.530525
0.417114,0.530007
0.417236,0.52949
0.417358,0.528973
0.41748,0.528456
0.417603,0.527941
0.417725,0.527425
0.417847,0.52691
0.417969,0.526396
0.418091,0.525882
0.418213,0.525369
0.418335,0.524856
0.418457,0.524344
0.418579,0.523832
0.418701,0.523321
0.418823,0.52281
0.418945,0.5223
0.419067,0.52179
0.419189,0.521281
0.419312,0.520772
0.419434,0.520263
0.419556,0.519756
0.419678,0.519248
0.4198,0.518741
0.419922,0.518235
0.420044,0.517729
0.420166,0.517224
0.420288,0.516719
0.42041,0.516215
0.420532,0.515711
0.420654,0.515208
0.420776,0.514705
0.420898,0.514202
0.421021,0.5137
0.421143,0.513199
0.421265,0.512698
0.421387,0.512198
0.421509,0.511698
0.421631,0.511198
0.421753,0.510699
0.421875,0.510201
0.421997,0.509703
0.422119,0.509205
0.422241,0.508708
0.422363,0.508212
0.422485,0.507716
0.422607,0.50722
0.422729,0.506725
0.422852,0.50623
0.422974,0.505736
0.423096,0.505243
0.423218,0.504749
0.42334,0.504257
0.423462,0.503764
0.423584,0.503273
0.423706,0.502782
0.423828,0.502291
0.42395,0.5018
0.424072,0.501311
0.424194,0.500821
0.424316,0.500332
0.424438,0.499844
0.424561,0.499356
0.424683,0.498869
0.424805,0.498382
0.424927,0.497895
0.425049,0.497409
0.425171,0.496924
0.425293,0.496439
0.425415,0.495954
0.425537,0.49547
0.425659,0.494987
0.425781,0.494503
0.425903,0.494021
0.426025,0.493539
0.426147,0.493057
0.42627,0.492576
0.426392,0.492095
0.426514,0.491614
0.426636,0.491135
0.426758,0.490655
0.42688,0.490176
0.427002,0.489698
0.427124,0.48922
0.427246,0.488742
0.427368,0.488265
0.42749,0.487789
0.427612,0.487313
0.427734,0.486837
0.427856,0.486362
0.427979,0.485887
0.428101,0.485413
0.428223,0.484939
0.428345,0.484466
0.428467,0.483993
0.428589,0.48352
0.428711,0.483048
0.428833,0.482577
0.428955,0.482106
0.429077,0.481635
0.429199,0.481165
0.429321,0.480695
0.429443,0.480226
0.429565,0.479757
0.429688,0.479289
0.42981,0.478821
0.429932,0.478354
0.430054,0.477887
0.430176,0.477421
0.430298,0.476955
0.43042,0.476489
0.430542,0.476024
0.430664,0.475559
0.430786,0.475095
0.430908,0.474631
0.43103,0.474168
0.431152,0.473705
0.431274,0.473243
0.431396,0.472781
0.431519,0.47232
0.431641,0.471859
0.431763,0.471398
0.431885,0.470938
0.432007,0.470478
0.432129,0.470019
0.432251,0.46956
0.432373,0.469102
0.432495,0.468644
0.432617,0.468186
0.432739,0.467729
0.432861,0.467273
0.432983,0.466817
0.433105,0.466361
0.433228,0.465906
0.43335,0.465451
0.433472,0.464997
0.433594,0.464543
0.433716,0.46409
0.433838,0.463637
0.43396,0.463184
0.434082,0.462732
0.434204,0.46228
0.434326,0.461829
0.434448,0.461378
0.43457,0.460928
0.434692,0.460478
0.434814,0.460029
0.434937,0.459579
0.435059,0.459131
0.435181,0.458683
0.435303,0.458235
0.435425,0.457788
0.435547,0.457341
0.435669,0.456895
0.435791,0.456449
0.435913,0.456003
0.436035,0.455558
0.436157,0.455113
0.436279,0.454669
0.436401,0.454225
0.436523,0.453782
0.436646,0.453339
0.436768,0.452896
0.43689,0.452454
0.437012,0.452013
0.437134,0.451572
0.437256,0.451131
0.437378,0.45069
0.4375,0.450251
0.437622,0.449811
0.437744,0.449372
0.437866,0.448933
0.437988,0.448495
0.43811,0.448057
0.438232,0.44762
0.438354,0.447183
0.438477,0.446747
0.438599,0.446311
0.438721,0.445875
0.438843,0.44544
0.438965,0.445005
0.439087,0.444571
0.439209,0.444137
0.439331,0.443703
0.439453,0.44327
0.439575,0.442837
0.439697,0.442405
0.439819,0.441973
0.439941,0.441542
0.440063,0.441111
0.440186,0.44068
0.440308,0.44025
0.44043,0.43982
0.440552,0.439391
0.440674,0.438962
0.440796,0.438534
0.440918,0.438106
0.44104,0.437678
0.441162,0.437251
0.441284,0.436824
0.441406,0.436398
0.441528,0.435972
0.44165,0.435546
0.441772,0.435121
0.441895,0.434696
0.442017,0.434272
0.442139,0.433848
0.442261,0.433425
0.442383,0.433002
0.442505,0.432579
0.442627,0.432157
0.442749,0.431735
0.442871,0.431314
0.442993,0.430893
0.443115,0.430472
0.443237,0.430052
0.443359,0.429632
0.443481,0.429213
0.443604,0.428794
0.443726,0.428375
0.443848,0.427957
0.44397,0.427539
0.444092,0.427122
0.444214,0.426705
0.444336,0.426289
0.444458,0.425873
0.44458,0.425457
0.444702,0.425042
0.444824,0.424627
0.444946,0.424212
0.445068,0.423798
0.44519,0.423384
0.445313,0.422971
0.445435,0.422558
0.445557,0.422146
0.445679,0.421734
0.445801,0.421322
0.445923,0.420911
0.446045,0.4205
0.446167,0.42009
0.446289,0.41968
0.446411,0.41927
0.446533,0.418861
0.446655,0.418452
0.446777,0.418043
0.446899,0.417635
0.447021,0.417228
0.447144,0.416821
0.447266,0.416414
0.447388,0.416007
0.44751,0.415601
0.447632,0.415195
0.447754,0.41479
0.447876,0.414385
0.447998,0.413981
0.44812,0.413577
0.448242,0.413173
0.448364,0.41277
0.448486,0.412367
0.448608,0.411964
0.44873,0.411562
0.448853,0.411161
0.448975,0.410759
0.449097,0.410358
0.449219,0.409958
0.449341,0.409558
0.449463,0.409158
0.449585,0.408758
0.449707,0.408359
0.449829,0.407961
0.449951,0.407563
0.450073,0.407165
0.450195,0.406767
0.450317,0.40637
0.450439,0.405974
0.450562,0.405577
0.450684,0.405182
0.450806,0.404786
0.450928,0.404391
0.45105,0.403996
0.451172,0.403602
0.451294,0.403208
0.451416,0.402814
0.451538,0.402421
0.45166,0.402028
0.451782,0.401636
0.451904,0.401244
0.452026,0.400852
0.452148,0.400461
0.452271,0.40007
0.452393,0.39968
0.452515,0.39929
0.452637,0.3989
0.452759,0.39851
0.452881,0.398122
0.453003,0.397733
0.453125,0.397345
0.453247,0.396957
0.453369,0.396569
0.453491,0.396182
0.453613,0.395796
0.453735,0.395409
0.453857,0.395023
0.453979,0.394638
0.454102,0.394253
0.454224,0.393868
0.454346,0.393483
0.454468,0.393099
0.45459,0.392715
0.454712,0.392332
0.454834,0.391949
0.454956,0.391567
0.455078,0.391184
0.4552,0.390803
0.455322,0.390421
0.455444,0.39004
0.455566,0.389659
0.455688,0.389279
0.455811,0.388899
0.455933,0.388519
0.456055,0.38814
0.456177,0.387761
0.456299,0.387383
0.456421,0.387005
0.456543,0.386627
0.456665,0.38625
0.456787,0.385873
0.456909,0.385496
0.457031,0.38512
0.457153,0.384744
0.457275,0.384368
0.457397,0.383993
0.45752,0.383618
0.457642,0.383244
0.457764,0.38287
0.457886,0.382496
0.458008,0.382123
0.45813,0.38175
0.458252,0.381377
0.458374,0.381005
0.458496,0.380633
0.458618,0.380261
0.45874,0.37989
0.458862,0.379519
0.458984,0.379149
0.459106,0.378779
0.459229,0.378409
0.459351,0.37804
0.459473,0.377671
0.459595,0.377302
0.459717,0.376934
0.459839,0.376566
0.459961,0.376198
0.460083,0.375831
0.460205,0.375464
0.460327,0.375098
0.460449,0.374732
0.460571,0.374366
0.460693,0.374001
0.460815,0.373636
0.460938,0.373271
0.46106,0.372906
0.461182,0.372542
0.461304,0.372179
0.461426,0.371816
0.461548,0.371453
0.46167,0.37109
0.461792,0.370728
0.461914,0.370366
0.462036,0.370004
0.462158,0.369643
0.46228,0.369283
0.462402,0.368922
0.462524,0.368562
0.462646,0.368202
0.462769,0.367843
0.462891,0.367484
0.463013,0.367125
0.463135,0.366767
0.463257,0.366409
0.463379,0.366051
0.463501,0.365694
0.463623,0.365337
0.463745,0.36498
0.463867,0.364624
0.463989,0.364268
0.464111,0.363913
0.464233,0.363557
0.464355,0.363202
0.464478,0.362848
0.4646,0.362494
0.464722,0.36214
0.464844,0.361786
0.464966,0.361433
0.465088,0.361081
0.46521,0.360728
0.465332,0.360376
0.465454,0.360024
0.465576,0.359673
0.465698,0.359322
0.46582,0.358971
0.465942,0.358621
0.466064,0.358271
0.466187,0.357921
0.466309,0.357572
0.466431,0.357222
0.466553,0.356874
0.466675,0.356525
0.466797,0.356177
0.466919,0.35583
0.467041,0.355482
0.467163,0.355136
0.467285,0.354789
0.467407,0.354443
0.467529,0.354097
0.467651,0.353751
0.467773,0.353406
0.467896,0.353061
0.468018,0.352716
0.46814,0.352372
0.468262,0.352028
0.468384,0.351684
0.468506,0.351341
0.468628,0.350998
0.46875,0.350655
0.468872,0.350313
0.468994,0.349971
0.469116,0.34963
0.469238,0.349288
0.46936,0.348947
0.469482,0.348607
0.469604,0.348267
0.469727,0.347927
0.469849,0.347587
0.469971,0.347248
0.470093,0.346909
0.470215,0.34657
0.470337,0.346232
0.470459,0.345894
0.470581,0.345556
0.470703,0.345219
0.470825,0.344882
0.470947,0.344545
0.471069,0.344209
0.471191,0.343873
0.471313,0.343538
0.471436,0.343202
0.471558,0.342867
0.47168,0.342533
0.471802,0.342198
0.471924,0.341864
0.472046,0.34153
0.472168,0.341197
0.47229,0.340864
0.472412,0.340531
0.472534,0.340199
0.472656,0.339867
0.472778,0.339535
0.4729,0.339204
0.473022,0.338873
0.473145,0.338542
0.473267,0.338211
0.473389,0.337881
0.473511,0.337552
0.473633,0.337222
0.473755,0.336893
0.473877,0.336564
0.473999,0.336236
0.474121,0.335907
0.474243,0.335579
0.474365,0.335252
0.474487,0.334925
0.474609,0.334598
0.474731,0.334271
0.474854,0.333945
0.474976,0.333619
0.475098,0.333293
0.47522,0.332968
0.475342,0.332643
0.475464,0.332318
0.475586,0.331994
0.475708,0.33167
0.47583,0.331346
0.475952,0.331023
0.476074,0.3307
0.476196,0.330377
0.476318,0.330054
0.47644,0.329732
0.476563,0.32941
0.476685,0.329089
0.476807,0.328768
0.476929,0.328447
0.477051,0.328126
0.477173,0.327806
0.477295,0.327486
0.477417,0.327166
0.477539,0.326847
0.477661,0.326528
0.477783,0.326209
0.477905,0.325891
0.478027,0.325573
0.478149,0.325255
0.478271,0.324937
0.478394,0.32462
0.478516,0.324303
0.478638,0.323987
0.47876,0.323671
0.478882,0.323355
0.479004,0.323039
0.479126,0.322724
0.479248,0.322409
0.47937,0.322094
0.479492,0.32178
0.479614,0.321465
0.479736,0.321152
0.479858,0.320838
0.47998,0.320525
0.480103,0.320212
0.480225,0.3199
0.480347,0.319587
0.480469,0.319275
0.480591,0.318964
0.480713,0.318652
0.480835,0.318341
0.480957,0.318031
0.481079,0.31772
0.481201,0.31741
0.481323,0.3171
0.481445,0.316791
0.481567,0.316482
0.481689,0.316173
0.481812,0.315864
0.481934,0.315556
0.482056,0.315248
0.482178,0.31494
0.4823,0.314633
0.482422,0.314326
0.482544,0.314019
0.482666,0.313712
0.482788,0.313406
0.48291,0.3131
0.483032,0.312794
0.483154,0.312489
0.483276,0.312184
0.483398,0.311879
0.483521,0.311575
0.483643,0.311271
0.483765,0.310967
0.483887,0.310664
0.484009,0.31036
0.484131,0.310057
0.484253,0.309755
0.484375,0.309452
0.484497,0.30915
0.484619,0.308849
0.484741,0.308547
0.484863,0.308246
0.484985,0.307945
0.485107,0.307644
0.485229,0.307344
0.485352,0.307044
0.485474,0.306744
0.485596,0.306445
0.485718,0.306146
0.48584,0.305847
0.485962,0.305549
0.486084,0.30525
0.486206,0.304952
0.486328,0.304655
0.48645,0.304357
0.486572,0.30406
0.486694,0.303764
0.486816,0.303467
0.486938,0.303171
0.487061,0.302875
0.487183,0.302579
0.487305,0.302284
0.487427,0.301989
0.487549,0.301694
0.487671,0.3014
0.487793,0.301105
0.487915,0.300811
0.488037,0.300518
0.488159,0.300225
0.488281,0.299932
0.488403,0.299639
0.488525,0.299346
0.488647,0.299054
0.48877,0.298762
0.488892,0.298471
0.489014,0.298179
0.489136,0.297888
0.489258,0.297597
0.48938,0.297307
0.489502,0.297017
0.489624,0.296727
0.489746,0.296437
0.489868,0.296148
0.48999,0.295859
0.490112,0.29557
0.490234,0.295282
0.490356,0.294993
0.490479,0.294705
0.490601,0.294418
0.490723,0.29413
0.490845,0.293843
0.490967,0.293556
0.491089,0.29327
0.491211,0.292984
0.491333,0.292698
0.491455,0.292412
0.491577,0.292127
0.491699,0.291841
0.491821,0.291557
0.491943,0.291272
0.492065,0.290988
0.492188,0.290704
0.49231,0.29042
0.492432,0.290136
0.492554,0.289853
0.492676,0.28957
0.492798,0.289288
0.49292,0.289005
0.493042,0.288723
0.493164,0.288441
0.493286,0.28816
0.493408,0.287879
0.49353,0.287598
0.493652,0.287317
0.493774,0.287036
0.493896,0.286756
0.494019,0.286476
0.494141,0.286197
0.494263,0.285917
0.494385,0.285638
0.494507,0.285359
0.494629,0.285081
0.494751,0.284803
0.494873,0.284525
0.494995,0.284247
0.495117,0.283969
0.495239,0.283692
0.495361,0.283415
0.495483,0.283139
0.495605,0.282862
0.495728,0.282586
0.49585,0.28231
0.495972,0.282035
0.496094,0.28176
0.496216,0.281485
0.496338,0.28121
0.49646,0.280935
0.496582,0.280661
0.496704,0.280387
0.496826,0.280113
0.496948,0.27984
0.49707,0.279567
0.497192,0.279294
0.497314,0.279021
0.497437,0.278749
0.497559,0.278477
0.497681,0.278205
0.497803,0.277934
0.497925,0.277662
0.498047,0.277391
0.498169,0.277121
0.498291,0.27685
0.498413,0.27658
0.498535,0.27631
0.498657,0.27604
0.498779,0.275771
0.498901,0.275502
0.499023,0.275233
0.499146,0.274964
0.499268,0.274696
0.49939,0.274427
0.499512,0.27416
0.499634,0.273892
0.499756,0.273625
0.499878,0.273358
