# BEGINHEADER
# This file contains data from the SALSA 2m radio telescope.
# DATE=2024-01-31T11:27:0009
# GLON and GLAT given in degrees
# GLON=40.1549521201641
# GLAT=-30.118084517647212
# DATA in two columns below. Col. 1 is velocity relative to LSR [km/s]. Col. 2 is uncalibrated antenna temperature [K].
# ENDHEADER
2385.644585297168 19.406288473334047
2383.583441346569 39.7669325708433
2381.522297395971 35.309640896974805
2379.461153445372 38.87591983695494
2377.4000094947733 37.880643592567296
2375.3388655441745 40.17733285738664
2373.277721593576 41.35921646455945
2371.2165776429774 43.23846175358457
2369.155433692379 44.57413320724043
2367.09428974178 46.502939619760824
2365.0331457911816 49.07137392453944
2362.972001840583 50.76888370607182
2360.9108578899845 53.23045596855935
2358.8497139393853 55.639005050967285
2356.7885699887865 57.51812653471746
2354.727426038188 60.555442486333355
2352.6662820875895 62.37457889977833
2350.6051381369907 64.18683059574077
2348.543994186392 66.67097513092747
2346.482850235793 68.3147186078055
2344.421706285195 70.50366267108235
2342.360562334596 72.20592561606159
2340.299418383998 73.93073613639477
2338.238274433399 75.30388894435988
2336.1771304828003 76.07105639867366
2334.1159865322015 77.74893564320682
2332.054842581603 79.64009090395523
2329.9936986310045 79.99901772654918
2327.9325546804057 81.58132258996795
2325.871410729807 83.05600804643497
2323.8102667792086 83.207634441154
2321.74912282861 83.0970199008934
2319.6879788780116 83.92771108388752
2317.626834927413 84.97460512915352
2315.565690976814 84.95004274874165
2313.5045470262153 84.6488187446925
2311.443403075617 86.17206286805163
2309.382259125018 86.39380976098022
2307.3211151744194 86.44008732174599
2305.2599712238207 86.95873252996724
2303.1988272732224 86.65505985643115
2301.1376833226236 86.96516256965329
2299.0765393720253 86.71996559817111
2297.0153954214265 87.9512932606211
2294.9542514708273 88.1733116409751
2292.8931075202286 87.79076171538091
2290.8319635696303 89.03903551412513
2288.7708196190315 88.80971417666211
2286.7096756684327 89.01867435883882
2284.648531717834 88.84342323406673
2282.5873877672357 89.73328805092646
2280.526243816637 89.82631853020911
2278.4650998660386 89.73663185724601
2276.40395591544 89.57057608254696
2274.342811964841 89.77665570799785
2272.2816680142423 90.24855893592758
2270.220524063644 90.55168806249038
2268.1593801130452 90.70619355375122
2266.0982361624465 91.14927897768568
2264.0370922118477 90.06121627052457
2261.9759482612494 90.5577441905576
2259.9148043106507 91.70323017819949
2257.8536603600523 91.91124895136335
2255.7925164094536 91.37184176822782
2253.731372458855 91.77458084987599
2251.670228508256 92.0463345714919
2249.6090845576578 91.07703478426484
2247.547940607059 93.19891216739171
2245.4867966564602 91.88181348485139
2243.4256527058615 92.41850530305302
2241.364508755263 92.35328060695336
2239.3033648046644 91.98523150679829
2237.242220854066 93.09618669692097
2235.1810769034673 91.61364126091412
2233.119932952868 93.03211235722452
2231.0587890022694 93.85398214567572
2228.997645051671 93.69464205159728
2226.9365011010723 93.69311109965588
2224.8753571504735 93.52556852962394
2222.8142131998748 93.88598837461701
2220.7530692492765 93.49397868546056
2218.6919252986777 93.28421789497115
2216.6307813480794 94.1746837300973
2214.5696373974806 93.86460667860278
2212.508493446882 94.37727254188552
2210.447349496283 92.74934139860405
2208.386205545685 94.48284605752757
2206.325061595086 97.9916410866611
2204.2639176444873 93.7649436813937
2202.2027736938885 94.67627738291723
2200.14162974329 93.85326727244498
2198.0804857926914 94.91020706039208
2196.019341842093 93.634397669085
2193.9581978914944 94.66185727259605
2191.8970539408956 93.89199156648094
2189.835909990297 94.66118791291692
2187.7747660396985 94.06121278624896
2185.7136220890998 93.70679804232117
2183.652478138501 94.4729983225494
2181.5913341879022 94.17012370972755
2179.530190237304 94.3693367638558
2177.469046286705 94.56135456815419
2175.407902336107 93.52648287754678
2173.346758385508 94.60294774807251
2171.285614434909 94.95703611685353
2169.22447048431 94.80564982339259
2167.163326533712 95.37503729697532
2165.102182583113 94.90228839466582
2163.0410386325143 95.22378160147036
2160.9798946819155 95.40197604130212
2158.9187507313172 95.01655447093515
2156.8576067807185 95.52990971909276
2154.79646283012 95.18904495335914
2152.7353188795214 96.47234685566788
2150.6741749289226 95.36922032495143
2148.613030978324 95.41586508634
2146.5518870277256 94.79929966282087
2144.490743077127 95.34165971938125
2142.429599126528 94.88581829660458
2140.3684551759293 93.71558706011974
2138.307311225331 96.0073876587099
2136.246167274732 98.57234769491238
2134.185023324134 94.68699778742015
2132.123879373535 96.0685227106527
2130.0627354229364 96.03676977811729
2128.0015914723376 95.07082492651216
2125.9404475217393 95.68119209027677
2123.8793035711406 98.97728508607807
2121.818159620542 98.3789496034802
2119.757015669943 96.01625345538189
2117.6958717193447 96.22090973224638
2115.634727768746 95.98957601161092
2113.5735838181477 94.37698496620109
2111.512439867549 94.54131728257553
2109.45129591695 95.70794189893716
2107.390151966351 94.84497836974377
2105.3290080157526 94.43338584976672
2103.267864065154 94.56199854606531
2101.206720114555 94.7041488567347
2099.1455761639563 94.8678015868327
2097.084432213358 96.50518778935124
2095.0232882627593 95.62437486370949
2092.962144312161 94.47524259054855
2090.901000361562 95.5077834323386
2088.8398564109634 95.15289002760971
2086.7787124603647 94.08809215332933
2084.7175685097664 94.06368690360985
2082.6564245591676 95.67916759937395
2080.5952806085693 96.84536662851225
2078.5341366579705 94.51385332714426
2076.4729927073718 94.9026732039756
2074.411848756773 92.70295202414269
2072.3507048061742 94.25358812269661
2070.2895608555755 92.94470767371547
2068.228416904977 94.0895703760851
2066.1672729543784 95.26075604413805
2064.10612900378 93.9504937602541
2062.044985053181 93.68365191626727
2059.9838411025826 93.52706703920502
2057.922697151984 93.15920753727943
2055.8615532013855 94.76634086441834
2053.8004092507867 96.9568977546051
2051.739265300188 106.32221753473706
2049.678121349589 97.50691114828673
2047.6169773989907 92.32993738237306
2045.555833448392 93.6782792059762
2043.4946894977936 92.94107501048535
2041.4335455471946 93.42281102171508
2039.3724015965963 94.52800456335177
2037.3112576459976 95.04779719322262
2035.250113695399 92.48930410906135
2033.1889697448003 92.74095596620114
2031.1278257942017 93.4389213830189
2029.0666818436027 92.20724459767843
2027.0055378930042 91.43562494071276
2024.9443939424054 93.07456478864378
2022.8832499918071 93.23333846056123
2020.8221060412081 92.34724178415817
2018.7609620906098 91.65199750182644
2016.699818140011 92.03764129613009
2014.6386741894125 91.81201923576401
2012.5775302388138 91.65840202261224
2010.5163862882152 93.85071688309112
2008.4552423376165 92.83154553480017
2006.394098387018 91.29631104193595
2004.3329544364192 92.14540882568284
2002.2718104858209 90.85539079535377
2000.210666535222 91.14701228173176
1998.1495225846234 89.89294045730125
1996.0883786340246 91.46348534699466
1994.027234683426 91.83415230115837
1991.9660907328273 90.47431976754885
1989.9049467822288 89.85249758385174
1987.84380283163 89.60664260699933
1985.7826588810315 90.48775318056484
1983.7215149304327 89.54360419392452
1981.6603709798344 89.80908819650251
1979.5992270292354 89.75473159215034
1977.538083078637 89.12206670193741
1975.4769391280383 88.76035811128305
1973.4157951774398 88.46336033536811
1971.354651226841 89.47209684926985
1969.2935072762425 88.43202541599689
1967.2323633256435 88.41770704455543
1965.171219375045 88.8101994504745
1963.1100754244462 87.63452400537635
1961.0489314738477 87.94164304879673
1958.987787523249 87.65051057283395
1956.9266435726506 88.93193636426535
1954.8654996220519 87.21801044252337
1952.8043556714533 88.3609085118284
1950.7432117208546 87.21785380776426
1948.682067770256 87.31077598800333
1946.6209238196573 86.50400582969431
1944.5597798690587 86.90262738869858
1942.49863591846 86.2035578145979
1940.4374919678614 85.83740634864365
1938.3763480172627 85.65505468357325
1936.3152040666644 85.56140690331756
1934.2540601160654 84.35248494529287
1932.1929161654668 84.37600630003675
1930.131772214868 84.72276169793099
1928.0706282642695 84.3286265457117
1926.0094843136708 84.31076149418284
1923.9483403630722 83.04328673953354
1921.8871964124735 82.03551074893204
1919.826052461875 82.09528391254541
1917.7649085112762 81.33212052934962
1915.7037645606779 79.63847364975541
1913.6426206100791 79.72629628523615
1911.5814766594806 78.75718494046126
1909.5203327088818 77.67334363861042
1907.4591887582833 76.43839538517366
1905.3980448076845 74.5718095768799
1903.3369008570858 73.42106954902775
1901.275756906487 71.620504558666
1899.2146129558885 69.21107730007769
1897.1534690052897 67.81273082284466
1895.0923250546914 66.6044435760355
1893.0311811040924 64.62327068711649
1890.970037153494 61.84401458752828
1888.9088932028953 60.50038875978839
1886.8477492522968 57.30730624047983
1884.786605301698 55.10791489235255
1882.7254613510995 53.329253779543684
1880.6643174005007 50.17511873026296
1878.6031734499022 48.73299290870141
1876.5420294993035 46.460505684627215
1874.4808855487051 44.20015301054546
1872.419741598106 42.73563951561535
1870.3585976475076 40.97292153165385
1868.2974536969089 40.4893261495878
1866.2363097463103 38.183124913290186
1864.1751657957116 38.881604336172764
1862.114021845113 35.45506679034492
1860.0528778945143 39.42695178752883
