235.380398 0.000000
233.319254 0.000000
231.258110 0.000000
229.196966 0.000000
227.135822 0.000000
225.074678 0.000000
223.013534 0.000000
220.952390 0.000000
218.891246 0.000000
216.830102 0.000000
214.768958 0.000000
212.707814 0.000000
210.646671 0.000000
208.585527 0.000000
206.524383 0.000000
204.463239 0.000000
202.402095 0.000000
200.340951 0.000000
198.279807 0.000000
196.218663 0.000000
194.157519 0.000000
192.096375 0.000000
190.035231 0.000000
187.974087 0.000000
185.912943 0.000000
183.851799 0.000000
181.790655 0.000000
179.729511 0.000000
177.668367 0.000000
175.607223 0.000000
173.546079 0.000000
171.484935 0.000000
169.423792 0.000000
167.362648 0.000000
165.301504 0.000000
163.240360 0.000000
161.179216 0.000000
159.118072 0.000000
157.056928 0.000000
154.995784 0.000000
152.934640 0.000000
150.873496 0.000000
148.812352 0.000000
146.751208 0.000000
144.690064 0.000000
142.628920 0.000000
140.567776 0.000000
138.506632 0.000000
136.445488 0.000000
134.384344 0.000000
132.323200 0.000000
130.262056 0.000000
128.200913 0.000000
126.139769 0.000000
124.078625 0.000000
122.017481 0.000000
119.956337 0.000000
117.895193 0.000000
115.834049 0.000000
113.772905 0.000000
111.711761 0.000000
109.650617 0.000000
107.589473 0.000000
105.528329 0.000000
103.467185 0.000000
101.406041 0.000000
99.344897 0.000000
97.283753 0.000000
95.222609 0.000000
93.161465 0.000000
91.100321 0.000000
89.039177 0.000000
86.978034 0.000000
84.916890 0.000000
82.855746 0.000000
80.794602 0.000000
78.733458 0.000000
76.672314 0.000000
74.611170 0.000000
72.550026 0.000000
70.488882 0.000000
68.427738 0.000000
66.366594 0.000000
64.305450 0.000000
62.244306 0.000000
60.183162 0.000001
58.122018 0.000002
56.060874 0.000005
53.999730 0.000014
51.938586 0.000037
49.877442 0.000094
47.816298 0.000231
45.755154 0.000550
43.694011 0.001271
41.632867 0.002852
39.571723 0.006208
37.510579 0.013111
35.449435 0.026864
33.388291 0.053403
31.327147 0.102994
29.266003 0.192715
27.204859 0.349850
25.143715 0.616177
23.082571 1.052906
21.021427 1.745551
18.960283 2.807599
16.899139 4.381239
14.837995 6.633126
12.776851 9.743139
10.715707 13.884778
8.654563 19.197223
6.593419 25.751187
4.532275 33.513169
2.471132 42.314877
0.409988 51.835836
-1.651156 61.606499
-3.712300 71.036629
-5.773444 79.468964
-7.834588 86.252591
-9.895732 90.825153
-11.956876 92.789647
-14.018020 91.971294
-16.079164 88.443204
-18.140308 82.515594
-20.201452 74.690778
-22.262596 65.592975
-24.323740 55.886520
-26.384884 46.197257
-28.446028 37.049702
-30.507172 28.827875
-32.568316 21.762057
-34.629460 15.938470
-36.690604 11.325379
-38.751747 7.807613
-40.812891 5.222076
-42.874035 3.388656
-44.935179 2.133394
-46.996323 1.303089
-49.057467 0.772212
-51.118611 0.443975
-53.179755 0.247651
-55.240899 0.134023
-57.302043 0.070369
-59.363187 0.035846
-61.424331 0.017716
-63.485475 0.008494
-65.546619 0.003952
-67.607763 0.001783
-69.668907 0.000781
-71.730051 0.000332
-73.791195 0.000137
-75.852339 0.000055
-77.913483 0.000021
-79.974626 0.000008
-82.035770 0.000003
-84.096914 0.000001
-86.158058 0.000000
-88.219202 0.000000
-90.280346 0.000000
-92.341490 0.000000
-94.402634 0.000000
-96.463778 0.000000
-98.524922 0.000000
-100.586066 0.000000
-102.647210 0.000000
-104.708354 0.000000
-106.769498 0.000000
-108.830642 0.000000
-110.891786 0.000000
-112.952930 0.000000
-115.014074 0.000000
-117.075218 0.000000
-119.136362 0.000000
-121.197505 0.000000
-123.258649 0.000000
-125.319793 0.000000
-127.380937 0.000000
-129.442081 0.000000
-131.503225 0.000000
-133.564369 0.000000
-135.625513 0.000000
-137.686657 0.000000
-139.747801 0.000000
-141.808945 0.000000
-143.870089 0.000000
-145.931233 0.000000
-147.992377 0.000000
-150.053521 0.000000
-152.114665 0.000000
-154.175809 0.000000
-156.236953 0.000000
-158.298097 0.000000
-160.359241 0.000000
-162.420385 0.000000
-164.481528 0.000000
-166.542672 0.000000
-168.603816 0.000000
-170.664960 0.000000
-172.726104 0.000000
-174.787248 0.000000
-176.848392 0.000000
-178.909536 0.000000
-180.970680 0.000000
-183.031824 0.000000
-185.092968 0.000000
-187.154112 0.000000
-189.215256 0.000000
-191.276400 0.000000
-193.337544 0.000000
-195.398688 0.000000
-197.459832 0.000000
-199.520976 0.000000
-201.582120 0.000000
-203.643264 0.000000
-205.704407 0.000000
-207.765551 0.000000
-209.826695 0.000000
-211.887839 0.000000
-213.948983 0.000000
-216.010127 0.000000
-218.071271 0.000000
-220.132415 0.000000
-222.193559 0.000000
-224.254703 0.000000
-226.315847 0.000000
-228.376991 0.000000
-230.438135 0.000000
-232.499279 0.000000
-234.560423 0.000000
-236.621567 0.000000
-238.682711 0.000000
-240.743855 0.000000
-242.804999 0.000000
-244.866143 0.000000
-246.927286 0.000000
-248.988430 0.000000
-251.049574 0.000000
-253.110718 0.000000
-255.171862 0.000000
-257.233006 0.000000
-259.294150 0.000000
-261.355294 0.000000
-263.416438 0.000000
-265.477582 0.000000
-267.538726 0.000000
-269.599870 0.000000
-271.661014 0.000000
-273.722158 0.000000
-275.783302 0.000000
-277.844446 0.000000
-279.905590 0.000000
-281.966734 0.000000
-284.027878 0.000000
-286.089022 0.000000
-288.150165 0.000000
-290.211309 0.000000
