235.380398 -3.623084
233.319254 -4.790100
231.258110 -4.873892
229.196966 -4.762671
227.135822 -5.473518
225.074678 -5.667383
223.013534 -5.359677
220.952390 -5.904433
218.891246 -6.342777
216.830102 -5.271215
214.768958 -4.691138
212.707814 -6.000046
210.646671 -6.600905
208.585527 -6.473606
206.524383 -6.329510
204.463239 -6.239115
202.402095 -6.382471
200.340951 -6.939423
198.279807 -7.603374
196.218663 -8.084921
194.157519 -8.359482
192.096375 -8.196308
190.035231 -7.570100
187.974087 -6.414315
185.912943 -5.371759
183.851799 -5.480862
181.790655 -6.227065
179.729511 -7.139824
177.668367 -7.573802
175.607223 -7.053212
173.546079 -6.447681
171.484935 -6.730745
169.423792 -7.330061
167.362648 -7.557845
165.301504 -7.672227
163.240360 -7.702242
161.179216 -7.351553
159.118072 -7.130614
157.056928 -7.271277
154.995784 -7.031500
152.934640 -6.805367
150.873496 -7.318537
148.812352 -8.021829
146.751208 -8.110010
144.690064 -7.847613
142.628920 -8.122242
140.567776 -8.027674
138.506632 -7.284387
136.445488 -7.412815
134.384344 -7.853329
132.323200 -7.524276
130.262056 -6.651853
128.200913 -6.654192
126.139769 -7.920372
124.078625 -9.119436
122.017481 -9.279454
119.956337 -8.902068
117.895193 -8.946150
115.834049 -9.137404
113.772905 -8.576573
111.711761 -8.179156
109.650617 -8.268109
107.589473 -8.365328
105.528329 -8.659190
103.467185 -8.909991
101.406041 -9.386976
99.344897 -9.820615
97.283753 -9.315814
95.222609 -8.281712
93.161465 -7.827155
91.100321 -8.122682
89.039177 -8.779516
86.978034 -9.160591
84.916890 -9.486539
82.855746 -10.069476
80.794602 -10.181820
78.733458 -10.127789
76.672314 -9.918147
74.611170 -9.673548
72.550026 -10.029060
70.488882 -10.205494
68.427738 -9.892533
66.366594 -9.703894
64.305450 -9.547635
62.244306 -9.252620
60.183162 -8.921632
58.122018 -9.091557
56.060874 -9.843022
53.999730 -10.544819
51.938586 -10.733595
49.877442 -10.522804
47.816298 -10.311432
45.755154 -9.876337
43.694011 -9.582320
41.632867 -9.474174
39.571723 -9.409431
37.510579 -9.675409
35.449435 -9.738706
33.388291 -9.206647
31.327147 -8.988478
29.266003 -9.310487
27.204859 -8.859264
25.143715 -8.056386
23.082571 -8.165292
21.021427 -8.513167
18.960283 -7.376850
16.899139 -5.054892
14.837995 -2.993046
12.776851 -0.350202
10.715707 5.457516
8.654563 15.410722
6.593419 28.151456
4.532275 40.934955
2.471132 51.586919
0.409988 59.298454
-1.651156 65.290554
-3.712300 71.358419
-5.773444 77.733401
-7.834588 83.945973
-9.895732 88.700266
-11.956876 90.838881
-14.018020 89.736980
-16.079164 85.460085
-18.140308 79.522595
-20.201452 73.261715
-22.262596 66.989288
-24.323740 59.528694
-26.384884 50.202340
-28.446028 40.356954
-30.507172 31.846909
-32.568316 23.912919
-34.629460 16.227889
-36.690604 9.924731
-38.751747 5.439952
-40.812891 2.227745
-42.874035 0.158482
-44.935179 -1.311068
-46.996323 -3.086414
-49.057467 -4.775703
-51.118611 -5.973986
-53.179755 -6.844213
-55.240899 -7.379825
-57.302043 -7.581692
-59.363187 -7.912172
-61.424331 -8.247588
-63.485475 -8.466046
-65.546619 -8.469419
-67.607763 -8.323943
-69.668907 -8.259299
-71.730051 -8.490911
-73.791195 -8.698263
-75.852339 -9.309915
-77.913483 -9.793733
-79.974626 -9.599311
-82.035770 -9.476140
-84.096914 -9.618006
-86.158058 -9.848938
-88.219202 -10.264311
-90.280346 -10.276649
-92.341490 -9.697682
-94.402634 -9.248687
-96.463778 -9.450873
-98.524922 -9.788521
-100.586066 -9.207176
-102.647210 -8.799573
-104.708354 -9.323446
-106.769498 -9.970878
-108.830642 -10.463352
-110.891786 -10.821736
-112.952930 -11.071556
-115.014074 -10.489705
-117.075218 -9.848306
-119.136362 -10.163332
-121.197505 -9.969362
-123.258649 -9.041142
-125.319793 -8.481168
-127.380937 -8.461496
-129.442081 -9.057295
-131.503225 -9.476254
-133.564369 -9.540248
-135.625513 -9.790196
-137.686657 -9.790120
-139.747801 -9.589307
-141.808945 -9.226082
-143.870089 -9.009697
-145.931233 -9.631351
-147.992377 -10.268628
-150.053521 -10.077538
-152.114665 -10.021708
-154.175809 -10.100200
-156.236953 -9.196059
-158.298097 -8.573657
-160.359241 -9.086704
-162.420385 -9.463185
-164.481528 -8.997291
-166.542672 -8.787440
-168.603816 -9.205118
-170.664960 -9.078491
-172.726104 -8.613364
-174.787248 -8.451306
-176.848392 -8.386465
-178.909536 -8.208766
-180.970680 -8.043301
-183.031824 -7.885036
-185.092968 -8.033532
-187.154112 -8.682830
-189.215256 -9.021234
-191.276400 -8.747998
-193.337544 -8.468614
-195.398688 -8.310207
-197.459832 -8.226688
-199.520976 -7.976230
-201.582120 -7.573048
-203.643264 -7.145579
-205.704407 -6.433919
-207.765551 -5.998804
-209.826695 -6.347380
-211.887839 -6.574715
-213.948983 -6.385713
-216.010127 -6.806648
-218.071271 -8.092244
-220.132415 -8.692361
-222.193559 -8.311741
-224.254703 -8.048468
-226.315847 -8.048623
-228.376991 -7.871674
-230.438135 -7.679638
-232.499279 -7.475414
-234.560423 -7.166468
-236.621567 -6.777511
-238.682711 -6.188129
-240.743855 -5.699926
-242.804999 -5.887804
-244.866143 -6.582981
-246.927286 -6.630070
-248.988430 -6.197594
-251.049574 -6.245141
-253.110718 -6.227550
-255.171862 -5.549095
-257.233006 -5.270822
-259.294150 -5.636748
-261.355294 -5.920349
-263.416438 -6.315910
-265.477582 -6.836054
-267.538726 -6.532197
-269.599870 -6.087560
-271.661014 -6.359526
-273.722158 -6.449236
-275.783302 -6.610753
-277.844446 -6.775714
-279.905590 -6.241065
-281.966734 -4.318192
-284.027878 -2.935846
-286.089022 -4.300587
-288.150165 -5.975114
-290.211309 -6.627284
