# BEGINHEADER
# This file contains data from the SALSA 2m radio telescope.
# DATE=2024-01-31T18:33:0024
# GLON and GLAT given in degrees
# GLON=169.79769903166104
# GLAT=-0.2898123620316618
# DATA in two columns below. Col. 1 is velocity relative to LSR [km/s]. Col. 2 is uncalibrated antenna temperature [K].
# ENDHEADER
235.38039795507268 -2.4943935417402563
233.31925400447403 -6.575628647540551
231.25811005387538 -5.053350040343321
229.19696610327674 -3.0456748958016946
227.13582215267812 -6.561572427557684
225.07467820207947 -6.535380470671962
223.01353425148082 -3.85647491721791
220.95239030088217 -5.839951157070493
218.89124635028352 -7.998911458107473
216.8301023996849 -5.939697089269508
214.76895844908626 -0.3706545592770067
212.70781449848764 -9.595764713536555
210.64667054788896 -5.440728856010284
208.58552659729034 -7.065228739455388
206.5243826466917 -5.967398868657167
204.46323869609307 -6.431412734077978
202.4020947454944 -5.831663579483401
200.34095079489578 -6.951325035086674
198.27980684429713 -7.917980510994697
196.21866289369848 -7.854273121006661
194.15751894309983 -8.894256774046491
192.0963749925012 -8.258642499066424
190.03523104190253 -7.798683266041537
187.9740870913039 -7.153202469750194
185.91294314070527 -3.442322444524725
183.85179919010662 -6.081984829128792
181.790655239508 -5.606981817714734
179.72951128890932 -7.497839051501207
177.6683673383107 -8.382047723460023
175.60722338771205 -7.311225782030742
173.54607943711343 -5.2887679232182
171.4849354865148 -6.707102423437087
169.42379153591614 -7.873880132764922
167.3626475853175 -7.461898665280247
165.30150363471887 -7.475089817319561
163.24035968412022 -8.278881118878061
161.17921573352157 -7.355530656875869
159.11807178292293 -6.201648392250949
157.0569278323243 -8.213485186172063
154.99578388172566 -7.058837194143912
152.93463993112704 -5.873214830898783
150.87349598052836 -7.41614675395027
148.8123520299297 -8.278626408317852
146.7512080793311 -9.020667529898562
144.69006412873244 -6.561291523634878
142.62892017813382 -8.310191057568666
140.56777622753515 -9.86194271679736
138.50663227693653 -5.031509755597568
136.44548832633788 -8.020118158156786
134.38434437573926 -8.012640042273338
132.32320042514058 -8.531259957315656
130.26205647454196 -5.73267470471922
128.20091252394332 -5.574432145541341
126.13976857334468 -8.090942933793682
124.07862462274603 -10.091216199751207
122.0174806721474 -9.521225515370435
119.95633672154875 -8.658968586804216
117.89519277095012 -8.006326087556353
115.83404882035148 -10.918726938111933
113.77290486975284 -7.783552855310855
111.7117609191542 -7.558374930540802
109.65061696855555 -9.169450557258688
107.58947301795692 -7.259925381423572
105.52832906735827 -9.569177606254618
103.46718511675964 -8.309471354562636
101.406041166161 -9.183517566492478
99.34489721556236 -10.721957739859063
97.28375326496372 -9.89765979038396
95.22260931436507 -7.387106311608686
93.16146536376644 -7.713473825060001
91.10032141316778 -7.606084746977676
89.03917746256914 -9.166663937756253
86.97803351197051 -9.668729217258761
84.91688956137186 -8.135110792041926
82.85574561077323 -11.621940319084747
80.79460166017458 -9.496725017859676
78.73345770957594 -10.274607694720522
76.6723137589773 -10.618713411629813
74.61116980837866 -8.300699569470613
72.55002585778003 -10.603235046102343
70.48888190718138 -10.862887456635267
68.42773795658275 -9.184082594580655
66.3665940059841 -10.084492890992182
64.30545005538546 -9.361405453671235
62.244306104786816 -9.62970497912725
60.183162154188174 -8.487283910967225
58.12201820358953 -8.500041560150418
56.06087425299089 -10.169032529568767
53.99973030239226 -10.574330684611468
51.93858635179362 -11.56758066619395
49.877442401194976 -9.5829369046469
47.816298450596335 -11.315853238593382
45.755154499997694 -9.305417906354018
43.69401054939905 -9.420481081006288
41.632866598800405 -9.939988174084677
39.57172264820177 -8.648226071316552
37.51057869760313 -9.916629215648168
35.44943474700449 -10.399074847190837
33.38829079640585 -9.183499007123457
31.327146845807206 -7.5315163226421165
29.26600289520857 -10.898002979591334
27.204858944609924 -8.988321169901285
25.143714994011283 -7.180350364269695
23.082571043412646 -7.492639585033915
21.021427092814005 -10.065704967446786
18.96028314221536 -8.320975023727913
16.89913919161672 -4.263597689224203
14.837995241018081 -2.604324650724957
12.77685129041944 -2.7612636598485
10.715707339820801 3.28842965923406
8.65456338922216 13.366608965138392
6.593419438623519 28.651555420910245
4.532275488024878 41.95711666425119
2.471131537426237 53.569452176512215
0.40998758682759634 60.586605156755724
-1.6511563637710445 64.23314182840754
-3.7123003143696858 71.78266320918345
-5.773444264968326 77.14237790398268
-7.834588215566966 84.93984705170885
-9.895732166165608 90.2250382753426
-11.956876116764247 92.09913985724913
-14.01802006736289 92.34245303914419
-16.07916401796153 85.53130215468707
-18.14030796856017 80.17517997531161
-20.201451919158814 72.21908758909632
-22.262595869757455 68.26813310639625
-24.323739820356096 60.345916148783324
-26.384883770954733 51.58909488593986
-28.446027721553374 37.75738687104498
-30.50717167215202 32.56736338942305
-32.56831562275065 23.900520203630023
-34.6294595733493 15.459979830314017
-36.69060352394794 8.477827651479638
-38.75174747454658 5.305427564495162
-40.812891425145224 1.4995338891024832
-42.87403537574386 -0.6338240669170583
-44.9351793263425 -0.2564209454755216
-46.99632327694114 -3.5673618686255333
-49.05746722753978 -4.986976018170358
-51.11861117813842 -6.243960940760588
-53.179755128737064 -6.632509586641179
-55.24089907933571 -8.275807626562475
-57.302043029934346 -6.684820460328652
-59.36318698053299 -8.525703162328337
-61.42433093113163 -7.808917463549642
-63.48547488173027 -9.07433455752149
-65.54661883232892 -8.040835675160551
-67.60776278292755 -9.02819167411275
-69.6689067335262 -6.975198740093434
-71.73005068412483 -9.791605986316794
-73.79119463472348 -7.476583499909332
-75.85233858532212 -9.528728646841822
-77.91348253592075 -10.767274137019331
-79.9746264865194 -9.093026986188958
-82.03577043711803 -9.236494308583325
-84.09691438771668 -10.007036711754356
-86.15805833831531 -9.190787514599005
-88.21920228891396 -10.689717528434388
-90.2803462395126 -10.95735508900682
-92.34149019011123 -9.262270383921924
-94.40263414070988 -9.20635671734411
-96.46377809130851 -8.356358875421378
-98.52492204190716 -11.726156937972265
-100.5860659925058 -8.650213064451767
-102.64720994310446 -7.587187311235715
-104.70835389370309 -10.123980196270436
-106.76949784430172 -9.391818380798968
-108.83064179490037 -11.310629035727832
-110.891785745499 -9.855537632860493
-112.95292969609766 -12.269302597468265
-115.01407364669629 -11.03002679301602
-117.07521759729494 -7.727954578862689
-119.13636154789357 -11.45187150126602
-121.1975054984922 -10.769809597714584
-123.25864944909085 -7.896891485609242
-125.31979339968949 -9.070240071613295
-127.38093735028814 -7.269715705370753
-129.44208130088677 -9.500783986689903
-131.50322525148542 -10.250529681849601
-133.56436920208407 -8.37621687772935
-135.6255131526827 -10.822982520536485
-137.68665710328133 -9.419152758747398
-139.74780105387998 -9.745708706540265
-141.80894500447863 -9.639351587396202
-143.87008895507725 -7.832101984908116
-145.9312329056759 -9.581976970350496
-147.99237685627452 -11.486964820727836
-150.0535208068732 -9.785356629125863
-152.11466475747181 -8.835940910515632
-154.17580870807046 -12.312370983898175
-156.23695265866908 -8.36472727605914
-158.29809660926776 -7.461136620490925
-160.3592405598664 -9.35038465296344
-162.42038451046503 -10.46867404412104
-164.48152846106368 -8.82237931210299
-166.5426724116623 -7.402054675406787
-168.60381636226097 -10.62496011069789
-170.6649603128596 -8.950711673159635
-172.72610426345824 -8.281287234932408
-174.78724821405686 -8.394241286705272
-176.8483921646555 -8.679136064517513
-178.90953611525416 -7.961432302665072
-180.9706800658528 -8.190430593563143
-183.03182401645142 -7.895025965288839
-185.09296796705007 -7.235025363262977
-187.1541119176487 -9.053494711176405
-189.21525586824737 -9.817591865708216
-191.276399818846 -8.171710344333372
-193.33754376944464 -8.768182657244378
-195.39868772004326 -7.9681309124186175
-197.45983167064193 -8.457038680696073
-199.52097562124052 -8.237801934371268
-201.58211957183917 -7.139088662097033
-203.64326352243782 -7.713499006172761
-205.70440747303647 -6.484171535372366
-207.76555142363512 -4.758044427434549
-209.82669537423374 -6.938800985662552
-211.88783932483238 -6.946460376096037
-213.94898327543103 -6.246440104337066
-216.01012722602968 -5.260396217662544
-218.0712711766283 -9.26780484119555
-220.13241512722695 -9.478201049950455
-222.19355907782557 -7.861608427277289
-224.25470302842425 -7.675457979437765
-226.31584697902287 -8.623640460657672
-228.3769909296215 -7.5694218176713255
-230.43813488022013 -7.718253847716433
-232.49927883081878 -7.69579798940439
-234.56042278141743 -6.914609121527726
-236.62156673201608 -7.207099608747725
-238.6827106826147 -6.025859891567643
-240.74385463321335 -5.515228526096518
-242.804998583812 -4.8606854691437125
-244.86614253441064 -7.640613318197983
-246.9272864850093 -7.081804471540423
-248.9884304356079 -5.405208528561142
-251.04957438620656 -6.041451600993749
-253.1107183368052 -7.585829702210277
-255.17186228740385 -4.68601491011252
-257.2330062380025 -4.69174788732885
-259.2941501886011 -6.124396901344544
-261.35529413919977 -5.941071744654359
-263.41643808979836 -5.4991223208034326
-265.47758204039707 -7.972612802263871
-267.5387259909957 -7.120337033319552
-269.5998699415943 -4.000940739305676
-271.66101389219295 -8.267286987596957
-273.7221578427916 -5.177705081479829
-275.78330179339025 -7.220887850562153
-277.8444457439889 -6.544587351563165
-279.90558969458755 -7.493420095863099
-281.9667336451862 -5.455536138122515
-284.0278775957848 1.7513912521724422
-286.08902154638344 -6.259504610883081
-288.15016549698214 -6.18562958220232
-290.21130944758073 -6.861767434409709
