# BEGINHEADER
# This file contains data from the SALSA 2m radio telescope.
# DATE=2024-01-31T12:07:0034
# GLON and GLAT given in degrees
# GLON=45.052789857133476
# GLAT=-29.51322380819964
# DATA in two columns below. Col. 1 is velocity relative to LSR [km/s]. Col. 2 is uncalibrated antenna temperature [K].
# ENDHEADER
2384.832456212256 17.866369052392773
2382.7713122616574 36.78717695225044
2380.7101683110586 32.72197660444272
2378.6490243604603 35.55812628183646
2376.5878804098616 35.17353843162593
2374.5267364592632 37.90516327413401
2372.4655925086645 38.02032898159318
2370.4044485580657 40.13211948412182
2368.343304607467 41.80380621929747
2366.2821606568687 43.435129389659814
2364.22101670627 45.51889832872326
2362.159872755671 47.81311309178438
2360.0987288050724 49.94511915737962
2358.037584854474 51.77869633810969
2355.9764409038753 54.155323421040436
2353.915296953277 56.244573081188165
2351.8541530026773 58.295763076057206
2349.793009052079 60.55135198728741
2347.7318651014803 62.41717901212495
2345.670721150882 63.714135736471455
2343.609577200283 65.30343650649779
2341.5484332496844 67.32043828280769
2339.4872892990857 68.92212786910153
2337.4261453484874 69.94257991052466
2335.3650013978886 71.70779341916952
2333.3038574472903 72.62105651220931
2331.242713496691 72.9471184916944
2329.1815695460928 74.91542488639655
2327.120425595494 75.77781701195353
2325.0592816448957 75.43720002321271
2322.998137694297 76.99980110359294
2320.936993743698 77.56982511403619
2318.8758497930994 78.36628942286933
2316.814705842501 78.8525548690966
2314.7535618919023 78.49326577890879
2312.692417941304 78.92511184879851
2310.631273990705 79.51731773783162
2308.5701300401065 79.8128089700316
2306.5089860895077 80.57643162759673
2304.4478421389094 79.95094348078541
2302.3866981883107 80.38792918685328
2300.325554237712 81.29050295970649
2298.264410287113 80.99907631983928
2296.203266336515 81.70979265167172
2294.142122385916 81.52208817789193
2292.080978435318 81.3856442052377
2290.019834484718 81.95492551698888
2287.95869053412 81.62263859855953
2285.897546583521 81.88849925122321
2283.8364026329227 82.54597533927816
2281.775258682324 82.37321278084886
2279.714114731725 82.04405612259002
2277.6529707811264 82.85066621224468
2275.591826830528 83.81069269311668
2273.5306828799294 84.10128605312912
2271.469538929331 82.52465570835336
2269.408394978732 83.41371427413065
2267.3472510281335 83.67831103295657
2265.286107077535 84.95137934474106
2263.2249631269365 84.61037795618833
2261.1638191763377 84.23782312599768
2259.102675225739 84.60415097603189
2257.04153127514 84.88983257735192
2254.980387324542 84.53240763870173
2252.919243373943 85.00854652354184
2250.858099423345 84.79663038016004
2248.7969554727456 85.77175908235321
2246.7358115221473 84.50875625311113
2244.6746675715485 84.28931767322884
2242.61352362095 86.16762906136404
2240.5523796703515 85.89490387428687
2238.4912357197527 85.91203179655803
2236.430091769154 86.36632007953509
2234.3689478185556 85.83423088012455
2232.307803867957 86.14211452162589
2230.2466599173586 86.56321683879322
2228.185515966759 85.90082424178527
2226.1243720161606 86.64023133703726
2224.063228065562 86.25353485942081
2222.0020841149635 87.01413378074672
2219.9409401643647 87.78696068047282
2217.879796213766 87.16038618606163
2215.818652263167 86.91632024190531
2213.757508312569 85.90816370147475
2211.69636436197 87.1187541982301
2209.635220411372 87.85846273974592
2207.5740764607726 87.54175118450148
2205.5129325101743 87.9078289549694
2203.4517885595756 87.18867712625449
2201.3906446089773 87.79587926126261
2199.3295006583785 87.07393864441792
2197.2683567077797 87.32740212883733
2195.207212757181 88.20402266444454
2193.1460688065827 89.041531043772
2191.084924855984 88.24710524378833
2189.0237809053856 87.98262044714366
2186.9626369547864 87.75091246991728
2184.901493004188 87.35238721982026
2182.8403490535893 88.34253633819719
2180.779205102991 87.59993928650509
2178.7180611523922 87.14878608142392
2176.6569172017935 87.76038905214357
2174.5957732511947 87.65910639475233
2172.5346293005964 88.4716589204571
2170.4734853499976 88.28689131255835
2168.4123413993993 88.35770355457048
2166.3511974488 87.93361725289063
2164.2900534982014 88.1399607901396
2162.2289095476026 88.3792277874264
2160.1677655970043 88.04759188045786
2158.1066216464055 89.04744321254599
2156.0454776958068 87.1480363655368
2153.984333745208 88.1129465672325
2151.9231897946097 88.50543073009354
2149.862045844011 88.53674868693113
2147.800901893412 88.4250561217764
2145.7397579428134 87.61444140458204
2143.678613992215 87.75811615315065
2141.6174700416163 87.94514415884669
2139.556326091018 87.68435030342438
2137.4951821404193 87.93880674496724
2135.4340381898205 90.06833921839012
2133.3728942392218 88.14430506919997
2131.3117502886234 88.7283696114385
2129.2506063380247 87.85969616563403
2127.189462387426 89.1723779100899
2125.128318436827 88.80124142457207
2123.067174486229 90.00703590307515
2121.00603053563 93.07186085582707
2118.944886585032 90.04424229112259
2116.883742634433 88.14721010807801
2114.8225986838343 88.42497760716103
2112.7614547332355 88.17977103665456
2110.700310782637 88.08838402457016
2108.6391668320384 88.78440515920138
2106.5780228814397 89.25253439929307
2104.516878930841 87.78631650912818
2102.4557349802426 87.43992944741525
2100.3945910296434 89.04541203111951
2098.333447079045 88.38278275112627
2096.2723031284463 87.79135382075694
2094.211159177848 88.2064625075716
2092.150015227249 87.31914366170238
2090.0888712766505 88.01898544538884
2088.0277273260517 88.0694514789281
2085.9665833754534 87.6125883141628
2083.9054394248546 88.27972584915439
2081.844295474256 87.48685448996342
2079.783151523657 88.88366141554238
2077.722007573059 88.53086865165095
2075.66086362246 87.56435986968826
2073.5997196718617 87.84995267859345
2071.5385757212625 87.9190015342301
2069.477431770664 88.16422703629743
2067.4162878200655 87.91540220982915
2065.3551438694667 87.98567508935417
2063.293999918868 88.25457471265055
2061.2328559682696 86.24451794438444
2059.171712017671 88.55574772766899
2057.110568067072 84.96399165736919
2055.0494241164733 88.60724899859994
2052.988280165875 84.53773704349189
2050.9271362152763 114.95320070860814
2048.865992264678 101.66159811056271
2046.804848314079 82.4589901976938
2044.7437043634804 89.02964784008051
2042.6825604128817 84.55681810845935
2040.6214164622832 87.83651568859997
2038.5602725116844 85.71451505418231
2036.4991285610859 88.61131402064986
2034.437984610487 85.9788251137248
2032.3768406598888 85.85138355464832
2030.3156967092898 86.66217041957913
2028.2545527586915 86.26040218002834
2026.1934088080927 86.15608906465866
2024.1322648574942 85.24194012868602
2022.0711209068952 87.44150573543949
2020.0099769562967 85.9789330947544
2017.948833005698 86.3990728043231
2015.8876890550994 84.99387416367449
2013.8265451045006 85.28628252614585
2011.765401153902 85.54544189244497
2009.7042572033033 85.57594551052453
2007.643113252705 86.58901799615893
2005.5819693021062 85.21243042315213
2003.5208253515077 85.64332869452403
2001.459681400909 85.41918557056583
1999.3985374503104 85.12218431491752
1997.3373934997117 84.75367821886101
1995.2762495491131 84.61397745678015
1993.2151055985144 85.37554096428663
1991.1539616479156 86.07793951847927
1989.0928176973168 84.61873654274709
1987.0316737467185 85.00718415778562
1984.9705297961198 83.8033465647944
1982.9093858455212 83.80073989474957
1980.8482418949225 83.68618722334767
1978.787097944324 84.7846026586797
1976.7259539937252 84.25987055149002
1974.6648100431266 83.21656721931713
1972.6036660925279 82.31543451971585
1970.5425221419293 81.79236167071676
1968.4813781913306 82.34301281860431
1966.4202342407323 82.68063604500229
1964.3590902901333 82.99204797225528
1962.297946339535 82.47371420454608
1960.236802388936 83.36308976547774
1958.1756584383375 82.36591808418902
1956.1145144877387 81.87408196766782
1954.0533705371402 82.48911306850988
1951.9922265865414 82.53008905427521
1949.9310826359429 81.65945867384933
1947.869938685344 81.28433571747458
1945.8087947347458 80.94656977786002
1943.7476507841468 81.08472967166647
1941.6865068335485 81.19835848632218
1939.6253628829497 80.50576191476219
1937.5642189323512 80.06953390053611
1935.5030749817524 80.12639595577474
1933.441931031154 80.8617108481954
1931.3807870805551 79.26414334091301
1929.3196431299564 80.36115628122995
1927.2584991793576 79.10334069699128
1925.1973552287593 77.9995865121453
1923.1362112781603 79.37485421306343
1921.075067327562 77.66970372550877
1919.0139233769632 76.66408215539936
1916.9527794263647 75.8096386492361
1914.891635475766 76.15309291879993
1912.8304915251674 74.77469345019911
1910.7693475745687 73.78913796271573
1908.7082036239701 72.80471740820084
1906.6470596733714 71.61931909206028
1904.585915722773 70.13626101393743
1902.524771772174 69.05905735331658
1900.4636278215758 67.2854884865577
1898.4024838709768 65.63007504370968
1896.3413399203782 64.37352317859327
1894.2801959697795 62.280142112239936
1892.219052019181 60.666775457364814
1890.1579080685822 58.78028602328287
1888.0967641179836 56.311759139011315
1886.0356201673849 53.70147144790367
1883.9744762167866 51.85775912681822
1881.9133322661876 49.98321566005119
1879.8521883155893 48.14231298066866
1877.7910443649905 45.98836805609479
1875.729900414392 44.09170910926843
1873.6687564637932 41.876559201480895
1871.6076125131947 40.303286939256886
1869.546468562596 38.612962948384286
1867.4853246119972 37.57204654404156
1865.4241806613984 35.35010385485223
1863.3630367108 35.93901734245794
1861.301892760201 32.86056393974186
1859.2407488096028 36.703147879458385
