-5555.56,-7.37572,37.9448
-5550.13,-7.14351,7.34874
-5544.7,11.301,-21.424
-5539.28,44.4687,-3.93781
-5533.85,36.479,3.59275
-5528.43,8.16783,-9.15246
-5523,10.0075,-9.82847
-5517.58,17.7168,-5.47721
-5512.15,5.81397,-3.12456
-5506.73,-6.41657,-1.85044
-5501.3,-2.29479,-17.4028
-5495.88,-3.36773,-40.592
-5490.45,-2.98408,-31.1356
-5485.03,5.44911,-7.49376
-5479.6,12.3314,-1.16565
-5474.17,23.2463,0.00548681
-5468.75,15.8285,14.6231
-5463.32,-7.55821,29.9659
-5457.9,2.60116,15.0314
-5452.47,30.1856,2.71951
-5447.05,13.118,14.6095
-5441.62,5.74715,6.51265
-5436.2,31.9859,-15.8541
-5430.77,12.6645,-2.98106
-5425.35,-17.2642,11.5148
-5419.92,1.49316,-1.88529
-5414.5,28.127,-0.49842
-5409.07,27.8314,-1.98612
-5403.65,24.2471,-21.9855
-5398.22,28.6283,-18.8618
-5392.79,27.268,-8.21811
-5387.37,15.3932,-1.62616
-5381.94,-4.56078,11.7887
-5376.52,-9.29313,16.0273
-5371.09,11.3036,13.6857
-5365.67,14.0881,10.9395
-5360.24,-7.38079,17.6398
-5354.82,-1.11107,38.2291
-5349.39,2.38298,31.1706
-5343.97,-19.79,0.460588
-5338.54,-16.4243,-9.45165
-5333.12,-16.8902,-27.7169
-5327.69,-14.0743,-53.794
-5322.27,26.8472,-38.3085
-5316.84,47.7419,-8.1033
-5311.41,37.1703,12.398
-5305.99,32.841,34.3051
-5300.56,22.3205,24.0775
-5295.14,2.11497,-14.8806
-5289.71,-6.67861,-42.9941
-5284.29,-1.48046,-37.4812
-5278.86,11.12,2.88871
-5273.44,20.2537,37.9195
-5268.01,46.3197,51.7697
-5262.59,60.5161,33.0896
-5257.16,29.7415,-7.12806
-5251.74,0.629811,-22.5283
-5246.31,-9.95768,-5.28111
-5240.88,-18.8258,17.9013
-5235.46,-25.7527,20.0702
-5230.03,-10.4375,11.2696
-5224.61,5.72716,4.54548
-5219.18,-8.45059,5.97141
-5213.76,-29.0977,3.59313
-5208.33,-36.9393,-13.7795
-5202.91,-23.1609,-12.7833
-5197.48,-4.95972,2.92589
-5192.06,-6.88836,-0.117525
-5186.63,-20.4029,-5.5925
-5181.21,-21.8222,-4.48043
-5175.78,-4.7729,-13.78
-5170.36,5.12144,-0.560124
-5164.93,13.1742,5.40556
-5159.5,16.8094,-19.6805
-5154.08,0.561856,0.367824
-5148.65,-14.5498,10.9552
-5143.23,-25.782,-14.9524
-5137.8,-23.2188,-10.2311
-5132.38,-0.609128,-5.16776
-5126.95,-8.14501,0.0526032
-5121.53,-47.455,2.31121
-5116.1,-38.2911,2.1746
-5110.68,-2.49444,18.1817
-5105.25,-7.63595,32.3071
-5099.83,2.8441,54.9855
-5094.4,39.182,36.613
-5088.98,33.4688,-1.90233
-5083.55,10.5305,2.62268
-5078.12,-1.39374,11.0966
-5072.7,-10.4494,8.40128
-5067.27,-3.75237,-3.64749
-5061.85,-9.19022,-5.0992
-5056.42,-15.3512,13.3382
-5051,-2.53421,5.34706
-5045.57,5.00625,-21.5525
-5040.15,17.2601,-12.337
-5034.72,32.4196,7.78918
-5029.3,33.0153,10.7244
-5023.87,15.5775,17.9667
-5018.45,0.0989336,-1.21263
-5013.02,-6.85317,-20.1335
-5007.6,-25.5986,6.85654
-5002.17,-50.1734,26.6231
-4996.74,-43.1405,33.8729
-4991.32,-13.7471,39.4664
-4985.89,-11.3551,25.6757
-4980.47,-21.3498,15.5477
-4975.04,-22.499,18.4954
-4969.62,-23.1149,19.8764
-4964.19,-12.4605,31.4932
-4958.77,7.42966,34.574
-4953.34,4.86505,11.6621
-4947.92,-9.84855,-10.4079
-4942.49,-4.34445,-13.2327
-4937.07,-0.0535857,1.01608
-4931.64,-8.7885,8.28995
-4926.21,-7.1535,8.79796
-4920.79,11.0654,-6.09091
-4915.36,18.4712,-13.143
-4909.94,21.1394,10.1943
-4904.51,32.5585,11.5113
-4899.09,11.2618,0.868208
-4893.66,-8.5649,1.84472
-4888.24,20.9965,-4.08637
-4882.81,31.1141,-12.996
-4877.39,8.91897,-13.3866
-4871.96,-7.27495,-12.4924
-4866.54,-20.7008,-13.4348
-4861.11,-17.9231,-0.73043
-4855.69,7.6102,10.4331
-4850.26,31.0334,-1.33722
-4844.83,37.9468,-20.0129
-4839.41,37.0194,-21.0483
-4833.98,27.2977,-10.2065
-4828.56,16.9761,5.58583
-4823.13,6.01517,31.6067
-4817.71,5.46911,27.1674
-4812.28,13.7105,-8.26603
-4806.86,1.40391,-17.2498
-4801.43,-12.4781,-3.35932
-4796.01,-9.15553,0.791124
-4790.58,-6.37153,-6.34565
-4785.16,-19.8809,-7.02555
-4779.73,-19.2872,-15.5582
-4774.31,2.41283,-27.818
-4768.88,-8.57244,-13.0831
-4763.45,-36.1888,7.01051
-4758.03,-16.5135,9.84823
-4752.6,23.5068,-5.83875
-4747.18,35.3035,-12.8938
-4741.75,25.2159,-6.4205
-4736.33,19.8397,-3.35183
-4730.9,27.5127,8.42791
-4725.48,10.5423,5.62515
-4720.05,-11.6563,-11.9956
-4714.63,3.65862,-17.2981
-4709.2,5.74077,-23.8635
-4703.78,-12.0282,-18.4443
-4698.35,4.92723,5.34985
-4692.92,27.6468,19.8326
-4687.5,16.7071,14.6032
-4682.07,7.06375,-6.01757
-4676.65,17.3847,-11.9753
-4671.22,18.3047,1.50324
-4665.8,21.8285,4.57528
-4660.37,25.7771,11.4095
-4654.95,-6.386,31.3736
-4649.52,-14.3176,36.4283
-4644.1,13.895,26.9503
-4638.67,11.0954,-0.054069
-4633.25,-0.214409,-20.6275
-4627.82,4.00605,-12.5502
-4622.4,3.26702,-6.10478
-4616.97,-0.550612,-4.25857
-4611.54,-15.8648,-18.5633
-4606.12,-34.1728,-38.886
-4600.69,-0.0513458,-45.2688
-4595.27,23.5465,-42.9336
-4589.84,-13.358,-16.5718
-4584.42,-23.8338,5.05078
-4578.99,-12.2784,-13.8886
-4573.57,-12.2094,-46.118
-4568.14,5.99455,-41.7084
-4562.72,33.9858,-20.7489
-4557.29,38.2045,-28.0941
-4551.87,32.589,-31.9846
-4546.44,41.5252,-21.1756
-4541.02,40.5836,-13.1813
-4535.59,13.693,-9.15604
-4530.16,-14.6731,-9.32658
-4524.74,-13.4085,1.1785
-4519.31,1.41714,26.1404
-4513.89,-18.2082,41.7802
-4508.46,-32.8135,36.6116
-4503.04,-8.00789,34.3034
-4497.61,-2.87128,17.2352
-4492.19,-25.5132,-32.8377
-4486.76,-16.5173,-49.085
-4481.34,22.5567,-20.1127
-4475.91,49.1007,-5.95227
-4470.49,50.569,-3.26424
-4465.06,26.6363,12.2749
-4459.63,11.3547,6.68065
-4454.21,22.2355,-17.6238
-4448.78,22.1875,-17.3682
-4443.36,17.002,-25.4007
-4437.93,27.5386,-37.3847
-4432.51,11.3438,-7.08919
-4427.08,-21.0256,29.9348
-4421.66,-25.4079,24.109
-4416.23,-21.8839,-4.8619
-4410.81,-15.5756,-13.0742
-4405.38,-5.22373,-22.9956
-4399.96,-6.71717,-46.8618
-4394.53,-10.9909,-48.171
-4389.11,-8.0744,-28.3342
-4383.68,2.85105,-25.7519
-4378.25,31.0239,-19.7463
-4372.83,44.8179,-0.879418
-4367.4,26.9513,-0.721675
-4361.98,14.3186,4.90889
-4356.55,-1.64323,18.3308
-4351.13,-6.89636,23.927
-4345.7,3.2638,13.743
-4340.28,-6.55289,-1.68826
-4334.85,-16.3248,3.15906
-4329.43,-18.3384,3.39615
-4324,-28.0833,-17.8869
-4318.58,-29.8933,-14.3802
-4313.15,-21.6794,1.10991
-4307.73,-16.9369,-14.3052
-4302.3,-7.482,-23.0683
-4296.87,-22.6387,-26.4661
-4291.45,-42.0239,-28.3257
-4286.02,-24.323,-1.04047
-4280.6,3.99454,16.4859
-4275.17,14.7907,22.9572
-4269.75,-16.835,36.1909
-4264.32,-46.5853,28.2312
-4258.9,-36.0221,8.87243
-4253.47,-16.1802,-14.307
-4248.05,-6.29135,-36.1406
-4242.62,5.15807,-37.5742
-4237.2,33.6375,-35.4446
-4231.77,54.6579,-42.1049
-4226.35,46.9088,-33.7946
-4220.92,14.5719,-6.99136
-4215.49,-24.9193,15.3456
-4210.07,-23.7941,26.4717
-4204.64,-0.0773389,23.0872
-4199.22,14.905,14.9808
-4193.79,21.8124,12.1845
-4188.37,-10.283,4.1062
-4182.94,-42.2509,1.77405
-4177.52,-24.0257,5.06365
-4172.09,-3.46741,1.86245
-4166.67,-7.50626,-1.66633
-4161.24,-12.1746,-17.8546
-4155.82,1.50563,-30.885
-4150.39,28.4204,-0.973304
-4144.96,29.3447,19.1461
-4139.54,14.6358,-1.77662
-4134.11,2.38319,2.865
-4128.69,-10.5699,28.3605
-4123.26,-3.07928,16.933
-4117.84,0.629438,-13.2015
-4112.41,1.97454,-17.9721
-4106.99,20.6056,-12.7516
-4101.56,2.83489,-21.3938
-4096.14,-10.7269,-25.1769
-4090.71,18.4848,-15.9165
-4085.29,18.4617,-19.1259
-4079.86,8.65062,-34.5773
-4074.44,9.56587,-38.5439
-4069.01,-14.9926,-27.5305
-4063.58,-31.9089,-8.982
-4058.16,-23.7155,11.3354
-4052.73,-11.1259,25.7118
-4047.31,-9.54173,21.2223
-4041.88,-31.2309,-1.3168
-4036.46,-37.5671,-3.48431
-4031.03,-13.8729,34.585
-4025.61,6.72826,47.2575
-4020.18,23.062,20.3748
-4014.76,20.7568,22.6987
-4009.33,5.10872,30.4591
-4003.91,2.41315,16.4329
-3998.48,-22.8931,10.7035
-3993.06,-30.7052,11.81
-3987.63,8.11177,2.85623
-3982.2,13.8481,-19.81
-3976.78,8.07535,-34.8601
-3971.35,21.719,-36.9767
-3965.93,13.6179,-54.4204
-3960.5,0.895014,-60.493
-3955.08,11.3727,-35.7053
-3949.65,20.7684,-14.1498
-3944.23,2.72986,12.1253
-3938.8,-14.8368,28.1872
-3933.38,-12.6017,12.0934
-3927.95,-22.5846,-12.9374
-3922.53,-32.3334,-18.1036
-3917.1,-24.8354,-1.8193
-3911.68,-29.4128,7.16158
-3906.25,-38.7945,9.72775
-3900.82,-21.5271,3.89429
-3895.4,-10.6351,-17.4749
-3889.97,-29.9641,-17.5566
-3884.55,-19.6185,9.58859
-3879.12,4.26039,32.4853
-3873.7,-7.82307,28.3099
-3868.27,-12.5113,-3.15891
-3862.85,-10.4922,-19.0864
-3857.42,-21.4754,-11.1125
-3852,-2.65619,-0.152299
-3846.57,27.7892,5.78815
-3841.15,28.3177,-6.84164
-3835.72,10.9378,-16.0584
-3830.29,-7.14799,7.75923
-3824.87,-11.0214,30.038
-3819.44,-0.548944,38.7059
-3814.02,-3.70379,33.1189
-3808.59,-29.1725,-0.656592
-3803.17,-25.5945,-2.71543
-3797.74,-5.02788,18.6752
-3792.32,-12.1796,21.846
-3786.89,-9.08965,25.9818
-3781.47,16.5348,16.7131
-3776.04,33.7703,0.177975
-3770.62,10.495,1.83356
-3765.19,-18.8087,17.4457
-3759.77,-1.26504,35.7159
-3754.34,34.8173,30.8
-3748.91,29.4006,14.6563
-3743.49,-25.1743,4.9206
-3738.06,-28.4777,-11.8751
-3732.64,8.32961,-9.34128
-3727.21,8.02763,7.59998
-3721.79,-4.4176,-4.05032
-3716.36,-7.54349,-30.7738
-3710.94,17.636,-44.8305
-3705.51,49.8461,-30.7591
-3700.09,46.6816,-10.2236
-3694.66,23.3798,-2.90181
-3689.24,1.44195,4.90542
-3683.81,-19.686,-9.00214
-3678.39,-25.378,-21.018
-3672.96,-4.49326,-7.23994
-3667.53,17.4449,4.32455
-3662.11,17.1906,4.70771
-3656.68,4.21939,24.7177
-3651.26,4.67982,58.5568
-3645.83,19.665,32.3226
-3640.41,5.07156,-13.5252
-3634.98,-12.3061,-13.9414
-3629.56,18.4399,4.53079
-3624.13,36.5221,7.12952
-3618.71,12.8581,-14.4923
-3613.28,21.7798,-19.8008
-3607.86,48.4537,-13.3882
-3602.43,28.162,-3.56075
-3597,-3.31163,-2.07689
-3591.58,-10.5384,-26.8073
-3586.15,10.7286,-9.88834
-3580.73,31.9653,14.9486
-3575.3,25.154,-1.79744
-3569.88,23.4134,8.17274
-3564.45,41.8285,21.5614
-3559.03,43.7214,-13.9201
-3553.6,22.474,-34.1321
-3548.18,2.7256,-7.55966
-3542.75,-13.4977,8.76076
-3537.33,-4.61266,-15.3016
-3531.9,32.5484,-32.3175
-3526.48,58.272,-8.97364
-3521.05,32.8728,-4.82102
-3515.62,-27.3542,-38.0001
-3510.2,-28.3068,-39.5124
-3504.77,5.7644,-0.648299
-3499.35,6.90101,11.2361
-3493.92,12.0965,-10.0014
-3488.5,31.066,-30.5048
-3483.07,47.4539,-35.7983
-3477.65,39.2065,-28.1796
-3472.22,19.4682,-5.64404
-3466.8,27.9938,19.308
-3461.37,35.0652,-15.0204
-3455.95,31.1174,-49.7926
-3450.52,43.7797,-20.9112
-3445.1,32.2211,0.120789
-3439.67,0.763619,-7.05628
-3434.24,-8.14788,-15.912
-3428.82,-25.5851,-10.4593
-3423.39,-40.2268,-1.28865
-3417.97,-18.5131,-4.90896
-3412.54,15.1745,-6.82862
-3407.12,4.69386,2.25488
-3401.69,-19.1165,28.681
-3396.27,22.8145,51.5778
-3390.84,46.6827,31.7069
-3385.42,14.0333,4.73777
-3379.99,18.5659,2.58186
-3374.57,22.1327,13.3422
-3369.14,-4.48672,29.5159
-3363.71,-36.9045,21.6287
-3358.29,-64.5771,7.43703
-3352.86,-34.8069,4.61157
-3347.44,7.52217,-18.7623
-3342.01,13.1625,-26.8312
-3336.59,-10.155,11.7945
-3331.16,-21.9299,27.0251
-3325.74,6.27084,13.05
-3320.31,29.5222,16.2536
-3314.89,41.4055,22.6446
-3309.46,52.494,17.1252
-3304.04,50.8984,0.00232124
-3298.61,26.3718,-19.0749
-3293.19,-4.64,-20.9598
-3287.76,2.45238,-7.21783
-3282.33,28.8321,-14.1288
-3276.91,16.1851,-14.3465
-3271.48,-10.9952,14.7583
-3266.06,-24.1839,11.2541
-3260.63,-15.0401,-2.29693
-3255.21,10.9803,-1.74331
-3249.78,7.5674,1.31813
-3244.36,-18.3834,27.1614
-3238.93,-21.4631,22.0052
-3233.51,-12.3923,-13.3818
-3228.08,-14.0318,-6.30615
-3222.66,-1.99715,16.7599
-3217.23,8.38713,15.6648
-3211.81,-11.6143,12.8845
-3206.38,-9.42594,15.4729
-3200.95,22.7137,15.713
-3195.53,24.3742,20.4797
-3190.1,14.5677,17.6075
-3184.68,14.5268,10.6206
-3179.25,9.63245,18.9141
-3173.83,28.3277,27.2025
-3168.4,37.7634,12.4959
-3162.98,33.1299,-29.0697
-3157.55,58.0348,-81.9436
-3152.13,37.5122,-56.4166
-3146.7,3.43534,32.5459
-3141.28,24.0662,34.9564
-3135.85,22.6109,1.68389
-3130.43,-14.4431,17.2496
-3125,-22.7789,16.0421
-3119.57,0.303006,-15.5302
-3114.15,-0.617451,-35.7426
-3108.72,-16.5994,-34.9084
-3103.3,-13.6004,-19.2733
-3097.87,-14.2132,-12.7441
-3092.45,1.11299,-14.084
-3087.02,24.5961,-1.17896
-3081.6,-12.5587,15.4603
-3076.17,-61.8548,27.364
-3070.75,-46.9648,38.7661
-3065.32,-2.9453,52.4397
-3059.9,15.6664,51.449
-3054.47,3.48264,39.5552
-3049.04,-13.903,20.4743
-3043.62,-21.601,-9.46697
-3038.19,-29.7926,-21.2617
-3032.77,-39.4449,10.7985
-3027.34,-30.0025,44.696
-3021.92,4.7688,18.1855
-3016.49,23.7191,-15.8848
-3011.07,11.4622,-9.64014
-3005.64,-13.4006,2.15502
-3000.22,-26.478,-2.43022
-2994.79,-7.0743,-5.49711
-2989.37,6.48507,-0.525549
-2983.94,-25.7118,8.63665
-2978.52,-55.7129,23.425
-2973.09,-16.6841,16.9241
-2967.66,17.0872,-13.604
-2962.24,27.2683,-36.9485
-2956.81,45.3918,-20.4403
-2951.39,8.12404,23.0186
-2945.96,-16.0525,35.8307
-2940.54,-10.6435,9.47447
-2935.11,-22.6913,-26.6353
-2929.69,-7.36585,-45.8235
-2924.26,20.1661,-17.5423
-2918.84,39.6247,20.9458
-2913.41,31.5662,32.3258
-2907.99,-5.6159,32.3585
-2902.56,-19.7812,24.2314
-2897.14,-15.7245,9.85224
-2891.71,-0.0117606,-3.69091
-2886.28,30.6652,-18.0154
-2880.86,38.3701,-26.0172
-2875.43,26.0379,-32.9032
-2870.01,6.65116,-45.6572
-2864.58,21.3984,-31.9954
-2859.16,101.825,-31.8182
-2853.73,105.473,-51.7981
-2848.31,33.8382,-40.1835
-2842.88,16.2857,-18.8621
-2837.46,13.5918,-13.5672
-2832.03,28.78,-16.2538
-2826.61,54.4059,-0.760097
-2821.18,39.6803,11.725
-2815.75,7.8095,3.29079
-2810.33,-16.6103,-14.8876
-2804.9,-16.0201,-43.4184
-2799.48,-5.3958,-45.9556
-2794.05,-8.68879,-34.8159
-2788.63,-18.1329,-44.2796
-2783.2,-35.3384,-51.9334
-2777.78,-53.0341,-51.4567
-2772.35,-45.4912,-28.9241
-2766.93,-36.8176,13.6214
-2761.5,-12.3793,-24.1
-2756.08,25.553,-93.6331
-2750.65,2.45718,-67.0099
-2745.23,-24.6715,-48.8668
-2739.8,-27.0951,-59.6158
-2734.37,-31.9473,-41.33
-2728.95,1.44817,-35.3097
-2723.52,32.2802,-26.6453
-2718.1,21.7537,-1.3118
-2712.67,8.32766,8.51077
-2707.25,7.00594,19.6402
-2701.82,28.9252,29.5605
-2696.4,27.2192,25.4367
-2690.97,-11.0133,4.70848
-2685.55,-3.76055,-46.2881
-2680.12,24.466,-44.2709
-2674.7,12.4655,8.92071
-2669.27,-6.69485,-16.616
-2663.85,8.81064,6.00349
-2658.42,18.4812,203.875
-2652.99,-8.6357,258.013
-2647.57,-22.4418,120.758
-2642.14,-6.78361,10.2579
-2636.72,-0.693365,-54.7447
-2631.29,-16.6059,-44.6772
-2625.87,-22.8797,7.52951
-2620.44,-3.17247,12.8299
-2615.02,11.3703,-9.88281
-2609.59,-14.3037,10.1578
-2604.17,-44.9598,33.8386
-2598.74,-42.2128,31.2501
-2593.32,-36.8769,15.4581
-2587.89,-36.7411,4.36653
-2582.47,-36.7516,6.54906
-2577.04,-60.4329,-2.64919
-2571.61,-58.4768,9.98959
-2566.19,-12.5684,56.1985
-2560.76,10.3673,48.2491
-2555.34,16.1295,-5.48787
-2549.91,32.6061,1.23896
-2544.49,71.2598,48.9394
-2539.06,47.9482,39.1962
-2533.64,-77.9995,-9.16867
-2528.21,-96.737,-37.7588
-2522.79,8.86458,-57.5763
-2517.36,10.2377,-47.4837
-2511.94,-36.7348,-31.4395
-2506.51,-29.2017,-69.994
-2501.08,-38.7988,-86.3548
-2495.66,-23.7423,-18.5397
-2490.23,51.2393,19.3677
-2484.81,83.7924,-3.47979
-2479.38,35.4371,4.73676
-2473.96,3.27408,30.5565
-2468.53,-4.06935,28.4126
-2463.11,50.974,40.2316
-2457.68,193.854,133.764
-2452.26,139.721,181.269
-2446.83,-38.645,100.573
-2441.41,-44.4616,24.5655
-2435.98,-25.3493,28.4312
-2430.56,-84.4527,12.5509
-2425.13,-84.8029,-86.1946
-2419.7,27.7588,-83.9106
-2414.28,97.3379,-20.0463
-2408.85,64.4973,-19.8506
-2403.43,-24.6323,31.3073
-2398,-75.0607,74.4985
-2392.58,-24.8775,27.3202
-2387.15,13.9713,-10.5326
-2381.73,23.6035,28.7282
-2376.3,33.3707,57.5745
-2370.88,32.3977,25.7659
-2365.45,39.5014,37.504
-2360.03,41.6956,46.1953
-2354.6,10.3026,-1.95126
-2349.18,7.69974,-28.0932
-2343.75,30.994,-25.9338
-2338.32,47.6426,-17.1813
-2332.9,67.8083,-51.7512
-2327.47,36.2202,-75.9413
-2322.05,-29.8559,-6.11104
-2316.62,-69.2058,65.0924
-2311.2,-59.0309,81.2481
-2305.77,-6.67648,-8.16922
-2300.35,7.39764,-88.0826
-2294.92,-36.6737,-8.14346
-2289.5,-49.1743,80.5223
-2284.07,-3.7775,94.9754
-2278.65,76.8738,27.2369
-2273.22,60.5205,-92.8904
-2267.79,37.9573,-78.4097
-2262.37,-120.65,-66.2509
-2256.94,-604.799,-256.949
-2251.52,-565.521,-289.435
-2246.09,-112.827,-106.165
-2240.67,20.6015,-27.5467
-2235.24,85.6982,40.6979
-2229.82,73.9478,218.596
-2224.39,-17.7895,332.287
-2218.97,-11.3348,206.587
-2213.54,9.81245,-11.9295
-2208.12,-0.758602,-70.2039
-2202.69,-66.6518,-25.0001
-2197.27,-104.203,-0.893904
-2191.84,-37.7511,-46.2183
-2186.41,18.4289,-209.102
-2180.99,4.17487,-305.423
-2175.56,-62.7717,-235.699
-2170.14,-85.299,-172.643
-2164.71,36.5591,-188.208
-2159.29,1.33681,-266.576
-2153.86,-242.969,-255.562
-2148.44,-169.174,-99.4026
-2143.01,96.635,-27.8305
-2137.59,160.955,-45.5401
-2132.16,96.1105,-31.0132
-2126.74,17.2137,34.0737
-2121.31,-15.0524,74.6354
-2115.89,-59.894,-48.0996
-2110.46,-176.695,27.8518
-2105.03,-186.893,363.829
-2099.61,-90.2541,337.333
-2094.18,-4.3921,92.8517
-2088.76,-51.3534,94.9746
-2083.33,-184.372,96.2337
-2077.91,-185.896,-37.477
-2072.48,-93.7852,-41.7163
-2067.06,-86.0319,102.781
-2061.63,285.303,-53.3858
-2056.21,1297.86,-432.784
-2050.78,1344.21,-381.112
-2045.36,429.24,-49.504
-2039.93,-271.685,165.053
-2034.51,-400.821,159.095
-2029.08,-66.6379,99.0454
-2023.65,260.374,212.157
-2018.23,-8934.75,-3706.45
-2012.8,-19311.8,-7931.59
-2007.38,-10321.4,-4172.89
-2001.95,25.8325,-52.9697
-1996.53,176.024,129.857
-1991.1,-45.5946,-12.813
-1985.68,-23.4529,-161.234
-1980.25,40.7505,-25.2512
-1974.83,34.6856,-1.92369
-1969.4,132.604,-56.3365
-1963.98,303.356,-21.7055
-1958.55,666.132,163.208
-1953.12,813.248,374.544
-1947.7,287.697,312.691
-1942.27,40.6392,211.398
-1936.85,61.7548,294.74
-1931.42,-12.4078,329.862
-1926,-67.4181,41.8889
-1920.57,56.17,-178.458
-1915.15,298.121,-35.9661
-1909.72,269.907,153.106
-1904.3,139.318,133.428
-1898.87,73.7974,42.2691
-1893.45,-20.0269,50.4045
-1888.02,-100.273,93.1455
-1882.6,63.4619,-6.36645
-1877.17,215.733,-106.201
-1871.74,95.7259,38.2362
-1866.32,51.8501,28.2042
-1860.89,-28.2007,-41.4844
-1855.47,-200.494,173.504
-1850.04,-156.849,258.801
-1844.62,-2.32765,185.099
-1839.19,85.0795,156.551
-1833.77,62.5587,83.5411
-1828.34,58.8814,51.7715
-1822.92,100.957,52.4577
-1817.49,55.4916,17.3206
-1812.07,38.1798,-4.2276
-1806.64,25.4133,-16.8191
-1801.22,-28.5683,-13.8518
-1795.79,-24.5513,15.9147
-1790.36,-21.8455,52.7115
-1784.94,-22.1514,43.4136
-1779.51,13.5317,11.315
-1774.09,54.503,25.9585
-1768.66,-4.07722,26.9073
-1763.24,-95.1648,-42.5681
-1757.81,-41.0835,-154.957
-1752.39,39.9167,-214.655
-1746.96,76.3239,-128.681
-1741.54,63.451,-7.44006
-1736.11,-18.0868,61.389
-1730.69,-31.4959,104.36
-1725.26,14.9403,106.129
-1719.83,36.0186,109.556
-1714.41,67.9165,63.314
-1708.98,49.4963,-43.44
-1703.56,-27.543,-47.3477
-1698.13,8.84087,2.25184
-1692.71,69.6551,17.519
-1687.28,12.964,17.094
-1681.86,-17.6438,-7.03662
-1676.43,13.1821,-2.51063
-1671.01,2.68581,27.4665
-1665.58,-26.3996,16.1311
-1660.16,55.7362,-28.9241
-1654.73,153.386,-54.8178
-1649.31,109.522,-17.8671
-1643.88,30.4361,45.4916
-1638.45,-17.5647,8.13287
-1633.03,-46.0711,-99.8869
-1627.6,-56.407,-83.1752
-1622.18,-48.0668,25.775
-1616.75,-17.7611,80.07
-1611.33,-5.45236,63.8607
-1605.9,41.9853,32.0134
-1600.48,93.869,25.9371
-1595.05,31.8529,-1.98385
-1589.63,-58.6468,-20.0748
-1584.2,-66.2156,32.0754
-1578.78,-6.16515,63.1581
-1573.35,59.0491,47.0022
-1567.93,50.7558,38.4108
-1562.5,0.390584,18.0157
-1557.07,-43.0047,21.8153
-1551.65,-108.411,32.1118
-1546.22,-132.813,10.9028
-1540.8,-65.8144,-13.0353
-1535.37,-3.80212,-36.7089
-1529.95,14.4667,-24.5948
-1524.52,37.3436,-19.1936
-1519.1,22.4011,-48.0829
-1513.67,22.0415,-59.719
-1508.25,32.028,-69.8567
-1502.82,-29.0424,-75.7893
-1497.4,-57.5715,-56.0023
-1491.97,-12.9537,-40.6534
-1486.55,41.5378,-10.7149
-1481.12,55.6822,15.1967
-1475.69,-2.16589,14.6918
-1470.27,-59.571,55.5867
-1464.84,-85.6461,85.6478
-1459.42,-33.0897,-49.6721
-1453.99,42.0795,-220.847
-1448.57,-44.3104,-166.867
-1443.14,-101.96,-20.3693
-1437.72,-46.9371,21.1278
-1432.29,-14.2748,11.6949
-1426.87,33.8332,12.8482
-1421.44,48.6073,21.1582
-1416.02,-2.40759,30.6457
-1410.59,-17.0265,29.7281
-1405.16,-10.4311,6.2532
-1399.74,-48.3503,-3.51239
-1394.31,-53.7156,14.8888
-1388.89,23.3398,9.63254
-1383.46,66.2747,-7.82711
-1378.04,32.2026,18.1879
-1372.61,7.31162,23.5704
-1367.19,2.45842,-30.8318
-1361.76,13.918,-67.5789
-1356.34,36.0419,-125.016
-1350.91,17.0111,-143.066
-1345.49,-12.3083,-66.7344
-1340.06,-16.2111,-27.1616
-1334.64,-11.2714,-22.2425
-1329.21,-4.12895,-22.3742
-1323.78,20.1293,-6.96194
-1318.36,57.2883,35.4616
-1312.93,49.4516,50.0248
-1307.51,30.3044,34.1981
-1302.08,19.5136,27.7601
-1296.66,-20.2768,23.0419
-1291.23,-35.5526,9.40733
-1285.81,-3.71698,-13.1424
-1280.38,-18.8959,-38.8291
-1274.96,-59.2961,-37.86
-1269.53,-33.5807,-51.2729
-1264.11,-9.82867,-59.0574
-1258.68,-44.3558,-117.536
-1253.26,-71.5177,-198.867
-1247.83,-51.3396,-78.6765
-1242.4,-31.6422,41.0684
-1236.98,-37.4448,17.8773
-1231.55,-57.8108,23.0381
-1226.13,-61.5271,50.1562
-1220.7,-16.6406,47.8577
-1215.28,24.2403,13.0228
-1209.85,24.947,-45.9428
-1204.43,13.7834,-48.861
-1199,-5.10173,26.7982
-1193.58,-27.1406,43.8669
-1188.15,-14.9957,-8.48916
-1182.73,35.801,-26.2989
-1177.3,36.9736,-22.9518
-1171.87,-5.57443,-23.0371
-1166.45,3.93879,-50.332
-1161.02,36.0041,-45.4187
-1155.6,18.4845,73.1086
-1150.17,-13.2682,116.266
-1144.75,8.16663,33.0172
-1139.32,61.0115,-13.5616
-1133.9,85.8121,-14.1293
-1128.47,37.1743,-23.256
-1123.05,-4.45384,-67.0362
-1117.62,40.9556,-91.5949
-1112.2,45.3379,-69.9348
-1106.77,-6.9665,-32.5877
-1101.35,-21.7848,-7.21492
-1095.92,10.6878,-10.159
-1090.49,30.2479,-6.40886
-1085.07,-0.950703,5.43665
-1079.64,1.06391,4.11378
-1074.22,35.535,25.1071
-1068.79,55.3804,62.8598
-1063.37,39.4906,63.0995
-1057.94,-82.5329,-361.056
-1052.52,-171.969,-802.257
-1047.09,-88.2063,-406.599
-1041.67,-1.44976,17.4143
-1036.24,18.3669,-10.396
-1030.82,29.4112,-40.7331
-1025.39,40.346,-43.7233
-1019.97,52.6909,-8.99591
-1014.54,51.9943,45.8658
-1009.11,39.3499,69.0962
-1003.69,39.1086,61.0299
-998.264,55.3856,46.5413
-992.838,58.0912,20.5935
-987.413,9.79393,-31.2789
-981.988,-52.2754,-34.7152
-976.562,-41.5867,11.2446
-971.137,13.1468,23.0565
-965.712,52.5723,7.41148
-960.286,66.8321,8.99858
-954.861,40.9935,48.0343
-949.436,5.37542,65.3619
-944.01,15.4004,38.0121
-938.585,31.0258,-1.72521
-933.16,4.67626,-47.1808
-927.734,-29.3611,-42.7196
-922.309,-42.754,-7.27982
-916.884,-28.1377,-9.3066
-911.458,-6.41048,-39.2093
-906.033,50.2599,-73.064
-900.608,92.7953,-71.0731
-895.182,16.4533,-15.3891
-889.757,-43.3571,31.1593
-884.331,-16.9325,5.67385
-878.906,4.10961,-42.548
-873.481,-3.83425,-54.1879
-868.055,-9.11947,-62.5381
-862.63,10.9996,-56.9623
-857.205,-185.18,1.83845
-851.779,-397.549,41.0974
-846.354,-189.001,14.2072
-840.929,30.6904,0.600258
-835.503,23.7033,23.3605
-830.078,-27.3711,22.4987
-824.653,-37.1601,-15.6593
-819.227,11.3863,-37.3152
-813.802,25.1873,-28.7812
-808.377,20.8958,-9.36563
-802.951,17.0532,-11.0424
-797.526,-10.8347,-6.00642
-792.101,-32.0876,35.0336
-786.675,-18.9921,57.4827
-781.25,4.57592,62.8454
-775.825,14.447,43.8195
-770.399,6.27253,33.8744
-764.974,-2.26014,66.2176
-759.549,18.3207,39.0314
-754.123,44.3004,-90.2598
-748.698,21.347,-130.429
-743.273,-5.27458,-36.3831
-737.847,5.37343,26.1512
-732.422,-1.45453,28.7726
-726.996,-1.99266,28.1183
-721.571,6.46896,28.9083
-716.146,-11.6317,-1.68125
-710.72,-28.8197,0.622846
-705.295,-27.7721,40.5577
-699.87,-16.0004,37.3951
-694.444,-2.21604,9.78325
-689.019,6.31881,0.487871
-683.594,-0.486363,-16.0621
-678.168,-7.8672,-17.1898
-672.743,-15.2545,30.4535
-667.318,-19.7549,54.9447
-661.892,-17.4512,9.02002
-656.467,-198.432,-198.339
-651.042,-347.148,-325.018
-645.616,-150.728,-140.752
-640.191,6.59905,8.30289
-634.766,-7.53953,18.9971
-629.34,-17.3588,10.2095
-623.915,-7.34996,-2.41079
-618.49,-17.2445,-12.341
-613.064,-43.9658,-25.6133
-607.639,-44.2692,-15.9024
-602.214,-40.4002,8.7493
-596.788,-23.8633,34.1106
-591.363,-8.68482,20.3145
-585.937,0.455526,-5.81511
-580.512,19.0832,-15.3024
-575.087,10.8894,-31.8635
-569.661,-12.8623,-36.7041
-564.236,-42.2853,30.7509
-558.811,33.2931,-130.322
-553.385,243.04,-601.456
-547.96,242.218,-509.484
-542.535,76.9193,-53.4402
-537.109,40.9068,36.4753
-531.684,56.0788,28.7462
-526.259,36.8337,14.5456
-520.833,1.51398,-14.1313
-515.408,-20.1473,21.9238
-509.983,-4.63034,63.0494
-504.557,13.7449,47.2309
-499.132,-4.72536,20.9724
-493.707,-12.0571,22.395
-488.281,8.16239,29.1057
-482.856,23.5242,17.4521
-477.431,16.605,0.0504847
-472.005,-21.187,-16.5619
-466.58,-8.07219,-11.3225
-461.154,-6.26292,-66.0636
-455.729,-494.255,-1001.07
-450.304,-824.687,-1669.97
-444.878,-320.34,-706.421
-439.453,24.9274,43.0612
-434.028,6.41825,38.2159
-428.602,8.34585,31.8666
-423.177,-29.3214,4.85071
-417.752,-42.6434,3.35207
-412.326,-11.3336,4.15681
-406.901,3.67098,-2.21845
-401.476,-12.9357,-13.2249
-396.05,-24.4853,-13.1103
-390.625,-37.9066,-4.95855
-385.2,-41.8662,2.44733
-379.774,-16.8262,6.15456
-374.349,6.71494,-4.49543
-368.924,-5.21348,-25.9479
-363.498,-9.97435,-31.4256
-358.073,20.5936,-17.5881
-352.648,35.6406,-18.5757
-347.222,19.2205,-31.6301
-341.797,-11.4687,-12.8966
-336.371,-27.1562,-1.14645
-330.946,-17.2213,-12.9151
-325.521,-18.7517,-8.29645
-320.095,-13.4246,1.7147
-314.67,12.6879,15.393
-309.245,10.639,28.7367
-303.819,-12.5629,19.1172
-298.394,-20.6351,-3.19915
-292.969,-16.8067,-25.721
-287.543,5.22659,-35.9727
-282.118,17.0202,-29.6288
-276.693,7.6142,-4.64599
-271.267,-1.38969,7.29323
-265.842,5.08665,-9.78439
-260.417,-27.8364,-19.7648
-254.991,-349.293,-98.3664
-249.566,-530.888,-154.644
-244.141,-205.49,-76.8195
-238.715,3.59718,-32.558
-233.29,-0.0267944,-37.5695
-227.865,24.2626,-22.0625
-222.439,16.2876,-6.51312
-217.014,-9.54982,-5.62086
-211.589,-4.90049,-19.3753
-206.163,-17.4056,-31.814
-200.738,-58.4735,-25.5458
-195.312,-41.8932,-2.3868
-189.887,-2.2157,10.579
-184.462,0.130365,7.96117
-179.036,1.12787,0.880775
-173.611,1.92898,-20.8777
-168.186,13.3892,-23.0285
-162.76,-10.5316,-22.4299
-157.335,222.773,79.4649
-151.91,697.926,286.989
-146.484,517.858,215.882
-141.059,38.8252,0.949568
-135.634,-28.2538,-32.9775
-130.208,-3.163,-10.6217
-124.783,-0.440341,-25.5645
-119.358,6.7278,-49.0749
-113.932,2.2645,-38.4237
-108.507,-9.58965,-18.4746
-103.082,-15.8087,-8.27599
-97.6562,-1.06763,0.533664
-92.2309,0.621485,-1.91073
-86.8055,-16.2163,-8.85277
-81.3802,-16.6403,-3.3495
-75.9549,-9.58607,26.9831
-70.5295,-1.5891,34.183
-65.1042,1.59088,31.9104
-59.6788,29.0991,-22.7075
-54.2535,230.033,-421.199
-48.8281,309.887,-603.611
-43.4028,86.7981,-201.918
-37.9774,-24.8747,11.6429
-32.5521,-2.24766,-26.1491
-27.1267,7.82529,-32.822
-21.7014,9.37717,-23.6797
-16.276,-3.20249,-12.6356
-10.8507,-0.0183528,-9.80471
-5.42535,-44.3203,251.836
0,-97.7526,502.893
5.42535,-53.2464,250.101
10.8507,3.68987,-9.08392
16.276,7.7026,-10.5159
21.7014,0.176239,-25.4681
27.1267,5.03988,-33.3634
32.5521,11.8797,-23.4031
37.9774,18.7019,20.1134
43.4028,-4.83796,-219.73
48.8281,-61.2059,-675.744
54.2535,-55.4988,-476.701
59.6788,-18.4738,-31.9548
65.1042,-13.4289,28.9908
70.5295,-11.3321,32.2899
75.9549,-1.22017,28.609
81.3802,16.6834,3.12797
86.8055,18.3518,-2.13343
92.2309,0.139519,-2.00445
97.6562,0.789957,0.894744
103.082,17.7577,-1.75131
108.507,15.8121,-13.537
113.932,12.2942,-36.4742
119.358,12.1459,-48.0217
124.783,9.98489,-23.538
130.208,6.91166,-8.66337
135.634,38.55,-19.9921
141.059,-36.3538,-13.6638
146.484,-561.021,6.16851
151.91,-754.614,4.64349
157.335,-236.32,-9.77384
162.76,18.167,-16.8515
168.186,-3.78765,-26.3674
173.611,6.0324,-20.0801
179.036,-1.3757,0.394123
184.462,-3.10323,7.33261
189.887,-1.90861,10.6387
195.312,39.7368,13.4805
200.738,63.7852,-1.78109
206.163,28.0559,-22.9771
211.589,11.8017,-16.1287
217.014,10.9601,-1.63414
222.439,-12.6617,-12.1403
227.865,-14.2311,-29.5449
233.29,14.0986,-34.8238
238.715,8.86113,-31.5349
244.141,219.304,5.75235
249.566,550.161,55.4914
254.991,360.708,39.6439
260.417,33.2134,-7.89788
265.842,-1.05097,-10.9774
271.267,-1.44369,7.2828
276.693,-5.31968,-7.16039
282.118,-4.68168,-33.8473
287.543,8.6296,-35.3112
292.969,25.2182,-17.5523
298.394,20.331,4.76382
303.819,4.4866,22.4313
309.245,-20.6293,22.6588
314.67,-17.5303,9.51917
320.095,11.8047,6.6189
325.521,20.4941,-0.6678
330.946,20.8054,-5.5235
336.371,25.6082,9.1099
341.797,15.4648,-7.66129
347.222,-5.97207,-36.527
352.648,-26.0868,-30.5743
358.073,-12.5055,-24.0218
363.498,21.0202,-25.4009
368.924,14.5541,-22.1055
374.349,-4.54197,-6.6835
379.774,13.2954,12.0096
385.2,37.9009,17.9525
390.625,37.0039,9.60256
396.05,27.6136,-2.98331
401.476,16.9479,-7.41612
406.901,-2.57268,-3.43208
412.326,8.95109,8.0997
417.752,38.2824,19.0826
423.177,25.3691,15.4816
428.602,-19.6756,26.4198
434.028,-20.2668,33.0289
439.453,-39.2433,30.5877
444.878,561.645,-534.981
450.304,1390.22,-1239.44
455.729,833.273,-743.024
461.154,30.5547,-58.907
466.58,11.7259,-7.4741
472.005,25.8484,-7.41909
477.431,-15.4148,-6.17355
482.856,-28.3489,7.36896
488.281,-18.4712,23.9287
493.707,2.78981,25.2809
499.132,-3.47513,21.2154
504.557,-30.4371,38.6428
509.983,-19.3257,60.193
515.408,10.4674,27.8747
520.833,3.88992,-13.6695
526.259,-39.6005,-0.3117
531.684,-62.7639,5.64547
537.109,-51.592,18.4954
542.535,-51.2993,-78.3633
547.96,-33.7245,-563.122
553.385,-0.0334371,-648.705
558.811,17.9507,-133.304
564.236,27.6867,44.3521
569.661,25.6753,-29.2131
575.087,1.83977,-33.6225
580.512,-11.9613,-21.3368
585.937,1.75603,-5.56229
591.363,0.442527,22.0886
596.788,9.34756,40.5663
602.214,34.1809,23.2464
607.639,47.0028,1.8391
613.064,50.3593,-7.27834
618.49,20.6117,-4.9825
623.915,7.71756,0.517731
629.34,12.27,15.969
634.766,-0.125877,20.4382
640.191,-9.22884,5.22619
645.616,192.479,-74.0393
651.042,443.624,-171.308
656.467,258.282,-109.562
661.892,12.8015,14.9006
667.318,-2.26625,58.3442
672.743,2.73557,33.9505
678.168,13.7338,-12.9909
683.594,6.46793,-14.7103
689.019,-6.04145,-1.91472
694.444,-1.61019,9.90102
699.87,0.826871,40.666
705.295,10.5567,48.008
710.72,26.4878,11.3735
716.146,11.4146,2.79848
721.571,-16.8271,24.3799
726.996,-8.68572,26.8173
732.422,-9.42974,27.2223
737.847,-14.7786,22.234
743.273,18.5199,-31.758
748.698,29.0669,-128.928
754.123,-7.26271,-100.283
759.549,-31.6083,29.3262
764.974,-22.7099,62.2423
770.399,-18.5053,29.0582
775.825,-29.8101,35.2168
781.25,-27.785,56.555
786.675,-3.92425,60.4116
792.101,16.6273,44.5028
797.526,12.2957,-1.51029
802.951,-11.6748,-16.6266
808.377,-15.8659,-16.5114
813.802,-12.5716,-36.1208
819.227,3.42135,-38.8634
824.653,40.3204,-0.598649
830.078,16.9499,31.1138
835.503,-30.7283,12.78
840.929,-28.6805,-10.9403
846.354,169.917,83.9738
851.779,353.206,187.03
857.205,171.008,71.0745
862.63,11.1398,-56.9351
868.055,31.8826,-54.5681
873.481,23.8542,-48.8058
878.906,12.1283,-40.9893
884.331,13.5741,11.6037
889.757,28.5275,45.1322
895.182,-9.49037,-20.4321
900.608,-59.4138,-100.66
906.033,-19.2299,-86.5714
911.458,20.6318,-33.9528
916.884,29.5752,1.91167
922.309,42.3679,9.2662
927.734,43.2262,-28.6101
933.16,13.3385,-45.497
938.585,-28.1203,-13.2221
944.01,-28.5185,29.475
949.436,-29.469,58.5888
954.861,-56.0025,29.1802
960.286,-65.3366,-16.6924
965.712,-51.5207,-12.8222
971.137,-20.8272,16.4526
976.562,34.3461,26.0044
981.988,61.4735,-12.6046
987.413,2.63651,-32.6702
992.838,-61.5756,-2.66745
998.264,-68.7873,22.4045
1003.69,-59.1231,41.9357
1009.11,-62.3685,49.3242
1014.54,-65.3899,23.0486
1019.97,-45.4842,-28.0792
1025.39,-21.0291,-55.6535
1030.82,-12.0107,-48.7846
1036.24,-13.1351,-16.5194
1041.67,-5.17933,16.6894
1047.09,234.098,-343.949
1052.52,459.978,-679.419
1057.94,211.777,-303.848
1063.37,-60.2525,43.7114
1068.79,-74.8956,37.5367
1074.22,-42.3528,9.96727
1079.64,-2.52749,3.41569
1085.07,-1.15514,5.39691
1090.49,-25.6445,-17.2733
1095.92,-6.10389,-13.423
1101.35,22.9013,1.47118
1106.77,18.6669,-27.6052
1112.2,-15.8391,-81.8264
1117.62,-3.6614,-100.268
1123.05,29.2417,-60.4865
1128.47,-25.7555,-35.4883
1133.9,-74.2707,-45.2462
1139.32,-51.4886,-35.4296
1144.75,-19.9407,27.5537
1150.17,-31.2521,112.77
1155.6,-44.5255,60.8607
1161.02,-16.3682,-55.5988
1166.45,15.2027,-48.1425
1171.87,13.7984,-19.2714
1177.3,-25.6834,-35.1311
1182.73,-23.3424,-37.7952
1188.15,17.0839,-2.25354
1193.58,8.73151,50.8397
1199,-5.30861,26.7581
1204.43,5.52397,-50.4665
1209.85,-5.91998,-51.9427
1215.28,-27.3536,2.99393
1220.7,-2.49887,50.6065
1226.13,38.258,69.5525
1231.55,44.971,43.017
1236.98,28.0213,30.6026
1242.4,13.9536,49.9314
1247.83,77.074,-53.7154
1253.26,140.807,-157.596
1258.68,85.1558,-92.3617
1264.11,31.2363,-51.0751
1269.53,50.3427,-34.9598
1274.96,69.161,-12.8905
1280.38,32.0656,-28.9232
1285.81,8.36951,-10.7929
1291.23,29.4398,22.0406
1296.66,10.1687,28.9599
1302.08,-28.4919,18.4288
1307.51,-40.9086,20.3557
1312.93,-64.5909,27.8572
1318.36,-66.4017,11.4191
1323.78,-16.0555,-13.9955
1329.21,12.2098,-19.1983
1334.64,18.7828,-16.4006
1340.06,25.2055,-19.1111
1345.49,36.4112,-57.2642
1350.91,37.8213,-139.021
1356.34,13.4145,-129.415
1361.76,12.411,-67.8718
1367.19,9.27038,-29.5076
1372.61,-15.6089,19.1151
1378.04,-36.671,4.80015
1383.46,-58.5168,-32.0842
1388.89,-25.2487,0.187904
1394.31,44.2268,33.9268
1399.74,46.1453,14.8557
1405.16,7.32896,9.70546
1410.59,4.65031,33.9417
1416.02,-9.24787,29.3161
1421.44,-52.9939,1.40889
1426.87,-36.1827,-0.761563
1432.29,8.85435,16.1908
1437.72,35.6047,37.1723
1443.14,102.167,19.309
1448.57,103.594,-138.118
1453.99,43.7154,-220.529
1459.42,49.2878,-33.6591
1464.84,47.3255,111.495
1470.27,34.4101,73.8547
1475.69,-3.4955,14.4334
1481.12,-57.3204,-6.76881
1486.55,-34.4994,-25.495
1491.97,27.2395,-32.8409
1497.4,74.3581,-30.3577
1502.82,55.3189,-59.3912
1508.25,-3.52704,-76.7679
1513.67,1.93464,-63.6274
1519.1,-2.75776,-52.9733
1524.52,-27.4343,-31.7852
1529.95,-4.19985,-28.2232
1535.37,17.2766,-32.6117
1540.8,65.9052,12.5685
1546.22,119.058,59.8614
1551.65,88.4879,70.3851
1557.07,31.7011,36.3366
1562.5,-7.11093,16.5575
1567.93,-61.4489,16.6004
1573.35,-72.3569,21.4594
1578.78,-17.9434,60.8686
1584.2,49.3783,54.5446
1589.63,61.8965,3.35645
1595.05,-28.7903,-13.7717
1600.48,-96.75,-11.1156
1605.9,-50.9205,13.9543
1611.33,-18.8673,61.2531
1616.75,-13.527,80.893
1622.18,34.9113,41.9043
1627.6,83.4576,-55.9882
1633.03,80.1348,-75.3549
1638.45,13.2391,14.1204
1643.88,-45.2613,30.7775
1649.31,-94.8536,-57.5937
1654.73,-121.682,-108.286
1660.16,-40.8428,-47.6971
1665.58,18.4331,24.8459
1671.01,-12.7796,24.4603
1676.43,-11.2818,-7.26596
1681.86,18.995,0.0851978
1687.28,-18.4235,10.9928
1692.71,-71.1458,-9.84997
1698.13,-9.04065,-1.22398
1703.56,43.2741,-33.5822
1708.98,-29.6193,-58.8186
1714.41,-86.6889,33.2617
1719.83,-74.4361,88.0853
1725.26,-53.6091,92.8041
1730.69,-9.89171,108.56
1736.11,-6.22696,63.6944
1741.54,-56.0436,-30.6675
1746.96,-22.5616,-147.903
1752.39,43.4008,-213.978
1757.81,96.1398,-128.283
1763.24,104.181,-3.81908
1768.66,-6.29932,26.4754
1774.09,-60.2585,3.65107
1779.51,-16.7851,5.42204
1784.94,4.27536,48.5504
1790.36,0.508699,57.0568
1795.79,16.8018,23.9529
1801.22,31.6769,-2.14126
1806.64,-17.2625,-25.1143
1812.07,-33.8161,-18.2223
1817.49,-57.9394,-4.72815
1822.92,-113.256,10.8189
1828.34,-73.9878,25.9443
1833.77,-89.299,54.0229
1839.19,-137.53,113.28
1844.62,-67.1814,172.493
1850.04,48.479,298.713
1855.47,120.899,235.976
1860.89,41.6876,-27.8995
1866.32,-58.64,6.72706
1871.74,-103.079,-0.407566
1877.17,-160.24,-179.283
1882.6,-56.456,-29.6762
1888.02,58.0788,123.926
1893.45,-0.313203,54.2365
1898.87,-84.2581,11.5462
1904.3,-179.156,71.5229
1909.72,-307.608,40.8484
1915.15,-262.939,-145.025
1920.57,14.771,-186.505
1926,46.8165,64.0938
1931.42,-112.064,310.49
1936.85,-167.669,250.144
1942.27,-116.871,180.781
1947.7,-383.885,182.149
1953.12,-894.337,42.6232
1958.55,-678.766,-98.2137
1963.98,-273.136,-133.764
1969.4,-101.845,-101.909
1974.83,-31.4394,-14.7771
1980.25,-28.3241,-38.6778
1985.68,82.1444,-140.708
1991.1,47.0744,5.20004
1996.53,-211.852,54.4615
2001.95,-4.10875,-58.7896
2007.38,11133.1,-2.55322
2012.8,20876.8,-119.716
2018.23,9672.62,-89.5443
2023.65,-320.891,99.1708
2029.08,24.6825,116.796
2034.51,312.037,297.661
2039.93,190.072,254.81
2045.36,-379.439,-206.696
2050.78,-1103.56,-856.912
2056.21,-1041.23,-887.459
2061.63,-244.529,-156.375
2067.06,41.2647,127.526
2072.48,102.583,-3.54608
2077.91,186.399,34.8897
2083.33,134.897,158.293
2088.76,12.0358,107.296
2094.18,-30.7098,87.736
2099.61,-42.6843,346.579
2105.03,36.991,407.348
2110.46,153.395,92.015
2115.89,73.5511,-22.1605
2121.31,-14.0026,74.8394
2126.74,-28.7245,25.1442
2132.16,-77.4943,-64.7586
2137.59,-132.175,-102.519
2143.01,-79.1728,-62.0041
2148.44,194.092,-28.7906
2153.86,321.012,-145.935
2159.29,98.6216,-247.665
2164.71,36.6072,-188.199
2170.14,143.761,-128.118
2175.56,146.495,-195.022
2180.99,110.543,-284.747
2186.41,61.2445,-200.779
2191.84,52.3161,-28.7112
2197.27,96.9506,38.2065
2202.69,71.1637,1.78856
2208.12,27.0022,-64.8078
2213.54,-4.62907,-14.7366
2218.97,-66.8796,195.79
2224.39,-107.983,314.755
2229.82,-150.451,174.978
2235.24,-94.7037,5.63135
2240.67,-8.7821,-33.2581
2246.09,144.381,-56.1684
2251.52,632.766,-56.512
2256.94,657.015,-11.6771
2262.37,136.683,-16.2303
2267.79,-5.82028,-86.9193
2273.22,-21.3161,-108.798
2278.65,-81.4792,-3.54385
2284.07,-32.076,89.4747
2289.5,15.4294,93.08
2294.92,37.0539,6.18773
2300.35,26.1373,-84.44
2305.77,9.25056,-5.07332
2311.2,24.2964,97.4453
2316.62,39.7825,86.2776
2322.05,29.9711,5.51815
2327.47,-5.13472,-83.9799
2332.9,-43.4844,-73.3843
2338.32,-37.7371,-33.7775
2343.75,-19.0222,-35.656
2349.18,3.38484,-28.932
2354.6,-8.82119,-5.66872
2360.03,-55.963,27.2122
2365.45,-50.6741,19.9756
2370.88,-39.6907,11.7533
2376.3,-52.5086,40.8813
2381.73,-32.6466,17.7942
2387.15,-9.00832,-14.9994
2392.58,12.8317,34.6501
2398,41.6875,97.1921
2403.43,11.1107,38.255
2408.85,-52.3647,-42.5663
2414.28,-82.7406,-55.0499
2419.7,5.69598,-88.1992
2425.13,110.917,-48.1505
2430.56,73.6015,43.2735
2435.98,12.853,35.857
2441.41,32.0219,39.4323
2446.83,-1.84441,107.727
2452.26,-197.451,115.729
2457.68,-229.847,51.4049
2463.11,-62.3333,18.2069
2468.53,-6.87052,27.8681
2473.96,-14.4823,27.105
2479.38,-34.6311,-8.88312
2484.81,-76.3874,-34.6156
2490.23,-54.7635,-1.23711
2495.66,28.9586,-8.29559
2501.08,68.3223,-65.5325
2506.51,53.2956,-53.9581
2511.94,45.8373,-15.3891
2517.36,8.29543,-47.8613
2522.79,13.3494,-56.7046
2528.21,103.838,1.22906
2533.64,75.755,20.7181
2539.06,-59.1399,18.3803
2544.49,-84.404,18.6814
2549.91,-30.6959,-11.0657
2555.34,-12.8992,-11.1305
2560.76,-27.6868,40.8522
2566.19,-9.39917,56.8145
2571.61,50.4766,31.168
2577.04,57.0249,20.1823
2582.47,31.6221,19.8396
2587.89,32.4301,17.8121
2593.32,28.4009,28.1469
2598.74,27.4325,44.7878
2604.17,29.0098,48.2169
2609.59,9.45697,14.7764
2615.02,-6.84002,-13.4226
2620.44,-1.86455,13.084
2625.87,18.3931,15.5522
2631.29,32.1331,-35.2033
2636.72,21.1506,-50.4987
2642.14,2.44699,12.0521
2647.57,-24.429,120.371
2652.99,-88.6465,242.46
2658.42,-93.5087,182.107
2663.85,-10.418,2.26583
2669.27,12.4318,-12.8982
2674.7,-14.8996,3.60147
2680.12,-6.10023,-50.2124
2685.55,20.8266,-41.5089
2690.97,8.4475,8.49129
2696.4,-34.7659,13.3881
2701.82,-37.8923,16.5722
2707.25,-13.852,15.5854
2712.67,-10.9096,4.77146
2718.1,-19.6783,-9.36538
2723.52,-19.9482,-36.7975
2728.95,11.8845,-33.2811
2734.37,45.1036,-26.3529
2739.8,47.4546,-45.1248
2745.23,41.1807,-36.0665
2750.65,22.8241,-63.051
2756.08,11.3833,-96.3874
2761.5,20.5059,-17.7078
2766.93,29.0341,26.4217
2772.35,53.0139,-9.77664
2777.78,68.4484,-27.8429
2783.2,52.2198,-34.9138
2788.63,33.4,-34.2627
2794.05,21.0985,-29.0257
2799.48,22.2182,-40.588
2804.9,31.1183,-34.2556
2810.33,20.9778,-7.5812
2815.75,-8.47359,0.12566
2821.18,-41.1832,-3.99328
2826.61,-50.1596,-21.0856
2832.03,-20.5956,-25.8515
2837.46,-7.51964,-17.6709
2842.88,-8.03385,-23.5893
2848.31,-16.3214,-49.9332
2853.73,-78.3886,-87.537
2859.16,-82.4908,-67.6455
2864.58,-7.85451,-37.6816
2870.01,10.9367,-44.8242
2875.43,-11.8161,-40.2613
2880.86,-25.8297,-38.4966
2886.28,-21.6835,-28.191
2891.71,1.39353,-3.41777
2897.14,10.8887,15.0253
2902.56,9.26359,29.8771
2907.99,-6.91473,32.1061
2913.41,-41.3772,18.147
2918.84,-44.5859,4.57697
2924.26,-12.1262,-23.8193
2929.69,23.9953,-39.7275
2935.11,31.0166,-16.1955
2940.54,6.31928,12.7717
2945.96,1.4612,39.2351
2951.39,-16.1554,18.2991
2956.81,-34.4294,-35.956
2962.24,-11.4414,-44.473
2967.66,-10.7468,-19.0144
2973.09,9.12932,21.9417
2978.52,42.8809,42.5898
2983.94,20.6042,17.6396
2989.37,-5.81599,-2.91663
2994.79,8.61842,-2.44675
3000.22,25.4603,7.66556
3005.64,11.6175,7.01808
3011.07,-7.01631,-13.232
3016.49,-16.0414,-23.6135
3021.92,-11.234,15.0748
3027.34,11.0745,52.6805
3032.77,32.5275,24.7885
3038.19,35.588,-8.55303
3043.62,23.5745,-0.685737
3049.04,5.22096,24.1916
3054.47,-18.0468,35.3699
3059.9,-33.7986,41.8339
3065.32,-16.9134,49.7245
3070.75,29.023,53.5367
3076.17,47.1001,48.5427
3081.6,5.85274,19.0391
3087.02,-22.3634,-10.307
3092.45,4.244,-13.4754
3097.87,17.9523,-6.49176
3103.3,19.83,-12.7752
3108.72,28.4676,-26.1482
3114.15,13.9619,-32.9086
3119.57,5.53681,-14.5129
3125,15.1107,23.4071
3130.43,6.92963,21.404
3135.85,-21.5952,-6.90897
3141.28,-35.4086,23.3956
3146.7,-15.3771,28.8892
3152.13,-13.6466,-66.3609
3157.55,-23.1123,-97.717
3162.98,-19.8278,-39.3637
3168.4,-39.6946,-2.56046
3173.83,-36.4552,14.61
3179.25,-16.0164,13.9284
3184.68,-17.4476,4.40544
3190.1,-20.1029,10.8683
3195.53,-30.2713,9.85784
3200.95,-26.9461,6.06005
3206.38,2.94331,17.8773
3211.81,5.94197,16.2971
3217.23,-13.6445,11.3823
3222.66,-4.42652,16.2875
3228.08,15.3725,-0.590505
3233.51,16.5029,-7.76518
3238.93,11.6569,28.4431
3244.36,6.8699,32.0701
3249.78,-7.51016,-1.61265
3255.21,-9.52774,-5.72968
3260.63,14.8054,3.50444
3266.06,18.207,19.4941
3271.48,4.66601,17.8026
3276.91,-9.63225,-19.3649
3282.33,-21.4399,-23.9006
3287.76,0.430031,-7.61094
3293.19,12.1538,-17.6954
3298.61,-17.306,-27.565
3304.04,-47.193,-19.0647
3309.46,-55.0868,-3.78638
3314.89,-46.8733,5.48493
3320.31,-33.4612,4.01088
3325.74,-10.7029,9.75066
3331.16,10.2092,33.2723
3336.59,4.99723,14.7397
3342.01,-2.15294,-29.8082
3347.44,0.0540269,-20.2139
3352.86,30.5449,17.3147
3358.29,57.0889,31.0865
3363.71,26.1151,33.8784
3369.14,-6.89683,29.0476
3374.57,-25.5193,4.07961
3379.99,-18.1812,-4.56105
3385.42,-14.7863,-0.864166
3390.84,-55.1611,11.9105
3396.27,-40.4744,39.2754
3401.69,6.98089,33.7536
3407.12,-5.19647,0.332052
3412.54,-11.5114,-12.0159
3417.97,19.004,2.38364
3423.39,37.7803,13.8744
3428.82,27.6402,-0.113414
3434.24,13.5153,-11.7011
3439.67,1.93525,-6.82857
3445.1,-29.9201,-11.9583
3450.52,-32.7583,-35.7887
3455.95,-10.199,-57.8236
3461.37,-26.8852,-27.0623
3466.8,-33.1883,7.41539
3472.22,-15.9363,-12.526
3477.65,-25.7953,-40.8146
3483.07,-30.5881,-50.9682
3488.5,-17.3766,-39.921
3493.92,-7.46909,-13.8046
3499.35,-10.6077,7.83268
3504.77,-5.10188,-2.76051
3510.2,41.0472,-26.0313
3515.62,39.5974,-24.986
3521.05,-28.6731,-16.7843
3526.48,-50.6672,-30.1493
3531.9,-18.072,-42.1571
3537.33,10.0085,-12.4593
3542.75,9.23306,13.1792
3548.18,0.304141,-8.03043
3553.6,-8.05142,-40.0657
3559.03,-35.3232,-29.2849
3564.45,-46.8598,4.32215
3569.88,-24.77,-1.19325
3575.3,-22.6489,-11.0894
3580.73,-35.2376,1.88559
3586.15,-6.24318,-13.1873
3591.58,19.8132,-20.9075
3597,3.84851,-0.685133
3602.43,-24.7775,-13.8512
3607.86,-39.9101,-30.5644
3613.28,-12.7764,-26.5178
3618.71,-6.49291,-18.2538
3624.13,-36.5335,-7.07106
3629.56,-18.7944,-2.70682
3634.98,16.6326,-8.31625
3640.41,0.36437,-14.4402
3645.83,-30.3413,22.6023
3651.26,-26.2748,52.5398
3656.68,-13.1715,21.3371
3662.11,-17.7023,-2.07481
3667.53,-17.7946,-2.52532
3672.96,6.87819,-5.02954
3678.39,31.4035,-9.98079
3683.81,21.6248,-0.972111
3689.24,-3.17457,4.00806
3694.66,-20.5903,-11.4488
3700.09,-39.4526,-26.9663
3705.51,-34.6939,-47.1921
3710.94,0.441944,-48.1727
3716.36,18.5224,-25.7073
3721.79,5.61317,-2.10043
3727.21,-10.2901,4.03937
3732.64,-4.22379,-11.7814
3738.06,30.8525,-0.342461
3743.49,21.498,13.9926
3748.91,-32.7497,2.57582
3754.34,-43.8198,15.5145
3759.77,-12.2065,33.589
3765.19,10.9038,23.2212
3770.62,-10.4176,-2.23143
3776.04,-31.3779,-12.4856
3781.47,-21.5917,9.30206
3786.89,-1.30516,27.495
3792.32,3.10906,24.8178
3797.74,-2.33412,19.1989
3803.17,24.748,7.07023
3808.59,27.2943,10.3194
3814.02,-8.97249,32.0948
3819.44,-13.9905,36.0931
3824.87,-1.03354,31.9794
3830.29,3.7209,9.87195
3835.72,-4.12574,-18.9865
3841.15,-23.6928,-16.9514
3846.57,-27.934,-5.04333
3852,2.51982,0.853817
3857.42,24.0744,-2.25847
3862.85,16.878,-13.7661
3868.27,12.7836,1.75794
3873.7,-3.35165,29.179
3879.12,-16.1194,28.5238
3884.55,14.598,16.2397
3889.97,34.3591,-5.05366
3895.4,16.407,-12.2183
3900.82,18.5007,11.6749
3906.25,32.3256,23.5521
3911.68,24.5882,17.6583
3917.1,23.7085,7.61667
3922.53,36.7608,-4.67289
3927.95,25.7865,-3.53499
3933.38,7.15385,15.9335
3938.8,3.19729,31.6927
3944.23,-7.0733,10.2198
3949.65,-13.9555,-20.8994
3955.08,2.83081,-37.3657
3960.5,21.8313,-56.4234
3965.93,7.75996,-55.559
3971.35,-6.28577,-42.4202
3976.78,5.57139,-35.3468
3982.2,-5.41875,-23.5551
3987.63,-8.59108,-0.390469
3993.06,24.0453,22.4524
3998.48,17.2165,18.5001
4003.91,-8.39331,14.3324
4009.33,-16.1469,26.3274
4014.76,-27.7485,13.2702
4020.18,-29.0153,10.252
4025.61,-23.9413,41.2959
4031.03,-0.0930138,37.2636
4036.46,36.1369,10.8423
4041.88,29.45,10.4784
4047.31,0.896906,23.2514
4052.73,0.68396,28.0075
4058.16,17.7423,19.3939
4063.58,32.9501,3.62546
4069.01,24.214,-19.9095
4074.44,5.5695,-39.3207
4079.86,4.93215,-35.3
4085.29,-9.95271,-24.6491
4090.71,-11.1764,-21.6821
4096.14,19.3775,-19.3256
4101.56,5.38557,-20.898
4106.99,-14.3284,-19.542
4112.41,4.90171,-17.4031
4117.84,4.36177,-12.476
4123.26,-3.48814,16.8535
4128.69,-0.823831,30.255
4134.11,-3.28293,1.76361
4139.54,-12.9046,-7.12993
4144.96,-34.3802,6.7592
4150.39,-25.9863,-11.5489
4155.82,10.1737,-29.2
4161.24,17.9765,-11.9938
4166.67,7.5839,1.2669
4172.09,2.51724,3.02573
4177.52,20.3794,13.6951
4182.94,38.5098,17.4724
4188.37,7.99597,7.65927
4193.79,-24.7884,3.12619
4199.22,-19.4316,8.30641
4204.64,-8.57691,21.435
4210.07,12.145,33.4576
4215.49,17.3562,23.5631
4220.92,-10.8919,-11.941
4226.35,-30.8334,-48.9062
4231.77,-34.9051,-59.5144
4237.2,-17.9104,-45.4641
4242.62,9.29299,-36.7703
4248.05,19.3717,-31.1522
4253.47,20.3616,-7.20404
4258.9,30.0754,21.7205
4264.32,32.6175,43.6267
4269.75,2.05171,39.8623
4275.17,-22.3136,15.7448
4280.6,-9.87943,13.7891
4286.02,22.9416,8.14685
4291.45,49.5749,-10.5208
4296.87,30.9046,-16.0584
4302.3,15.5787,-18.5858
4307.73,21.0625,-6.91885
4313.15,19.685,9.15042
4318.58,33.1034,-2.13483
4324,32.7389,-6.06418
4329.43,15.7308,10.0186
4334.85,13.9527,9.04438
4340.28,6.70817,0.889432
4345.7,-8.17437,11.5196
4351.13,-2.56904,24.7681
4356.55,-5.34317,17.6116
4361.98,-15.1149,-0.812388
4367.4,-24.7184,-10.7652
4372.83,-41.225,-17.6045
4378.25,-21.3678,-29.9302
4383.68,7.00339,-24.9448
4389.11,18.1006,-23.2463
4394.53,28.2357,-40.5461
4399.96,23.7828,-40.9331
4405.38,13.4576,-19.3643
4410.81,19.3391,-6.28745
4416.23,22.1118,3.69001
4421.66,14.5264,31.8714
4427.08,8.28077,35.6314
4432.51,-7.8621,-10.8224
4437.93,-11.5287,-44.9786
4443.36,-6.2485,-29.9205
4448.78,-14.0656,-24.415
4454.21,-14.0144,-24.6701
4459.63,-13.0305,1.94066
4465.06,-29.295,1.40292
4470.49,-45.6639,-21.97
4475.91,-43.2956,-23.9123
4481.34,-13.3798,-27.098
4486.76,33.7022,-39.3233
4492.19,35.9567,-20.8892
4497.61,-3.7942,17.0558
4503.04,-5.42551,34.8055
4508.46,16.7092,46.2379
4513.89,1.23119,45.5588
4519.31,-11.1063,23.7061
4524.74,11.9906,6.11561
4530.16,17.0984,-3.15081
4535.59,-9.26599,-13.6188
4541.02,-32.6907,-27.4243
4546.44,-30.569,-35.1893
4551.87,-18.2343,-41.8636
4557.29,-24.8983,-40.3601
4562.72,-23.7384,-31.9694
4568.14,10.0662,-40.9169
4573.57,28.5965,-38.1862
4578.99,16.5871,-8.27767
4584.42,20.2061,13.6117
4589.84,18.5933,-10.3612
4595.27,-5.74868,-48.628
4600.69,17.0056,-41.9533
4606.12,46.2514,-23.2531
4611.54,21.6636,-11.2685
4616.97,2.10561,-3.74236
4622.4,-0.742196,-6.88415
4627.82,0.987079,-13.137
4633.25,7.92597,-19.0451
4638.67,-10.2672,-4.20655
4644.1,-22.979,19.7827
4649.52,-0.371223,39.1392
4654.95,-5.83179,31.4813
4660.37,-28.1742,0.922453
4665.8,-21.953,-3.93497
4671.22,-17.535,-5.4633
4676.65,-11.6327,-17.6157
4682.07,-4.29518,-8.22551
4687.5,-20.961,7.28123
4692.92,-33.0631,8.03182
4698.35,-6.57251,3.11454
4703.78,18.0617,-12.5954
4709.2,3.61668,-24.2764
4714.63,3.08778,-17.4091
4720.05,15.3012,-6.75562
4725.48,-11.8819,1.26635
4730.9,-28.6665,-2.49216
4736.33,-17.1394,-10.5397
4741.75,-20.9746,-15.399
4747.18,-27.9027,-25.1798
4752.6,-19.6079,-14.2194
4758.03,11.6218,15.3171
4763.45,30.9275,20.0565
4768.88,12.8492,-8.91912
4774.31,8.18366,-26.6962
4779.73,23.7109,-7.20023
4785.16,21.0653,0.933666
4790.58,8.28471,-3.4971
4796.01,8.19281,4.16305
4801.43,12.8279,1.55969
4806.86,5.1602,-16.5197
4812.28,-9.61562,-12.8002
4817.71,-15.248,23.1404
4823.13,-17.4173,27.0519
4828.56,-17.8326,-1.18028
4833.98,-21.4866,-19.6892
4839.41,-26.439,-33.3833
4844.83,-27.6866,-32.7707
4850.26,-28.2727,-12.8652
4855.69,-10.9644,6.82261
4861.11,16.8916,6.03686
4866.54,24.2263,-4.70188
4871.96,11.425,-8.85753
4877.39,-3.25469,-15.7529
4882.81,-23.9801,-23.7052
4888.24,-17.9369,-11.6543
4893.66,7.25019,4.91885
4899.09,-10.767,-3.41375
4904.51,-34.4999,-1.52357
4909.94,-23.419,1.53309
4915.36,-12.2028,-19.1054
4920.79,-7.97798,-9.79261
4926.21,3.33687,10.8371
4931.64,5.04372,10.9784
4937.07,-0.330692,0.962243
4942.49,8.98518,-10.6417
4947.92,13.0303,-5.96067
4953.34,-8.8795,8.99043
4958.77,-19.8403,29.2731
4964.19,-0.244336,33.8677
4969.62,13.986,27.088
4975.04,13.9322,25.5769
4980.47,13.9709,22.4134
4985.89,0.909921,28.0598
4991.32,-2.03828,41.7423
4996.74,27.3101,47.5671
5002.17,36.5468,43.4798
5007.6,21.1661,15.9467
5013.02,13.8963,-16.1002
5018.45,0.362701,-1.16134
5023.87,-21.1737,10.823
5029.3,-34.6287,-2.42432
5034.72,-32.9769,-4.92261
5040.15,-11.3817,-17.9044
5045.57,3.43198,-21.8585
5051,0.346636,5.90705
5056.42,9.23679,18.1177
5061.85,10.4312,-1.28518
5067.27,4.84551,-1.97624
5072.7,6.54135,11.7039
5078.12,-2.86461,10.8107
5083.55,-10.7462,-1.51307
5088.98,-30.3191,-14.3014
5094.4,-50.0443,19.2691
5099.83,-23.235,49.9162
5105.25,-5.02243,32.8151
5110.68,-4.4982,17.7923
5116.1,34.6882,16.3603
5121.53,43.1337,19.9199
5126.95,7.53222,3.09995
5132.38,2.50066,-4.56325
5137.8,25.3608,-0.788361
5143.23,29.506,-4.20558
5148.65,9.38639,15.608
5154.08,-0.658741,0.13056
5159.5,-8.21292,-24.5444
5164.93,-14.2399,0.0768013
5170.36,-4.53869,-2.43785
5175.78,9.58745,-10.9886
5181.21,21.9116,4.02055
5186.63,21.0123,2.45782
5192.06,6.43087,2.47142
5197.48,3.50249,4.57079
5202.91,26.2631,-3.17623
5208.33,39.4114,1.06155
5213.76,25.6329,14.2317
5219.18,5.59836,8.70218
5224.61,-7.01294,2.06897
5230.03,5.45584,14.3589
5235.46,16.3591,28.2559
5240.88,10.749,23.6501
5246.31,11.2109,-1.16636
5251.74,7.8553,-21.1238
5257.16,-24.9057,-17.7504
5262.59,-68.5052,8.01041
5268.01,-62.3401,30.6484
5273.44,-32.9839,27.5712
5278.86,-11.3922,-1.48739
5284.29,15.4133,-34.1973
5289.71,22.2982,-37.3616
5295.14,3.61343,-14.5894
5300.56,-29.7148,13.9629
5305.99,-43.3005,19.5047
5311.41,-39.108,-2.42898
5316.84,-41.23,-25.3977
5322.27,-10.5416,-45.5762
5327.69,33.2011,-44.6046
5333.12,26.0433,-19.3714
5338.54,18.769,-2.61076
5343.97,18.1764,7.84051
5349.39,-13.8862,28.0082
5354.82,-13.2908,35.8616
5360.24,0.235385,19.1202
5365.67,-17.1603,4.86553
5371.09,-15.6072,8.45476
5376.52,2.61247,18.3416
5381.94,-0.187449,12.6388
5387.37,-13.6632,-7.27414
5392.79,-22.2038,-17.8345
5398.22,-19.4779,-28.2127
5403.65,-14.2455,-29.4677
5409.07,-25.0608,-12.2674
5414.5,-25.8922,-10.9987
5419.92,-0.6782,-2.30735
5425.35,11.6935,17.1436
5430.77,-10.6256,-7.50819
5436.2,-23.7178,-26.6818
5441.62,-7.76832,3.88553
5447.05,-17.6356,8.63159
5452.47,-29.0064,-8.7864
5457.9,-8.04255,12.9625
5463.32,-4.21758,30.6152
5468.75,-20.1538,7.62881
5474.17,-21.5556,-8.70312
5479.6,-10.9969,-5.70021
5485.03,-2.24478,-8.98971
5490.45,14.4302,-27.7505
5495.88,18.3286,-36.3747
5501.3,8.64688,-15.2759
5506.73,6.64253,0.687993
5512.15,-4.22015,-5.07501
5517.58,-14.3749,-11.7152
5523,-5.597,-12.8616
5528.43,-4.14455,-11.5458
5533.85,-35.1686,-10.3341
5539.28,-39.7556,-20.3093
5544.7,-2.45254,-24.0974
5550.13,3.87047,9.48963
