-5555.56,-8.25045,-6.44596
-5550.13,-4.83469,-14.8045
-5544.7,-3.42334,-22.6607
-5539.28,17.0265,-18.9841
-5533.85,37.803,-10.5513
-5528.43,31.6082,-16.8224
-5523,26.2765,-18.9223
-5517.58,32.5963,2.10798
-5512.15,25.0738,14.2888
-5506.73,9.39278,11.4262
-5501.3,21.9212,18.8747
-5495.88,28.9286,15.3572
-5490.45,5.23693,1.90367
-5485.03,4.4993,-1.52505
-5479.6,20.8943,-3.71983
-5474.17,13.2603,-3.40464
-5468.75,7.84671,-6.11001
-5463.32,13.1702,-17.8009
-5457.9,15.0607,-22.0967
-5452.47,18.8607,-10.4479
-5447.05,6.08714,17.4418
-5441.62,-4.93719,17.5761
-5436.2,1.11974,-16.3593
-5430.77,6.83134,-10.9277
-5425.35,8.96661,12.0608
-5419.92,-5.83941,-11.2318
-5414.5,-38.9604,-35.3848
-5409.07,-40.3768,-8.28027
-5403.65,2.08482,26.6889
-5398.22,15.0209,21.667
-5392.79,-5.19197,-0.395896
-5387.37,-19.2597,-9.4668
-5381.94,-1.26822,-3.31778
-5376.52,52.9803,2.22581
-5371.09,49.6609,-18.6986
-5365.67,-0.327713,-31.8036
-5360.24,17.0449,-21.8156
-5354.82,43.7286,-23.668
-5349.39,24.9926,-27.507
-5343.97,15.8748,-20.3655
-5338.54,15.8412,-12.6695
-5333.12,10.313,-8.71206
-5327.69,19.2426,-3.99432
-5322.27,46.897,-1.2427
-5316.84,56.9627,-3.89451
-5311.41,40.122,-11.5262
-5305.99,14.7566,-14.2164
-5300.56,-15.2066,-2.38769
-5295.14,-24.5365,7.24221
-5289.71,4.97835,4.91486
-5284.29,17.7781,3.59889
-5278.86,-3.54481,3.95814
-5273.44,-15.1958,6.82846
-5268.01,-0.335276,22.6523
-5262.59,21.1955,32.4433
-5257.16,6.64959,2.58795
-5251.74,-15.1173,-19.5141
-5246.31,-6.81404,-3.92083
-5240.88,3.71165,-6.00247
-5235.46,-4.4591,-0.239394
-5230.03,-11.4975,25.9159
-5224.61,5.28303,15.3689
-5219.18,23.1077,-15.3507
-5213.76,20.289,-31.6629
-5208.33,5.27937,-25.108
-5202.91,-21.1575,0.0941563
-5197.48,-45.935,6.42131
-5192.06,-46.7514,-16.4302
-5186.63,-19.9548,-29.3905
-5181.21,9.59363,-32.7271
-5175.78,13.3621,-39.1061
-5170.36,-1.9985,-18.607
-5164.93,-9.57136,10.3617
-5159.5,0.149625,15.0228
-5154.08,22.5693,4.78699
-5148.65,32.0136,-14.3786
-5143.23,11.3357,-27.6977
-5137.8,3.95066,-24.124
-5132.38,20.0474,-15.5764
-5126.95,13.4196,-10.314
-5121.53,-11.9166,-23.644
-5116.1,-26.0144,-30.8383
-5110.68,-26.19,-0.221127
-5105.25,21.5572,10.0211
-5099.83,72.6614,4.36921
-5094.4,37.3195,10.4673
-5088.98,-2.34125,-9.30082
-5083.55,10.7018,-43.0018
-5078.12,2.07451,-50.007
-5072.7,-13.1101,-22.9432
-5067.27,-4.51546,-5.54381
-5061.85,-9.10054,-15.1475
-5056.42,-4.17633,-11.7569
-5051,12.917,9.40386
-5045.57,4.17393,8.21065
-5040.15,5.1843,-2.95016
-5034.72,25.7602,3.0105
-5029.3,35.1333,10.329
-5023.87,32.7233,16.823
-5018.45,18.2911,15.7397
-5013.02,11.8946,-5.86685
-5007.6,6.11173,-26.4875
-5002.17,1.03574,-17.8906
-4996.74,14.7139,-13.155
-4991.32,10.6552,-33.4608
-4985.89,-14.4519,-49.8665
-4980.47,-28.1091,-37.3283
-4975.04,-21.5634,6.73646
-4969.62,-7.38293,38.8327
-4964.19,3.5316,32.2715
-4958.77,8.06064,6.75545
-4953.34,-2.38323,2.5217
-4947.92,-7.87247,10.4028
-4942.49,-9.16274,-3.87371
-4937.07,-12.4229,-18.8784
-4931.64,-13.0856,-8.39877
-4926.21,-25.4149,1.84243
-4920.79,-21.7855,-11.9296
-4915.36,3.28617,-20.6445
-4909.94,1.84952,-11.8101
-4904.51,-32.5345,-2.55251
-4899.09,-25.871,-4.27236
-4893.66,21.3288,-16.463
-4888.24,27.3904,-12.0852
-4882.81,8.70093,4.94819
-4877.39,-0.75385,5.80997
-4871.96,-1.45986,-0.973492
-4866.54,-4.19142,4.01411
-4861.11,-7.55396,17.8327
-4855.69,16.7045,22.7917
-4850.26,31.4506,16.7239
-4844.83,16.9213,9.02648
-4839.41,-12.3801,7.89997
-4833.98,-33.0055,-2.60838
-4828.56,-25.5557,-1.83396
-4823.13,-12.245,18.7668
-4817.71,-2.34483,5.72467
-4812.28,-2.19102,-13.238
-4806.86,12.5796,-4.63621
-4801.43,16.3923,2.02946
-4796.01,-7.17336,-2.69658
-4790.58,-9.88191,-4.94865
-4785.16,-6.4493,8.56215
-4779.73,-13.9528,8.5239
-4774.31,-19.3833,-0.627328
-4768.88,-27.3544,11.9166
-4763.45,-45.4477,7.0242
-4758.03,-51.1464,-13.3657
-4752.6,-35.7855,7.30704
-4747.18,-19.817,41.6159
-4741.75,0.553104,32.3963
-4736.33,23.8787,10.323
-4730.9,15.7258,-3.94475
-4725.48,3.42411,-5.23693
-4720.05,17.6115,-5.4328
-4714.63,23.1278,-25.2021
-4709.2,31.8982,-14.2974
-4703.78,28.261,7.56867
-4698.35,9.95842,2.52061
-4692.92,34.2665,-5.30524
-4687.5,48.6706,-18.3985
-4682.07,15.3754,-5.33609
-4676.65,-4.7149,21.1512
-4671.22,-4.32689,-2.13863
-4665.8,-16.2191,-22.1889
-4660.37,-14.118,-6.6611
-4654.95,-6.1632,8.50069
-4649.52,-17.5989,23.7713
-4644.1,-13.0836,28.894
-4638.67,-2.52839,16.7863
-4633.25,4.20413,3.83553
-4627.82,19.6855,-9.46901
-4622.4,15.8123,-20.9808
-4616.97,-10.0559,-4.61831
-4611.54,-20.5085,37.456
-4606.12,-12.1672,60.0707
-4600.69,-6.56829,48.5864
-4595.27,-2.82973,24.176
-4589.84,-5.32877,1.2119
-4584.42,-13.3877,-2.83019
-4578.99,-9.54604,5.01727
-4573.57,0.409207,-4.13981
-4568.14,5.8586,-5.78987
-4562.72,0.233497,3.20555
-4557.29,-5.49723,-16.2749
-4551.87,-2.42614,-47.3422
-4546.44,-12.0552,-41.4857
-4541.02,-25.7724,3.53051
-4535.59,-16.7278,27.3948
-4530.16,-21.8921,14.2764
-4524.74,-39.6426,11.4522
-4519.31,-8.9121,7.34651
-4513.89,17.013,-24.8103
-4508.46,19.1388,-34.5877
-4503.04,25.3564,-26.5446
-4497.61,-9.54139,-27.6501
-4492.19,-43.5119,-11.8349
-4486.76,-34.2713,12.7504
-4481.34,-18.0692,9.60647
-4475.91,-11.4356,-11.8663
-4470.49,-14.065,4.74501
-4465.06,-18.3919,22.9839
-4459.63,-35.6883,14.4926
-4454.21,-50.7241,10.2714
-4448.78,-22.7879,15.5623
-4443.36,-11.7144,22.4625
-4437.93,-42.5128,3.60508
-4432.51,-38.4664,-0.895256
-4427.08,-26.7353,17.3686
-4421.66,-35.529,11.556
-4416.23,-8.6319,-10.7594
-4410.81,22.444,-15.1728
-4405.38,7.60717,0.702102
-4399.96,-1.41057,-26.048
-4394.53,23.4692,-47.2328
-4389.11,32.4454,-2.38951
-4383.68,25.4257,25.8207
-4378.25,31.5678,15.7984
-4372.83,40.0764,10.5226
-4367.4,35.4635,1.42976
-4361.98,16.7704,-8.15066
-4356.55,10.2248,21.3312
-4351.13,2.3368,57.9747
-4345.7,-24.3597,41.1258
-4340.28,-11.5654,5.55101
-4334.85,22.7216,-2.84165
-4329.43,13.0295,-2.77392
-4324,11.9767,-3.82484
-4318.58,19.2697,-10.9905
-4313.15,-7.88032,-20.9483
-4307.73,-14.0373,-11.2626
-4302.3,-13.3556,-9.82374
-4296.87,-32.6591,-18.662
-4291.45,-31.8066,-1.61285
-4286.02,-3.89606,9.6312
-4280.6,16.479,3.53358
-4275.17,7.67359,-10.5511
-4269.75,-6.55928,-19.276
-4264.32,-1.97417,-6.11147
-4258.9,12.7731,-11.5107
-4253.47,10.2276,-20.0337
-4248.05,5.63139,11.4469
-4242.62,0.316046,32.5776
-4237.2,-17.0306,19.8062
-4231.77,-19.1352,-0.63251
-4226.35,-12.5325,-33.4307
-4220.92,-10.8892,-52.092
-4215.49,2.84886,-33.466
-4210.07,16.2912,-13.9959
-4204.64,16.6174,-4.43973
-4199.22,7.96805,9.20281
-4193.79,2.29432,3.0534
-4188.37,6.5511,-3.67197
-4182.94,-3.50163,3.96731
-4177.52,1.05582,-5.13112
-4172.09,27.9752,-10.4896
-4166.67,19.0604,16.9275
-4161.24,-6.25669,44.2402
-4155.82,-4.70777,28.2656
-4150.39,-6.77751,-2.71856
-4144.96,-20.7078,-3.1203
-4139.54,-25.0905,4.7696
-4134.11,-4.24489,1.95128
-4128.69,26.0139,10.1042
-4123.26,26.6048,25.2876
-4117.84,10.4944,34.2458
-4112.41,-8.71551,31.8781
-4106.99,-16.3252,24.6682
-4101.56,-27.2179,10.8031
-4096.14,-44.7691,-7.59573
-4090.71,-23.4306,-5.59627
-4085.29,11.1058,5.3071
-4079.86,23.7366,-3.69316
-4074.44,4.51678,-31.6464
-4069.01,-34.3734,-33.7778
-4063.58,-40.317,4.49747
-4058.16,-22.0181,6.30898
-4052.73,-7.50592,-18.2445
-4047.31,13.0518,2.09021
-4041.88,28.8066,8.71438
-4036.46,24.0554,-10.6203
-4031.03,-2.76675,3.83472
-4025.61,-22.5361,-4.08012
-4020.18,-8.24572,-35.1774
-4014.76,-2.18763,-21.0971
-4009.33,-12.6167,-0.927685
-4003.91,3.76014,-8.50026
-3998.48,16.7538,-10.8039
-3993.06,8.27603,-15.367
-3987.63,4.07937,-35.2678
-3982.2,3.52551,-35.37
-3976.78,-7.5283,-26.798
-3971.35,-17.6685,-23.3453
-3965.93,-3.60529,-21.4197
-3960.5,4.15737,-28.2165
-3955.08,-8.71343,-14.5007
-3949.65,-2.65555,30.6116
-3944.23,9.2907,57.1039
-3938.8,-1.80626,39.0903
-3933.38,-7.05733,0.555208
-3927.95,-0.163138,-25.729
-3922.53,22.7038,-16.3121
-3917.1,40.7935,-5.17884
-3911.68,32.6993,-20.1297
-3906.25,29.5948,-20.1119
-3900.82,16.8566,2.62799
-3895.4,5.70693,18.7861
-3889.97,3.61246,18.4535
-3884.55,-0.569595,8.14236
-3879.12,21.4395,4.47345
-3873.7,34.4843,3.11673
-3868.27,18.6729,-7.35557
-3862.85,19.9206,-49.2971
-3857.42,37.363,-88.9237
-3852,37.4504,-63.578
-3846.57,19.1151,-19.9723
-3841.15,10.502,2.73799
-3835.72,8.97086,11.8636
-3830.29,8.99894,11.574
-3824.87,25.3341,35.3621
-3819.44,25.7872,51.0253
-3814.02,-10.0773,22.3229
-3808.59,-24.3362,2.90321
-3803.17,5.02799,8.76098
-3797.74,16.1361,18.4158
-3792.32,0.821673,10.9192
-3786.89,3.94693,-6.6626
-3781.47,18.4387,-22.522
-3776.04,1.47556,-31.8392
-3770.62,-27.5527,-29.5687
-3765.19,-16.8217,-32.339
-3759.77,22.8192,-27.8854
-3754.34,33.7033,-10.8075
-3748.91,4.44775,3.23037
-3743.49,-23.377,20.297
-3738.06,-46.4857,43.849
-3732.64,-47.8254,33.55
-3727.21,-23.1023,8.74635
-3721.79,-18.2989,-0.284265
-3716.36,-27.17,-6.39651
-3710.94,-30.6845,2.26291
-3705.51,-33.6881,5.77398
-3700.09,-25.0381,0.254948
-3694.66,-11.4894,-2.13647
-3689.24,-0.544478,-11.3302
-3683.81,2.43236,-9.24472
-3678.39,-13.7882,-9.60318
-3672.96,-0.450319,-40.9081
-3667.53,35.4416,-38.3855
-3662.11,-4.20927,24.527
-3656.68,-46.3301,40.3365
-3651.26,-11.9909,-10.2425
-3645.83,0.699099,-27.8991
-3640.41,-12.8478,2.80872
-3634.98,-17.9847,13.6115
-3629.56,-12.5847,10.6658
-3624.13,-5.07951,39.5071
-3618.71,-30.0693,52.3233
-3613.28,-46.8137,36.3034
-3607.86,-28.0366,32.0898
-3602.43,-24.1191,31.1592
-3597,-33.6042,26.6129
-3591.58,-34.7588,17.0491
-3586.15,-22.3107,-3.87193
-3580.73,5.0422,4.6077
-3575.3,6.71191,32.2585
-3569.88,-27.5373,18.8481
-3564.45,-43.7734,-5.24901
-3559.03,20.0962,-5.19897
-3553.6,68.8962,-5.98595
-3548.18,17.0659,1.31405
-3542.75,-31.2562,12.1651
-3537.33,-23.8243,-11.0647
-3531.9,-12.8789,-15.9706
-3526.48,-29.1332,6.59164
-3521.05,-25.1472,5.5165
-3515.62,13.1532,-2.48339
-3510.2,34.2588,-10.0384
-3504.77,31.6016,-11.0581
-3499.35,17.3667,-3.2897
-3493.92,16.6013,20.2867
-3488.5,30.266,50.524
-3483.07,20.8506,23.0018
-3477.65,-0.216256,-12.4114
-3472.22,-4.55811,17.3394
-3466.8,0.912638,54.6012
-3461.37,-10.1482,63.4555
-3455.95,-26.4134,42.4063
-3450.52,-15.2282,0.350534
-3445.1,11.9404,-30.412
-3439.67,8.51919,-29.0247
-3434.24,-42.4624,-2.4512
-3428.82,-68.4663,10.0205
-3423.39,-21.6216,-10.3736
-3417.97,20.1199,-27.482
-3412.54,15.9632,-10.3906
-3407.12,17.5674,15.7437
-3401.69,13.5065,8.21724
-3396.27,-6.86144,-10.3045
-3390.84,5.57895,1.48038
-3385.42,-3.18147,8.84778
-3379.99,-48.7558,-6.38875
-3374.57,-40.1251,-23.1037
-3369.14,-4.19361,-13.2949
-3363.71,-6.29291,6.35505
-3358.29,-28.0258,21.1813
-3352.86,-36.5113,0.156236
-3347.44,-24.2226,-56.221
-3342.01,-1.12178,-54.05
-3336.59,5.95974,-5.2637
-3331.16,1.93402,30.2808
-3325.74,4.33692,21.7866
-3320.31,8.0062,1.76483
-3314.89,1.6313,17.1217
-3309.46,0.258708,-1.91128
-3304.04,1.6564,-45.0571
-3298.61,-16.8299,-20.5445
-3293.19,-4.12721,9.79645
-3287.76,25.7646,3.43012
-3282.33,7.72126,-0.21774
-3276.91,-20.5968,13.768
-3271.48,-22.4795,38.3422
-3266.06,-10.7769,40.2468
-3260.63,-11.9301,56.3758
-3255.21,-18.5809,78.1233
-3249.78,-3.7544,41.8545
-3244.36,4.24733,1.8697
-3238.93,-2.32063,8.2219
-3233.51,-6.91006,27.8805
-3228.08,-16.5415,25.3963
-3222.66,-16.1593,8.88968
-3217.23,-2.6755,12.3087
-3211.81,11.3822,14.2866
-3206.38,23.8948,5.24365
-3200.95,6.94939,29.4984
-3195.53,-38.2854,40.7174
-3190.1,-49.1365,1.52581
-3184.68,-20.9048,-21.6759
-3179.25,-1.93148,0.896765
-3173.83,4.27807,17.9095
-3168.4,-2.00742,8.98787
-3162.98,-22.4576,24.6259
-3157.55,-51.3382,29.1808
-3152.13,-43.5942,-4.62702
-3146.7,-15.0178,-6.49868
-3141.28,-23.6356,5.12275
-3135.85,-25.1447,-3.90346
-3130.43,-15.1526,-25.9498
-3125,-24.6213,-51.6774
-3119.57,-30.8466,-40.1232
-3114.15,-30.3321,1.63815
-3108.72,-19.2447,18.8748
-3103.3,-5.8375,4.63
-3097.87,-1.36973,-1.44148
-3092.45,12.6012,-10.0439
-3087.02,20.9788,-1.15767
-3081.6,3.5821,15.5812
-3076.17,-31.7196,-10.5061
-3070.75,-26.7833,-13.2503
-3065.32,3.08905,1.70637
-3059.9,20.8982,-20.7499
-3054.47,10.6934,-46.8581
-3049.04,-28.9537,-25.7054
-3043.62,-21.5277,19.4276
-3038.19,19.0088,13.685
-3032.77,42.1103,-14.6373
-3027.34,44.7434,-13.1919
-3021.92,17.7663,6.46519
-3016.49,-12.4245,35.5013
-3011.07,-26.1235,34.076
-3005.64,-20.802,-10.2347
-3000.22,-10.9526,-41.3144
-2994.79,-43.3169,-42.5539
-2989.37,-45.2641,-29.4387
-2983.94,27.1856,-6.82215
-2978.52,62.1085,8.48943
-2973.09,22.2914,4.55454
-2967.66,-24.6819,1.47192
-2962.24,6.38311,-12.8343
-2956.81,76.776,-52.8551
-2951.39,53.2496,-74.4188
-2945.96,-1.27238,-62.3698
-2940.54,0.588519,-56.5981
-2935.11,-12.8511,-55.4536
-2929.69,-26.1424,-14.0921
-2924.26,6.84252,44.1597
-2918.84,46.1458,67.6319
-2913.41,68.5927,17.2837
-2907.99,52.9656,-62.0429
-2902.56,19.2479,-69.3999
-2897.14,-0.296494,-32.5045
-2891.71,-6.23282,-21.5451
-2886.28,-3.37127,-10.567
-2880.86,-11.0927,1.55954
-2875.43,-18.8511,-10.4423
-2870.01,-11.6819,8.36939
-2864.58,6.65021,17.5317
-2859.16,52.8076,-29.9404
-2853.73,62.199,-29.2474
-2848.31,-4.77462,12.7525
-2842.88,-34.219,16.0684
-2837.46,2.12377,15.0994
-2832.03,23.7883,12.3528
-2826.61,-6.21581,-12.6533
-2821.18,-22.4978,-13.0608
-2815.75,-6.40551,-7.59501
-2810.33,8.12152,-20.1296
-2804.9,30.3061,-17.207
-2799.48,9.15493,-7.5364
-2794.05,-30.076,-12.4978
-2788.63,-6.69529,-41.6581
-2783.2,30.8069,-69.5877
-2777.78,23.3516,-56.9268
-2772.35,12.6252,-5.28597
-2766.93,-12.886,35.5262
-2761.5,-65.4581,-8.54134
-2756.08,-58.5991,-88.23
-2750.65,-34.9398,-70.3226
-2745.23,-36.0369,-3.47135
-2739.8,-2.03914,-1.21325
-2734.37,16.5932,-31.3183
-2728.95,7.9221,-31.5601
-2723.52,44.355,1.08912
-2718.1,36.1156,51.4694
-2712.67,-18.3034,46.0518
-2707.25,3.46122,-22.4848
-2701.82,5.38822,-43.4156
-2696.4,-40.4112,-33.8246
-2690.97,-45.1058,-16.0592
-2685.55,-9.779,34.8092
-2680.12,12.8691,41.2499
-2674.7,-28.8801,-8.5609
-2669.27,-67.025,-52.0505
-2663.85,-27.8975,-54.5646
-2658.42,141.037,-47.2658
-2652.99,209.709,-36.1531
-2647.57,60.4761,-3.45194
-2642.14,2.25505,-0.526905
-2636.72,38.5284,-16.4279
-2631.29,29.6043,-48.6688
-2625.87,19.732,-58.3511
-2620.44,66.4649,-18.1693
-2615.02,78.2654,-16.8165
-2609.59,27.2021,-16.2373
-2604.17,34.1773,28.4018
-2598.74,58.6939,0.790888
-2593.32,4.47446,-48.9381
-2587.89,-57.0376,-12.5642
-2582.47,-53.6209,29.2023
-2577.04,-42.7128,40.9492
-2571.61,-59.901,39.9945
-2566.19,-73.4283,21.1439
-2560.76,-62.5736,-11.8446
-2555.34,-25.1458,-32.6864
-2549.91,6.54477,-41.7872
-2544.49,-1.20078,-18.9574
-2539.06,-5.29054,40.0516
-2533.64,18.0892,54.0097
-2528.21,24.3156,50.818
-2522.79,-7.37154,66.7337
-2517.36,-29.7963,36.0979
-2511.94,11.0971,-8.59387
-2506.51,63.6572,-3.67198
-2501.08,61.7599,-10.0587
-2495.66,49.5366,-26.2122
-2490.23,6.40304,-17.0734
-2484.81,-53.636,-2.10447
-2479.38,-24.9818,29.7241
-2473.96,17.001,-11.8052
-2468.53,-3.72852,-92.7362
-2463.11,-29.5462,-34.2875
-2457.68,54.1455,120.97
-2452.26,142.169,93.869
-2446.83,59.7072,-113.769
-2441.41,-17.8356,-141.738
-2435.98,4.00176,-35.4269
-2430.56,39.7715,-34.4266
-2425.13,42.5434,-39.8042
-2419.7,8.97153,-16.2036
-2414.28,-1.11971,-43.9219
-2408.85,32.9567,-49.9211
-2403.43,39.7242,-3.65492
-2398,22.9231,41.5921
-2392.58,24.3096,24.5028
-2387.15,58.59,-12.6126
-2381.73,62.3378,-15.1465
-2376.3,-50.7656,-68.8761
-2370.88,-81.8377,-68.6527
-2365.45,19.8502,-12.9636
-2360.03,34.5829,-77.4623
-2354.6,-5.43125,-85.52
-2349.18,-41.8929,-8.17959
-2343.75,-84.3067,32.3852
-2338.32,-83.3388,30.1699
-2332.9,-62.5504,-44.9289
-2327.47,28.8858,-45.957
-2322.05,131.361,19.0449
-2316.62,81.2704,20.6185
-2311.2,46.1586,19.5933
-2305.77,113.699,83.4404
-2300.35,100.623,117.932
-2294.92,45.3757,45.8415
-2289.5,-10.772,19.4585
-2284.07,-58.1108,67.512
-2278.65,-14.866,14.4286
-2273.22,-7.42674,-71.8511
-2267.79,0.535319,-65.7048
-2262.37,-124.121,-55.4088
-2256.94,-582.656,10.6948
-2251.52,-581.156,66.2938
-2246.09,-50.0808,-77.2735
-2240.67,135.041,-169.811
-2235.24,26.9526,-58.2489
-2229.82,-12.2038,-24.8504
-2224.39,2.83504,-65.7716
-2218.97,-5.48865,-7.76988
-2213.54,76.2682,1.34076
-2208.12,158.576,0.424789
-2202.69,167.833,31.5675
-2197.27,118.267,-0.851842
-2191.84,-38.3873,-33.0349
-2186.41,-93.1135,-46.0032
-2180.99,-79.8745,-1.0604
-2175.56,-79.5634,105
-2170.14,-18.9207,124.353
-2164.71,-9.419,55.2461
-2159.29,91.0074,46.7295
-2153.86,220.344,-81.2619
-2148.44,72.6712,-246.358
-2143.01,-99.3094,-170.2
-2137.59,-88.3697,-71.6803
-2132.16,-42.7222,19.1925
-2126.74,-2.28379,-9.58474
-2121.31,106.918,-136.412
-2115.89,130.35,-50.1875
-2110.46,4.36984,-17.9708
-2105.03,22.3846,-35.8802
-2099.61,117.223,-31.3688
-2094.18,26.6259,-137.256
-2088.76,-184.967,-159.459
-2083.33,-403.975,-50.0314
-2077.91,-430.798,61.9985
-2072.48,-215.328,32.6139
-2067.06,-153.613,35.187
-2061.63,-12.8436,-26.6767
-2056.21,401.992,-596.474
-2050.78,322.081,-799.646
-2045.36,49.2755,-318.476
-2039.93,129.302,-112.785
-2034.51,17.9927,-59.1184
-2029.08,-127.705,-15.6604
-2023.65,-278.362,117.031
-2018.23,3757.4,16908.5
-2012.8,8713.08,33455.7
-2007.38,5032.59,16822.6
-2001.95,331.074,212.125
-1996.53,-88.975,251.177
-1991.1,-204.866,64.4554
-1985.68,-55.1001,-364.676
-1980.25,-103.135,-290.078
-1974.83,-385.43,43.1337
-1969.4,-238.413,153.45
-1963.98,97.3699,101.778
-1958.55,-109.945,-312.706
-1953.12,-298.737,-586.496
-1947.7,-84.6254,-243.086
-1942.27,-84.543,40.9475
-1936.85,-77.0482,12.6917
-1931.42,136.393,34.8577
-1926,189.221,133.029
-1920.57,125.504,148.829
-1915.15,141.583,159.169
-1909.72,130.084,306.517
-1904.3,67.4837,378.189
-1898.87,121.113,191.802
-1893.45,106.354,54.8984
-1888.02,-47.9217,62.1689
-1882.6,-13.6512,28.9301
-1877.17,3.92764,-28.2201
-1871.74,-152.105,-61.5126
-1866.32,-107.585,-149.633
-1860.89,-24.6476,-85.4638
-1855.47,-153.196,196.483
-1850.04,-111.732,143.567
-1844.62,90.6397,-61.4008
-1839.19,124.964,-16.9305
-1833.77,47.8049,19.2674
-1828.34,32.6287,-27.4918
-1822.92,36.2333,-82.751
-1817.49,-1.24417,-55.8001
-1812.07,40.0752,6.07434
-1806.64,65.8953,-48.7312
-1801.22,24.5203,-108.13
-1795.79,40.9038,-17.3965
-1790.36,64.9094,56.5008
-1784.94,21.3943,29.2222
-1779.51,-9.78882,0.0139691
-1774.09,21.6663,-25.0257
-1768.66,40.6011,-32.596
-1763.24,13.1209,-51.0613
-1757.81,-77.852,33.6301
-1752.39,-137.577,109.051
-1746.96,-40.9397,6.21379
-1741.54,54.6058,-34.0478
-1736.11,68.8412,19.7773
-1730.69,43.7776,40.1436
-1725.26,-31.3168,11.8782
-1719.83,-29.8852,-35.265
-1714.41,-4.00006,13.165
-1708.98,-82.7073,95.5568
-1703.56,-122.616,83.1755
-1698.13,-19.7855,49.0763
-1692.71,78.5326,-10.6783
-1687.28,72.1702,-58.5847
-1681.86,44.5964,-21.045
-1676.43,1.57656,15.0889
-1671.01,-11.0324,-6.80322
-1665.58,23.0016,-33.8931
-1660.16,-1.80093,36.9852
-1654.73,28.7889,91.6566
-1649.31,57.6724,3.75718
-1643.88,-45.869,-33.7369
-1638.45,-84.7541,34.206
-1633.03,-66.756,52.762
-1627.6,-67.2902,27.1225
-1622.18,-8.30445,34.6073
-1616.75,41.3161,30.6989
-1611.33,16.9079,-47.1649
-1605.9,-4.54482,-86.8673
-1600.48,6.27965,-4.49791
-1595.05,11.6878,66.1388
-1589.63,43.1941,25.6837
-1584.2,92.0175,-44.3635
-1578.78,98.6078,-57.6391
-1573.35,94.9972,-38.0058
-1567.93,76.2148,-9.05557
-1562.5,34.236,22.5218
-1557.07,38.3856,9.28348
-1551.65,89.9316,-45.4379
-1546.22,93.0538,-56.3365
-1540.8,30.6565,-44.7308
-1535.37,8.46422,-49.2197
-1529.95,12.2195,-29.3908
-1524.52,-8.0977,-34.1771
-1519.1,-28.5674,-46.627
-1513.67,-31.7472,-32.0987
-1508.25,-0.284901,-33.1946
-1502.82,22.8662,-38.1592
-1497.4,21.8043,-23.2605
-1491.97,32.4763,-26.1236
-1486.55,17.2307,-8.78298
-1481.12,-40.6001,49.8018
-1475.69,-30.3075,39.3649
-1470.27,47.0544,20.1703
-1464.84,49.0733,38.3765
-1459.42,-50.4682,-77.0232
-1453.99,-89.623,-227.148
-1448.57,9.35679,-137.074
-1443.14,61.8622,-11.1716
-1437.72,32.0946,-26.8573
-1432.29,21.961,-49.0769
-1426.87,25.9721,-46.0095
-1421.44,11.4733,0.703359
-1416.02,2.91779,16.8335
-1410.59,4.59755,-8.83883
-1405.16,-28.121,3.53603
-1399.74,-45.1349,2.61278
-1394.31,-14.9158,-37.6539
-1388.89,29.9966,-71.855
-1383.46,52.7177,-55.9929
-1378.04,32.4601,4.44552
-1372.61,-2.8591,33.4575
-1367.19,-33.9586,26.8535
-1361.76,-24.1666,-15.3508
-1356.34,74.9674,-165.037
-1350.91,114.902,-190.069
-1345.49,29.9527,-35.001
-1340.06,-22.6351,-3.98108
-1334.64,-26.2647,-27.693
-1329.21,-13.1687,16.8835
-1323.78,-24.323,12.6862
-1318.36,-40.336,-39.3376
-1312.93,4.92104,-47.5616
-1307.51,36.8093,-18.385
-1302.08,49.4059,7.60874
-1296.66,74.0714,15.6653
-1291.23,51.6352,20.0803
-1285.81,26.7151,33.0898
-1280.38,14.5424,31.9524
-1274.96,-26.2388,41.6113
-1269.53,-45.7444,48.1158
-1264.11,-15.1523,-1.64653
-1258.68,-4.86358,-27.4275
-1253.26,-37.0748,-13.5088
-1247.83,3.75169,15.0819
-1242.4,57.7511,30.8224
-1236.98,36.2227,-13.3632
-1231.55,10.4034,-45.642
-1226.13,-13.9132,-32.847
-1220.7,-20.7339,-15.1902
-1215.28,9.48077,-36.5127
-1209.85,11.6095,-45.1526
-1204.43,-22.5513,6.92354
-1199,-49.4187,17.9312
-1193.58,-57.7381,-29.3167
-1188.15,-19.8895,-42.3781
-1182.73,29.3592,-16.1198
-1177.3,42.3571,-0.187077
-1171.87,37.2523,-9.9422
-1166.45,12.6024,-25.469
-1161.02,-2.71084,-10.5359
-1155.6,20.4071,31.0548
-1150.17,45.1041,32.1918
-1144.75,26.5521,-11.3821
-1139.32,-7.79444,-21.2692
-1133.9,-12.1759,-1.73313
-1128.47,-4.25199,-11.2021
-1123.05,-13.1543,-3.16728
-1117.62,-7.68928,4.28289
-1112.2,15.2522,-40.4612
-1106.77,23.5136,-51.8547
-1101.35,32.2209,-0.911147
-1095.92,17.3956,58.8776
-1090.49,-13.9705,43.0202
-1085.07,-6.69995,-10.2511
-1079.64,22.0906,11.3899
-1074.22,56.1929,55.4329
-1068.79,55.5769,14.1367
-1063.37,-11.9148,-31.4451
-1057.94,-43.4136,-221.046
-1052.52,-20.5758,-464.563
-1047.09,18.2461,-279.407
-1041.67,23.9192,-24.1775
-1036.24,-26.414,7.31954
-1030.82,8.14095,-2.2191
-1025.39,49.9097,-38.3491
-1019.97,10.936,-45.0704
-1014.54,5.46855,-10.5174
-1009.11,12.6791,49.2249
-1003.69,3.35068,62.5224
-998.264,-3.27207,-17.3229
-992.838,-11.539,-58.8269
-987.413,-39.1084,-5.32823
-981.988,-61.6517,37.2175
-976.562,-31.4466,49.0954
-971.137,26.6724,23.8685
-965.712,27.2679,-26.0784
-960.286,45.3049,-71.2126
-954.861,221.294,-157.72
-949.436,257.068,-155.936
-944.01,59.3239,-55.7756
-938.585,-11.8248,1.40805
-933.16,19.9332,45.9492
-927.734,7.8847,56.5188
-922.309,35.2766,1.61771
-916.884,69.0846,-55.7197
-911.458,35.9301,-46.8882
-906.033,38.9891,13.7349
-900.608,56.1935,36.308
-895.182,35.9427,-0.278603
-889.757,26.9408,-40.0113
-884.331,-2.58057,-38.0849
-878.906,-24.8609,3.42524
-873.481,-14.7739,3.90808
-868.055,-1.16333,-40.4
-862.63,22.475,-36.6616
-857.205,174.87,49.6269
-851.779,298.833,134.508
-846.354,141.379,112.875
-840.929,-0.686976,42.1557
-835.503,22.9719,17.3617
-830.078,4.3253,19.3367
-824.653,-66.4986,25.0555
-819.227,-86.385,49.1293
-813.802,-46.3081,45.3544
-808.377,13.1325,-0.255619
-802.951,22.0527,-22.9211
-797.526,-24.9954,-21.9828
-792.101,-45.3224,-24.6797
-786.675,-51.0188,-23.4692
-781.25,-25.5841,-9.27389
-775.825,27.6856,14.0037
-770.399,16.8273,12.2025
-764.974,-26.2626,3.54981
-759.549,-11.8901,-11.0929
-754.123,97.8325,-54.5743
-748.698,126.855,-30.7398
-743.273,17.6292,33.0848
-737.847,-41.0451,24.4845
-732.422,-51.1213,-6.49892
-726.996,-42.2414,-30.318
-721.571,-18.1009,-50.0994
-716.146,-11.1013,-25.8612
-710.72,-25.1559,-0.762525
-705.295,-40.0833,-6.40899
-699.87,-28.4566,-5.84648
-694.444,-29.3754,-5.84673
-689.019,-14.8185,-23.9664
-683.594,32.9918,-14.8594
-678.168,46.1678,41.7447
-672.743,21.9096,72.3174
-667.318,-12.1239,46.1514
-661.892,-25.009,13.656
-656.467,80.3644,-75.5693
-651.042,171.89,-144.776
-645.616,63.5429,-64.5584
-640.191,-36.0049,11.0555
-634.766,-23.3526,-1.0535
-629.34,-0.660961,-40.303
-623.915,-14.6979,-25.1321
-618.49,-31.8502,2.25732
-613.064,-6.70407,-12.6341
-607.639,10.3559,2.20837
-602.214,1.97703,17.9489
-596.788,-12.6037,22.3278
-591.363,-14.4785,23.2588
-585.937,-21.106,20.4525
-580.512,-20.3958,20.4317
-575.087,23.6151,43.4336
-569.661,47.0996,26.7191
-564.236,-11.111,26.7816
-558.811,82.251,-232.488
-553.385,384.802,-929.407
-547.96,343.765,-842.503
-542.535,61.638,-152.817
-537.109,-1.89439,10.5067
-531.684,-2.46719,-12.7679
-526.259,-9.5723,-5.90008
-520.833,5.00707,-11.102
-515.408,-9.73787,-16.0866
-509.983,-25.899,-7.71382
-504.557,1.73542,19.4422
-499.132,23.6967,10.3775
-493.707,12.4557,8.78465
-488.281,13.962,22.3303
-482.856,18.8255,15.4028
-477.431,15.3068,12.2345
-472.005,8.78594,24.6063
-466.58,18.636,12.9997
-461.154,-6.61887,26.8084
-455.729,-223.162,536.949
-450.304,-329.198,919.23
-444.878,-127.279,398.535
-439.453,-28.0394,-0.793142
-434.028,-58.727,20.4331
-428.602,-44.0916,23.2336
-423.177,-22.4161,3.58396
-417.752,-10.4189,-15.0823
-412.326,-3.2586,-9.9983
-406.901,-1.46839,-7.37827
-401.476,5.50269,-14.8912
-396.05,-4.56658,-22.4037
-390.625,-4.32813,1.22355
-385.2,15.5361,14.6051
-379.774,4.23984,5.74509
-374.349,-3.76243,-11.7162
-368.924,16.7721,-5.8213
-363.498,-41.7891,-12.2844
-358.073,121.288,78.365
-352.648,611.069,336.865
-347.222,535.707,299.744
-341.797,103.733,45.481
-336.371,2.82322,-15.0832
-330.946,-21.1209,-27.2924
-325.521,-26.1319,-58.5507
-320.095,-9.32112,-34.3053
-314.67,11.8321,6.74155
-309.245,35.3843,9.39243
-303.819,25.8646,-17.4144
-298.394,19.6577,-20.8307
-292.969,24.8258,1.84277
-287.543,26.8061,21.2834
-282.118,16.4333,21.8861
-276.693,-8.29979,12.093
-271.267,-15.4309,13.5416
-265.842,-15.1067,37.6393
-260.417,-2.23383,-5.38039
-254.991,359.746,-442.773
-249.566,615.728,-681.571
-244.141,260.939,-247.997
-238.715,0.907456,0.0618822
-233.29,-14.5435,-19.0115
-227.865,-21.0889,6.09034
-222.439,-0.410853,9.03463
-217.014,2.63553,24.4627
-211.589,2.39397,32.0115
-206.163,0.976039,23.1205
-200.738,6.37537,8.25736
-195.312,0.002388,14.6517
-189.887,-23.598,29.4351
-184.462,-27.2506,27.76
-179.036,-3.85066,10.6911
-173.611,5.68225,-38.5226
-168.186,1.3558,-37.4503
-162.76,5.66725,-22.4912
-157.335,9.5254,270.318
-151.91,14.2081,811.173
-146.484,15.4676,613.903
-141.059,6.07429,86.4711
-135.634,-9.18151,7.73126
-130.208,-21.6404,3.57493
-124.783,-21.0595,-18.5699
-119.358,-17.9181,-1.71629
-113.932,-7.49543,4.43154
-108.507,7.21664,18.8433
-103.082,15.1257,52.6117
-97.6562,11.9919,59.4822
-92.2309,6.60114,32.8928
-86.8055,19.592,9.14306
-81.3802,24.744,7.06187
-75.9549,3.8103,-1.26592
-70.5295,-7.85065,-6.37402
-65.1042,23.543,5.65502
-59.6788,-13.4347,-23.9325
-54.2535,-355.539,-197.72
-48.8281,-511.336,-281.48
-43.4028,-184.645,-110.414
-37.9774,-5.57701,-5.6235
-32.5521,-25.72,4.68688
-27.1267,-22.6677,23.441
-21.7014,-17.344,22.8715
-16.276,-13.1449,8.582
-10.8507,-10.1397,-17.0681
-5.42535,-196.018,-178.824
0,-402.143,-314.189
5.42535,-220.933,-146.934
10.8507,-19.0141,-5.70939
16.276,5.14712,-14.8306
21.7014,17.9962,-22.3619
27.1267,17.2609,-27.6651
32.5521,-1.67457,-26.0899
37.9774,-6.80567,-4.05094
43.4028,-151.804,-152.448
48.8281,-396.822,-428.051
54.2535,-277.859,-297.146
59.6788,-26.4719,-7.2459
65.1042,11.1829,21.4757
70.5295,-8.08286,-6.07512
75.9549,-0.306299,4.00362
81.3802,12.8382,22.3006
86.8055,13.6112,16.7981
92.2309,33.5127,-1.55252
97.6562,60.6163,-2.75462
103.082,54.7082,1.94819
108.507,20.0293,2.44368
113.932,2.48667,-8.34483
119.358,-6.0001,-16.9707
124.783,-23.1131,-15.9415
130.208,-1.76654,-21.8625
135.634,5.28037,-10.7792
141.059,85.372,-15.0254
146.484,599.41,-133.508
151.91,790.515,-182.454
157.335,264.593,-56.1535
162.76,-20.452,10.9401
168.186,-36.0099,10.3756
173.611,-36.0037,14.8329
179.036,9.44194,-6.32271
184.462,20.3428,-33.157
189.887,22.8519,-30.0177
195.312,14.217,-3.54222
200.738,9.55443,4.18834
206.163,22.6699,-4.64631
211.589,31.6398,-5.42146
217.014,24.3737,-3.36081
222.439,8.66689,-2.58433
227.865,0.807524,-21.9359
233.29,-21.9652,-9.51219
238.715,0.279591,0.865598
244.141,-177.503,313.184
249.566,-512.367,762.325
254.991,-342.59,456.176
260.417,-5.76098,-0.865839
265.842,32.8667,-23.7638
271.267,9.40623,-18.2484
276.693,9.72535,-10.9791
282.118,25.2114,10.6503
287.543,27.1363,20.861
292.969,7.79392,23.6426
298.394,-15.4563,24.1132
303.819,-10.6399,29.3093
309.245,17.6737,32.061
314.67,9.40374,9.84975
320.095,-35.5413,-0.745111
325.521,-63.1333,-11.191
330.946,-31.5911,-13.8908
336.371,-13.9522,6.38837
341.797,69.2253,89.6489
347.222,420.439,447.279
352.648,474.69,511.423
358.073,105.379,98.7268
363.498,-22.0294,-37.5758
368.924,-1.59083,17.6822
374.349,-12.2784,-0.816255
379.774,6.60016,2.72403
385.2,17.9298,11.5413
390.625,0.140133,-4.49559
396.05,-22.8429,0.989029
401.476,-13.1177,8.9417
406.901,-7.51443,0.360174
412.326,-10.4894,-0.742885
417.752,-17.1543,-6.46022
423.177,-1.94538,-22.6171
428.602,11.8767,-48.4026
434.028,5.61878,-61.9258
439.453,-7.55289,-27.0146
444.878,355.905,-219.913
450.304,812.284,-541.802
455.729,467.012,-346.432
461.154,24.4109,-12.9078
466.58,17.122,14.9375
472.005,26.0009,2.57215
477.431,15.5742,11.8923
482.856,19.4996,14.54
488.281,25.0447,8.14513
493.707,11.537,9.96043
499.132,15.802,20.4823
504.557,19.2846,-3.01962
509.983,-13.7502,-23.2636
515.408,-17.9646,-5.55693
520.833,-9.5609,7.54415
526.259,-8.04056,-7.86059
531.684,-12.9855,0.694941
537.109,9.73643,-4.37978
542.535,-133.366,96.7768
547.96,-734.313,537.374
553.385,-808.708,598.216
558.811,-205.684,136.052
564.236,23.2981,-17.26
569.661,37.3199,39.2366
575.087,47.8564,12.4061
580.512,14.8906,-24.7328
585.937,14.739,-25.427
591.363,19.0655,-19.6752
596.788,18.6156,-17.631
602.214,17.8941,-2.4239
607.639,4.6481,9.51404
613.064,-13.8807,-3.4485
618.49,-5.51573,-31.4508
623.915,-27.9422,-8.18237
629.34,-39.2665,9.10849
634.766,-6.67177,-22.404
640.191,2.0167,-37.61
645.616,-47.2684,77.2735
651.042,-98.8911,201.809
656.467,-53.8827,96.2591
661.892,7.20013,-27.5698
667.318,41.8475,-22.9288
672.743,75.4697,3.76358
678.168,51.6737,34.6973
683.594,-6.43658,35.6067
689.019,-26.8394,-8.58029
694.444,-12.7796,-27.0884
699.87,-12.557,-26.1969
705.295,-15.9157,-37.3422
710.72,-6.82572,-24.2242
716.146,-27.7786,-4.51516
721.571,-52.9903,-5.44311
726.996,-39.6366,-33.6521
732.422,-18.6732,-48.0306
737.847,13.8275,-45.7493
743.273,36.3669,9.10155
748.698,0.862152,130.523
754.123,-29.2854,108.129
759.549,-13.6396,-8.85339
764.974,-2.91012,-26.3405
770.399,15.9109,13.3759
775.825,20.2855,23.4754
781.25,-15.1878,-22.5806
786.675,-35.1146,-43.8256
792.101,-34.911,-38.0056
797.526,-27.3768,-18.9348
802.951,-16.9053,26.9427
808.377,2.9291,12.8043
813.802,32.8042,-55.9048
819.227,26.7715,-95.7045
824.653,8.22374,-70.5848
830.078,19.8087,-0.481153
835.503,22.4034,18.0894
840.929,40.7373,-10.8651
846.354,143.725,109.873
851.779,202.807,257.416
857.205,90.4576,157.669
862.63,-30.1355,30.6766
868.055,-39.4814,8.64489
873.481,0.217893,-15.2806
878.906,-2.69089,-24.9512
884.331,-37.578,6.70964
889.757,-32.3052,35.8202
895.182,8.425,34.9425
900.608,48.8239,45.7406
906.033,22.7592,34.5082
911.458,-36.8032,46.2061
916.884,-37.3516,80.5123
922.309,10.1038,33.8374
927.734,56.7474,-6.02266
933.16,49.4065,8.22509
938.585,-1.49457,-11.8145
944.01,-39.7671,71.0551
949.436,-89.1139,287.156
954.861,-99.499,252.877
960.286,-58.137,61.187
965.712,-18.7071,32.7669
971.137,29.6113,20.1056
976.562,40.0292,-42.3896
981.988,21.1972,-68.8242
987.413,-14.6311,-36.6577
992.838,-59.871,3.03528
998.264,-17.5999,1.01591
1003.69,61.4758,-11.8744
1009.11,50.8301,0.393903
1014.54,-8.88196,7.85048
1019.97,-41.0859,21.5147
1025.39,-25.1357,57.7048
1030.82,-0.183651,8.43604
1036.24,0.711999,-27.4001
1041.67,-17.6728,29.0577
1047.09,-266.693,85.2986
1052.52,-455.741,92.4231
1057.94,-224.982,11.3516
1063.37,-33.3936,-3.95361
1068.79,27.162,50.5061
1074.22,67.3806,41.1132
1079.64,16.3958,18.6789
1085.07,-11.5675,-4.02098
1090.49,38.3625,-23.9631
1095.92,61.3371,2.63513
1101.35,6.91086,31.4843
1106.77,-44.6259,35.3603
1112.2,-35.5693,24.5872
1117.62,2.29535,-8.49706
1123.05,-6.25551,-11.9973
1128.47,-11.898,-1.41567
1133.9,-4.62728,-11.395
1139.32,-22.5232,-2.4175
1144.75,-4.62062,28.5167
1150.17,42.1472,35.9764
1155.6,35.0692,12.288
1161.02,-10.8788,-0.0814568
1166.45,-21.6636,18.3896
1171.87,-0.634706,38.551
1177.3,10.0656,41.1442
1182.73,-8.53835,32.3868
1188.15,-45.9311,-9.04657
1193.58,-42.414,-48.9307
1199,5.4431,-52.2883
1204.43,1.26222,-23.5564
1209.85,-41.0028,22.188
1215.28,-33.1345,18.0324
1220.7,-19.755,-16.4432
1226.13,-35.2373,-5.55358
1231.55,-41.7694,21.1362
1236.98,-4.20319,38.3796
1242.4,43.8781,48.579
1247.83,15.5415,-0.00833638
1253.26,-22.0767,-32.7055
1258.68,-27.7894,1.91621
1264.11,-5.26329,-14.3039
1269.53,35.62,-56.0258
1274.96,34.0275,-35.5261
1280.38,34.5215,6.38062
1285.81,38.5703,17.9164
1291.23,31.9755,45.2435
1296.66,33.1194,68.0814
1302.08,19.3351,46.0976
1307.51,-8.93394,40.1637
1312.93,-44.9587,16.281
1318.36,-47.9295,-29.6221
1323.78,6.42523,-26.6695
1329.21,13.1962,-16.862
1334.64,-33.2244,-18.785
1340.06,-9.33872,-20.9996
1345.49,-26.7151,37.5305
1350.91,-156.626,157.471
1356.34,-141.999,112.667
1361.76,-20.7413,-19.7351
1367.19,17.8405,-39.4464
1372.61,31.7721,-10.8683
1378.04,12.1663,30.4204
1383.46,-41.5761,64.6976
1388.89,-62.4638,46.4889
1394.31,-40.1439,-5.36347
1399.74,-8.38413,-44.4264
1405.16,-3.37248,-28.1412
1410.59,-7.46403,6.59928
1416.02,17.0393,-1.24124
1421.44,3.4581,10.9624
1426.87,-38.3596,36.3313
1432.29,-42.3062,33.1814
1437.72,-18.2951,37.6386
1443.14,4.12608,62.7273
1448.57,-130.739,42.2399
1453.99,-242.082,-32.0089
1459.42,-86.9446,-30.335
1464.84,49.109,38.3316
1470.27,30.9546,40.7771
1475.69,30.8636,-38.9304
1481.12,38.5005,-51.4422
1486.55,-4.35391,18.8437
1491.97,-17.4913,37.8311
1497.4,-17.2947,26.7839
1502.82,-31.4939,31.4185
1508.25,-32.2776,7.75408
1513.67,-38.8256,-23.0388
1519.1,-52.1531,-16.4387
1524.52,-35.1209,0.411021
1529.95,-25.5616,18.9667
1535.37,-45.71,20.12
1540.8,-35.9856,40.5673
1546.22,-32.1511,103.919
1551.65,-22.3317,98.2526
1557.07,18.294,34.9995
1562.5,30.1353,27.7705
1567.93,9.65145,76.1417
1573.35,-13.8951,101.37
1578.78,-32.0719,109.623
1584.2,-20.7847,100.017
1589.63,35.3703,35.6976
1595.05,67.0017,-4.65981
1600.48,-2.84511,7.18128
1605.9,-85.3864,16.6053
1611.33,-41.6735,27.8159
1616.75,39.7822,32.6621
1622.18,31.5703,-16.4301
1627.6,10.0379,-71.8529
1633.03,35.0452,-77.5371
1638.45,12.6862,-90.5115
1643.88,-43.8314,-36.3448
1649.31,17.5978,55.0504
1654.73,95.8986,5.76005
1660.16,35.4503,-10.695
1665.58,-27.3236,30.5179
1671.01,-9.27046,-9.05881
1676.43,15.0221,-2.12059
1681.86,-9.63104,48.3629
1687.28,-39.385,84.1994
1692.71,8.63765,78.7832
1698.13,42.8319,-31.0704
1703.56,51.0414,-139.096
1708.98,72.7096,-103.368
1714.41,11.8062,-7.06614
1719.83,-41.4473,-20.4661
1725.26,3.94914,-33.2602
1730.69,49.5419,32.7656
1736.11,35.844,62.0118
1741.54,-19.8262,61.2207
1746.96,-3.87537,-41.2269
1752.39,72.5288,-159.872
1757.81,13.797,-83.6753
1763.24,-46.3703,25.084
1768.66,-21.8055,47.2807
1774.09,-19.0408,27.077
1779.51,-2.35458,-9.50144
1784.94,33.5299,13.6893
1790.36,70.5255,49.3125
1795.79,-6.98445,43.8973
1801.22,-98.9859,49.9508
1806.64,-31.341,75.7267
1812.07,15.5889,37.4153
1817.49,-54.4436,12.2921
1822.92,-71.5273,55.1763
1828.34,-18.7816,38.3104
1833.77,30.2597,41.7234
1839.19,13.8029,125.347
1844.62,-37.6497,102.802
1850.04,112.272,-143.145
1855.47,153.585,-196.179
1860.89,-88.888,-3.2399
1866.32,-171.216,-68.1901
1871.74,-96.4829,-132.705
1877.17,-26.4317,10.638
1882.6,24.7679,-20.2447
1888.02,48.7289,-61.5382
1893.45,78.9972,89.9139
1898.87,215.405,71.1144
1904.3,383.281,-26.013
1909.72,328.882,52.0664
1915.15,188.693,98.8711
1920.57,174.77,85.7705
1926,174.853,151.418
1931.42,66.8187,123.909
1936.85,-6.32489,-77.8299
1942.27,19.2785,-91.9378
1947.7,-256.338,-23.3038
1953.12,-641.346,-147.977
1958.55,-330.016,-31.0285
1963.98,122.311,69.8553
1969.4,91.2139,-268.455
1974.83,-51.3913,-384.416
1980.25,-306.412,-29.8953
1985.68,-367.173,34.7596
1991.1,12.9793,-214.373
1996.53,222.191,-147.097
2001.95,285.918,269.922
2007.38,17540.4,813.336
2012.8,34569.8,360.6
2018.23,17315.2,-444.742
2023.65,46.213,-298.405
2029.08,-46.0899,-120.123
2034.51,-53.0095,31.7603
2039.93,-78.1537,152.747
2045.36,-297.095,124.858
2050.78,-697.975,505.965
2056.21,-481.504,534.352
2061.63,-28.9914,-6.00842
2067.06,-3.02061,-157.562
2072.48,-20.4474,-216.822
2077.91,-44.0626,-433
2083.33,-146.276,-379.872
2088.76,-199.469,-140.896
2094.18,-126.737,59.0405
2099.61,-2.07743,121.33
2105.03,-29.399,30.3999
2110.46,-16.3798,8.58753
2115.89,-17.1622,138.62
2121.31,-106.494,136.743
2126.74,-9.85253,0.102792
2132.16,8.28691,-46.0962
2137.59,-90.9296,-68.4037
2143.01,-189.169,-55.1843
2148.44,-221.459,130.112
2153.86,-25.5422,233.458
2159.29,67.3584,76.9991
2164.71,51.3264,-22.5045
2170.14,116.082,-48.4425
2175.56,82.6327,-102.602
2180.99,-20.3517,-77.2449
2186.41,-67.1617,-79.2181
2191.84,-41.34,-29.2555
2197.27,27.785,114.961
2202.69,71.2323,155.211
2208.12,38.7751,153.762
2213.54,19.7519,73.6784
2218.97,-8.86692,-3.4459
2224.39,-63.1321,18.6624
2229.82,-27.0643,-5.82945
2235.24,-49.9982,40.2437
2240.67,-132.097,172.11
2246.09,-87.0938,-29.8991
2251.52,-76.2697,-579.931
2256.94,-130.58,-567.936
2262.37,-83.7905,-107.029
2267.79,-63.6231,16.4149
2273.22,-71.5131,10.1763
2278.65,10.4036,-17.9151
2284.07,51.4483,-72.7171
2289.5,16.2745,-15.1595
2294.92,55.4572,32.9377
2300.35,138.771,69.1034
2305.77,108.468,90.1357
2311.2,30.1781,40.0474
2316.62,39.6673,73.8684
2322.05,50.2584,122.852
2327.47,-37.6038,39.1457
2332.9,-58.7266,-49.8231
2338.32,9.11229,-88.1621
2343.75,11.0275,-89.6371
2349.18,-18.0714,-38.6697
2354.6,-84.2932,15.4193
2360.03,-66.7918,52.2955
2365.45,-7.77608,22.3967
2370.88,-86.4118,-62.7981
2376.3,-79.1115,-32.595
2381.73,0.384303,64.1504
2387.15,1.93628,59.9009
2392.58,29.656,17.6598
2398,45.9023,12.1802
2403.43,6.0639,39.4285
2408.85,-40.4653,44.0547
2414.28,-42.888,9.53925
2419.7,-13.5518,12.625
2425.13,-28.3297,50.9091
2430.56,-23.7824,46.9186
2435.98,-33.4065,12.4534
2441.41,-141.843,16.9839
2446.83,-95.9445,85.4568
2452.26,125.474,115.237
2457.68,130.475,23.272
2463.11,-40.4169,-20.3736
2468.53,-90.8836,18.8171
2473.96,-7.34165,19.352
2479.38,22.7975,-31.4307
2484.81,-15.0177,-51.5337
2490.23,-15.0171,10.3433
2495.66,-13.4496,54.4062
2501.08,5.18153,62.3589
2506.51,11.8373,62.655
2511.94,-5.65397,12.8465
2517.36,27.8173,-37.6441
2522.79,62.9681,-23.2969
2528.21,55.1911,11.2993
2533.64,56.7822,4.48569
2539.06,37.5822,-14.8229
2544.49,-18.6848,3.42097
2549.91,-38.9626,16.4596
2555.34,-37.7988,-16.4914
2560.76,-26.6307,-57.8494
2566.19,2.75193,-76.3623
2571.61,24.3151,-67.7973
2577.04,29.3997,-51.3505
2582.47,15.3628,-59.0928
2587.89,-25.9896,-52.3036
2593.32,-46.4019,16.1807
2598.74,14.9667,56.7591
2604.17,35.8264,26.291
2609.59,-9.17421,30.3222
2615.02,2.61734,80.0089
2620.44,-1.55005,68.8863
2625.87,-51.8442,33.2623
2631.29,-40.0612,40.499
2636.72,-6.61905,41.3582
2642.14,0.0342849,2.31552
2647.57,11.2811,59.5148
2652.99,15.654,212.226
2658.42,-11.742,148.282
2663.85,-59.6927,-13.8685
2669.27,-66.7193,-52.4419
2674.7,-15.2933,-25.9512
2680.12,43.138,2.50746
2685.55,31.4095,-17.9097
2690.97,-26.4942,-39.8809
2696.4,-42.5962,-31.0279
2701.82,-40.822,15.7309
2707.25,-20.9785,8.79723
2712.67,40.2557,-28.9011
2718.1,58.6777,22.5913
2723.52,11.7872,42.7739
2728.95,-28.7062,15.3219
2734.37,-26.3737,23.6769
2739.8,-1.67055,-1.68505
2745.23,-12.0864,-34.1266
2750.65,-76.6864,-16.8893
2756.08,-99.7856,-35.5137
2761.5,-24.1234,-61.4473
2766.93,31.3536,-21.0978
2772.35,-2.07463,13.5289
2777.78,-49.5866,36.4298
2783.2,-60.0678,46.7266
2788.63,-42.0403,3.58166
2794.05,-19.4024,-26.1592
2799.48,-5.09776,10.7062
2804.9,-9.36416,33.5686
2810.33,-17.5669,12.7501
2815.75,-8.91904,-4.37783
2821.18,-18.1156,-18.6698
2826.61,-13.7812,-2.97005
2832.03,17.7407,20.0933
2837.46,15.1647,-1.5921
2842.88,7.31246,-37.0897
2848.31,11.2187,-7.71827
2853.73,-13.3312,67.4268
2859.16,-16.2757,58.4822
2864.58,18.6198,2.21136
2870.01,5.29469,-13.3596
2875.43,-14.6923,-15.765
2880.86,-1.16999,-11.1405
2886.28,-11.0686,-0.714869
2891.71,-22.413,-0.835387
2897.14,-31.6107,7.57584
2902.56,-62.6819,35.4656
2907.99,-47.3864,66.4019
2913.41,33.3643,62.3739
2918.84,76.7866,28.4135
2924.26,44.5033,-4.04399
2929.69,-19.9979,-21.9567
2935.11,-56.9153,0.946019
2940.54,-54.7745,14.2634
2945.96,-60.825,13.854
2951.39,-59.326,69.6714
2956.81,-32.7113,87.2822
2962.24,-10.9087,9.29834
2967.66,-4.54266,-24.3049
2973.09,9.81205,20.5275
2978.52,23.2627,58.2099
2983.94,-0.0427157,28.0285
2989.37,-39.5147,-36.7977
2994.79,-51.7691,-31.7354
3000.22,-42.7368,-0.632346
3005.64,-14.9632,-17.7081
3011.07,26.7439,-33.5912
3016.49,31.441,-20.644
3021.92,10.5714,15.6746
3027.34,-1.97559,46.6058
3032.77,-4.01512,44.4006
3038.19,17.8771,15.1334
3043.62,13.6425,-25.5882
3049.04,-31.9462,-21.875
3054.47,-42.8785,21.7119
3059.9,-15.0779,25.297
3065.32,2.40304,2.58448
3070.75,-19.3362,-22.7822
3076.17,-17.8677,-28.2358
3081.6,15.9849,-0.293711
3087.02,3.95196,20.6358
3092.45,-6.69701,14.6567
3097.87,-1.73,-0.980345
3103.3,3.08024,-6.78422
3108.72,13.6586,-23.2393
3114.15,-5.74848,-29.8274
3119.57,-46.3938,-20.2236
3125,-56.0987,-11.3881
3130.43,-28.8447,-8.42472
3135.85,-9.87041,-23.4534
3141.28,-0.747335,-24.1729
3146.7,-9.93878,-12.9996
3152.13,-15.036,-41.18
3157.55,15.8942,-56.8727
3162.98,18.4614,-27.7481
3168.4,8.23524,-4.12216
3173.83,18.4125,-0.181709
3179.25,0.402859,-2.09104
3184.68,-26.0893,-15.04
3190.1,-10.4066,-48.0459
3195.53,30.2456,-46.9987
3200.95,30.3035,-0.3933
3206.38,10.8686,21.9165
3211.81,16.6158,7.58782
3217.23,11.2958,-5.57376
3222.66,4.71641,-17.83
3228.08,20.6406,-22.194
3233.51,25.3807,-13.4498
3238.93,7.41629,-4.24071
3244.36,2.84168,3.66886
3249.78,39.7029,-13.7684
3255.21,71.3076,-36.9287
3260.63,51.815,-25.2142
3266.06,36.4441,-20.1934
3271.48,31.7651,-31.0876
3276.91,8.37624,-23.3158
3282.33,1.65672,7.54456
3287.76,9.56124,24.1695
3293.19,8.50698,-6.37459
3298.61,-24.0058,-11.3598
3304.04,-43.318,12.5075
3309.46,-1.79181,0.713376
3314.89,17.0078,-2.55916
3320.31,3.64928,7.34143
3325.74,22.1887,-1.0626
3331.16,29.8493,-5.44897
3336.59,-3.66555,7.05611
3342.01,-52.7159,11.9874
3347.44,-60.411,-9.90197
3352.86,-8.68126,-35.4646
3358.29,13.7722,-32.3175
3363.71,4.64389,-7.64335
3369.14,-13.9142,-0.852655
3374.57,-32.1244,-33.344
3379.99,-17.9941,-45.762
3385.42,7.8153,-5.22746
3390.84,2.78608,5.0551
3396.27,-11.658,-4.16493
3401.69,11.2412,11.116
3407.12,19.5261,13.2366
3412.54,-6.22009,18.0029
3417.97,-21.7982,26.1707
3423.39,-15.2962,-18.4697
3428.82,-6.84066,-68.8567
3434.24,-12.651,-40.6081
3439.67,-26.1015,15.2878
3445.1,-26.6199,18.943
3450.52,-3.34391,-14.8606
3455.95,34.7567,-35.8878
3461.37,59.1157,-25.1981
3466.8,53.2001,-12.3237
3472.22,15.7216,-8.61748
3477.65,-12.0951,2.79282
3483.07,27.3629,14.6666
3488.5,56.3452,17.1438
3493.92,23.7003,11.2004
3499.35,1.00942,17.6466
3504.77,-3.0846,33.3382
3510.2,-1.45227,35.6697
3515.62,0.772448,13.3633
3521.05,-0.731031,-25.7348
3526.48,-0.652105,-29.8624
3531.9,-18.6119,-8.63266
3537.33,-16.5007,-20.4406
3542.75,4.24011,-33.2723
3548.18,5.40314,16.2407
3553.6,10.8594,68.2979
3559.03,-0.182824,20.757
3564.45,-15.6828,-41.2033
3569.88,11.6265,-31.279
3575.3,32.9243,-1.29168
3580.73,5.69068,3.77773
3586.15,-9.15442,-20.7113
3591.58,8.13373,-37.8509
3597,17.6928,-39.0443
3602.43,24.3987,-30.9408
3607.86,24.354,-34.967
3613.28,23.8998,-54.2057
3618.71,43.4946,-41.8342
3624.13,37.1048,-14.4863
3629.56,7.30444,-14.7912
3634.98,8.85624,-20.7434
3640.41,-0.382873,-13.1456
3645.83,-26.9013,7.42775
3651.26,-12.8391,-9.1568
3656.68,27.9301,-54.7122
3662.11,22.7802,-10.0178
3667.53,-28.6712,43.6751
3672.96,-39.8018,9.45966
3678.39,-12.6536,-11.0554
3683.81,-8.38167,4.5966
3689.24,-11.1253,2.21271
3694.66,-4.85253,-10.6313
3700.09,-5.80988,-24.3561
3705.51,-2.54734,-34.0843
3710.94,-5.2275,-30.3205
3716.36,-12.7796,-24.8156
3721.79,-4.70276,-17.6866
3727.21,2.89761,-24.532
3732.64,20.9834,-54.5213
3738.06,31.3006,-55.7129
3743.49,14.0387,-27.5932
3748.91,4.21099,3.53375
3754.34,-2.33289,35.3166
3759.77,-21.5366,28.8875
3765.19,-35.4479,-8.49849
3770.62,-35.356,-19.5809
3776.04,-30.5364,9.13432
3781.47,-17.3923,23.3396
3786.89,-5.50984,5.44152
3792.32,10.7937,-1.84437
3797.74,21.7725,11.2016
3803.17,9.7171,2.75903
3808.59,-3.0704,-24.3157
3814.02,19.2219,-15.1783
3819.44,55.7481,12.6771
3824.87,40.4406,16.0267
3830.29,13.4073,5.93156
3835.72,13.6815,5.83401
3841.15,5.19732,9.52764
3846.57,-14.7547,23.379
3852,-52.6293,51.7189
3857.42,-77.2433,57.7657
3862.85,-43.0135,31.2549
3868.27,-2.61969,19.8977
3873.7,11.3667,32.706
3879.12,9.52714,19.7203
3884.55,7.76289,-2.52232
3889.97,18.78,-0.959321
3895.4,19.6089,0.992834
3900.82,6.62789,15.7201
3906.25,-12.3548,33.5812
3911.68,-11.6211,36.5977
3917.1,4.84399,40.8346
3922.53,-10.3354,25.9754
3927.95,-25.0041,6.06601
3933.38,-1.16857,-6.9821
3938.8,37.4921,-11.2094
3944.23,57.6553,-4.79995
3949.65,29.0599,-9.9823
3955.08,-16.178,-4.94657
3960.5,-26.3726,10.8601
3965.93,-21.6556,1.68362
3971.35,-26.9262,-11.496
3976.78,-27.8233,-0.82162
3982.2,-33.4665,11.9776
3987.63,-33.2333,12.4902
3993.06,-12.9084,11.7478
3998.48,-6.42991,18.8699
4003.91,-7.3381,5.7048
4009.33,-3.95248,-12.0174
4014.76,-20.9996,2.98125
4020.18,-36.1273,0.50944
4025.61,-9.4109,-20.8796
4031.03,3.05147,-3.61226
4036.46,-4.48537,25.9101
4041.88,15.4245,25.8428
4047.31,5.18564,12.1585
4052.73,-19.5184,-2.86918
4058.16,0.794989,-22.8904
4063.58,-5.38933,-40.2077
4069.01,-41.0901,-25.1808
4074.44,-29.6137,12.0386
4079.86,2.15894,23.9249
4085.29,7.83619,9.49202
4090.71,-11.0984,-21.3812
4096.14,-18.2008,-41.6019
4101.56,3.89715,-29.023
4106.99,19.9861,-21.808
4112.41,28.8227,-16.1686
4117.84,35.7673,1.89783
4123.26,30.9727,19.6969
4128.69,16.0974,22.7968
4134.11,0.866396,-4.59085
4139.54,-1.44202,-25.4991
4144.96,-8.03728,-19.3378
4150.39,-4.27759,-5.91864
4155.82,26.2872,-11.406
4161.24,41.4124,-16.7735
4166.67,21.0358,14.3991
4172.09,-3.41022,29.6819
4177.52,-4.72332,2.26577
4182.94,3.00215,-4.35731
4188.37,-1.97805,7.24485
4193.79,3.51773,1.48753
4199.22,10.8571,5.50499
4204.64,-0.28776,17.1978
4210.07,-9.63894,19.1932
4215.49,-31.7827,10.8604
4220.92,-53.1789,2.03645
4226.35,-35.4695,-4.07262
4231.77,-5.24284,-18.4137
4237.2,15.0977,-21.3167
4242.62,31.6863,-7.57499
4248.05,12.4693,2.69486
4253.47,-16.9644,14.7703
4258.9,-8.07871,15.1784
4264.32,-6.40752,-0.437054
4269.75,-20.29,-1.70107
4275.17,-8.38127,9.99811
4280.6,7.4152,15.1347
4286.02,8.40256,-6.11034
4291.45,-9.25963,-30.4716
4296.87,-26.0086,-27.1742
4302.3,-12.7629,-10.5823
4307.73,-14.324,-10.8957
4313.15,-22.2325,-2.57836
4318.58,-6.00234,21.3562
4324,-0.813768,12.5463
4329.43,0.460549,13.3136
4334.85,2.73959,22.7341
4340.28,2.5882,-12.5647
4345.7,34.0111,-33.5854
4351.13,56.818,-11.7579
4356.55,23.1713,4.76076
4361.98,-3.85142,18.2441
4367.4,9.96668,34.0642
4372.83,19.9054,36.3404
4378.25,22.966,26.8081
4383.68,31.2047,18.4239
4389.11,5.53071,32.0597
4394.53,-40.1521,34.1987
4399.96,-25.6156,4.93288
4405.38,2.5216,7.21137
4410.81,-9.29251,25.4477
4416.23,-12.5282,-5.77246
4421.66,2.61749,-37.2693
4427.08,10.3848,-30.143
4432.51,-10.1745,-37.1073
4437.93,-6.78693,-42.1222
4443.36,18.962,-16.8008
4448.78,9.58687,-25.8763
4454.21,-2.30496,-51.7022
4459.63,5.42833,-38.1342
4465.06,17.8518,-23.4059
4470.49,1.20145,-14.7951
4475.91,-14.2804,-8.22519
4481.34,4.94981,-19.8565
4486.76,4.08064,-36.3379
4492.19,-22.0098,-39.3563
4497.61,-29.137,-2.56882
4503.04,-19.6219,31.025
4508.46,-28.9302,26.9378
4513.89,-19.9575,22.5098
4519.31,4.97225,-10.4247
4524.74,1.52171,-41.2356
4530.16,8.55605,-24.6955
4535.59,22.5343,-22.8583
4541.02,-2.80921,-25.861
4546.44,-43.1698,-1.66086
4551.87,-46.5228,9.09903
4557.29,-17.1214,-1.39666
4562.72,3.16682,-0.548933
4568.14,-4.20057,7.08527
4573.57,-3.91782,1.3986
4578.99,2.55888,-10.4763
4584.42,-5.98547,-12.3057
4589.84,-0.113144,-5.46339
4595.27,22.7733,-8.59436
4600.69,45.5542,-18.1273
4606.12,55.3429,-26.3382
4611.54,31.382,-28.9608
4616.97,-6.91371,-8.64015
4622.4,-16.5323,20.4184
4627.82,-4.42539,21.3915
4633.25,4.73868,3.15135
4638.67,15.676,-6.5143
4644.1,24.8706,-19.6851
4649.52,18.8077,-22.8269
4654.95,6.75716,-8.03662
4660.37,-9.8787,-12.0872
4665.8,-25.4536,-10.3694
4671.22,-3.12195,-3.68096
4676.65,19.3823,-9.69187
4682.07,-1.45792,16.2096
4687.5,-6.07743,51.6759
4692.92,3.14215,34.5321
4698.35,4.85494,9.05288
4703.78,14.1805,25.5903
4709.2,-6.15581,34.4096
4714.63,-18.8583,28.5378
4720.05,-1.0108,18.4027
4725.48,-4.25302,4.58933
4730.9,-0.0231412,16.2131
4736.33,15.7931,20.6721
4741.75,31.5678,-7.3007
4747.18,35.5856,-29.2961
4752.6,-1.5673,-36.4903
4758.03,-25.3422,-46.3935
4763.45,-4.17905,-45.7968
4768.88,4.94499,-29.4248
4774.31,-5.29794,-18.6558
4779.73,4.89523,-15.6005
4785.16,6.74748,-8.3296
4790.58,-7.19256,-8.3913
4796.01,-4.35108,-6.30867
4801.43,5.93488,15.4144
4806.86,-1.45522,13.3275
4812.28,-13.3748,1.07663
4817.71,4.98736,-3.66008
4823.13,15.247,-16.4213
4828.56,-7.96199,-24.3529
4833.98,-10.5157,-31.394
4839.41,4.67028,-13.9236
4844.83,12.8517,14.2348
4850.26,23.8358,26.4705
4855.69,26.1559,10.6945
4861.11,15.4755,-11.6437
4866.54,2.88088,-5.03803
4871.96,-1.29779,-1.18105
4877.39,5.45501,-2.13717
4882.81,6.90615,7.24541
4888.24,-5.09996,29.5005
4893.66,-10.814,24.678
4899.09,-10.4042,-24.0689
4904.51,-10.3475,-30.9505
4909.94,-11.0118,4.65169
4915.36,-19.2363,8.18291
4920.79,-16.8455,-18.2523
4926.21,-4.3608,-25.106
4931.64,-11.3139,-10.6646
4937.07,-21.3227,-7.48665
4942.49,-5.9753,-7.95343
4947.92,8.18932,-10.1553
4953.34,1.87025,-2.92249
4958.77,8.5048,6.18695
4964.19,32.1671,-4.38088
4969.62,35.8931,-16.5582
4975.04,1.31978,-22.5526
4980.47,-43.0197,-18.2436
4985.89,-51.8814,-1.95878
4991.32,-29.8891,18.4335
4996.74,-9.20469,17.4593
5002.17,-17.1086,5.33296
5007.6,-24.2222,12.3381
5013.02,-2.81503,12.9606
5018.45,19.6973,13.94
5023.87,24.2397,27.6814
5029.3,18.5217,31.5908
5034.72,9.15302,24.2667
5040.15,-1.60833,5.74401
5045.57,8.97651,2.06363
5051,12.2494,10.2583
5056.42,-12.418,-1.20801
5061.85,-16.8992,-5.16576
5067.27,-6.47154,-3.04015
5072.7,-25.4333,-7.17016
5078.12,-48.0197,14.1107
5083.55,-39.1354,20.787
5088.98,-9.59095,-0.0216293
5094.4,19.1848,33.6786
5099.83,21.8179,69.4461
5105.25,14.9389,18.4923
5110.68,-6.55044,-25.3586
5116.1,-36.2158,-17.7812
5121.53,-25.8246,-5.84265
5126.95,-6.76116,15.5162
5132.38,-10.2635,23.2204
5137.8,-22.4509,9.66941
5143.23,-24.1328,17.6995
5148.65,-6.20669,34.5412
5154.08,10.1048,20.7408
5159.5,14.6128,-3.48916
5164.93,7.73837,-11.7938
5170.36,-18.5378,2.56229
5175.78,-34.7119,22.4258
5181.21,-29.434,17.226
5186.63,-33.345,-12.2519
5192.06,-27.2524,-41.3878
5197.48,-4.88214,-46.1239
5202.91,-5.0271,-20.5517
5208.33,-23.085,11.1967
5213.76,-25.8141,27.3463
5219.18,-9.30439,26.1349
5224.61,16.1902,1.40793
5230.03,22.3646,-17.4256
5235.46,-1.31099,-4.26871
5240.88,-4.92624,5.05354
5246.31,-5.45284,-5.66308
5251.74,-22.5917,-9.94742
5257.16,4.11975,5.82598
5262.59,36.6073,12.7171
5268.01,21.8984,-5.80548
5273.44,2.94932,-16.3963
5278.86,2.9833,-4.39704
5284.29,7.79313,16.3794
5289.71,5.97325,3.64146
5295.14,1.09118,-25.5597
5300.56,-5.99558,-14.1774
5305.99,-10.2242,17.7575
5311.41,-1.47731,41.7189
5316.84,10.0017,56.2128
5322.27,10.1397,45.8046
5327.69,0.779516,19.6374
5333.12,-5.95833,12.1143
5338.54,-8.46082,18.4357
5343.97,-15.92,20.3301
5349.39,-20.6437,30.9047
5354.82,-12.386,48.1555
5360.24,-17.044,21.8163
5365.67,-30.9383,7.37598
5371.09,-6.12909,52.7093
5376.52,14.9768,50.8681
5381.94,-3.52604,-0.4279
5387.37,-13.8449,-16.3974
5392.79,-1.64014,-4.94194
5398.22,24.6576,9.33291
5403.65,26.4005,-4.43371
5409.07,-17.8023,-37.1742
5414.5,-43.7591,-29.2427
5419.92,-12.3109,-2.94875
5425.35,13.8717,5.78251
5430.77,-8.95044,9.27208
5436.2,-15.6025,5.04417
5441.62,15.8595,-9.04265
5447.05,18.3964,1.68671
5452.47,-5.57437,20.8279
5457.9,-17.797,19.959
5463.32,-14.086,17.0855
5468.75,-4.03022,9.09176
5474.17,-0.095562,13.69
5479.6,1.44524,21.1735
5485.03,-0.390782,4.73438
5490.45,3.11368,4.62099
5495.88,21.8995,24.354
5501.3,23.6173,16.7039
5506.73,13.3591,6.34953
5512.15,19.9302,20.8722
5517.58,9.93113,31.1181
5523,-12.0034,30.0737
5528.43,-8.67592,34.739
5533.85,-1.09246,39.2327
5539.28,-14.3011,21.1134
5544.7,-22.8158,2.16049
5550.13,-15.5344,-1.10953
