-5555.56,2.54097,-7.82029
-5550.13,-8.32003,-12.8708
-5544.7,-0.889587,1.56498
-5539.28,-4.84594,20.6141
-5533.85,-28.3525,24.9324
-5528.43,-26.096,14.9896
-5523,8.06838,3.22368
-5517.58,14.7385,11.4079
-5512.15,8.15504,16.9263
-5506.73,21.1954,6.1097
-5501.3,26.8387,0.197392
-5495.88,23.5682,2.76126
-5490.45,25.7849,12.7459
-5485.03,10.6359,15.3908
-5479.6,-18.8118,-1.89641
-5474.17,-39.446,-7.65171
-5468.75,-50.6066,-5.96577
-5463.32,-25.4387,-9.7195
-5457.9,21.8498,-5.86077
-5452.47,40.603,-3.47104
-5447.05,18.9774,-1.4348
-5441.62,-18.4348,2.92045
-5436.2,-29.529,0.615442
-5430.77,-11.1707,-1.26978
-5425.35,10.2448,-6.81861
-5419.92,14.9017,-16.4711
-5414.5,-4.6757,-12.7556
-5409.07,-24.1715,-13.9382
-5403.65,-15.4612,-31.3111
-5398.22,12.1104,-40.0686
-5392.79,29.144,-17.2938
-5387.37,18.3211,1.34528
-5381.94,8.67982,1.46325
-5376.52,26.3844,11.9084
-5371.09,32.881,20.0903
-5365.67,-4.03278,29.4786
-5360.24,-17.0584,23.0381
-5354.82,14.5545,2.22103
-5349.39,20.1339,6.1043
-5343.97,21.2375,8.13899
-5338.54,27.8116,10.1001
-5333.12,-2.17287,32.2732
-5327.69,-28.2008,17.5181
-5322.27,-8.35755,-15.8558
-5316.84,2.27762,-15.0157
-5311.41,-16.3608,-9.08683
-5305.99,-14.2015,-3.8456
-5300.56,8.57652,-1.07992
-5295.14,33.364,6.74842
-5289.71,31.463,13.6978
-5284.29,11.1821,2.07315
-5278.86,10.7434,5.16387
-5273.44,4.48279,19.9507
-5268.01,9.02549,20.2898
-5262.59,42.1006,4.72643
-5257.16,38.2062,-21.996
-5251.74,10.3435,-48.812
-5246.31,10.2282,-46.9822
-5240.88,6.58939,-15.394
-5235.46,-5.43345,4.04264
-5230.03,7.27414,14.6016
-5224.61,18.2255,20.3247
-5219.18,8.70323,-5.9317
-5213.76,6.65745,-15.2893
-5208.33,9.89529,16.3226
-5202.91,13.1319,24.2706
-5197.48,14.5961,21.6115
-5192.06,1.10411,18.0567
-5186.63,-8.9358,-4.70762
-5181.21,1.86667,-9.63706
-5175.78,26.6983,0.50886
-5170.36,35.9955,-2.53437
-5164.93,23.364,-12.2741
-5159.5,15.1284,-2.42888
-5154.08,3.15791,16.7911
-5148.65,-8.31879,20.7845
-5143.23,0.948748,6.5939
-5137.8,7.46175,-13.5132
-5132.38,-16.5766,-16.0612
-5126.95,-23.8163,-11.0857
-5121.53,11.6802,1.32158
-5116.1,16.3738,34.9167
-5110.68,-2.06215,53.1346
-5105.25,8.34812,30.2965
-5099.83,-0.978906,5.83748
-5094.4,-24.5643,14.5939
-5088.98,-14.2759,23.8876
-5083.55,-8.55173,22.2224
-5078.12,-12.5667,13.5888
-5072.7,-20.8921,-7.04588
-5067.27,-41.9604,-4.24426
-5061.85,-31.5054,15.2054
-5056.42,5.72216,21.7439
-5051,2.05057,15.6683
-5045.57,-39.8928,5.09391
-5040.15,-52.8503,10.522
-5034.72,-24.8899,7.94701
-5029.3,4.00203,-20.713
-5023.87,2.80463,-29.9918
-5018.45,5.85934,0.486673
-5013.02,19.1574,13.5518
-5007.6,10.1392,-7.81652
-5002.17,-14.0419,4.67899
-4996.74,-33.5837,22.0307
-4991.32,-31.6668,6.5029
-4985.89,-15.941,-17.8068
-4980.47,0.964007,-32.5403
-4975.04,7.69319,-17.7274
-4969.62,21.3339,2.6876
-4964.19,37.9457,19.3536
-4958.77,26.0185,23.4443
-4953.34,-3.03229,19.7949
-4947.92,-8.93211,21.9154
-4942.49,3.03754,3.49411
-4937.07,-2.65239,-12.69
-4931.64,7.30522,-7.48785
-4926.21,23.7601,-2.00567
-4920.79,-8.02001,-3.8207
-4915.36,-38.8613,-10.8645
-4909.94,-14.946,-14.0066
-4904.51,6.62504,-3.39824
-4899.09,-11.1582,12.8981
-4893.66,-21.3287,17.5103
-4888.24,-16.0261,14.047
-4882.81,9.76984,-3.7612
-4877.39,34.2173,-28.1682
-4871.96,18.728,-16.2875
-4866.54,7.21018,-5.19876
-4861.11,6.99068,-12.1784
-4855.69,9.15883,4.56758
-4850.26,19.3885,13.6498
-4844.83,26.8698,-5.71557
-4839.41,24.5852,-29.7808
-4833.98,6.89351,-16.8254
-4828.56,-3.90073,16.1772
-4823.13,8.60835,15.6295
-4817.71,17.8625,-3.47292
-4812.28,17.7303,-10.7773
-4806.86,21.6367,-6.15624
-4801.43,17.9368,-4.73872
-4796.01,17.9669,8.33578
-4790.58,21.7387,12.2138
-4785.16,19.4613,-7.24425
-4779.73,18.0554,-20.9164
-4774.31,1.35988,-35.4213
-4768.88,-25.546,-25.8069
-4763.45,-46.0306,4.58428
-4758.03,-48.4046,23.0762
-4752.6,-22.1046,38.7992
-4747.18,4.81664,19.8183
-4741.75,12.061,-20.1537
-4736.33,5.70753,-12.981
-4730.9,10.0458,18.8472
-4725.48,13.3535,11.9729
-4720.05,0.256621,-25.7958
-4714.63,-4.83787,-39.62
-4709.2,-6.15705,-31.5564
-4703.78,3.49745,-4.62149
-4698.35,1.85029,34.6772
-4692.92,-14.3702,40.418
-4687.5,-5.42361,26.4139
-4682.07,8.16575,21.1233
-4676.65,-4.00455,18.6013
-4671.22,-10.646,13.6963
-4665.8,13.9516,2.95734
-4660.37,19.5041,8.73401
-4654.95,8.34162,17.0375
-4649.52,11.7148,-6.69125
-4644.1,8.63765,-5.9124
-4638.67,1.85163,27.2673
-4633.25,-2.8431,31.7201
-4627.82,-15.5747,16.1959
-4622.4,-40.9258,17.741
-4616.97,-55.0279,21.2592
-4611.54,-32.7961,12.2361
-4606.12,-5.88081,5.78855
-4600.69,7.47892,3.99491
-4595.27,9.94024,5.84604
-4589.84,-5.69005,2.74529
-4584.42,-11.5002,-0.26121
-4578.99,-15.4174,1.63782
-4573.57,-30.372,-7.68234
-4568.14,-26.2635,-17.9418
-4562.72,-5.19336,-12.7463
-4557.29,4.28366,-11.9163
-4551.87,-9.20625,-14.8157
-4546.44,7.84588,-12.4241
-4541.02,46.193,-10.0028
-4535.59,38.5556,-9.42949
-4530.16,17.9189,-15.8604
-4524.74,11.5998,-15.3716
-4519.31,3.4985,-13.0159
-4513.89,-14.2844,-10.2306
-4508.46,-19.3304,1.02158
-4503.04,10.5766,10.5301
-4497.61,17.8733,14.4994
-4492.19,-17.9871,1.99101
-4486.76,-29.1402,-7.61571
-4481.34,-10.647,-4.98783
-4475.91,10.4952,4.75598
-4470.49,23.9597,5.76809
-4465.06,12.4905,-21.7029
-4459.63,3.72095,-26.4661
-4454.21,5.20103,-10.1092
-4448.78,4.28546,-11.1784
-4443.36,-6.80372,-17.0366
-4437.93,-24.5748,-17.8458
-4432.51,-18.4389,-13.3994
-4427.08,-1.69354,-4.61381
-4421.66,-18.1135,14.9591
-4416.23,-45.0189,19.7264
-4410.81,-34.1349,-12.8274
-4405.38,5.06539,-34.9524
-4399.96,15.5793,-31.7754
-4394.53,-9.30024,-12.2281
-4389.11,-2.68437,8.52527
-4383.68,19.8721,-6.26556
-4378.25,27.7483,-17.0796
-4372.83,21.4939,-3.92963
-4367.4,8.9275,-11.8788
-4361.98,7.18412,-42.5573
-4356.55,-21.2839,-51.2952
-4351.13,-41.169,-17.7762
-4345.7,-6.47096,17.5471
-4340.28,5.29225,15.1055
-4334.85,-3.0151,-4.00828
-4329.43,24.4761,-18.0086
-4324,22.0015,-25.8767
-4318.58,-9.05833,-16.2007
-4313.15,-0.452703,-1.42343
-4307.73,17.2604,0.715295
-4302.3,4.42377,-5.8205
-4296.87,-2.52565,-21.9547
-4291.45,9.41526,-34.7816
-4286.02,8.55381,-20.2613
-4280.6,5.13086,-1.91782
-4275.17,4.74443,3.36033
-4269.75,11.2545,-0.396035
-4264.32,15.8235,-16.1586
-4258.9,6.10152,-9.68916
-4253.47,-3.21745,6.22533
-4248.05,-9.85625,-3.35568
-4242.62,-16.3035,-0.376758
-4237.2,-25.8106,19.4825
-4231.77,-36.9407,20.7427
-4226.35,-31.47,5.32351
-4220.92,-4.83991,11.261
-4215.49,6.99925,38.7369
-4210.07,-6.36643,42.252
-4204.64,-26.8132,13.6438
-4199.22,-30.1864,-4.03596
-4193.79,-2.57942,21.6078
-4188.37,13.8667,37.4956
-4182.94,26.3623,15.94
-4177.52,40.4479,-1.83058
-4172.09,17.5348,1.53288
-4166.67,-8.45058,6.40025
-4161.24,-12.2577,-12.3408
-4155.82,-0.367747,-17.2961
-4150.39,31.7001,7.8314
-4144.96,35.8366,15.8041
-4139.54,-10.9256,10.8114
-4134.11,-27.9637,22.7021
-4128.69,-1.72114,41.1733
-4123.26,3.83783,31.019
-4117.84,1.25753,19.7789
-4112.41,6.92156,24.4893
-4106.99,-11.7952,12.5642
-4101.56,-19.4781,20.4886
-4096.14,2.91639,15.2538
-4090.71,-1.83241,-10.9325
-4085.29,-28.1288,5.2981
-4079.86,-34.329,21.8527
-4074.44,-12.3614,21.1173
-4069.01,2.29574,13.7654
-4063.58,-1.89793,8.3186
-4058.16,9.76628,-0.892286
-4052.73,7.28613,-16.0142
-4047.31,-17.0164,5.02888
-4041.88,-19.2253,30.7871
-4036.46,-10.9108,12.8107
-4031.03,-9.20112,-11.76
-4025.61,-5.47789,-23.6488
-4020.18,4.83513,-42.0272
-4014.76,19.2381,-39.3593
-4009.33,16.3849,-15.6306
-4003.91,-14.4025,-6.43337
-3998.48,-21.0533,-14.8893
-3993.06,-7.1893,-21.0137
-3987.63,-18.7483,-5.48936
-3982.2,-5.12947,14.3291
-3976.78,21.6359,16.4112
-3971.35,9.81223,-1.61751
-3965.93,15.7104,-29.3818
-3960.5,31.457,-18.384
-3955.08,14.2675,9.28488
-3949.65,-11.1204,-0.858845
-3944.23,-25.5087,-20.6964
-3938.8,-8.54936,-14.9353
-3933.38,18.1266,3.57075
-3927.95,3.09383,-8.52241
-3922.53,-15.5769,-41.3733
-3917.1,-2.73892,-41.6109
-3911.68,11.825,4.23582
-3906.25,14.2535,36.8513
-3900.82,3.57029,30.6866
-3895.4,6.92047,22.1161
-3889.97,5.65682,4.88195
-3884.55,-6.03583,-7.10479
-3879.12,20.5904,-7.29839
-3873.7,44.8851,-22.8261
-3868.27,26.0137,-22.4217
-3862.85,-23.932,-14.9243
-3857.42,-54.7698,-16.5996
-3852,-22.518,-5.23847
-3846.57,6.30296,16.9505
-3841.15,-10.6674,19.2317
-3835.72,-22.9226,-5.13779
-3830.29,-11.3289,-6.89307
-3824.87,-5.64759,-14.4443
-3819.44,-10.2387,-37.2161
-3814.02,-2.36691,-28.3554
-3808.59,1.98754,-10.3603
-3803.17,-6.42002,-7.42138
-3797.74,-16.3615,-11.897
-3792.32,-27.9626,0.767082
-3786.89,-16.5073,13.6298
-3781.47,5.72687,1.12184
-3776.04,2.63903,11.3062
-3770.62,-1.78991,48.7792
-3765.19,10.7065,48.1296
-3759.77,5.80651,23.2612
-3754.34,-17.1571,13.6917
-3748.91,-19.0582,6.64713
-3743.49,7.95152,7.92351
-3738.06,33.8653,0.418897
-3732.64,34.7058,-35.9218
-3727.21,34.0673,-63.2309
-3721.79,23.1829,-62.4171
-3716.36,3.76036,-46.9184
-3710.94,4.25757,-21.3099
-3705.51,-0.224018,-2.56715
-3700.09,-14.6842,-12.5071
-3694.66,-36.2288,-22.053
-3689.24,-37.3621,2.33568
-3683.81,-15.9091,28.5095
-3678.39,-17.4992,17.5873
-3672.96,-21.178,5.69667
-3667.53,7.15887,30.7962
-3662.11,30.4595,29.4461
-3656.68,1.78405,-22.0293
-3651.26,-23.5128,-39.6935
-3645.83,-18.4975,-17.8245
-3640.41,-8.11346,-9.41022
-3634.98,9.9599,-13.3821
-3629.56,7.2719,-11.4565
-3624.13,-5.56583,-4.87559
-3618.71,-3.64196,6.06128
-3613.28,-3.01949,24.0579
-3607.86,-7.00231,10.3978
-3602.43,-21.3873,-29.94
-3597,-24.6878,-41.2638
-3591.58,-3.60776,-14.9084
-3586.15,-12.5542,13.1179
-3580.73,-21.021,18.798
-3575.3,1.22469,9.10436
-3569.88,3.49948,-10.1298
-3564.45,22.452,-36.9945
-3559.03,69.8214,-54.9587
-3553.6,54.7351,-47.8402
-3548.18,-2.15516,-34.0666
-3542.75,-5.67452,-20.6606
-3537.33,3.71185,6.60832
-3531.9,-7.03944,34.4795
-3526.48,1.85511,33.172
-3521.05,27.2099,3.54255
-3515.62,33.8928,-15.81
-3510.2,16.837,-22.4678
-3504.77,10.8656,-34.4625
-3499.35,7.302,-26.5597
-3493.92,-7.30888,-11.0178
-3488.5,-22.9221,-2.62062
-3483.07,-18.9164,2.02451
-3477.65,-15.168,2.89798
-3472.22,-29.1677,22.2529
-3466.8,-22.5679,20.9051
-3461.37,-0.206906,-15.756
-3455.95,-1.49191,-21.4346
-3450.52,-13.4177,-3.62933
-3445.1,2.56952,10.1865
-3439.67,-3.23039,15.1951
-3434.24,-32.1879,-2.08934
-3428.82,-19.1235,-1.8308
-3423.39,12.3183,-5.43456
-3417.97,10.5709,-36.8763
-3412.54,-12.9883,-63.9988
-3407.12,-21.0069,-64.1597
-3401.69,-4.93422,-42.1617
-3396.27,12.3687,-20.638
-3390.84,25.7966,23.2853
-3385.42,49.1769,29.6677
-3379.99,55.5489,-10.6575
-3374.57,39.2656,-2.14489
-3369.14,26.5539,28.8992
-3363.71,11.7761,26.4611
-3358.29,-14.8265,12.1277
-3352.86,-27.4713,23.3269
-3347.44,-8.375,22.2148
-3342.01,17.6439,-18.4639
-3336.59,22.4585,-40.2532
-3331.16,21.5244,-33.4078
-3325.74,35.9009,-12.9607
-3320.31,45.1821,10.7931
-3314.89,28.3458,7.41958
-3309.46,3.61429,-10.2039
-3304.04,-16.8344,-3.75248
-3298.61,-26.0561,-8.26426
-3293.19,-5.85523,-35.6402
-3287.76,0.724387,-24.3327
-3282.33,-25.9351,13.9849
-3276.91,-29.5317,30.198
-3271.48,-13.347,15.8335
-3266.06,2.65262,6.56003
-3260.63,27.7337,-0.0320415
-3255.21,37.768,6.57396
-3249.78,30.7019,25.0732
-3244.36,4.31943,14.8156
-3238.93,-31.2187,-12.32
-3233.51,-45.6477,-18.9785
-3228.08,-47.2761,7.71055
-3222.66,-29.4677,21.9737
-3217.23,-0.685754,26.1775
-3211.81,0.206497,18.8747
-3206.38,-7.46758,-5.221
-3200.95,6.60382,-3.26658
-3195.53,11.636,31.8899
-3190.1,-5.93339,54.9371
-3184.68,-18.5948,24.3508
-3179.25,-1.91148,-0.629853
-3173.83,19.0774,23.3663
-3168.4,7.13517,33.9924
-3162.98,19.1117,63.0122
-3157.55,49.8582,103.759
-3152.13,27.8871,62.5797
-3146.7,3.41591,23.5075
-3141.28,25.6093,4.30562
-3135.85,45.4696,-36.7407
-3130.43,31.7695,-21.6182
-3125,19.9393,16.4465
-3119.57,4.35231,0.010721
-3114.15,-7.77964,-17.44
-3108.72,23.0264,0.642365
-3103.3,44.3597,-3.90889
-3097.87,24.6307,-31.4079
-3092.45,6.30412,-18.5457
-3087.02,8.61549,2.46871
-3081.6,28.0632,-6.28381
-3076.17,47.3142,-21.7089
-3070.75,36.8084,-25.2754
-3065.32,11.9254,-43.1499
-3059.9,28.496,-103.942
-3054.47,32.7081,-94.4582
-3049.04,2.13265,-19.4254
-3043.62,0.28898,-3.79328
-3038.19,-1.65751,12.1101
-3032.77,-5.36669,64.4901
-3027.34,6.54311,51.8507
-3021.92,-4.98679,-10.0026
-3016.49,-40.6079,-26.1427
-3011.07,-24.3562,-29.4969
-3005.64,23.7727,-7.66013
-3000.22,14.3634,48.6623
-2994.79,-6.26875,59.6367
-2989.37,-1.88588,41.1139
-2983.94,-19.2022,28.4727
-2978.52,-35.241,19.3707
-2973.09,1.35511,0.439121
-2967.66,30.7043,-27.6567
-2962.24,-37.0027,-62.4255
-2956.81,-86.7796,-79.1166
-2951.39,-31.2841,-34.7484
-2945.96,22.4733,-1.70553
-2940.54,19.871,-5.81617
-2935.11,-19.7509,6.60206
-2929.69,-12.1018,12.3162
-2924.26,10.1548,8.48041
-2918.84,-14.7896,22.6613
-2913.41,-25.4582,43.9291
-2907.99,-44.6108,45.7105
-2902.56,-51.4558,19.0357
-2897.14,-8.22586,1.89242
-2891.71,-0.318956,16.9915
-2886.28,-0.492633,33.7131
-2880.86,48.7419,34.4461
-2875.43,60.9981,10.4101
-2870.01,38.8182,-10.1461
-2864.58,6.49029,19.8298
-2859.16,-40.4167,39.8823
-2853.73,-33.3029,5.0127
-2848.31,6.00201,-8.89626
-2842.88,22.6954,0.453604
-2837.46,19.6533,6.74056
-2832.03,20.3043,23.8601
-2826.61,35.375,16.1056
-2821.18,32.4255,-5.61496
-2815.75,3.56518,-4.00551
-2810.33,-22.1486,0.0724341
-2804.9,-26.3895,-16.5873
-2799.48,-33.8683,-33.7333
-2794.05,-63.7562,-27.7924
-2788.63,-69.8109,-28.3656
-2783.2,-46.7985,-44.8316
-2777.78,-28.6329,-46.1041
-2772.35,10.7501,-26.9029
-2766.93,23.7232,15.2028
-2761.5,11.918,67.7274
-2756.08,20.7494,99.6405
-2750.65,8.28913,60.2543
-2745.23,7.80592,-18.9029
-2739.8,26.1241,-51.7852
-2734.37,46.41,-34.4781
-2728.95,56.6111,7.9111
-2723.52,38.7426,9.02083
-2718.1,33.3357,-3.54003
-2712.67,38.4805,33.7288
-2707.25,6.76291,58.724
-2701.82,-27.4962,48.0259
-2696.4,-20.4294,15.7215
-2690.97,-11.0067,5.52074
-2685.55,-24.664,47.732
-2680.12,-43.0097,81.6136
-2674.7,-44.6242,78.6578
-2669.27,-23.0938,66.6554
-2663.85,-1.88173,-19.4723
-2658.42,-20.3588,-175.6
-2652.99,-31.269,-155.346
-2647.57,-4.41909,-2.49264
-2642.14,-7.9133,19.4381
-2636.72,-60.6148,-15.2172
-2631.29,-67.3123,24.9432
-2625.87,19.9392,42.3145
-2620.44,53.2075,17.7758
-2615.02,-5.19809,-5.88503
-2609.59,-40.7248,-24.0756
-2604.17,-48.6718,-1.2955
-2598.74,-25.3801,21.2271
-2593.32,30.5216,39.6715
-2587.89,62.3003,53.7257
-2582.47,59.2225,43.5561
-2577.04,40.5597,16.7933
-2571.61,29.5558,-36.089
-2566.19,19.2245,-58.3583
-2560.76,-10.5037,-43.7153
-2555.34,-38.6524,-47.7928
-2549.91,-39.1154,-44.4609
-2544.49,-15.8055,-10.8586
-2539.06,-5.40487,20.891
-2533.64,-13.8902,46.3112
-2528.21,8.42674,68.6699
-2522.79,7.2838,20.8142
-2517.36,-52.073,-38.8055
-2511.94,-48.2939,-14.3071
-2506.51,1.05551,-2.58936
-2501.08,8.60573,-17.6821
-2495.66,-30.5695,15.3163
-2490.23,-54.2621,62.9
-2484.81,-20.8929,70.8384
-2479.38,-9.28173,30.1276
-2473.96,-26.909,4.35528
-2468.53,-13.5211,60.064
-2463.11,-0.342077,48.5101
-2457.68,-12.1741,-103.689
-2452.26,3.74405,-120.92
-2446.83,48.1017,-10.6635
-2441.41,27.0168,19.2874
-2435.98,-24.9924,-17.5845
-2430.56,-37.3514,-73.8589
-2425.13,-43.1818,-72.2368
-2419.7,-2.33956,-4.03715
-2414.28,13.1027,13.5198
-2408.85,-52.3622,-35.9083
-2403.43,-117.971,-20.8796
-2398,-154.359,41.2814
-2392.58,-139.488,37.1225
-2387.15,-88.2115,46.4902
-2381.73,-75.0454,87.8086
-2376.3,-107.393,37.277
-2370.88,-90.1308,-49.9819
-2365.45,-34.0998,-24.8536
-2360.03,-65.779,140.081
-2354.6,-134.784,215.378
-2349.18,-104.856,118.631
-2343.75,-28.842,39.4545
-2338.32,2.01226,-21.4894
-2332.9,-27.1226,-53.7592
-2327.47,-53.6105,-4.77071
-2322.05,-59.1434,33.1183
-2316.62,-30.254,-22.7221
-2311.2,21.7229,-43.3381
-2305.77,47.6943,50.1894
-2300.35,94.7257,83.1189
-2294.92,148.385,38.8882
-2289.5,118.578,10.7265
-2284.07,34.191,6.92099
-2278.65,42.2011,-16.7249
-2273.22,49.3992,-1.82154
-2267.79,-8.96824,62.9609
-2262.37,37.9613,110.281
-2256.94,84.045,223.008
-2251.52,-24.2607,194.466
-2246.09,-77.3003,40.0962
-2240.67,-12.0252,23.5335
-2235.24,-36.0281,50.3271
-2229.82,-127.729,48.5891
-2224.39,-107.879,78.6449
-2218.97,-8.27191,130.822
-2213.54,31.6976,83.1882
-2208.12,-10.9329,25.7296
-2202.69,-25.5423,26.3481
-2197.27,41.1157,-13.721
-2191.84,45.1038,-14.8278
-2186.41,-3.0685,59.2486
-2180.99,-7.60043,42.6842
-2175.56,-32.9362,-78.115
-2170.14,-27.3837,-157.628
-2164.71,0.381042,-178.511
-2159.29,-16.5244,-272.604
-2153.86,6.40143,-341.177
-2148.44,24.26,-207.961
-2143.01,-21.5181,-70.5157
-2137.59,13.5926,48.1905
-2132.16,143.59,147.773
-2126.74,125.601,133.539
-2121.31,-82.3811,125.882
-2115.89,-185.155,115.293
-2110.46,-95.3094,75.571
-2105.03,-48.3239,69.9339
-2099.61,-9.27215,77.4206
-2094.18,11.4703,30.2609
-2088.76,-105.989,-111.33
-2083.33,-62.3993,-90.2801
-2077.91,-16.4212,39.016
-2072.48,-274.861,211.58
-2067.06,-345.23,355.43
-2061.63,391.527,607.569
-2056.21,1102.94,1088.25
-2050.78,698.01,663.513
-2045.36,314.435,14.6569
-2039.93,392.82,153.736
-2034.51,253.446,217.497
-2029.08,140.295,258.457
-2023.65,18.4905,135.518
-2018.23,-10167.6,-7815.1
-2012.8,-20183.4,-15163.9
-2007.38,-10090.7,-7482.02
-2001.95,-85.1302,-128.7
-1996.53,-135.047,68.0716
-1991.1,-46.3119,196.564
-1985.68,71.6744,37.391
-1980.25,44.9825,-126.567
-1974.83,-11.7149,-157.388
-1969.4,-174.232,-189.607
-1963.98,-29.7166,-252.573
-1958.55,1394.44,-242.011
-1953.12,2006.89,-127.552
-1947.7,688.311,75.2588
-1942.27,29.8075,173.213
-1936.85,25.364,127.589
-1931.42,-113.323,113.37
-1926,6.62971,110.801
-1920.57,183.663,40.0719
-1915.15,203.983,-35.6643
-1909.72,64.314,8.77556
-1904.3,-72.1629,61.0311
-1898.87,-97.4807,-51.6617
-1893.45,-103.491,-80.6216
-1888.02,-111.641,27.8356
-1882.6,-43.3175,37.3668
-1877.17,35.5129,-16.7565
-1871.74,-33.5201,-2.11326
-1866.32,-146.239,86.3375
-1860.89,-5.25632,123.447
-1855.47,238.5,60.5148
-1850.04,188.254,-12.8411
-1844.62,-24.7151,-60.5804
-1839.19,-66.0581,-58.6456
-1833.77,12.1653,24.5548
-1828.34,11.1164,56.5856
-1822.92,-6.03335,25.3053
-1817.49,71.7926,55.2382
-1812.07,76.3277,82.2476
-1806.64,2.16671,51.2945
-1801.22,-39.502,-33.9821
-1795.79,-44.512,-88.2057
-1790.36,22.8356,-64.7424
-1784.94,44.0737,-55.8888
-1779.51,-1.40873,-40.685
-1774.09,2.2492,12.1585
-1768.66,9.3257,26.8244
-1763.24,-33.537,-28.5489
-1757.81,-104.079,-144.134
-1752.39,-109.142,-148.186
-1746.96,-23.5027,-13.8344
-1741.54,28.7157,-1.93902
-1736.11,47.9945,-54.5046
-1730.69,65.83,-1.93849
-1725.26,13.6696,29.8616
-1719.83,-12.7634,-25.2477
-1714.41,36.278,-47.8909
-1708.98,25.2453,-22.495
-1703.56,4.7401,25.0541
-1698.13,46.4068,24.9816
-1692.71,-0.139201,-35.7225
-1687.28,-38.6618,-54.4687
-1681.86,53.6753,-44.8121
-1676.43,97.4107,-27.9983
-1671.01,90.5708,-49.1123
-1665.58,58.5787,-112.967
-1660.16,23.3897,-62.7523
-1654.73,61.2025,43.386
-1649.31,42.0932,6.7061
-1643.88,-15.5341,-69.0042
-1638.45,-22.2419,-61.0582
-1633.03,-40.9471,-0.958969
-1627.6,-43.8205,54.135
-1622.18,10.8649,55.9647
-1616.75,11.1736,34.2668
-1611.33,-88.4446,25.9799
-1605.9,-149.284,19.5211
-1600.48,-68.8904,-26.644
-1595.05,13.9942,-85.7186
-1589.63,-14.7638,-87.2825
-1584.2,-37.0244,-54.6115
-1578.78,-31.8431,-17.8437
-1573.35,-46.9509,42.5836
-1567.93,-40.8001,75.1164
-1562.5,-87.6815,49.9179
-1557.07,-281.533,32.6766
-1551.65,-320.797,-1.16335
-1546.22,-134.261,-46.122
-1540.8,-23.4059,-27.117
-1535.37,21.2987,-11.0355
-1529.95,31.0276,-31.5602
-1524.52,-12.3758,-13.8893
-1519.1,-50.1935,-1.40426
-1513.67,-26.7356,-48.4178
-1508.25,61.7883,-70.628
-1502.82,94.3145,-45.3718
-1497.4,66.3259,-13.349
-1491.97,57.7716,-8.22657
-1486.55,37.9748,-25.8386
-1481.12,5.24081,-11.3717
-1475.69,-0.883281,0.695583
-1470.27,30.236,-16.7381
-1464.84,58.1127,-27.3753
-1459.42,131.846,-5.41644
-1453.99,286.858,56.8328
-1448.57,333.992,79.3133
-1443.14,175.027,41.4368
-1437.72,26.9145,-7.87059
-1432.29,25.0838,-65.4037
-1426.87,39.333,-62.3622
-1421.44,18.6159,-20.475
-1416.02,1.47123,-2.41583
-1410.59,-1.43936,19.6864
-1405.16,-3.93892,29.9622
-1399.74,-46.0076,-0.465216
-1394.31,-66.0306,-32.04
-1388.89,1.06622,-7.18659
-1383.46,47.2253,25.1073
-1378.04,29.1501,9.65892
-1372.61,-4.23039,-8.81141
-1367.19,-35.1152,-27.6723
-1361.76,-38.2913,-20.7486
-1356.34,-47.884,41.2955
-1350.91,-30.172,46.4546
-1345.49,27.9858,5.92632
-1340.06,34.374,-9.5724
-1334.64,20.0195,-8.10595
-1329.21,16.5562,19.0922
-1323.78,2.38149,29.5365
-1318.36,-18.7699,22.9788
-1312.93,-16.9995,31.7264
-1307.51,-11.411,12.7496
-1302.08,-36.366,-33.7975
-1296.66,-19.3118,-41.3739
-1291.23,26.9752,-16.2728
-1285.81,36.744,-10.1496
-1280.38,8.07531,-14.9459
-1274.96,-18.7584,-11.5148
-1269.53,-47.2052,-13.2773
-1264.11,-90.8983,-4.94746
-1258.68,-27.029,1.66543
-1253.26,71.4544,-14.8923
-1247.83,36.3516,-12.8641
-1242.4,-21.8006,8.27609
-1236.98,-17.1504,29.5843
-1231.55,-8.76965,52.705
-1226.13,-19.7716,47.4657
-1220.7,-26.0112,9.2818
-1215.28,-18.6437,-8.76679
-1209.85,-12.4857,-20.39
-1204.43,-2.70232,-45.9192
-1199,16.1865,-15.3874
-1193.58,12.7151,10.3189
-1188.15,22.8617,-34.8421
-1182.73,40.0565,-36.326
-1177.3,6.02841,15.1428
-1171.87,-23.0127,38.2296
-1166.45,-35.66,19.9704
-1161.02,-48.1812,-31.4627
-1155.6,-41.9402,-78.5641
-1150.17,-33.8237,-34.8155
-1144.75,-9.2906,33.9962
-1139.32,13.6623,8.24081
-1133.9,-41.4332,-3.28512
-1128.47,-62.6789,27.7112
-1123.05,4.8938,30.9702
-1117.62,-3.12893,33.6797
-1112.2,-51.4017,47.3113
-1106.77,-77.6827,57.6855
-1101.35,-89.6293,48.7962
-1095.92,-49.9628,31.1857
-1090.49,-14.5257,1.75875
-1085.07,8.87697,-31.8178
-1079.64,16.1737,-24.0197
-1074.22,9.92248,21.5632
-1068.79,33.7762,45.4386
-1063.37,57.115,24.3211
-1057.94,104.933,5.65447
-1052.52,120.492,36.5866
-1047.09,31.843,70.7367
-1041.67,-17.432,29.0372
-1036.24,-1.53158,-27.1908
-1030.82,-9.88138,-46.3614
-1025.39,-1.40546,-35.1225
-1019.97,7.19461,-15.4238
-1014.54,-33.0275,-11.2059
-1009.11,-50.1121,10.6097
-1003.69,-10.3768,26.7572
-998.264,27.946,24.8544
-992.838,5.91085,14.8713
-987.413,-25.7007,-14.2088
-981.988,-10.4206,-16.0152
-976.562,28.1083,16.2132
-971.137,59.1811,55.2049
-965.712,39.487,63.323
-960.286,22.8846,36.0215
-954.861,64.5496,43.9599
-949.436,51.557,34.8564
-944.01,-22.657,-19.5824
-938.585,-27.2187,-38.2322
-933.16,4.10764,-33.3343
-927.734,2.18742,-22.0735
-922.309,3.64608,-14.7451
-916.884,19.3173,-21.405
-911.458,35.1989,-5.58784
-906.033,30.2073,33.4983
-900.608,27.0835,24.9741
-895.182,46.8695,-39.8673
-889.757,41.7517,-41.4422
-884.331,24.1745,7.63372
-878.906,5.08016,28.1783
-873.481,1.77162,37.804
-868.055,37.3935,42.1437
-862.63,45.6402,29.2667
-857.205,-404.656,183.619
-851.779,-792.185,339.15
-846.354,-352.601,152.018
-840.929,11.0732,-2.06566
-835.503,-10.7312,26.4823
-830.078,-18.1684,24.2713
-824.653,-6.6897,-0.080008
-819.227,27.5573,-25.6598
-813.802,16.1112,-10.5916
-808.377,-1.36378,33.3279
-802.951,17.2036,47.0786
-797.526,15.2247,20.4578
-792.101,9.28919,-5.16484
-786.675,35.564,-18.2692
-781.25,51.3772,-30.3856
-775.825,41.3343,-20.3028
-770.399,21.3357,-2.72167
-764.974,25.565,-19.7939
-759.549,7.54952,13.4556
-754.123,-37.4456,155.543
-748.698,-10.822,166.674
-743.273,27.3444,45.4435
-737.847,12.4393,11.3435
-732.422,-7.01102,18.1087
-726.996,-18.6428,22.0703
-721.571,-10.0229,44.8019
-716.146,13.3403,53.0126
-710.72,12.463,26.3423
-705.295,1.75642,-6.96268
-699.87,0.813086,3.91423
-694.444,-7.58521,40.299
-689.019,-13.9677,15.306
-683.594,-11.4783,-29.3574
-678.168,18.7381,-21.4786
-672.743,48.8238,-2.98298
-667.318,18.0112,-3.7542
-661.892,15.5555,-6.49364
-656.467,265.653,48.1909
-651.042,453.276,106.04
-645.616,221.193,56.2054
-640.191,30.4826,-0.940997
-634.766,25.5437,-5.74685
-629.34,6.11937,-3.79771
-623.915,18.0777,-1.34641
-618.49,23.4044,-8.98905
-613.064,-0.382417,-6.94074
-607.639,-15.2917,1.69761
-602.214,-14.6603,-17.4613
-596.788,7.50597,-27.9526
-591.363,33.4358,-20.5234
-585.937,43.3241,-45.1744
-580.512,23.7435,-64.6349
-575.087,0.343153,-30.7229
-569.661,-7.57654,10.6336
-564.236,-9.28484,49.888
-558.811,-101.282,-7.221
-553.385,-309.714,-210.395
-547.96,-273.396,-189.875
-542.535,-39.1142,7.94924
-537.109,36.1157,33.7369
-531.684,21.5877,4.72914
-526.259,23.0019,0.629444
-520.833,43.1562,0.76757
-515.408,22.0182,4.70338
-509.983,-16.0295,-20.1061
-504.557,-2.72388,-37.9636
-499.132,36.7574,-20.798
-493.707,53.1878,-4.21888
-488.281,12.0421,-2.33337
-482.856,-26.1099,-5.54318
-477.431,-1.87009,6.55992
-472.005,9.1105,14.3025
-466.58,16.575,5.46458
-461.154,-59.2259,5.30799
-455.729,-964.897,28.9694
-450.304,-1549.76,46.9025
-444.878,-633.983,24.8885
-439.453,17.6991,26.924
-434.028,-12.0433,10.0659
-428.602,-6.12891,-21.1205
-423.177,2.71511,14.7015
-417.752,-4.02755,42.3513
-412.326,-29.5738,32.8619
-406.901,-19.3419,22.6367
-401.476,-6.59939,20.7771
-396.05,5.98651,5.30187
-390.625,18.331,6.98046
-385.2,19.5166,29.0675
-379.774,0.462841,24.3598
-374.349,-17.9174,6.12151
-368.924,-39.2542,22.4908
-363.498,-2.80762,-22.9158
-358.073,-191.441,254.789
-352.648,-681.195,925.03
-347.222,-560.578,755.735
-341.797,-85.8238,103.358
-336.371,-17.7646,-10.9522
-330.946,-32.9813,31.5958
-325.521,-12.3966,31.2781
-320.095,-18.8763,12.0946
-314.67,-5.6249,-16.6898
-309.245,4.06074,-30.2523
-303.819,-21.679,-5.97841
-298.394,-18.6553,39.6764
-292.969,10.5774,36.7816
-287.543,-0.890132,19.1167
-282.118,-32.2937,4.48608
-276.693,-31.1485,-10.0079
-271.267,-14.2577,-8.82455
-265.842,34.3975,-0.656867
-260.417,-25.099,-18.7512
-254.991,-850.52,-208.074
-249.566,-1317.85,-324.564
-244.141,-480.114,-128.134
-238.715,42.294,18.2146
-233.29,7.12933,10.5925
-227.865,25.5596,-15.4197
-222.439,11.9135,-29.949
-217.014,6.13857,-23.8267
-211.589,9.68947,-20.1515
-206.163,-10.2559,-21.4315
-200.738,-43.3814,-12.0018
-195.312,-29.319,3.41104
-189.887,-5.44555,10.4821
-184.462,-1.89467,9.13056
-179.036,-1.22079,0.97235
-173.611,4.25591,6.29703
-168.186,0.998872,16.7839
-162.76,-7.8497,3.65527
-157.335,-75.2446,40.1907
-151.91,-196.129,114.284
-146.484,-152.827,83.8718
-141.059,-19.9871,13.5843
-135.634,-3.38227,-5.65863
-130.208,-19.0738,-11.625
-124.783,-14.4904,-3.07886
-119.358,-6.86405,13.5158
-113.932,11.5419,24.3068
-108.507,7.92582,16.1234
-103.082,-50.737,-21.1478
-97.6562,-65.5837,-32.8339
-92.2309,-19.8619,-11.4806
-86.8055,-13.7545,-11.9639
-81.3802,-21.0644,-24.1743
-75.9549,10.7577,-4.9864
-70.5295,18.9839,15.6484
-65.1042,-11.3098,20.1621
-59.6788,-19.999,-14.3168
-54.2535,-49.0356,-212.872
-48.8281,-75.1122,-297.311
-43.4028,-35.9785,-95.309
-37.9774,-8.96894,19.6775
-32.5521,-13.6426,11.424
-27.1267,-9.21101,-5.09648
-21.7014,-2.18691,-29.8479
-16.276,3.16953,-21.9963
-10.8507,-0.949256,2.05491
-5.42535,-82.8543,243.682
0,-154.162,474.463
5.42535,-76.2023,245.843
10.8507,-0.439987,2.22037
16.276,10.3648,-19.6585
21.7014,19.3134,-22.862
27.1267,10.4474,1.29103
32.5521,4.32227,17.2612
37.9774,-4.31015,21.1913
43.4028,85.1284,-55.9589
48.8281,235.522,-196.38
54.2535,164.794,-143.395
59.6788,24.5947,0.17252
65.1042,-2.70121,22.959
70.5295,-24.557,1.50151
75.9549,-5.77218,-10.3574
81.3802,31.2507,-7.1761
86.8055,18.1598,-1.59428
92.2309,22.8167,2.38653
97.6562,72.3576,11.9859
103.082,53.4771,12.7134
108.507,-15.8893,8.38541
113.932,-23.6248,12.8805
119.358,-2.39126,14.9691
124.783,13.5327,6.0264
130.208,22.264,1.80647
135.634,6.06239,-2.5899
141.059,8.18524,22.738
146.484,74.3411,157.683
151.91,91.4977,207.739
157.335,37.2505,76.7426
162.76,4.2019,7.57104
168.186,-10.6734,12.9913
173.611,-7.14441,2.59283
179.036,0.416106,1.50421
184.462,-3.83406,8.50043
189.887,-1.75573,11.681
195.312,21.7146,19.9929
200.738,42.1508,15.7893
206.163,20.8943,-11.3102
211.589,4.00576,-21.9982
217.014,9.03878,-22.8843
222.439,7.96543,-31.2318
227.865,-11.6147,-27.4984
233.29,-11.9939,4.37901
238.715,-44.9229,-10.1239
244.141,463.735,178.541
249.566,1256.94,512.037
254.991,810.388,331.588
260.417,31.3272,-0.417222
265.842,-27.442,-20.7498
271.267,16.7217,1.24103
276.693,31.0816,10.2115
282.118,23.4892,22.611
287.543,-10.5164,15.9889
292.969,-30.177,23.5397
298.394,-8.22873,43.0642
303.819,21.0528,7.90599
309.245,14.4967,-26.8615
314.67,14.3607,-10.1961
320.095,8.16232,20.88
325.521,-8.35574,32.591
330.946,8.11092,44.9475
336.371,20.8095,1.5813
341.797,8.68062,134.064
347.222,9.30733,940.902
352.648,7.37909,1148.76
358.073,5.11818,318.655
363.498,15.7408,-16.889
368.924,18.5376,41.2685
374.349,10.8973,15.484
379.774,-14.6928,19.4354
385.2,-32.8747,12.0445
390.625,-18.9331,-5.12737
396.05,-7.95954,0.770601
401.476,-6.87343,20.688
406.901,2.34235,29.6822
412.326,4.60998,43.9689
417.752,-21.6355,36.6308
423.177,-10.8378,10.2977
428.602,17.3728,-13.4844
434.028,3.82663,15.2224
439.453,-30.1444,11.3787
444.878,498.274,392.781
450.304,1226.21,948.872
455.729,763.59,590.589
461.154,44.7948,39.1064
466.58,-16.6215,-5.32161
472.005,-15.7773,6.21596
477.431,-2.34288,6.40629
482.856,24.3816,10.8625
488.281,-8.37075,-8.96592
493.707,-40.55,-34.6762
499.132,-17.5126,-38.4314
504.557,24.5179,-29.1121
509.983,24.7862,-6.84423
515.408,-20.5776,-9.13685
520.833,-35.3653,-24.7456
526.259,-18.9788,-13.0109
531.684,-20.2446,-8.86297
537.109,-49.0482,6.06542
542.535,26.9716,29.4218
547.96,332.788,7.08605
553.385,374.231,11.8326
558.811,86.1829,53.69
564.236,-21.8119,45.8177
569.661,-0.120687,13.0561
575.087,17.7809,-25.0571
580.512,18.7826,-66.2468
585.937,-8.49711,-62.0122
591.363,-14.9868,-36.2569
596.788,10.3576,-27.026
602.214,22.1241,-5.50937
607.639,11.3734,10.3616
613.064,4.38905,-5.39037
618.49,-13.6511,-21.0293
623.915,-13.8344,-11.7156
629.34,-2.71869,-6.66888
634.766,-17.2873,-19.6635
640.191,-24.1078,-18.6785
645.616,-211.986,-84.5429
651.042,-429.037,-180.641
656.467,-243.243,-117.159
661.892,-8.76779,-14.3967
667.318,-12.3647,-13.624
672.743,-37.7459,-31.1112
678.168,-2.53471,-28.3904
683.594,26.5419,-17.0039
689.019,2.30342,20.5928
694.444,-17.5506,37.0611
699.87,-2.95851,2.68882
705.295,2.6715,-6.66535
710.72,-25.5666,13.9856
716.146,-41.9525,35.0469
721.571,-18.2251,42.1368
726.996,2.10979,28.8132
732.422,-4.97194,18.7712
737.847,-16.7311,1.86543
743.273,-48.8331,20.6919
748.698,-89.2131,141.203
754.123,-61.1317,147.847
759.549,-14.0171,6.44801
764.974,-9.04759,-31.0393
770.399,-15.6613,-14.7427
775.825,-21.5064,-40.721
781.25,-23.7048,-54.7812
786.675,-18.0335,-35.684
792.101,-4.47938,-9.63848
797.526,-24.342,7.60203
802.951,-41.5901,27.9753
808.377,-18.4864,27.7644
813.802,-6.80867,-18.0388
819.227,-7.21185,-36.957
824.653,5.45919,3.86728
830.078,0.432276,30.3149
835.503,-6.88414,27.7323
840.929,-7.74434,-8.1798
846.354,195.906,330.238
851.779,441.543,740.013
857.205,219.445,386.401
862.63,-54.1263,-3.14942
868.055,-55.0234,12.1156
873.481,-23.6539,29.5428
878.906,-20.6728,19.8107
884.331,-24.0447,-8.03379
889.757,-9.41874,-58.0685
895.182,-14.4847,-59.8024
900.608,-36.5904,4.28514
906.033,-44.128,9.34535
911.458,-25.1921,-25.2101
916.884,-3.04648,-28.6715
922.309,5.71721,-14.0721
927.734,11.2048,-19.1436
933.16,16.2703,-29.3824
938.585,44.4926,-14.9315
944.01,29.8401,-2.52495
949.436,-62.1985,-2.10511
954.861,-78.0607,-2.37697
960.286,-39.6869,15.6907
965.712,-69.1659,28.0193
971.137,-80.3276,9.87595
976.562,-32.2703,-3.40496
981.988,17.844,-6.83152
987.413,29.144,3.61137
992.838,-13.5231,8.55684
998.264,-37.2179,3.6814
1003.69,-7.33251,27.7464
1009.11,34.3053,38.0386
1014.54,33.3064,10.3474
1019.97,3.24532,-16.707
1025.39,21.7815,-27.5885
1030.82,35.2448,-31.699
1036.24,17.2214,-21.0976
1041.67,-2.96487,33.7379
1047.09,-67.3395,38.5104
1052.52,-118.985,-41.224
1057.94,-88.2167,-57.1038
1063.37,-60.5026,-13.8952
1068.79,-54.0337,16.9074
1074.22,-20.702,11.6127
1079.64,1.03366,-28.939
1085.07,11.5204,-30.9589
1090.49,10.7177,9.96084
1095.92,22.0902,54.5972
1101.35,43.8299,92.1597
1106.77,28.9401,92.3294
1112.2,13.7758,68.4891
1117.62,-17.2652,29.0866
1123.05,-22.163,22.1789
1128.47,34.42,59.2606
1133.9,35.451,21.6961
1139.32,-15.8969,-1.36373
1144.75,-12.4665,32.9643
1150.17,47.8279,-8.28515
1155.6,80.1091,-38.9078
1161.02,57.4727,2.8664
1166.45,17.1112,37.1168
1171.87,-3.8532,44.4549
1177.3,-13.7778,8.7074
1182.73,-11.0545,-52.933
1188.15,1.98425,-41.6256
1193.58,-16.352,0.874417
1199,-4.05055,-21.9627
1204.43,29.1768,-35.5611
1209.85,22.0861,-9.15695
1215.28,20.2361,3.86603
1220.7,15.5878,22.7982
1226.13,-11.9042,50.022
1231.55,-23.8846,47.7939
1236.98,-3.51427,34.015
1242.4,12.7725,19.5096
1247.83,-21.8477,-31.7742
1253.26,-49.0544,-54.0479
1258.68,20.888,17.2347
1264.11,76.4463,49.4262
1269.53,45.994,17.005
1274.96,21.9441,1.7102
1280.38,2.25187,-16.8381
1285.81,-23.7606,-29.8086
1291.23,-12.2587,-29.0205
1296.66,39.9426,-22.121
1302.08,49.2864,-5.96731
1307.51,1.73772,17.0219
1312.93,-4.8958,35.659
1318.36,1.67731,29.623
1323.78,-19.2876,22.4955
1329.21,-24.6164,5.71444
1334.64,-11.4315,-18.325
1340.06,-22.1826,-27.9488
1345.49,-26.1244,-11.6552
1350.91,-2.89567,55.3173
1356.34,14.4661,61.5543
1361.76,43.174,5.72119
1367.19,44.6742,-1.7472
1372.61,8.6017,-4.64199
1378.04,-29.2603,-9.31977
1383.46,-52.9637,-7.44604
1388.89,3.36158,-6.44078
1394.31,72.2525,12.891
1399.74,37.4943,26.6662
1405.16,-14.4249,26.5551
1410.59,-10.4069,16.7726
1416.02,0.229724,-2.81922
1421.44,-3.02565,-27.5068
1426.87,4.83456,-73.5715
1432.29,18.1501,-67.6566
1437.72,-17.1481,-22.1874
1443.14,-165.955,-69.355
1448.57,-316.825,-132.15
1453.99,-265.479,-122.632
1459.42,-103.482,-81.8793
1464.84,-30.9233,-56.3049
1470.27,-14.623,-31.3137
1475.69,0.305721,1.08193
1481.12,2.44422,-12.2804
1486.55,-15.5349,-43.225
1491.97,-41.9028,-40.6128
1497.4,-45.8126,-49.785
1502.82,-49.6331,-92.1432
1508.25,-8.47365,-93.4575
1513.67,50.0888,-23.4561
1519.1,41.4328,28.3669
1524.52,18.1761,-3.9624
1529.95,-6.55126,-43.7704
1535.37,-10.7446,-21.447
1540.8,34.8748,-8.18038
1546.22,135.729,41.6033
1551.65,260.214,187.619
1557.07,208.558,191.917
1562.5,41.5948,91.9223
1567.93,-11.1444,84.7521
1573.35,12.9539,62.0479
1578.78,36.2497,4.28112
1584.2,62.0532,-22.4192
1589.63,63.2476,-61.9351
1595.05,39.0626,-77.5734
1600.48,71.3945,18.9374
1605.9,109.299,103.54
1611.33,56.2825,73.0046
1616.75,-29.1811,21.1548
1622.18,-41.6852,38.89
1627.6,3.63166,69.5532
1633.03,33.6908,23.2923
1638.45,53.8833,-36.3237
1643.88,53.127,-46.6949
1649.31,-37.9958,-19.3164
1654.73,-75.0155,-0.873908
1660.16,17.9619,-64.5157
1665.58,19.0073,-125.824
1671.01,-44.4062,-92.9688
1676.43,-62.3499,-79.9078
1681.86,-17.0843,-67.8033
1687.28,63.2939,-21.3413
1692.71,21.1098,-28.8183
1698.13,-52.2277,-7.06672
1703.56,-18.5613,17.483
1708.98,-7.20173,-33.0377
1714.41,-1.19998,-60.0682
1719.83,25.166,-12.9237
1725.26,-28.6112,16.1238
1730.69,-52.1181,-40.2622
1736.11,-6.79135,-72.3055
1741.54,-22.0917,-18.4474
1746.96,27.1454,2.62229
1752.39,175.399,-55.7331
1757.81,168.922,-55.4301
1763.24,43.9126,-3.38401
1768.66,-23.3116,16.2199
1774.09,-8.96616,8.51433
1779.51,25.0538,-32.0868
1784.94,-2.80572,-71.1208
1790.36,19.5803,-65.8001
1795.79,87.8569,-45.1965
1801.22,51.9318,-4.27325
1806.64,-31.9034,40.2242
1812.07,-110.094,21.6756
1817.49,-90.5496,2.49001
1822.92,-9.993,24.0187
1828.34,-42.2535,39.2447
1833.77,-24.2753,12.7144
1839.19,87.9123,-8.61759
1844.62,55.6029,-34.4832
1850.04,-144.753,-121.042
1855.47,-228.52,-91.2295
1860.89,-68.3076,102.96
1866.32,67.562,155.806
1871.74,28.3605,17.993
1877.17,-18.8813,-34.4302
1882.6,13.0808,55.6916
1888.02,73.9582,88.1405
1893.45,131.114,-4.39382
1898.87,109.23,15.5026
1904.3,22.5079,91.7915
1909.72,-57.1892,-30.7032
1915.15,-144.063,-148.751
1920.57,-172.141,-75.5359
1926,-70.4915,85.7429
1931.42,25.0434,158.328
1936.85,-95.5148,88.313
1942.27,-125.927,122.612
1947.7,-601.091,-343.694
1953.12,-1548.64,-1282.81
1958.55,-985.873,-1015.42
1963.98,172.5,-186.869
1969.4,252.404,-50.9845
1974.83,101.988,-120.444
1980.25,38.0022,-128.835
1985.68,-79.9638,-11.8792
1991.1,-78.0705,186.245
1996.53,69.2442,134.45
2001.95,144.52,-54.0822
2007.38,12561.4,-121.889
2012.8,25241.8,-404.371
2018.23,12819.4,-346.16
2023.65,-94.6146,98.7677
2029.08,-265.418,126.632
2034.51,-332.884,26.9865
2039.93,-408.161,-106.519
2045.36,-262.998,-172.963
2050.78,-954.705,126.513
2056.21,-1531.96,232.121
2061.63,-673.872,261.4
2067.06,70.3801,490.471
2072.48,98.0039,332.731
2077.91,-9.64806,41.2168
2083.33,103.547,-36.3608
2088.76,151.185,-27.7692
2094.18,-27.0657,17.7396
2099.61,-38.0048,68.0847
2105.03,-2.01126,84.9818
2110.46,32.6873,117.16
2115.89,82.0263,202.106
2121.31,-7.3437,150.263
2126.74,-180.106,34.209
2132.16,-203.026,35.1508
2137.59,-39.3224,30.9973
2143.01,58.8568,-44.4002
2148.44,102.609,-182.504
2153.86,195.361,-279.78
2159.29,173.601,-210.829
2164.71,104.618,-144.643
2170.14,114.805,-111.428
2175.56,72.5608,-43.8369
2180.99,-18.9399,38.9998
2186.41,-32.3423,49.7371
2191.84,-27.7738,-38.5074
2197.27,-25.1983,-35.2677
2202.69,5.17706,36.3294
2208.12,-6.27859,27.2418
2213.54,-74.5407,48.6693
2218.97,-70.2029,110.699
2224.39,41.0494,127.035
2229.82,74.7748,114.387
2235.24,-0.43424,61.8923
2240.67,-4.10405,26.1073
2246.09,38.9693,77.8745
2251.52,-94.677,171.586
2256.94,-199.075,131.017
2262.37,-95.5327,66.9058
2267.79,-29.7518,56.2079
2273.22,-38.894,-30.51
2278.65,-24.3108,-38.3359
2284.07,-31.7292,-14.4978
2289.5,-102.237,-61.0206
2294.92,-142.904,-55.7574
2300.35,-125.491,11.5661
2305.77,-68.0861,12.5701
2311.2,7.89928,-47.8297
2316.62,37.8317,-0.59972
2322.05,28.3816,61.557
2327.47,46.1757,27.6518
2332.9,53.5414,-27.5499
2338.32,11.0032,-18.568
2343.75,0.142864,48.8723
2349.18,15.1002,157.607
2354.6,-17.5535,253.468
2360.03,-29.1196,151.992
2365.45,42.1963,-0.0637512
2370.88,102.296,12.5414
2376.3,64.9719,93.2818
2381.73,9.10032,115.149
2387.15,44.0383,89.4608
2392.58,91.0282,112.022
2398,100.614,124.127
2403.43,107.714,52.45
2408.85,63.4683,1.72732
2414.28,-18.5472,3.23602
2419.7,4.26574,-1.89095
2425.13,77.3945,-33.0591
2430.56,73.6311,-37.7985
2435.98,30.5552,0.464058
2441.41,-33.1937,-0.276214
2446.83,-32.6471,-36.9004
2452.26,68.046,-100.027
2457.68,70.7959,-76.7302
2463.11,-28.2368,39.4466
2468.53,-24.3659,56.5403
2473.96,19.2099,19.3402
2479.38,-10.1995,29.8294
2484.81,-24.7351,69.59
2490.23,6.9273,82.7817
2495.66,15.7285,30.3594
2501.08,3.43043,-19.3636
2506.51,0.668023,-2.71521
2511.94,47.4801,16.8117
2517.36,64.9373,-0.786569
2522.79,-18.127,12.5578
2528.21,-47.1806,50.6021
2533.64,-15.9829,45.6314
2539.06,-7.90667,20.078
2544.49,19.1695,0.505473
2549.91,57.7785,-12.9781
2555.34,59.3624,-15.9459
2560.76,34.1929,-29.1925
2566.19,18.7492,-58.5128
2571.61,-2.69859,-46.5691
2577.04,-42.6843,-10.2542
2582.47,-73.5137,0.427478
2587.89,-81.9812,6.84572
2593.32,-48.0108,14.1548
2598.74,8.05593,32.0911
2604.17,40.1378,27.5605
2609.59,47.0983,4.4599
2615.02,7.66457,-1.7057
2620.44,-53.4941,-16.8938
2625.87,-41.0029,22.5132
2631.29,39.7955,59.7447
2636.72,57.9828,23.3176
2642.14,-5.02347,20.3771
2647.57,5.04023,0.580893
2652.99,116.607,-107.298
2658.42,119.686,-130.097
2663.85,12.9679,-14.6474
2669.27,-20.4958,67.4997
2674.7,-10.1324,89.8649
2680.12,-13.1758,91.3073
2685.55,-8.10256,53.1132
2690.97,5.65961,10.936
2696.4,7.28686,24.727
2701.82,-5.98376,55.0157
2707.25,-39.9871,43.5335
2712.67,-50.957,4.669
2718.1,-24.8883,-22.4582
2723.52,-36.6457,-15.4743
2728.95,-50.4494,-26.875
2734.37,-17.2808,-55.1725
2739.8,9.30377,-57.2504
2745.23,4.79566,-19.8809
2750.65,-42.1226,43.8745
2756.08,-75.3538,68.4147
2761.5,-49.4511,47.7874
2766.93,-28.1284,-1.64468
2772.35,7.11611,-28.0837
2777.78,50.2638,-20.469
2783.2,64.2121,-8.76203
2788.63,73.1512,18.0856
2794.05,67.9158,14.9903
2799.48,47.228,-7.38352
2804.9,31.0993,2.09195
2810.33,17.876,13.0772
2815.75,-0.529928,-5.33608
2821.18,-22.9323,-23.6018
2826.61,-38.0856,-7.76324
2832.03,-30.4511,7.36865
2837.46,-19.8618,-6.09863
2842.88,-18.6277,-12.9732
2848.31,0.372856,-10.7249
2853.73,23.9963,23.6301
2859.16,9.25549,56.0218
2864.58,-16.9064,12.2277
2870.01,-25.4408,-31.0251
2875.43,-55.4673,-27.4319
2880.86,-59.6798,-0.782243
2886.28,-19.4174,27.5639
2891.71,-9.72937,13.9339
2897.14,5.54251,6.36605
2902.56,30.4397,45.6452
2907.99,9.22293,63.2021
2913.41,-5.22474,50.5033
2918.84,-1.35492,27.0265
2924.26,-13.2001,0.89196
2929.69,2.55127,17.0772
2935.11,12.0982,16.9503
2940.54,-12.6573,-16.3853
2945.96,-17.1788,-14.5892
2951.39,45.734,-9.72373
2956.81,116.71,-12.9988
2962.24,66.6287,-28.7536
2967.66,-8.58388,-40.4223
2973.09,-1.3544,-0.441252
2978.52,17.1246,36.3854
2983.94,-1.20096,34.3217
2989.37,-22.6404,34.3703
2994.79,-29.9821,51.9317
3000.22,-40.2232,30.926
3005.64,-14.73,-20.1704
3011.07,37.0425,-9.54727
3016.49,48.2188,2.71887
3021.92,9.91354,-5.1609
3027.34,-35.7706,38.1021
3032.77,-33.5646,55.3281
3038.19,-5.77718,10.7715
3043.62,1.99584,-3.23866
3049.04,9.69298,-16.9691
3054.47,29.0603,-95.6439
3059.9,38.042,-100.841
3065.32,15.7151,-41.9186
3070.75,-14.9221,-42.0837
3076.17,-25.5178,-45.3735
3081.6,-19.0101,-21.5788
3087.02,-8.42114,-3.06682
3092.45,5.80078,-18.7093
3097.87,-1.46553,-39.887
3103.3,-33.5901,-29.2363
3108.72,-19.0063,-13.0148
3114.15,16.5448,-9.5365
3119.57,-3.52736,-2.54955
3125,-25.7982,1.58556
3130.43,-12.9951,-36.163
3135.85,-15.19,-56.4502
3141.28,-23.2491,-11.5695
3146.7,-16.5809,17.0102
3152.13,-59.3446,34.2363
3157.55,-101.324,54.6366
3162.98,-52.4994,39.7444
3168.4,-25.7527,23.3065
3173.83,-29.1683,7.69027
3179.25,1.91664,0.613968
3184.68,0.730423,30.63
3190.1,-27.4909,47.9327
3195.53,-28.158,18.9602
3200.95,-3.42245,-6.52437
3206.38,9.11023,0.165483
3211.81,-11.2613,15.1486
3217.23,-14.832,21.5811
3222.66,10.9241,35.0979
3228.08,33.7154,34.0261
3233.51,48.0851,11.4771
3238.93,32.498,8.3828
3244.36,-12.2029,9.44721
3249.78,-39.576,2.23849
3255.21,-34.419,-16.881
3260.63,-22.4182,-16.3274
3266.06,-6.00191,3.74801
3271.48,1.49127,20.6547
3276.91,6.14171,41.789
3282.33,12.7617,26.5583
3287.76,13.7164,-20.1113
3293.19,25.6858,-25.3918
3298.61,25.9375,8.62948
3304.04,15.825,6.85922
3309.46,3.0737,-10.3795
3314.89,-27.2932,-10.6586
3320.31,-42.8971,-17.8256
3325.74,-21.4264,-31.5874
3331.16,2.22304,-39.6792
3336.59,5.49088,-45.7663
3342.01,-3.42152,-25.3085
3347.44,-6.28208,22.8948
3352.86,8.51357,35.0191
3358.29,4.86637,18.5263
3363.71,-25.0806,14.4856
3369.14,-38.4692,7.77178
3374.57,-30.5058,-24.815
3379.99,-38.6757,-41.2729
3385.42,-57.2232,-4.90376
3390.84,-34.5567,3.67531
3396.27,2.12474,-23.9665
3401.69,28.7748,-31.2094
3407.12,54.7078,-39.559
3412.54,48.1254,-44.1417
3417.97,13.1234,-36.047
3423.39,-6.7714,-11.6372
3428.82,16.5473,9.75939
3434.24,27.2686,17.2293
3439.67,-6.318,14.1918
3445.1,-8.0662,6.73072
3450.52,12.9884,4.95058
3455.95,13.8059,-16.4639
3461.37,9.42849,-12.6252
3466.8,5.97013,30.1777
3472.22,10.5172,35.1473
3477.65,10.5678,11.2601
3483.07,14.1138,12.7566
3488.5,20.0847,11.3533
3493.92,12.3891,-4.61748
3499.35,9.70417,-25.7792
3504.77,11.4661,-34.2673
3510.2,-0.415158,-28.0733
3515.62,-18.1269,-32.7123
3521.05,-24.0955,-13.1276
3526.48,-20.9989,25.7463
3531.9,-14.5715,32.0321
3537.33,-6.88826,3.16345
3542.75,16.7351,-13.3803
3548.18,21.7669,-26.2943
3553.6,-16.1618,-70.8761
3559.03,-24.1828,-85.5026
3564.45,3.5808,-43.1262
3569.88,3.12302,-10.2521
3575.3,-6.34226,6.64549
3580.73,5.95721,27.5637
3586.15,2.44604,17.9918
3591.58,11.6817,-9.94056
3597,44.2271,-18.8721
3602.43,34.901,-11.6508
3607.86,-0.446695,12.5279
3613.28,-11.6981,21.2381
3618.71,-0.61628,7.04442
3624.13,7.36867,-0.672904
3629.56,0.850828,-13.5428
3634.98,-0.192005,-16.6806
3640.41,12.0951,-2.84407
3645.83,25.4418,-3.54775
3651.26,42.3535,-18.2922
3656.68,11.5052,-18.8707
3662.11,-41.9502,5.91875
3667.53,-23.8932,20.7068
3672.96,13.7851,17.0568
3678.39,3.81961,24.5142
3683.81,-3.88676,32.4158
3689.24,28.8537,23.8505
3694.66,42.2721,3.45352
3700.09,19.2312,-1.48734
3705.51,1.69015,-1.94526
3710.94,9.08119,-19.7426
3716.36,24.5358,-40.1681
3721.79,17.9325,-64.123
3727.21,9.60516,-71.1791
3732.64,-6.96328,-49.4608
3738.06,-27.6439,-19.5667
3743.49,-11.0901,1.73647
3748.91,11.5117,16.5799
3754.34,5.83278,21.1616
3759.77,-18.3701,15.4057
3765.19,-36.9516,32.6445
3770.62,-27.2236,40.5153
3776.04,-8.78064,7.5957
3781.47,-5.29253,-2.45858
3786.89,5.34328,20.7294
3792.32,22.1713,17.0566
3797.74,20.2296,-0.00785065
3803.17,9.55614,-2.2303
3808.59,4.48169,-9.54982
3814.02,18.5817,-21.5487
3819.44,30.1583,-24.0903
3824.87,13.0592,-8.36608
3830.29,13.2169,1.08231
3835.72,21.5646,9.31708
3841.15,-2.67398,21.8289
3846.57,-15.0625,10.0085
3852,21.2965,8.99773
3857.42,54.0667,18.7635
3862.85,28.1337,1.99286
3868.27,-7.8664,-33.4301
3873.7,-22.8959,-44.8495
3879.12,-12.3681,-18.0073
3884.55,9.05926,-2.20008
3889.97,-7.44615,0.624901
3895.4,-18.5982,13.8247
3900.82,-20.9256,22.7274
3906.25,-33.1919,21.4353
3911.68,-12.0564,-3.52375
3917.1,26.6743,-32.0542
3922.53,36.9207,-24.3157
3927.95,2.50643,-8.71332
3933.38,-16.7636,-7.76576
3938.8,15.6953,-7.0577
3944.23,32.802,-1.75015
3949.65,9.50144,5.84162
3955.08,-17.0002,-0.874627
3960.5,-14.6434,-33.3629
3965.93,4.56024,-33.0048
3971.35,-6.98752,-7.07607
3976.78,-27.15,0.559663
3982.2,-4.2726,14.6075
3987.63,18.3942,6.57898
3993.06,18.1678,-12.7747
3998.48,25.7842,0.329155
4003.91,15.4333,3.26083
4009.33,-4.06821,-22.2764
4014.76,7.57092,-43.1502
4020.18,20.7913,-36.8427
4025.61,18.3321,-15.9124
4031.03,14.3562,-4.10576
4036.46,1.29703,16.7772
4041.88,-2.5427,36.2077
4047.31,10.8106,14.0704
4052.73,3.51834,-17.2384
4058.16,-7.37661,-6.46234
4063.58,-3.354,7.84557
4069.01,-9.94839,9.78696
4074.44,-2.41188,24.3501
4079.86,14.928,37.8573
4085.29,19.6425,20.8199
4090.71,7.90853,-7.76754
4096.14,-11.3249,10.6261
4101.56,3.71502,28.0244
4106.99,2.15754,17.0977
4112.41,-19.9941,15.7438
4117.84,-12.6431,15.2623
4123.26,-21.3374,22.8391
4128.69,-22.8086,34.3215
4134.11,9.27917,34.803
4139.54,2.48421,15.1685
4144.96,-38.2818,-8.27838
4150.39,-30.2492,-12.2971
4155.82,10.4639,-13.7767
4161.24,17.1704,-2.77898
4166.67,3.07469,10.145
4172.09,-15.087,-9.0666
4177.52,-31.647,-25.2557
4182.94,-30.697,-2.59953
4188.37,-33.2578,22.1839
4193.79,-10.614,18.9972
4199.22,26.7936,14.478
4204.64,13.6727,26.7984
4210.07,-19.6846,37.9247
4215.49,-28.4315,27.2247
4220.92,-2.7035,11.9552
4226.35,22.3307,22.8044
4231.77,17.6933,38.4944
4237.2,9.42906,30.9332
4242.62,13.4112,9.27816
4248.05,9.94631,3.07857
4253.47,-1.05619,6.92756
4258.9,0.758911,-11.4251
4264.32,-3.30371,-22.3734
4269.75,-8.87245,-6.93562
4275.17,-5.81352,-0.0702186
4280.6,-3.02365,-4.56738
4286.02,4.98909,-21.4195
4291.45,12.827,-33.673
4296.87,14.948,-16.2772
4302.3,-0.157695,-7.30911
4307.73,-14.3844,-9.56674
4313.15,1.20293,-0.885484
4318.58,16.8509,-7.78228
4324,-2.5896,-33.8669
4329.43,-9.21638,-28.956
4334.85,4.79529,-1.47054
4340.28,-13.1603,9.10992
4345.7,-5.0788,17.9994
4351.13,43.755,9.81731
4356.55,47.3695,-28.9884
4361.98,19.2025,-38.6523
4367.4,-0.240267,-14.8576
4372.83,-15.0791,-15.8129
4378.25,-12.4097,-30.1278
4383.68,-12.394,-16.7494
4389.11,-2.83932,8.47492
4394.53,14.7115,-4.42621
4399.96,6.07314,-34.8641
4405.38,16.4466,-31.2545
4410.81,35.1554,9.6863
4416.23,24.8262,42.4205
4421.66,5.86143,22.749
4427.08,4.08204,-2.73721
4432.51,22.7933,-0.00225894
4437.93,30.3708,0.00706927
4443.36,15.5188,-9.78378
4448.78,3.10352,-11.5625
4454.21,1.73433,-11.2357
4459.63,12.5461,-23.5987
4465.06,2.65165,-24.8997
4470.49,-22.7742,-9.41668
4475.91,-11.2863,-2.32122
4481.34,11.5454,2.22291
4486.76,28.0513,10.9669
4492.19,13.3816,12.1833
4497.61,-22.9825,1.22461
4503.04,-14.7461,2.30231
4508.46,15.0382,12.1886
4513.89,17.5698,0.119422
4519.31,4.8202,-12.5865
4524.74,-0.349237,-19.2541
4530.16,-5.1743,-23.3638
4535.59,-25.6496,-30.291
4541.02,-31.4914,-35.244
4546.44,0.955251,-14.663
4551.87,16.1565,-6.57488
4557.29,3.53865,-12.1583
4562.72,11.6936,-7.25936
4568.14,31.7936,0.922058
4573.57,29.0871,11.6371
4578.99,11.5102,10.3872
4584.42,9.45732,6.54857
4589.84,2.98981,5.56557
4595.27,-11.478,-1.11319
4600.69,-8.39873,-1.16405
4606.12,1.35523,8.13971
4611.54,19.3403,29.1762
4616.97,32.0225,49.5438
4622.4,22.6817,38.4084
4627.82,3.0805,22.2573
4633.25,-16.3445,27.3333
4638.67,-17.5253,20.9714
4644.1,-3.51277,-9.86031
4649.52,-5.54441,-12.2991
4654.95,-16.7629,8.88052
4660.37,-20.9128,-4.39825
4665.8,-13.0253,-5.80797
4671.22,0.562176,17.338
4676.65,-7.69381,17.4026
4682.07,-19.0222,12.2894
4687.5,-11.1379,24.5572
4692.92,-12.1314,41.1455
4698.35,-21.8796,26.9669
4703.78,-0.112966,-5.79455
4709.2,23.5296,-21.9106
4714.63,27.202,-29.2096
4720.05,14.9548,-21.0201
4725.48,-17.8407,1.83723
4730.9,-19.2053,9.34304
4736.33,3.01257,-13.8566
4741.75,2.08851,-23.3939
4747.18,-15.5457,13.2021
4752.6,-4.92265,44.382
4758.03,25.5964,47.1204
4763.45,34.5449,30.7649
4768.88,35.8361,-5.8627
4774.31,19.7199,-29.4557
4779.73,-2.31279,-27.5344
4785.16,-11.4863,-17.2999
4790.58,-24.7656,-2.8958
4796.01,-19.4351,-3.81757
4801.43,-11.7259,-14.3767
4806.86,-13.8859,-17.6982
4812.28,-8.00938,-19.1407
4817.71,-12.4098,-13.309
4823.13,-16.1511,7.58467
4828.56,-6.35298,15.3805
4833.98,4.31282,-17.6638
4839.41,-2.38511,-38.5439
4844.83,-18.3788,-20.4175
4850.26,-23.7087,-0.353343
4855.69,-10.0944,-1.68817
4861.11,1.5027,-13.9615
4866.54,-2.7774,-8.44391
4871.96,-5.57775,-24.1849
4877.39,-11.1254,-42.9011
4882.81,-5.69317,-8.78543
4888.24,4.70879,20.7842
4893.66,6.96294,26.7028
4899.09,1.4459,16.9934
4904.51,-3.36237,-6.64334
4909.94,20.3245,-2.54655
4915.36,37.8254,14.0525
4920.79,8.73416,1.623
4926.21,-18.0437,-15.5883
4931.64,-1.50779,-10.351
4937.07,9.60468,-8.70713
4942.49,-4.51121,1.04137
4947.92,-5.65535,22.9801
4953.34,-9.18196,17.7967
4958.77,-34.8297,3.67351
4964.19,-42.0744,-6.64654
4969.62,-18.8391,-10.3655
4975.04,4.19595,-18.8637
4980.47,18.3468,-26.8923
4985.89,23.3631,-5.03614
4991.32,21.7967,23.8743
4996.74,14.2204,37.5631
5002.17,8.60985,12.039
5007.6,-3.60842,-12.2833
5013.02,-23.4642,-0.296813
5018.45,-5.0265,-3.05042
5023.87,15.3598,-25.9124
5029.3,8.9371,-19.1095
5034.72,15.4652,21.0592
5040.15,36.5721,39.5772
5045.57,29.2798,27.5695
5051,-10.8685,11.4707
5056.42,-17.4101,14.2278
5061.85,16.5508,30.8199
5067.27,36.4414,21.23
5072.7,21.0436,6.57986
5078.12,2.17941,18.3801
5083.55,-6.14346,23.0048
5088.98,-2.49132,27.7167
5094.4,11.2948,26.2453
5099.83,-2.63917,5.29808
5105.25,-24.5617,19.6035
5110.68,-29.5634,44.1987
5116.1,-33.7702,18.6239
5121.53,-10.2263,-5.79627
5126.95,25.7838,5.03035
5132.38,22.8514,-3.25057
5137.8,1.90652,-15.3186
5143.23,-4.6432,4.77689
5148.65,-5.48673,21.7047
5154.08,-12.4243,11.7281
5159.5,-10.8115,-10.8572
5164.93,-11.6873,-23.663
5170.36,-27.6313,-23.208
5175.78,-21.8985,-15.2812
5181.21,4.1544,-8.89373
5186.63,9.99628,1.44379
5192.06,-11.5066,13.9592
5197.48,-24.5114,8.9048
5202.91,-24.8897,11.9166
5208.33,-17.5996,7.38905
5213.76,3.60087,-16.2825
5219.18,-3.55446,-9.91453
5224.61,-26.6911,5.73019
5230.03,-14.4675,7.53734
5235.46,2.01953,6.46427
5240.88,3.71744,-16.3272
5246.31,19.3407,-44.0213
5251.74,20.3229,-45.5695
5257.16,-17.9805,-40.2521
5262.59,-36.8382,-20.9224
5268.01,-19.2278,11.1097
5273.44,-15.3534,13.5054
5278.86,-11.7272,-2.13688
5284.29,-10.265,-4.89539
5289.71,-33.5054,-7.41175
5295.14,-30.9587,-14.1513
5300.56,-6.3038,-5.91477
5305.99,13.7494,5.23628
5311.41,18.5776,2.26509
5316.84,6.98334,-13.4867
5322.27,16.0813,-7.9152
5327.69,12.518,30.7484
5333.12,-17.2118,27.3868
5338.54,-28.4367,-8.17613
5343.97,-21.9655,-5.8985
5349.39,-19.8767,-6.89594
5354.82,-13.0803,-6.75814
5360.24,0.259094,28.6649
5365.67,-14.0645,26.219
5371.09,-38.4101,-3.07358
5376.52,-28.345,-5.87427
5381.94,-7.88219,-3.91808
5387.37,-15.6128,-9.68052
5392.79,-13.413,-31.1215
5398.22,13.7542,-39.5347
5403.65,30.9126,-16.2433
5409.07,27.7478,2.93149
5414.5,11.2803,-7.57123
5419.92,-2.37421,-22.0844
5425.35,-4.28033,-11.5381
5430.77,9.78364,5.53869
5436.2,23.5278,17.8546
5441.62,13.1974,13.1984
5447.05,-14.5097,-12.3154
5452.47,-30.8083,-26.6737
5457.9,-14.232,-17.5844
5463.32,26.2933,7.08927
5468.75,44.4482,24.9194
5474.17,36.4101,16.9954
5479.6,16.3338,9.52316
5485.03,-17.6508,6.19892
5490.45,-28.3525,-4.84434
5495.88,-20.6902,-11.6191
5501.3,-21.829,-15.6157
5506.73,-20.7387,-7.51548
5512.15,-16.5466,8.90026
5517.58,-18.6291,0.566107
5523,-8.42231,-2.13445
5528.43,12.3015,27.4657
5533.85,8.28273,36.8359
5539.28,-8.19611,19.5256
5544.7,-0.200166,1.78902
5550.13,14.2963,-5.52229
