# BEGINHEADER
# This file contains data from the SALSA 2m radio telescope.
# DATE=2024-01-31T12:06:0019
# GLON and GLAT given in degrees
# GLON=42.77236456179343
# GLAT=-30.307449023962064
# DATA in two columns below. Col. 1 is velocity relative to LSR [km/s]. Col. 2 is uncalibrated antenna temperature [K].
# ENDHEADER
2384.905008219611 17.992530412264163
2382.8438642690126 37.342043698174194
2380.782720318414 32.952245515707
2378.721576367815 36.35746892986367
2376.6604324172163 35.61185637515996
2374.599288466618 37.618969813152866
2372.538144516019 38.67041222514395
2370.477000565421 40.63754250198618
2368.415856614822 41.90444719564419
2366.3547126642234 44.205744846337666
2364.2935687136246 45.94252560531818
2362.2324247630263 47.73144726192463
2360.1712808124275 50.083303472088886
2358.110136861829 52.25207608326428
2356.04899291123 54.589114030569455
2353.9878489606317 56.29626717225582
2351.926705010033 58.52489980420618
2349.8655610594346 60.51842248399825
2347.804417108836 62.573338541023716
2345.743273158237 64.79518064244579
2343.6821292076384 66.28813365045394
2341.62098525704 67.93272757241735
2339.559841306441 69.19118402421876
2337.498697355842 70.79909468587748
2335.4375534052433 71.96969925587206
2333.376409454645 73.1263559492944
2331.3152655040462 74.30731630427829
2329.254121553448 74.89273461278464
2327.192977602849 75.84908920809735
2325.1318336522504 75.90699171918318
2323.0706897016516 76.76034243582933
2321.0095457510533 78.57607682030716
2318.9484018004546 78.07510824854388
2316.887257849856 78.49457390609768
2314.826113899257 79.22716056326983
2312.7649699486587 79.69354504061945
2310.70382599806 80.54633555061588
2308.6426820474617 80.46106952826116
2306.581538096863 80.73497223270847
2304.520394146264 81.22512394596312
2302.4592501956654 81.04061993386668
2300.398106245067 82.16904110798315
2298.3369622944683 81.16812587762124
2296.2758183438696 81.97730374408482
2294.214674393271 82.65869952892103
2292.1535304426725 82.37476600586442
2290.0923864920737 82.64427148833381
2288.0312425414754 84.07039682965093
2285.9700985908767 83.28218657394817
2283.908954640278 82.69941942117404
2281.847810689679 84.16467882199657
2279.786666739081 82.7685075616586
2277.7255227884816 83.6140247767114
2275.664378837883 83.5284517616386
2273.603234887284 83.50426269380317
2271.542090936686 84.05694327413991
2269.480946986087 84.53233103257541
2267.4198030354887 84.94065487679366
2265.3586590848895 84.5521408386445
2263.297515134291 85.75959595433534
2261.2363711836924 85.09675295897355
2259.175227233094 85.08567941452527
2257.1140832824954 85.32073629165647
2255.0529393318966 85.84930597613773
2252.991795381298 85.83644689466297
2250.9306514306995 85.52053168839332
2248.8695074801008 86.23846548910093
2246.8083635295025 86.25163902706532
2244.7472195789032 85.91353572895845
2242.686075628305 86.43218126948994
2240.624931677706 85.53089018921366
2238.563787727108 86.43698355585339
2236.502643776509 86.75544019288712
2234.4414998259103 87.52997596086485
2232.3803558753116 86.96640281150042
2230.3192119247133 86.2375199175813
2228.2580679741145 86.29308344395069
2226.196924023516 87.02202609053742
2224.135780072917 87.49830017935008
2222.0746361223187 87.25722981681692
2220.01349217172 87.88402637472926
2217.9523482211216 88.23849475552369
2215.891204270523 87.6724224919715
2213.8300603199236 87.26176294286135
2211.768916369325 88.2459035496665
2209.7077724187266 88.90478686284673
2207.646628468128 88.36941371562895
2205.5854845175295 90.33502879691619
2203.5243405669303 87.66161928054372
2201.463196616332 87.49915005536958
2199.402052665733 87.10650606261413
2197.340908715135 88.49561928780949
2195.279764764536 88.22451297530979
2193.2186208139374 89.72991754451324
2191.1574768633386 88.42943734206261
2189.0963329127403 88.2271640466508
2187.0351889621415 87.8255557306869
2184.9740450115432 88.48528198091759
2182.912901060944 87.99415257355227
2180.8517571103457 88.05595741818408
2178.790613159747 88.5341338975164
2176.7294692091486 88.72273100746038
2174.66832525855 89.09938915440499
2172.607181307951 87.77428060460852
2170.5460373573524 89.04975155763725
2168.484893406754 86.97133498230008
2166.4237494561553 88.56607743004528
2164.362605505557 89.33372163751056
2162.3014615549578 89.12877952923795
2160.2403176043595 88.93726520537304
2158.1791736537607 87.50783004221908
2156.1180297031624 88.63165300774132
2154.0568857525636 88.88730029457682
2151.9957418019644 88.55807490976198
2149.9345978513657 88.94937625401492
2147.8734539007673 89.54002407811282
2145.8123099501686 88.6592148333907
2143.7511659995703 88.62342198370625
2141.690022048971 89.25371544957339
2139.6288780983728 88.73601379186967
2137.567734147774 89.40212887293637
2135.5065901971757 90.18797837099596
2133.445446246577 88.73633820658075
2131.384302295978 89.99355244973415
2129.3231583453794 89.25148358517349
2127.262014394781 89.79947106521955
2125.2008704441823 89.16163095289443
2123.139726493584 92.04181263555752
2121.078582542985 94.00136818163037
2119.0174385923865 89.66777090207917
2116.9562946417877 89.51197575016532
2114.8951506911894 89.00963542915098
2112.8340067405907 88.64856656924573
2110.772862789992 88.45897453021338
2108.711718839393 89.32994264543181
2106.650574888795 89.46991814931158
2104.589430938196 88.49594074550524
2102.5282869875978 89.66847683963589
2100.4671430369986 89.1287334980884
2098.4059990864002 88.83696221176844
2096.3448551358015 88.91997820610538
2094.2837111852027 89.50407393496583
2092.222567234604 88.61976103712885
2090.1614232840057 87.94930805016718
2088.1002793334064 88.90698602743493
2086.039135382808 87.95527709209335
2083.9779914322094 86.92748743258123
2081.916847481611 88.5319688661566
2079.8557035310123 89.71068441492099
2077.7945595804135 89.03909108587247
2075.7334156298148 87.36515979493723
2073.6722716792165 89.19080908448143
2071.6111277286177 88.66468392017848
2069.5499837780194 88.0713411533056
2067.48883982742 87.76403260965934
2065.427695876822 88.9108864877618
2063.366551926223 89.18684545154038
2061.305407975625 87.40512422237731
2059.2442640250256 89.05711577809015
2057.1831200744273 85.13299128965186
2055.1219761238285 89.75497449734277
2053.0608321732298 83.5727018299026
2050.999688222631 119.44965738528757
2048.9385442720327 103.80012188276797
2046.877400321434 83.40498529278416
2044.8162563708356 89.98978103829113
2042.7551124202366 86.01998898937208
2040.693968469638 88.98502287182829
2038.6328245190393 87.34855971326563
2036.5716805684408 87.93715547716903
2034.510536617842 87.26839207647596
2032.4493926672435 87.25225659939521
2030.3882487166447 86.9835793319082
2028.3271047660464 87.16237458358323
2026.2659608154474 86.8614017396679
2024.2048168648491 86.5836240235123
2022.1436729142504 88.2383438670055
2020.0825289636518 87.09048192624819
2018.021385013053 86.45676978449056
2015.9602410624545 86.72352583720046
2013.8990971118558 86.62363716865518
2011.837953161257 85.82189059075378
2009.7768092106583 86.42347089668952
2007.71566526006 87.38001598138302
2005.654521309461 86.28293003766063
2003.5933773588627 85.87612841372187
2001.532233408264 85.49437979618598
1999.4710894576654 85.62216635351504
1997.4099455070666 86.0552452803541
1995.348801556468 85.54820413165561
1993.2876576058693 86.69158724713108
1991.2265136552708 85.73774517634958
1989.165369704672 85.62821191152396
1987.1042257540737 85.45428930788346
1985.0430818034747 84.14389794032459
1982.9819378528764 85.05762884179823
1980.9207939022774 84.62753547312757
1978.8596499516789 84.89766438766881
1976.79850600108 84.89372446524482
1974.7373620504816 84.26094005757584
1972.6762180998828 83.76813667264908
1970.6150741492843 83.77115177140112
1968.5539301986855 83.85057820865536
1966.4927862480872 84.38670627132616
1964.4316422974882 83.58213829374803
1962.37049834689 83.45425190488201
1960.3093543962912 83.37423282908854
1958.2482104456926 82.87134885214593
1956.1870664950939 83.28004358628883
1954.1259225444953 82.92293478428762
1952.0647785938966 82.14865145110578
1950.003634643298 82.63596479695123
1947.942490692699 82.01996013072262
1945.8813467421007 81.95637721552924
1943.8202027915017 81.91915986834425
1941.7590588409034 81.30542749464551
1939.6979148903047 80.36105646014602
1937.6367709397061 80.87787071733862
1935.5756269891074 81.21420848878631
1933.5144830385088 79.95746600950248
1931.45333908791 80.11402456535612
1929.3921951373115 79.82099848366417
1927.3310511867128 79.21452120023271
1925.2699072361142 79.32540382709021
1923.2087632855155 79.04587582525456
1921.1476193349172 78.67171264147409
1919.0864753843184 77.30027980746037
1917.0253314337197 76.80011059295967
1914.964187483121 75.70263560573741
1912.9030435325224 75.34560414110868
1910.8418995819236 74.47605207079656
1908.780755631325 73.30144403147555
1906.7196116807263 72.13838807909211
1904.6584677301278 70.66766993573174
1902.597323779529 69.07141696562311
1900.5361798289307 67.65817205355128
1898.475035878332 66.3974992729255
1896.4138919277334 65.14538928803697
1894.3527479771346 63.396295486720334
1892.291604026536 60.292316727398905
1890.2304600759373 58.54460266852361
1888.1693161253388 56.680218043093525
1886.1081721747398 54.63223950635875
1884.0470282241413 52.3439625426996
1881.9858842735425 50.626417931323054
1879.9247403229442 48.18279012772028
1877.8635963723452 46.40091322793271
1875.802452421747 43.86622678271498
1873.7413084711482 42.25647917160432
1871.6801645205496 41.016567264584516
1869.6190205699509 38.83524587301085
1867.5578766193523 37.95985592276896
1865.4967326687536 36.02090874620052
1863.435588718155 36.56217434771558
1861.3744447675563 33.54379789511001
1859.313300816958 37.71650370528315
