# BEGINHEADER
# This file contains data from the SALSA 2m radio telescope.
# DATE=2024-01-31T12:04:0038
# GLON and GLAT given in degrees
# GLON=40.55238696862316
# GLAT=-31.024002728848995
# DATA in two columns below. Col. 1 is velocity relative to LSR [km/s]. Col. 2 is uncalibrated antenna temperature [K].
# ENDHEADER
2384.9670431995505 18.83363805724039
2382.9058992489518 38.61431988711522
2380.8447552983534 34.78435462568956
2378.7836113477547 38.042933675027754
2376.722467397156 37.319814183036286
2374.661323446557 39.52505780208193
2372.600179495959 40.12313431300407
2370.53903554536 42.34711163831692
2368.477891594762 44.04831098909555
2366.4167476441626 46.5202290907264
2364.355603693564 48.05394056213306
2362.294459742965 50.159178976015674
2360.2333157923667 52.91828960275414
2358.172171841768 54.46115266539132
2356.111027891169 56.555492350723874
2354.0498839405705 59.72840750873109
2351.988739989972 62.095257110876474
2349.9275960393734 63.64092926126287
2347.866452088775 65.66184982099338
2345.8053081381763 67.49581970610218
2343.7441641875776 69.32924005624722
2341.683020236979 71.93505125705227
2339.6218762863805 72.88367689404193
2337.5607323357817 74.68154723687516
2335.499588385183 75.94081676992161
2333.438444434584 76.90611814391846
2331.377300483986 78.12737248488389
2329.316156533387 78.2960427303609
2327.255012582789 79.68064937504631
2325.19386863219 79.9679627030669
2323.1327246815913 81.06440425104189
2321.0715807309925 81.90570489779479
2319.0104367803942 81.59570225412007
2316.9492928297955 83.30166037157369
2314.8881488791967 82.87896530399115
2312.827004928598 84.0144130281512
2310.7658609779996 84.74537457073293
2308.704717027401 84.14013871505281
2306.6435730768026 85.64542206928004
2304.5824291262034 85.4855873196761
2302.5212851756046 84.67147009366569
2300.460141225006 85.48858628154456
2298.3989972744075 85.96411539285441
2296.3378533238088 86.63809751512652
2294.27670937321 87.11729300673305
2292.2155654226112 86.68922541011506
2290.154421472013 86.35455674444061
2288.093277521414 86.65941019602653
2286.032133570816 87.4929604872602
2283.970989620217 87.26899618808986
2281.9098456696183 86.95284059946282
2279.8487017190196 87.46716920288411
2277.7875577684213 87.96936493719608
2275.7264138178225 88.69798746778693
2273.6652698672237 87.57252075087412
2271.604125916625 87.9353395022437
2269.5429819660267 88.82972286577461
2267.481838015428 87.76262141454669
2265.4206940648296 89.5687174513353
2263.359550114231 89.59211176098891
2261.298406163632 88.96630749452292
2259.2372622130333 90.06667659324958
2257.176118262435 90.01459232393509
2255.1149743118362 89.1067450099119
2253.0538303612375 90.21027284621204
2250.9926864106387 90.76834753330867
2248.9315424600404 90.39164065653797
2246.8703985094417 90.58670725402571
2244.8092545588433 90.05997669639805
2242.7481106082437 90.36395265115902
2240.6869666576454 91.16429831088983
2238.6258227070466 91.01079404152374
2236.5646787564483 90.83777511422036
2234.5035348058495 91.08055299653529
2232.442390855251 91.49415667115805
2230.381246904652 92.32794670223454
2228.3201029540537 90.98886381198368
2226.258959003455 90.95846650092959
2224.1978150528566 91.01954801546894
2222.1366711022574 91.26206688065177
2220.075527151659 92.29954316781918
2218.0143832010604 92.0118529323948
2215.953239250462 91.01984102750468
2213.8920952998633 91.14839605045196
2211.8309513492645 92.35155752290522
2209.7698073986658 91.80088054889403
2207.7086634480675 94.40789786732499
2205.6475194974687 98.51854405179496
2203.5863755468704 91.67312091825256
2201.525231596271 93.27482632541239
2199.464087645673 91.55702397681816
2197.402943695074 92.45791626197779
2195.341799744476 91.86417238399754
2193.280655793877 93.47196415388136
2191.2195118432783 93.13653061154938
2189.1583678926795 91.79460026776732
2187.097223942081 92.70050693155105
2185.0360799914824 94.02602056704849
2182.974936040884 91.46519112173509
2180.9137920902845 92.69651560403375
2178.852648139686 92.45555669614497
2176.7915041890874 93.74637508186639
2174.730360238489 93.02676579208223
2172.6692162878903 91.96098323509528
2170.6080723372916 92.38002578810413
2168.546928386693 92.4468255564453
2166.4857844360945 93.42681914987377
2164.4246404854957 93.10032012938733
2162.3634965348974 92.31350519944225
2160.302352584298 93.97264343073206
2158.2412086337 93.86856391827466
2156.180064683101 92.96584338625975
2154.118920732503 93.06063517066303
2152.057776781904 93.67569932214745
2149.9966328313053 94.18460035923447
2147.9354888807065 94.22388915776952
2145.8743449301082 93.89513837370498
2143.8132009795095 92.93714584263336
2141.752057028911 93.13208343252533
2139.690913078312 92.69169448253626
2137.6297691277136 93.6176228731121
2135.568625177115 95.11394269345118
2133.5074812265166 92.949830177595
2131.446337275918 93.13083156735698
2129.385193325319 93.40395195248807
2127.3240493747203 93.88774024247921
2125.262905424122 93.02434316102095
2123.201761473523 95.50508094548086
2121.140617522925 97.34655075340228
2119.0794735723257 95.46807086186952
2117.018329621727 93.46482468797487
2114.957185671128 93.70184329253466
2112.89604172053 93.25118915169205
2110.834897769931 93.35282781554359
2108.7737538193323 93.48282659180019
2106.7126098687336 93.66624180614421
2104.6514659181353 92.64107311827746
2102.5903219675365 92.5269124313459
2100.529178016938 92.66486133620467
2098.468034066339 94.06365472347689
2096.4068901157407 92.6481296149334
2094.345746165142 92.92122161177663
2092.2846022145436 93.59704882861598
2090.223458263945 92.87753504685682
2088.1623143133465 93.43214038939983
2086.1011703627473 92.87162014793657
2084.040026412149 93.11536265606128
2081.9788824615503 92.73424845310431
2079.9177385109515 94.04023591096616
2077.8565945603527 92.9305172579513
2075.7954506097544 92.28359654599907
2073.7343066591557 92.67376035940492
2071.673162708557 92.2577763691546
2069.612018757958 92.43893701720376
2067.55087480736 91.55000422542643
2065.489730856761 93.49569001685414
2063.4285869061628 93.51768121685446
2061.367442955564 91.29263709791341
2059.3062990049652 92.3652973716226
2057.2451550543665 90.19272635136834
2055.184011103768 94.30093783166768
2053.122867153169 88.37855292624461
2051.0617232025706 123.89079070735906
2049.000579251972 106.1793745813381
2046.9394353013736 87.85501036703972
2044.8782913507746 93.91064390010314
2042.8171474001763 90.18168930557016
2040.7560034495775 92.71482979457795
2038.6948594989788 91.25293922252519
2036.63371554838 93.43723435701126
2034.5725715977815 91.53023871773495
2032.5114276471827 91.86870169958874
2030.4502836965842 90.97504702425498
2028.3891397459854 91.4186368398311
2026.327995795387 90.45317525455964
2024.266851844788 91.16939022273093
2022.2057078941898 92.31891782597053
2020.144563943591 90.54818417221976
2018.0834199929925 90.57612504895292
2016.0222760423937 89.44280528726549
2013.9611320917952 90.8434172150686
2011.8999881411964 90.08599435887507
2009.838844190598 90.36763602316515
2007.777700239999 91.14900247178484
2005.7165562894006 89.26519895169449
2003.6554123388016 89.85556218218899
2001.5942683882033 89.22842824265982
1999.5331244376046 88.96691353777145
1997.471980487006 88.58690466890278
1995.4108365364073 90.20246195366792
1993.3496925858087 90.85441642385071
1991.28854863521 89.83125681303713
1989.2274046846114 88.82144481864223
1987.1662607340127 89.09496025444318
1985.1051167834144 89.395796971901
1983.0439728328154 88.54063421327626
1980.982828882217 89.15488608946167
1978.9216849316183 88.0195804067025
1976.8605409810198 88.44574265374926
1974.7993970304208 88.88333698614439
1972.7382530798222 87.67424141326337
1970.6771091292235 87.53167928630086
1968.615965178625 87.83130911980048
1966.5548212280262 87.94088686139501
1964.4936772774279 87.92887818526223
1962.432533326829 87.46298619929448
1960.3713893762306 86.60105405916708
1958.3102454256318 86.4461100936318
1956.2491014750333 86.52404003677162
1954.1879575244345 86.68306984409794
1952.126813573836 86.2692664886275
1950.0656696232372 86.56346730803821
1948.0045256726387 85.67899656494042
1945.9433817220397 85.64311534337493
1943.8822377714414 85.24310917403945
1941.8210938208424 84.91657520907818
1939.759949870244 85.13226483874908
1937.6988059196453 84.72690758552324
1935.6376619690468 84.22696933984909
1933.576518018448 84.06995465009076
1931.5153740678495 83.68672928060019
1929.4542301172507 83.24998735324583
1927.3930861666522 82.64226258667173
1925.3319422160534 83.33075074439256
1923.270798265455 81.74224060396612
1921.2096543148562 82.02303179694574
1919.1485103642578 81.98393567101361
1917.087366413659 80.68798494217826
1915.0262224630605 79.75182548178228
1912.9650785124616 78.81634029970422
1910.903934561863 78.05244746640591
1908.8427906112643 76.58162095287743
1906.7816466606657 76.05152432814134
1904.720502710067 74.83513933410859
1902.6593587594684 72.59440407882636
1900.5982148088697 71.15575923560819
1898.5370708582714 68.75296583616152
1896.4759269076726 67.19402624772317
1894.414782957074 66.44569020014461
1892.3536390064753 63.653928629391324
1890.2924950558768 61.48569597413927
1888.231351105278 59.22409611043604
1886.1702071546795 56.696343995988535
1884.1090632040807 54.14238408326959
1882.047919253482 53.305582598773185
1879.9867753028832 50.41867521956985
1877.9256313522849 48.21762761769918
1875.8644874016861 46.16502518395434
1873.8033434510876 44.42979464696196
1871.7421995004888 42.80994736948781
1869.6810555498903 40.65269881898661
1867.6199115992915 39.276732238482154
1865.558767648693 37.356411689334074
1863.4976236980942 38.62121948794029
1861.4364797474957 34.62192573016849
1859.375335796897 39.12029801076762
