0,1976.82
0.00012207,4.26461
0.000244141,-0.126235
0.000366211,-2.3646
0.000488281,0.944918
0.000610352,3.24105
0.000732422,-5.68988
0.000854492,-10.8034
0.000976563,-7.4985
0.00109863,0.720909
0.0012207,1.62829
0.00134277,-1.12618
0.00146484,0.750052
0.00158691,2.62262
0.00170898,-0.343103
0.00183105,-5.54661
0.00195313,3.76677
0.0020752,10.8228
0.00219727,4.53616
0.00231934,2.70042
0.00244141,9.98488
0.00256348,10.0681
0.00268555,-6.34443
0.00280762,-14.9644
0.00292969,-6.23939
0.00305176,-0.524585
0.00317383,-7.86109
0.0032959,-13.7974
0.00341797,-3.90749
0.00354004,7.37703
0.00366211,-3.50067
0.00378418,-7.8228
0.00390625,7.01832
0.00402832,13.3187
0.00415039,2.38586
0.00427246,-6.53942
0.00439453,4.36553
0.0045166,7.6856
0.00463867,-4.23514
0.00476074,-8.61421
0.00488281,-3.34501
0.00500488,2.27846
0.00512695,-4.43108
0.00524902,-7.85294
0.00537109,-6.17929
0.00549316,-2.99585
0.00561523,-5.26029
0.0057373,-5.73838
0.00585938,-1.93104
0.00598145,4.49132
0.00610352,9.81706
0.00622559,9.62697
0.00634766,6.85252
0.00646973,6.48552
0.0065918,5.09937
0.00671387,3.05663
0.00683594,2.33514
0.00695801,4.75545
0.00708008,4.12335
0.00720215,-2.65666
0.00732422,-6.44134
0.00744629,-1.13209
0.00756836,0.922648
0.00769043,-4.133
0.0078125,-10.0699
0.00793457,-3.70947
0.00805664,4.20985
0.00817871,-1.45128
0.00830078,-8.16655
0.00842285,-0.354721
0.00854492,2.33297
0.00866699,-2.15367
0.00878906,-6.15998
0.00891113,-3.82783
0.0090332,-1.23548
0.00915527,-7.96398
0.00927734,-6.92865
0.00939941,2.99166
0.00952148,5.97749
0.00964355,4.71292
0.00976563,3.0414
0.0098877,5.25882
0.0100098,4.43645
0.0101318,-4.19885
0.0102539,-2.2139
0.010376,-0.582036
0.010498,-0.814055
0.0106201,0.784215
0.0107422,3.80118
0.0108643,7.79786
0.0109863,6.22641
0.0111084,3.7322
0.0112305,-1.12724
0.0113525,-4.36017
0.0114746,-5.5675
0.0115967,1.46977
0.0117188,1.00768
0.0118408,-4.45822
0.0119629,-7.75836
0.012085,-6.28675
0.012207,-3.67086
0.0123291,-8.33733
0.0124512,-8.35781
0.0125732,-2.65931
0.0126953,1.59974
0.0128174,7.76258
0.0129395,4.3907
0.0130615,1.76596
0.0131836,10.8131
0.0133057,6.56679
0.0134277,0.369199
0.0135498,-6.21351
0.0136719,-0.141722
0.0137939,2.91663
0.013916,-8.71307
0.0140381,-10.9372
0.0141602,-1.94814
0.0142822,4.06172
0.0144043,-5.4667
0.0145264,-10.6412
0.0146484,4.19046
0.0147705,9.13135
0.0148926,-2.91918
0.0150146,-5.88874
0.0151367,7.00356
0.0152588,9.82341
0.0153809,0.195717
0.0155029,1.22902
0.015625,6.36235
0.0157471,5.38042
0.0158691,-3.23067
0.0159912,-3.11622
0.0161133,-7.28262
0.0162354,-10.0802
0.0163574,-8.46131
0.0164795,-5.45984
0.0166016,-5.45451
0.0167236,-1.52135
0.0168457,-3.78584
0.0169678,-3.80975
0.0170898,-0.193059
0.0172119,-1.37765
0.017334,2.64251
0.0174561,1.95245
0.0175781,3.29669
0.0177002,4.77553
0.0178223,2.22092
0.0179443,1.15047
0.0180664,1.80611
0.0181885,0.109354
0.0183105,-0.464303
0.0184326,0.51842
0.0185547,1.22664
0.0186768,5.33747
0.0187988,2.91098
0.0189209,0.679472
0.019043,3.66557
0.019165,5.47942
0.0192871,1.70726
0.0194092,-2.11169
0.0195313,-3.59718
0.0196533,-0.405302
0.0197754,-4.85887
0.0198975,-8.27898
0.0200195,-1.10458
0.0201416,4.17179
0.0202637,0.994874
0.0203857,-4.2711
0.0205078,3.19349
0.0206299,1.66221
0.020752,-5.94597
0.020874,-8.05401
0.0209961,-1.20291
0.0211182,1.04151
0.0212402,-2.42781
0.0213623,-1.62584
0.0214844,3.0355
0.0216064,2.79312
0.0217285,-4.33176
0.0218506,-2.54873
0.0219727,8.48748
0.0220947,6.91584
0.0222168,2.91188
0.0223389,4.31066
0.0224609,7.60895
0.022583,-0.105577
0.0227051,-6.96126
0.0228271,-7.92914
0.0229492,-6.76346
0.0230713,-7.65076
0.0231934,-7.74835
0.0233154,-3.07008
0.0234375,2.04472
0.0235596,-0.0523776
0.0236816,-5.96521
0.0238037,-2.19556
0.0239258,10.1315
0.0240479,3.73039
0.0241699,-5.13406
0.024292,-2.29115
0.0244141,5.59223
0.0245361,-1.53311
0.0246582,-8.07344
0.0247803,-4.38289
0.0249023,2.87589
0.0250244,-2.30365
0.0251465,-10.4985
0.0252686,-3.95247
0.0253906,0.335503
0.0255127,-5.85268
0.0256348,-11.9
0.0257568,-4.42598
0.0258789,4.60161
0.026001,5.72714
0.026123,4.69526
0.0262451,7.04883
0.0263672,7.70774
0.0264893,6.5746
0.0266113,2.19791
0.0267334,1.02129
0.0268555,3.06087
0.0269775,1.78377
0.0270996,-0.458235
0.0272217,2.74673
0.0273438,-0.965497
0.0274658,-6.21884
0.0275879,-5.57882
0.02771,-3.26802
0.027832,-3.87224
0.0279541,-2.3767
0.0280762,-1.13667
0.0281982,-0.832746
0.0283203,-1.03361
0.0284424,-1.36002
0.0285645,-5.71153
0.0286865,2.18686
0.0288086,-2.3354
0.0289307,-7.02445
0.0290527,-3.73436
0.0291748,0.951457
0.0292969,1.70095
0.0294189,-4.09828
0.029541,0.424407
0.0296631,8.42997
0.0297852,10.0911
0.0299072,0.72187
0.0300293,-5.07303
0.0301514,2.40982
0.0302734,5.46024
0.0303955,-4.06639
0.0305176,-6.14317
0.0306396,0.915626
0.0307617,10.2598
0.0308838,5.01377
0.0310059,-3.52842
0.0311279,0.813456
0.03125,6.05802
0.0313721,-3.07526
0.0314941,-8.60232
0.0316162,-0.171879
0.0317383,5.34756
0.0318604,-2.35259
0.0319824,-10.9925
0.0321045,-7.631
0.0322266,-0.952944
0.0323486,-6.00501
0.0324707,-9.21821
0.0325928,1.24251
0.0327148,8.59174
0.0328369,6.54086
0.032959,0.267209
0.0330811,2.76655
0.0332031,11.613
0.0333252,9.17963
0.0334473,-6.4848
0.0335693,-3.55349
0.0336914,6.90684
0.0338135,0.0482523
0.0339355,-12.6298
0.0340576,-6.26058
0.0341797,7.57753
0.0343018,-0.528708
0.0344238,-11.5002
0.0345459,-3.69373
0.034668,8.72212
0.03479,4.14136
0.0349121,-9.23123
0.0350342,-3.24928
0.0351563,12.3161
0.0352783,3.48139
0.0354004,-2.31072
0.0355225,-1.57071
0.0356445,6.13405
0.0357666,-0.0237522
0.0358887,-7.49836
0.0360107,-9.67198
0.0361328,-4.64181
0.0362549,-1.3486
0.036377,-8.81641
0.036499,-13.5069
0.0366211,-3.11393
0.0367432,3.58224
0.0368652,-1.45975
0.0369873,-8.86755
0.0371094,-2.39684
0.0372314,5.61064
0.0373535,3.72896
0.0374756,-1.03091
0.0375977,2.59815
0.0377197,6.5475
0.0378418,6.65792
0.0379639,-0.0466766
0.0380859,-1.3523
0.038208,3.07465
0.0383301,4.56093
0.0384521,-1.39484
0.0385742,-1.67217
0.0386963,2.50581
0.0388184,4.75176
0.0389404,3.77454
0.0390625,2.82236
0.0391846,1.38669
0.0393066,2.05492
0.0394287,1.63772
0.0395508,-2.44265
0.0396729,-5.87046
0.0397949,-5.72674
0.039917,-2.61932
0.0400391,1.65269
0.0401611,2.683
0.0402832,0.801825
0.0404053,3.02107
0.0405273,0.731666
0.0406494,-4.75119
0.0407715,-4.58681
0.0408936,-3.03209
0.0410156,-3.18856
0.0411377,-4.02732
0.0412598,0.090924
0.0413818,3.11111
0.0415039,-0.13612
0.041626,-4.07961
0.041748,-0.996265
0.0418701,3.43828
0.0419922,3.11855
0.0421143,-0.99335
0.0422363,4.46571
0.0423584,11.0633
0.0424805,2.63368
0.0426025,-5.75696
0.0427246,-7.18917
0.0428467,-2.82797
0.0429688,-3.36335
0.0430908,-7.05614
0.0432129,-8.59337
0.043335,-3.1523
0.043457,3.61826
0.0435791,-0.580141
0.0437012,-6.73198
0.0438232,1.06894
0.0439453,8.00922
0.0440674,2.53378
0.0441895,-4.019
0.0443115,2.63975
0.0444336,4.56519
0.0445557,-1.19553
0.0446777,-6.98924
0.0447998,-2.01076
0.0449219,2.75934
0.0450439,-2.93307
0.045166,-8.06358
0.0452881,-3.9178
0.0454102,-2.3308
0.0455322,-5.97507
0.0456543,-7.39571
0.0457764,-1.49085
0.0458984,4.64342
0.0460205,6.08307
0.0461426,4.52506
0.0462646,3.55973
0.0463867,6.98161
0.0465088,6.99659
0.0466309,1.3065
0.0467529,-3.5241
0.046875,1.19529
0.0469971,6.42653
0.0471191,2.16901
0.0472412,-4.85383
0.0473633,-3.48529
0.0474854,1.57874
0.0476074,-5.33656
0.0477295,-6.97177
0.0478516,-5.77898
0.0479736,2.21886
0.0480957,-1.09758
0.0482178,-4.73006
0.0483398,-1.39615
0.0484619,0.987082
0.048584,-1.17906
0.0487061,-4.49745
0.0488281,-2.3749
0.0489502,-3.16345
0.0490723,-4.46294
0.0491943,-1.89863
0.0493164,-1.15085
0.0494385,0.276787
0.0495605,-0.233976
0.0496826,4.01621
0.0498047,8.36424
0.0499268,3.62662
0.0500488,-3.53833
0.0501709,1.43935
0.050293,2.41067
0.050415,-2.45057
0.0505371,-1.54067
0.0506592,2.55121
0.0507813,8.08851
0.0509033,2.6725
0.0510254,-1.09318
0.0511475,-0.483051
0.0512695,3.52493
0.0513916,-1.88651
0.0515137,-5.65401
0.0516357,-1.06694
0.0517578,4.80698
0.0518799,-0.167036
0.052002,-9.57434
0.052124,-7.60615
0.0522461,0.624553
0.0523682,-6.01065
0.0524902,-6.96057
0.0526123,1.61909
0.0527344,8.64744
0.0528564,3.00397
0.0529785,-1.84202
0.0531006,3.78382
0.0532227,7.66353
0.0533447,2.66208
0.0534668,-5.69005
0.0535889,-0.885628
0.0537109,5.34973
0.053833,-1.66502
0.0539551,-8.07055
0.0540771,-6.4009
0.0541992,4.11963
0.0543213,2.98945
0.0544434,-6.34126
0.0545654,-2.98361
0.0546875,6.14514
0.0548096,4.03838
0.0549316,-5.54225
0.0550537,-1.75062
0.0551758,8.0938
0.0552979,7.13103
0.0554199,-0.872749
0.055542,-0.953004
0.0556641,5.7327
0.0557861,3.13675
0.0559082,-7.13673
0.0560303,-11.3915
0.0561523,-4.82252
0.0562744,-2.58025
0.0563965,-7.31029
0.0565186,-11.4275
0.0566406,-0.140695
0.0567627,4.21672
0.0568848,-4.35303
0.0570068,-9.17852
0.0571289,0.981024
0.057251,7.10048
0.057373,-0.499546
0.0574951,-2.61506
0.0576172,5.36462
0.0577393,10.918
0.0578613,0.676733
0.0579834,-6.66131
0.0581055,4.98614
0.0582275,7.42229
0.0583496,-1.76454
0.0584717,-6.69476
0.0585938,1.89961
0.0587158,9.52833
0.0588379,1.89591
0.05896,-4.28136
0.059082,2.97628
0.0592041,5.33633
0.0593262,2.20327
0.0594482,-3.77334
0.0595703,-4.57464
0.0596924,-2.51065
0.0598145,-2.0967
0.0599365,-3.48457
0.0600586,-1.58413
0.0601807,3.1847
0.0603027,2.40083
0.0604248,-0.740996
0.0605469,-4.42215
0.0606689,-2.93874
0.060791,-0.8166
0.0609131,-3.9042
0.0610352,-4.3467
0.0611572,0.368333
0.0612793,1.72367
0.0614014,1.47046
0.0615234,0.52189
0.0616455,-0.849657
0.0617676,-1.29253
0.0618896,1.38764
0.0620117,4.69795
0.0621338,2.44286
0.0622559,3.6511
0.0623779,7.54465
0.0625,2.68504
0.0626221,-5.05827
0.0627441,-7.33116
0.0628662,-3.80542
0.0629883,-0.496706
0.0631104,-6.88984
0.0632324,-7.60765
0.0633545,-1.27623
0.0634766,3.13988
0.0635986,-4.58165
0.0637207,-3.76051
0.0638428,6.47011
0.0639648,7.35469
0.0640869,-4.65848
0.064209,-5.33499
0.0643311,6.19918
0.0644531,3.66301
0.0645752,-4.39509
0.0646973,-7.29288
0.0648193,1.80732
0.0649414,1.69271
0.0650635,-5.73081
0.0651855,-7.50847
0.0653076,-4.5757
0.0654297,-1.96713
0.0655518,-4.99724
0.0656738,-4.30054
0.0657959,-0.373595
0.065918,3.75097
0.06604,5.61163
0.0661621,4.6749
0.0662842,4.67034
0.0664063,5.68816
0.0665283,3.99268
0.0666504,-0.500917
0.0667725,-1.85344
0.0668945,3.59216
0.0670166,4.1621
0.0671387,-1.23817
0.0672607,-2.86163
0.0673828,-0.663988
0.0675049,-0.202687
0.067627,-3.25824
0.067749,-5.42509
0.0678711,-1.74536
0.0679932,2.62466
0.0681152,0.641772
0.0682373,-3.53546
0.0683594,-0.896728
0.0684814,-0.20111
0.0686035,-1.0411
0.0687256,-2.95602
0.0688477,-2.24219
0.0689697,-0.710246
0.0690918,-2.20143
0.0692139,-2.09023
0.0693359,0.39948
0.069458,1.66892
0.0695801,2.99025
0.0697021,3.29512
0.0698242,2.44179
0.0699463,-0.61437
0.0700684,-0.288833
0.0701904,-2.05593
0.0703125,-1.36928
0.0704346,-0.323987
0.0705566,0.827158
0.0706787,3.25151
0.0708008,3.64316
0.0709229,2.9583
0.0710449,1.14634
0.071167,-0.161047
0.0712891,-1.10835
0.0714111,-0.178592
0.0715332,0.60662
0.0716553,-0.142595
0.0717773,0.569822
0.0718994,-3.07759
0.0720215,-4.83404
0.0721436,-3.44444
0.0722656,-4.57628
0.0723877,-6.43244
0.0725098,0.0354061
0.0726318,3.51944
0.0727539,5.00015
0.072876,1.46504
0.072998,2.52165
0.0731201,4.19277
0.0732422,4.99825
0.0733643,1.14285
0.0734863,-1.54573
0.0736084,0
0.0737305,0.771358
0.0738525,-3.27507
0.0739746,-5.98386
0.0740967,-1.45081
0.0742188,2.72415
0.0743408,-0.924611
0.0744629,-2.43998
0.074585,0.922807
0.074707,3.37452
0.0748291,1.21642
0.0749512,-0.590257
0.0750732,0.208123
0.0751953,3.20543
0.0753174,5.08906
0.0754395,2.29995
0.0755615,1.14021
0.0756836,1.50154
0.0758057,0.775901
0.0759277,-3.1867
0.0760498,-7.34807
0.0761719,-5.91398
0.0762939,-1.88925
0.076416,-5.62791
0.0765381,-6.46235
0.0766602,-2.15772
0.0767822,1.52262
0.0769043,-0.307644
0.0770264,-5.51512
0.0771484,-1.39876
0.0772705,5.55548
0.0773926,1.56627
0.0775146,-3.01043
0.0776367,2.61669
0.0777588,6.77299
0.0778809,1.32275
0.0780029,-4.38793
0.078125,0.253879
0.0782471,4.49773
0.0783691,-1.57098
0.0784912,-1.21505
0.0786133,1.26445
0.0787354,4.81705
0.0788574,0.706708
0.0789795,0.151289
0.0791016,3.25795
0.0792236,3.40576
0.0793457,0.150847
0.0794678,-3.83447
0.0795898,-2.87723
0.0797119,-2.03883
0.079834,-3.20552
0.0799561,-4.26986
0.0800781,1.19973
0.0802002,2.63016
0.0803223,0.981191
0.0804443,0.64795
0.0805664,-0.514535
0.0806885,-3.1671
0.0808105,-3.32967
0.0809326,-1.88663
0.0810547,-0.446396
0.0811768,-1.04057
0.0812988,0.957054
0.0814209,1.46715
0.081543,0.0823436
0.081665,-1.41493
0.0817871,-1.06838
0.0819092,3.41548
0.0820313,3.6418
0.0821533,2.22884
0.0822754,5.35381
0.0823975,5.52851
0.0825195,-0.359492
0.0826416,-3.96688
0.0827637,-4.14241
0.0828857,-2.83494
0.0830078,-1.79046
0.0831299,-6.22795
0.083252,-5.96195
0.083374,1.6067
0.0834961,3.68044
0.0836182,-3.67685
0.0837402,-0.695816
0.0838623,6.53105
0.0839844,4.3444
0.0841064,-2.25882
0.0842285,-3.35269
0.0843506,3.36552
0.0844727,2.34874
0.0845947,-3.11788
0.0847168,-2.42443
0.0848389,0.352884
0.0849609,-0.464711
0.085083,-3.61801
0.0852051,-4.9739
0.0853271,-3.16357
0.0854492,-2.34642
0.0855713,-4.46501
0.0856934,-4.34913
0.0858154,1.60745
0.0859375,5.91473
0.0860596,5.44831
0.0861816,2.11055
0.0863037,3.13895
0.0864258,6.2401
0.0865479,5.15809
0.0866699,-0.41098
0.086792,-1.59494
0.0869141,5.26921
0.0870361,2.71084
0.0871582,-2.6767
0.0872803,-4.01113
0.0874023,-1.21002
0.0875244,0.61227
0.0876465,-3.93666
0.0877686,-6.89419
0.0878906,-2.12885
0.0880127,2.95559
0.0881348,1.01548
0.0882568,-4.99441
0.0883789,-1.48127
0.088501,2.13406
0.088623,0.980397
0.0887451,-4.69509
0.0888672,-4.1935
0.0889893,0.729268
0.0891113,0.139511
0.0892334,-1.4402
0.0893555,-1.77916
0.0894775,2.98298
0.0895996,3.42785
0.0897217,0
0.0898438,2.00338
0.0899658,1.43179
0.0900879,-0.322992
0.09021,-1.95142
0.090332,-1.78066
0.0904541,0.55208
0.0905762,2.20617
0.0906982,2.83154
0.0908203,1.4832
0.0909424,0.198585
0.0910645,1.55661
0.0911865,1.21968
0.0913086,0.685399
0.0914307,0.44127
0.0915527,-1.38332
0.0916748,-0.39485
0.0917969,-1.09236
0.0919189,-2.91012
0.092041,-3.1647
0.0921631,-3.46416
0.0922852,-4.83602
0.0924072,-5.64658
0.0925293,-0.180997
0.0926514,4.89721
0.0927734,3.05589
0.0928955,0.0902337
0.0930176,1.20194
0.0931396,6.49916
0.0932617,3.19392
0.0933838,-3.52037
0.0935059,-1.54147
0.0936279,5.00861
0.09375,-0.313666
0.0938721,-6.47611
0.0939941,-4.39767
0.0941162,4.46784
0.0942383,1.81515
0.0943604,-5.60363
0.0944824,-2.19769
0.0946045,3.59001
0.0947266,3.42348
0.0948486,-2.90193
0.0949707,-1.65663
0.0950928,4.07842
0.0952148,4.20731
0.0953369,0.486686
0.095459,-0.309407
0.0955811,3.16465
0.0957031,2.9851
0.0958252,-2.70306
0.0959473,-6.13466
0.0960693,-5.4249
0.0961914,-0.175771
0.0963135,-3.90709
0.0964355,-7.73346
0.0965576,-2.83332
0.0966797,2.74301
0.0968018,-0.276949
0.0969238,-5.752
0.0970459,-2.0076
0.097168,1.91844
0.09729,2.00368
0.0974121,-1.13141
0.0975342,0.912939
0.0976563,4.19831
0.0977783,2.64669
0.0979004,-1.6905
0.0980225,-1.1259
0.0981445,3.4465
0.0982666,1.32539
0.0983887,-1.87101
0.0985107,1.16464
0.0986328,2.95904
0.0987549,1.10497
0.098877,1.27593
0.098999,3.98159
0.0991211,2.38948
0.0992432,-1.10066
0.0993652,0.114243
0.0994873,-1.19838
0.0996094,-5.4302
0.0997314,-3.41726
0.0998535,1.13798
0.0999756,-0.142108
0.100098,0.141969
0.10022,0.666605
0.100342,1.02018
0.100464,1.54294
0.100586,-2.14952
0.100708,-4.18182
0.10083,-2.07476
0.100952,-1.59332
0.101074,-1.71855
0.101196,-2.09683
0.101318,0.717007
0.10144,2.31747
0.101563,0.224505
0.101685,-0.084107
0.101807,-0.126037
0.101929,3.18983
0.102051,2.33413
0.102173,2.16429
0.102295,4.57546
0.102417,2.4806
0.102539,-2.21365
0.102661,-3.76927
0.102783,-3.50158
0.102905,-2.35987
0.103027,-2.10795
0.103149,-3.89312
0.103271,-2.92045
0.103394,0.898787
0.103516,-0.594002
0.103638,-4.99579
0.10376,0.110296
0.103882,5.77113
0.104004,0.371524
0.104126,-2.77684
0.104248,-0.260933
0.10437,4.11597
0.104492,-1.72702
0.104614,-3.84777
0.104736,-2.07932
0.104858,0.573989
0.10498,-1.84316
0.105103,-4.52839
0.105225,-2.12572
0.105347,-3.09018
0.105469,-3.03276
0.105591,-1.53528
0.105713,-3.31188
0.105835,0.216961
0.105957,4.98523
0.106079,4.72322
0.106201,0.243367
0.106323,2.64741
0.106445,3.89976
0.106567,1.11891
0.106689,-1.31983
0.106812,0.901453
0.106934,1.68017
0.107056,0.953407
0.107178,-0.523191
0.1073,-2.76083
0.107422,-1.44601
0.107544,-1.60511
0.107666,-3.26054
0.107788,-2.46972
0.10791,0.280072
0.108032,1.3457
0.108154,-1.7304
0.108276,-0.811164
0.108398,0.743948
0.108521,-1.35373
0.108643,-2.12142
0.108765,-1.65574
0.108887,-0.52932
0.109009,-2.41927
0.109131,-2.16598
0.109253,0.699297
0.109375,0.237265
0.109497,1.54072
0.109619,2.76269
0.109741,2.15543
0.109863,1.93011
0.109985,-0.89197
0.110107,-1.41528
0.110229,0.641489
0.110352,-1.05939
0.110474,-1.86845
0.110596,1.10953
0.110718,3.36447
0.11084,2.5274
0.110962,-0.689802
0.111084,0.546102
0.111206,-0.0779383
0.111328,-0.986256
0.11145,-0.764899
0.111572,0.725297
0.111694,1.33273
0.111816,-2.30091
0.111938,-3.12515
0.112061,-1.99969
0.112183,-1.64975
0.112305,-5.22768
0.112427,-5.04249
0.112549,2.0947
0.112671,6.31649
0.112793,2.51387
0.112915,-1.03788
0.113037,3.31542
0.113159,6.29186
0.113281,0.600465
0.113403,-2.61649
0.113525,2.0274
0.113647,4.28013
0.11377,-2.40522
0.113892,-6.94164
0.114014,-0.31753
0.114136,3.84471
0.114258,-1.49582
0.11438,-6.10408
0.114502,0.910923
0.114624,4.34794
0.114746,-0.0883891
0.114868,-3.54473
0.11499,2.05419
0.115112,5.66553
0.115234,0.893023
0.115356,-0.314138
0.115479,3.97938
0.115601,3.81246
0.115723,-0.789311
0.115845,-4.14297
0.115967,-2.901
0.116089,-2.43596
0.116211,-3.46941
0.116333,-4.83748
0.116455,-2.16727
0.116577,-0.559953
0.116699,-2.68515
0.116821,-2.03674
0.116943,-1.22829
0.117065,-0.942011
0.117188,0.136211
0.11731,1.59582
0.117432,1.49539
0.117554,0.950686
0.117676,1.40613
0.117798,1.90998
0.11792,-0.652453
0.118042,0.368953
0.118164,1.19178
0.118286,1.6325
0.118408,0.294299
0.11853,1.43331
0.118652,1.50534
0.118774,1.67504
0.118896,2.54065
0.119019,2.56257
0.119141,1.37756
0.119263,0.267936
0.119385,-0.620518
0.119507,-1.92051
0.119629,-2.57438
0.119751,-2.98433
0.119873,-1.53919
0.119995,1.25921
0.120117,1.11283
0.120239,-0.157094
0.120361,-0.736412
0.120483,1.73672
0.120605,-0.686781
0.120728,-4.38148
0.12085,-2.69366
0.120972,-1.00914
0.121094,0.408062
0.121216,-0.959208
0.121338,-0.119784
0.12146,2.81217
0.121582,-0.14346
0.121704,-2.01843
0.121826,1.89714
0.121948,3.80249
0.12207,1.03603
0.122192,2.37936
0.122314,2.75736
0.122437,3.07526
0.122559,-2.88246
0.122681,-4.59796
0.122803,-2.04812
0.122925,-0.709637
0.123047,-3.26114
0.123169,-4.43838
0.123291,-0.707561
0.123413,2.34445
0.123535,-1.30643
0.123657,-2.69262
0.123779,2.29061
0.123901,4.75277
0.124023,0.0586189
0.124146,-3.5137
0.124268,1.2988
0.12439,4.21991
0.124512,-1.83346
0.124634,-4.18834
0.124756,0.256416
0.124878,1.537
0.125,-3.68752
0.125122,-3.38177
0.125244,-1.27708
0.125366,-2.01814
0.125488,-3.27918
0.12561,-1.91002
0.125732,0.346938
0.125854,1.00514
0.125977,3.50878
0.126099,2.21391
0.126221,2.54581
0.126343,3.45248
0.126465,3.31114
0.126587,-0.344574
0.126709,0.0688475
0.126831,3.26707
0.126953,1.61476
0.127075,-1.12122
0.127197,-1.58875
0.127319,0.673704
0.127441,-0.55897
0.127563,-3.66965
0.127686,-3.00572
0.127808,-0.693825
0.12793,1.24994
0.128052,-0.192984
0.128174,-2.77852
0.128296,0.509843
0.128418,1.12056
0.12854,-1.09685
0.128662,-1.94303
0.128784,-1.15114
0.128906,-1.80394
0.129028,-3.12003
0.12915,-0.877707
0.129272,0.06745
0.129395,0.842302
0.129517,2.87225
0.129639,1.99516
0.129761,1.60129
0.129883,0.346794
0.130005,-0.089408
0.130127,-0.212137
0.130249,-1.24927
0.130371,0.902607
0.130493,-1.05758
0.130615,-0.967576
0.130737,2.05548
0.130859,2.84156
0.130981,-0.121979
0.131104,-1.42909
0.131226,0.232415
0.131348,0.0663395
0.13147,-0.254053
0.131592,-0.37519
0.131714,0.121267
0.131836,-1.47581
0.131958,-2.67366
0.13208,-3.30859
0.132202,-2.76728
0.132324,-3.07175
0.132446,-1.58918
0.132568,1.82851
0.13269,3.95972
0.132813,1.44247
0.132935,-0.502187
0.133057,3.57732
0.133179,4.07503
0.133301,0.217703
0.133423,-1.27232
0.133545,-0.488877
0.133667,0.662053
0.133789,-3.82748
0.133911,-4.37619
0.134033,1.46091
0.134155,1.91355
0.134277,-2.99173
0.134399,-2.71906
0.134521,1.62769
0.134644,2.26146
0.134766,-1.51693
0.134888,-1.22525
0.13501,2.55549
0.135132,2.76753
0.135254,0.15003
0.135376,0.246237
0.135498,0.684512
0.13562,1.86989
0.135742,0.629803
0.135864,-3.44454
0.135986,-3.66491
0.136108,-3.34203
0.13623,-1.39292
0.136353,-2.62379
0.136475,-3.19429
0.136597,-1.54788
0.136719,0.33893
0.136841,-1.55544
0.136963,-1.6702
0.137085,-0.887088
0.137207,2.48986
0.137329,1.82341
0.137451,-0.284301
0.137573,0.052597
0.137695,3.32089
0.137817,2.7927
0.137939,-0.0314659
0.138062,-0.534398
0.138184,1.73772
0.138306,0.784346
0.138428,0.188059
0.13855,0.59494
0.138672,0.86547
0.138794,0.562527
0.138916,3.22617
0.139038,0.270318
0.13916,-0.498562
0.139282,0.581087
0.139404,-0.570154
0.139526,-3.08618
0.139648,-4.16952
0.139771,-1.19899
0.139893,1.96194
0.140015,-0.536429
0.140137,-1.09242
0.140259,0.906031
0.140381,0.432002
0.140503,-1.42833
0.140625,-2.91546
0.140747,-1.46656
0.140869,-1.51636
0.140991,-1.86289
0.141113,-0.265867
0.141235,2.07378
0.141357,1.23489
0.141479,-0.356851
0.141602,-2.21032
0.141724,0.325627
0.141846,2.65331
0.141968,1.06638
0.14209,-0.547889
0.142212,2.26037
0.142334,3.67585
0.142456,-0.171979
0.142578,-3.0926
0.1427,-2.57465
0.142822,-0.373212
0.142944,-1.68285
0.143066,-4.57048
0.143188,-3.31891
0.143311,0.462185
0.143433,1.86701
0.143555,-2.22619
0.143677,-1.48268
0.143799,3.77314
0.143921,3.92943
0.144043,-0.889002
0.144165,-2.0457
0.144287,2.70168
0.144409,2.2907
0.144531,-2.28847
0.144653,-1.93833
0.144775,0.21847
0.144897,-0.0793659
0.14502,-3.51843
0.145142,-3.61401
0.145264,-1.22657
0.145386,-1.3242
0.145508,-2.27066
0.14563,-2.7813
0.145752,-0.295595
0.145874,2.52979
0.145996,4.44494
0.146118,2.46591
0.14624,1.15814
0.146362,2.87291
0.146484,3.09541
0.146606,0.166362
0.146729,-2.06284
0.146851,0.244173
0.146973,2.41984
0.147095,0.692099
0.147217,-3.14549
0.147339,-2.64625
0.147461,0.398494
0.147583,-0.359265
0.147705,-3.15263
0.147827,-1.99633
0.147949,2.00406
0.148071,1.29605
0.148193,-2.30936
0.148315,-1.08115
0.148438,1.15725
0.14856,-0.674402
0.148682,-1.97311
0.148804,-1.89426
0.148926,-0.509125
0.149048,-1.20919
0.14917,-1.16966
0.149292,-0.603416
0.149414,2.45915
0.149536,2.20821
0.149658,0.4775
0.14978,1.26891
0.149902,1.04845
0.150024,0.22853
0.150146,-0.570766
0.150269,-1.86268
0.150391,-0.550664
0.150513,0.796735
0.150635,1.20341
0.150757,1.88382
0.150879,1.22944
0.151001,0.850317
0.151123,-1.52908
0.151245,0
0.151367,-0.0188407
0.151489,-0.188223
0.151611,-0.526509
0.151733,-0.206641
0.151855,-0.619318
0.151978,-3.08419
0.1521,-1.72321
0.152222,-1.55312
0.152344,-1.65442
0.152466,-0.597625
0.152588,1.362
0.15271,2.99162
0.152832,0.977611
0.152954,0.744119
0.153076,3.03862
0.153198,2.73859
0.15332,-0.639925
0.153442,-0.787544
0.153564,2.33256
0.153687,0.406875
0.153809,-3.95392
0.153931,-2.63952
0.154053,1.10641
0.154175,0.202644
0.154297,-2.86185
0.154419,-0.321759
0.154541,2.64504
0.154663,0.311956
0.154785,-1.92491
0.154907,0.357134
0.155029,2.62558
0.155151,0.447831
0.155273,0.346959
0.155396,2.28952
0.155518,1.1482
0.15564,-0.364151
0.155762,-0.936774
0.155884,-2.46231
0.156006,-2.45991
0.156128,-3.35527
0.15625,-3.15269
0.156372,-2.74233
0.156494,-1.55518
0.156616,0.298087
0.156738,-1.498
0.15686,-3.51597
0.156982,-1.85534
0.157104,2.04248
0.157227,1.99554
0.157349,-0.55677
0.157471,-0.143542
0.157593,2.78738
0.157715,3.31294
0.157837,-0.375696
0.157959,-1.79622
0.158081,1.45522
0.158203,2.13164
0.158325,-0.775195
0.158447,-0.801143
0.158569,0.996004
0.158691,2.72745
0.158813,1.6331
0.158936,-0.345808
0.159058,-0.974405
0.15918,0.867259
0.159302,0.716116
0.159424,-1.95194
0.159546,-3.22065
0.159668,-0.872693
0.15979,0.29942
0.159912,-0.58066
0.160034,-0.99319
0.160156,0.632211
0.160278,1.55267
0.1604,0.271671
0.160522,-2.18
0.160645,-1.77554
0.160767,-0.463111
0.160889,-1.04753
0.161011,-1.39534
0.161133,-0.644716
0.161255,0.522232
0.161377,1.26953
0.161499,-0.399597
0.161621,-3.24573
0.161743,0.511527
0.161865,3.10081
0.161987,2.38823
0.162109,0.397651
0.162231,2.15903
0.162354,2.33811
0.162476,-0.249959
0.162598,-3.61657
0.16272,-3.89692
0.162842,-0.429704
0.162964,-0.987354
0.163086,-3.58531
0.163208,-2.65637
0.16333,1.55802
0.163452,1.29994
0.163574,-1.77712
0.163696,-1.92049
0.163818,3.34266
0.16394,3.22865
0.164063,-1.88083
0.164185,-2.37213
0.164307,1.09572
0.164429,1.85836
0.164551,-1.71243
0.164673,-2.72705
0.164795,-0.380738
0.164917,0.566323
0.165039,-1.40176
0.165161,-3.41661
0.165283,-2.10696
0.165405,-0.0757766
0.165527,-1.16919
0.165649,-2.31088
0.165771,0.243455
0.165894,3.13666
0.166016,3.67821
0.166138,1.30579
0.16626,0.610445
0.166382,3.77605
0.166504,1.93626
0.166626,-1.17563
0.166748,-0.174923
0.16687,2.66289
0.166992,1.32183
0.167114,-2.26735
0.167236,-1.759
0.167358,0.961534
0.16748,-0.380926
0.167603,-2.89552
0.167725,-1.14881
0.167847,1.53576
0.167969,0.404187
0.168091,-3.92256
0.168213,-1.44894
0.168335,1.62847
0.168457,0.599809
0.168579,-2.6924
0.168701,-1.73851
0.168823,0.811059
0.168945,-0.0654761
0.169067,-1.31642
0.169189,-1.2988
0.169312,1.15064
0.169434,2.15229
0.169556,0.781887
0.169678,1.22864
0.1698,1.59324
0.169922,0.609062
0.170044,-1.02223
0.170166,-1.58047
0.170288,0.234815
0.17041,1.01924
0.170532,0.185869
0.170654,0.742751
0.170776,2.16962
0.170898,1.6921
0.171021,-0.104647
0.171143,-0.731814
0.171265,-0.915883
0.171387,0.609993
0.171509,-0.49714
0.171631,0.264348
0.171753,0.392134
0.171875,-1.67893
0.171997,-1.90892
0.172119,-1.74747
0.172241,-1.99288
0.172363,-1.52904
0.172485,0.469403
0.172607,1.69297
0.172729,1.58015
0.172852,-0.182452
0.172974,1.45027
0.173096,3.17481
0.173218,0.276833
0.17334,-2.25991
0.173462,-0.0157881
0.173584,2.76023
0.173706,-1.30786
0.173828,-3.9591
0.17395,-0.566157
0.174072,2.17601
0.174194,0.00784796
0.174316,-2.86171
0.174438,-0.274142
0.174561,3.23955
0.174683,0.515945
0.174805,-2.98332
0.174927,0.63197
0.175049,3.6712
0.175171,1.21475
0.175293,-0.715694
0.175415,0.575105
0.175537,2.14289
0.175659,0.0542957
0.175781,-2.5959
0.175903,-2.95721
0.176025,-1.79425
0.176147,-1.16667
0.17627,-3.18784
0.176392,-2.02805
0.176514,0.685627
0.176636,0.354023
0.176758,-1.93754
0.17688,-2.66536
0.177002,1.03594
0.177124,1.48723
0.177246,0.176149
0.177368,-0.520281
0.17749,0.993685
0.177612,2.29852
0.177734,1.30453
0.177856,-1.3566
0.177979,0.304557
0.178101,2.03854
0.178223,0.334359
0.178345,-0.941365
0.178467,-0.00758424
0.178589,2.14425
0.178711,1.67285
0.178833,-0.310044
0.178955,0.846124
0.179077,1.29059
0.179199,-0.135719
0.179321,-0.640269
0.179443,-1.19651
0.179565,-1.15775
0.179688,-1.45704
0.17981,-1.11798
0.179932,-0.412274
0.180054,-0.277077
0.180176,1.73565
0.180298,0.448437
0.18042,-0.589866
0.180542,-1.58885
0.180664,-1.16253
0.180786,-0.938047
0.180908,-1.01894
0.18103,-0.928787
0.181152,0.601266
0.181274,0.7045
0.181396,-0.0296342
0.181519,-0.510691
0.181641,-0.244005
0.181763,0.192059
0.181885,1.3062
0.182007,1.49661
0.182129,1.98862
0.182251,1.8248
0.182373,1.13939
0.182495,-1.32187
0.182617,-1.8855
0.182739,-1.66377
0.182861,-0.29289
0.182983,-1.74831
0.183105,-1.99507
0.183228,-0.985611
0.18335,1.42956
0.183472,0.364329
0.183594,-1.83443
0.183716,0.501793
0.183838,1.80905
0.18396,1.32824
0.184082,-0.442316
0.184204,0.137636
0.184326,1.26646
0.184448,-0.361494
0.18457,-1.6468
0.184692,-1.02464
0.184814,0.591115
0.184937,-1.48355
0.185059,-2.48216
0.185181,-1.50222
0.185303,-0.380573
0.185425,-1.16212
0.185547,-1.44049
0.185669,-1.03098
0.185791,1.83107
0.185913,1.92218
0.186035,1.69186
0.186157,0.641853
0.186279,1.96643
0.186401,1.64421
0.186523,-0.490648
0.186646,-0.67487
0.186768,0.908411
0.18689,1.82923
0.187012,-0.106247
0.187134,-1.87519
0.187256,-0.728137
0.187378,-0.381369
0.1875,-1.03716
0.187622,-2.3049
0.187744,-1.2816
0.187866,0.351743
0.187988,-0.604407
0.18811,-1.43231
0.188232,0.3437
0.188354,0.434461
0.188477,-1.38612
0.188599,-0.937164
0.188721,-0.307425
0.188843,-0.670091
0.188965,-1.2273
0.189087,0.229894
0.189209,0.320146
0.189331,0.111246
0.189453,1.82683
0.189575,2.37325
0.189697,0.0693256
0.189819,-0.491731
0.189941,0.020757
0.190063,-0.63593
0.190186,-1.2499
0.190308,-0.22766
0.19043,0.551365
0.190552,1.19805
0.190674,0.976763
0.190796,1.16135
0.190918,0.425642
0.19104,0.699566
0.191162,0.835919
0.191284,-0.609214
0.191406,-1.03944
0.191528,-0.129803
0.19165,0.621082
0.191772,-0.38865
0.191895,-1.99585
0.192017,-1.54476
0.192139,-1.04017
0.192261,-1.71833
0.192383,-1.26883
0.192505,0.915109
0.192627,2.84423
0.192749,1.31924
0.192871,-0.351455
0.192993,1.44496
0.193115,2.78592
0.193237,-0.303254
0.193359,-1.62924
0.193481,0.854181
0.193604,0.927259
0.193726,-2.00039
0.193848,-2.24656
0.19397,0.140692
0.194092,1.6398
0.194214,-0.936116
0.194336,-1.30928
0.194458,0.68737
0.19458,1.06672
0.194702,-0.126549
0.194824,-0.825092
0.194946,1.66852
0.195068,1.7333
0.19519,1.06816
0.195313,0.742339
0.195435,1.14553
0.195557,1.20395
0.195679,-0.132173
0.195801,-1.69016
0.195923,-2.51957
0.196045,-1.40352
0.196167,-1.4614
0.196289,-3.18958
0.196411,-1.86589
0.196533,-0.118145
0.196655,0.295074
0.196777,-1.51324
0.196899,-1.36778
0.197021,0.706107
0.197144,1.46309
0.197266,0.659052
0.197388,0.143416
0.19751,1.48486
0.197632,1.51594
0.197754,-0.279493
0.197876,-0.376622
0.197998,1.01848
0.19812,1.00453
0.198242,-1.09419
0.198364,0.446304
0.198486,1.15021
0.198608,1.19428
0.19873,0.464346
0.198853,1.12107
0.198975,1.11998
0.199097,0.141468
0.199219,-0.642411
0.199341,-0.699544
0.199463,-0.609099
0.199585,-1.34512
0.199707,-1.80453
0.199829,-0.479461
0.199951,0.849414
0.200073,0.350919
0.200195,0.133856
0.200317,0.60495
0.200439,0.260829
0.200562,-1.86851
0.200684,-1.39684
0.200806,-0.672365
0.200928,-0.323181
0.20105,-0.803997
0.201172,-0.284603
0.201294,0.45492
0.201416,0.422915
0.201538,-0.485563
0.20166,-1.17807
0.201782,0.276923
0.201904,1.49644
0.202026,1.63317
0.202148,0.64008
0.202271,1.8306
0.202393,0.688935
0.202515,-1.85831
0.202637,-2.6191
0.202759,-0.337215
0.202881,-0.311931
0.203003,-1.81367
0.203125,-2.38473
0.203247,-0.105746
0.203369,0.882432
0.203491,-0.738781
0.203613,-1.21563
0.203735,1.67295
0.203857,1.96226
0.203979,-0.253546
0.204102,-1.09968
0.204224,0.728293
0.204346,0.850901
0.204468,-1.15807
0.20459,-1.22463
0.204712,0.442649
0.204834,-0.0245676
0.204956,-1.84691
0.205078,-1.27502
0.2052,-0.949211
0.205322,-1.10735
0.205444,-1.16128
0.205566,-0.714405
0.205688,-0.201302
0.205811,1.45649
0.205933,1.73513
0.206055,1.83683
0.206177,1.03904
0.206299,1.39618
0.206421,1.98913
0.206543,0.823957
0.206665,-0.944205
0.206787,0.955377
0.206909,1.85452
0.207031,0.00603491
0.207153,-1.97148
0.207275,-0.873351
0.207397,0.577655
0.20752,-0.901704
0.207642,-2.09592
0.207764,-0.737955
0.207886,1.40254
0.208008,-0.646696
0.20813,-1.95614
0.208252,-0.310765
0.208374,0.740331
0.208496,-0.411556
0.208618,-0.941484
0.20874,-0.976282
0.208862,-0.333039
0.208984,-1.22391
0.209106,-0.468907
0.209229,0.640411
0.209351,1.64686
0.209473,1.25465
0.209595,0.614888
0.209717,1.10454
0.209839,0.501572
0.209961,0.0117902
0.210083,-1.01297
0.210205,-0.988443
0.210327,0.905188
0.210449,0.534362
0.210571,0.0997284
0.210693,1.03733
0.210815,1.85601
0.210938,0.105286
0.21106,-0.660316
0.211182,0.0817292
0.211304,-0.33243
0.211426,-0.769086
0.211548,-0.634459
0.21167,0.302382
0.211792,-0.522843
0.211914,-2.14737
0.212036,-2.40038
0.212158,-0.839894
0.21228,-0.671259
0.212402,-0.329521
0.212524,1.01647
0.212646,2.03097
0.212769,0.340085
0.212891,0.333995
0.213013,1.65684
0.213135,2.00006
0.213257,-0.344501
0.213379,-1.09559
0.213501,0.171914
0.213623,0.200371
0.213745,-1.78442
0.213867,-1.10846
0.213989,0.719226
0.214111,0.0855385
0.214233,-1.43564
0.214355,-0.637441
0.214478,1.30775
0.2146,1.3576
0.214722,-0.436959
0.214844,-0.810703
0.214966,1.49522
0.215088,1.6239
0.21521,0.418297
0.215332,0
0.215454,0.846246
0.215576,0.884873
0.215698,-0.97973
0.21582,-1.70442
0.215942,-1.50044
0.216064,-0.275094
0.216187,-0.992736
0.216309,-2.99211
0.216431,-1.83046
0.216553,0.374682
0.216675,0.335209
0.216797,-1.19441
0.216919,-1.48877
0.217041,1.19765
0.217163,1.27996
0.217285,0.250182
0.217407,0.272154
0.217529,1.75895
0.217651,1.39692
0.217773,-0.199365
0.217896,-0.331951
0.218018,1.40942
0.21814,1.02704
0.218262,-0.904679
0.218384,-0.23146
0.218506,1.53605
0.218628,0.973535
0.21875,0.197814
0.218872,0.708141
0.218994,0.515506
0.219116,0.48213
0.219238,0.164202
0.21936,-0.360892
0.219482,-1.22365
0.219604,-1.31523
0.219727,-0.239891
0.219849,-0.0272337
0.219971,0.0272072
0.220093,0.125031
0.220215,1.15133
0.220337,0.292978
0.220459,-0.785931
0.220581,-1.01259
0.220703,-0.876361
0.220825,-0.42154
0.220947,-0.448124
0.221069,-0.242722
0.221191,0.0161656
0.221313,0.791344
0.221436,0.543181
0.221558,-0.274012
0.22168,-0.273745
0.221802,1.34058
0.221924,1.54819
0.222046,0.454906
0.222168,1.01051
0.22229,1.36206
0.222412,-0.240128
0.222534,-1.59396
0.222656,-1.60306
0.222778,-0.0957703
0.2229,-1.25443
0.223022,-2.44269
0.223145,-1.13527
0.223267,0.572381
0.223389,0.45534
0.223511,-1.95182
0.223633,0.110971
0.223755,2.37035
0.223877,1.15501
0.223999,-0.990547
0.224121,-0.573746
0.224243,1.53551
0.224365,0.13659
0.224487,-1.53776
0.224609,-1.13253
0.224731,0.408571
0.224854,-0.4762
0.224976,-1.82452
0.225098,-1.6295
0.22522,-0.250448
0.225342,-1.16762
0.225464,-1.95801
0.225586,-0.811574
0.225708,0.899136
0.22583,1.65633
0.225952,1.11006
0.226074,0.487119
0.226196,1.36674
0.226318,2.28085
0.22644,0.413357
0.226563,0.0722668
0.226685,0.691021
0.226807,1.56101
0.226929,0.746288
0.227051,-0.868962
0.227173,-0.688327
0.227295,-0.595284
0.227417,-0.697238
0.227539,-1.28044
0.227661,-1.29965
0.227783,-0.153352
0.227905,0.127669
0.228027,-0.540788
0.228149,-0.499486
0.228271,-0.0763773
0.228394,-0.559554
0.228516,-0.35065
0.228638,-0.472154
0.22876,-0.867307
0.228882,-1.42383
0.229004,-0.0253104
0.229126,0.308485
0.229248,-0.389019
0.22937,0.227127
0.229492,0.857197
0.229614,1.15861
0.229736,0.830362
0.229858,-0.326793
0.22998,-0.180817
0.230103,-0.762702
0.230225,-0.641649
0.230347,0.405647
0.230469,0.805499
0.230591,0.669761
0.230713,0.49434
0.230835,0.274365
0.230957,0.0847211
0.231079,0.0398298
0.231201,-0.134294
0.231323,-0.208699
0.231445,-0.486488
0.231567,0.14382
0.231689,-0.549947
0.231812,-1.32155
0.231934,-0.405474
0.232056,-0.172899
0.232178,-2.01848
0.2323,-1.4298
0.232422,0.807787
0.232544,1.96829
0.232666,0.958605
0.232788,-0.476379
0.23291,1.34433
0.233032,2.04394
0.233154,0.519056
0.233276,-1.56543
0.233398,-0.0293232
0.233521,1.79185
0.233643,-1.05845
0.233765,-2.81167
0.233887,-0.399188
0.234009,1.11858
0.234131,-0.748232
0.234253,-2.14057
0.234375,-0.344291
0.234497,1.55022
0.234619,0.672719
0.234741,-0.681733
0.234863,-0.207701
0.234985,1.46214
0.235107,1.24378
0.235229,0.534591
0.235352,0.26944
0.235474,0.658523
0.235596,0.485006
0.235718,-0.551696
0.23584,-2.31965
0.235962,-2.0732
0.236084,-0.473549
0.236206,-0.936616
0.236328,-1.98121
0.23645,-1.33541
0.236572,0.14294
0.236694,-0.185641
0.236816,-1.20311
0.236938,-0.437068
0.237061,0.773614
0.237183,0.706478
0.237305,-0.255789
0.237427,0.137234
0.237549,1.61211
0.237671,1.02016
0.237793,-0.655854
0.237915,-0.556224
0.238037,0.871195
0.238159,0.780958
0.238281,-0.239699
0.238403,0.00469539
0.238525,0.919398
0.238647,0.881011
0.23877,0.543072
0.238892,0.308687
0.239014,0.551357
0.239136,0.756209
0.239258,-0.443023
0.23938,-1.15074
0.239502,-0.795885
0.239624,-0.255737
0.239746,-0.538845
0.239868,-0.167065
0.23999,0.431162
0.240112,0.722534
0.240234,0.291508
0.240356,-0.901406
0.240479,-0.766601
0.240601,-0.853511
0.240723,-0.838851
0.240845,-0.925519
0.240967,0.0322005
0.241089,0.307904
0.241211,0.647345
0.241333,0.0183465
0.241455,-0.105389
0.241577,-0.146485
0.241699,0.439027
0.241821,0.292399
0.241943,0.451864
0.242065,1.49106
0.242188,1.16162
0.24231,0.150181
0.242432,-1.31393
0.242554,-0.903867
0.242676,-0.376622
0.242798,-0.852239
0.24292,-1.42203
0.243042,-1.07679
0.243164,-0.103958
0.243286,0.31157
0.243408,-0.956354
0.24353,-1.29342
0.243652,1.43173
0.243774,1.77667
0.243896,-0.642573
0.244019,-0.794576
0.244141,0.5292
0.244263,0.900554
0.244385,-0.42522
0.244507,-1.59637
0.244629,-0.312708
0.244751,0.129424
0.244873,-1.47132
0.244995,-1.03337
0.245117,-0.320389
0.245239,-0.982457
0.245361,-1.3057
0.245483,-1.17132
0.245605,0.385627
0.245728,1.10262
0.24585,1.66337
0.245972,1.23747
0.246094,0.847722
0.246216,1.27916
0.246338,1.20741
0.24646,0.264138
0.246582,0.0527761
0.246704,0.114237
0.246826,1.09297
0.246948,0.122784
0.24707,-0.792935
0.247192,-0.547073
0.247314,-0.179265
0.247437,-0.843032
0.247559,-1.26113
0.247681,-0.283369
0.247803,0.304869
0.247925,-0.60044
0.248047,-1.39097
0.248169,0.686119
0.248291,0.377431
0.248413,-1.01417
0.248535,-0.72741
0.248657,0.112465
0.248779,-0.181498
0.248901,-1.4851
0.249023,-0.54343
0.249146,0.960847
0.249268,0.163572
0.24939,-0.275221
0.249512,0.82056
0.249634,1.21032
0.249756,0.0600284
0.249878,-0.432639
0.25,0.119823
0.250122,0.00855041
0.250244,-0.316056
0.250366,-0.648562
0.250488,0.959106
0.25061,1.69915
0.250732,0.416929
0.250854,-0.845794
0.250977,0.182581
0.251099,0.674467
0.251221,-0.724662
0.251343,-1.35054
0.251465,-0.0253771
0.251587,1.03945
0.251709,-0.624748
0.251831,-2.19292
0.251953,-0.775198
0.252075,0.168357
0.252197,-1.3077
0.252319,-1.61307
0.252441,1.17925
0.252563,1.6225
0.252686,0.301566
0.252808,0.12553
0.25293,1.42964
0.253052,2.08391
0.253174,0.158539
0.253296,-1.27125
0.253418,0.603772
0.25354,0.836136
0.253662,-1.32155
0.253784,-1.97624
0.253906,-0.058068
0.254028,1.45857
0.25415,-0.823785
0.254272,-1.53016
0.254395,0.132209
0.254517,1.27127
0.254639,-0.0700992
0.254761,-0.943356
0.254883,0.452698
0.255005,1.37733
0.255127,0.406633
0.255249,0.0492408
0.255371,0.799381
0.255493,0.991084
0.255615,-0.135016
0.255737,-1.28344
0.255859,-1.38428
0.255981,-1.12184
0.256104,-0.680599
0.256226,-1.2133
0.256348,-1.14703
0.25647,-0.195049
0.256592,-0.101489
0.256714,-1.02606
0.256836,-0.59559
0.256958,0.425006
0.25708,0.20623
0.257202,-0.432256
0.257324,0.14529
0.257446,1.43132
0.257568,0.89018
0.25769,-0.221322
0.257813,-0.0763819
0.257935,0.710864
0.258057,0.565728
0.258179,-0.396826
0.258301,-0.568629
0.258423,0.604079
0.258545,0.975174
0.258667,-0.243556
0.258789,-0.211407
0.258911,0.681422
0.259033,0.979334
0.259155,0.107383
0.259277,-1.08868
0.259399,-0.488235
0.259521,-0.23
0.259644,-0.685364
0.259766,-0.664906
0.259888,0.391437
0.26001,0.331805
0.260132,-0.213095
0.260254,-0.141924
0.260376,-0.508066
0.260498,-0.826277
0.26062,-0.617138
0.260742,-0.903205
0.260864,-0.702243
0.260986,-0.258675
0.261108,0.281915
0.26123,0.0195583
0.261353,0.132867
0.261475,-0.296707
0.261597,-0.265215
0.261719,0.627323
0.261841,1.11329
0.261963,0.206107
0.262085,0.508937
0.262207,1.68445
0.262329,0.275298
0.262451,-1.7199
0.262573,-1.55182
0.262695,0.324752
0.262817,-0.251051
0.262939,-2.00645
0.263062,-1.95823
0.263184,0.346592
0.263306,1.09262
0.263428,-1.04159
0.26355,-1.35927
0.263672,1.46536
0.263794,2.25337
0.263916,-0.704448
0.264038,-2.05773
0.26416,0.863558
0.264282,1.30552
0.264404,-0.922891
0.264526,-1.63825
0.264648,-0.0304492
0.264771,0.581774
0.264893,-1.13202
0.265015,-1.68878
0.265137,-0.826507
0.265259,0.272708
0.265381,-0.64705
0.265503,-1.46295
0.265625,0.00377661
0.265747,1.41859
0.265869,1.18729
0.265991,0.331363
0.266113,0.504083
0.266235,1.07859
0.266357,0.886056
0.266479,-0.202544
0.266602,-0.453405
0.266724,0.827311
0.266846,1.33138
0.266968,-0.227907
0.26709,-0.791298
0.267212,0.0969513
0.267334,-0.00372523
0.267456,-1.03833
0.267578,-1.49463
0.2677,-0.479152
0.267822,0.512081
0.267944,-0.696937
0.268066,-0.840693
0.268188,0.584581
0.268311,0.00369627
0.268433,-0.937935
0.268555,-0.630828
0.268677,-0.213756
0.268799,-0.169365
0.268921,-0.573809
0.269043,-0.161685
0.269165,0.245963
0.269287,0.304403
0.269409,0.685153
0.269531,0.772333
0.269653,0.965388
0.269775,0.0036532
0.269897,-0.364964
0.27002,-0.0255225
0.270142,0.440744
0.270264,-0.00363895
0.270386,-0.294468
0.270508,0.613784
0.27063,1.02318
0.270752,0.239235
0.270874,-0.0506973
0.270996,0.108531
0.271118,0.00722834
0.27124,-0.324958
0.271362,-0.108213
0.271484,0.0432432
0.271606,0
0.271729,-1.06458
0.271851,-0.679087
0.271973,0.0179478
0.272095,-0.749483
0.272217,-1.35778
0.272339,-0.332851
0.272461,1.10127
0.272583,1.27523
0.272705,0.1249
0.272827,0.18182
0.272949,1.3641
0.273071,1.03898
0.273193,-0.508317
0.273315,-0.795467
0.273438,0.996912
0.27356,0.0425312
0.273682,-1.52609
0.273804,-1.00814
0.273926,0.332186
0.274048,0.194175
0.27417,-1.05457
0.274292,-0.599005
0.274414,0.858909
0.274536,0.879171
0.274658,-0.516448
0.27478,-0.519454
0.274902,1.0975
0.275024,0.840714
0.275146,-0.223971
0.275269,0.464986
0.275391,1.10021
0.275513,0.422207
0.275635,-0.526372
0.275757,-1.35818
0.275879,-1.08548
0.276001,-0.643007
0.276123,-1.08684
0.276245,-1.71365
0.276367,-0.547556
0.276489,0.110789
0.276611,-0.121057
0.276733,-0.663438
0.276855,-0.100109
0.276978,0.682836
0.2771,0.416881
0.277222,0.0206516
0.277344,0.103157
0.277466,0.5462
0.277588,1.00897
0.27771,-0.0137141
0.277832,-0.441847
0.277954,0.338761
0.278076,0.471751
0.278198,-0.0785484
0.27832,-0.0341182
0.278442,0.429469
0.278564,0.412024
0.278687,0.156484
0.278809,0.985569
0.278931,0.278406
0.279053,-0.278134
0.279175,0.199926
0.279297,-0.287748
0.279419,-1.53879
0.279541,-0.712897
0.279663,-0.114762
0.279785,-0.0775576
0.279907,-0.195389
0.280029,0.127889
0.280151,0.62537
0.280273,-0.339251
0.280396,-0.607371
0.280518,-0.593369
0.28064,-0.29472
0.280762,-0.598903
0.280884,-0.611688
0.281006,0.0500895
0.281128,0.560454
0.28125,0.276621
0.281372,-0.552702
0.281494,-0.648624
0.281616,0.485163
0.281738,1.04241
0.28186,0.122712
0.281982,0.225305
0.282104,1.15522
0.282227,0.92261
0.282349,-0.521972
0.282471,-0.996719
0.282593,-0.402255
0.282715,-0.111994
0.282837,-1.01355
0.282959,-1.35446
0.283081,-0.0985295
0.283203,0.374047
0.283325,-0.104893
0.283447,-0.704063
0.283569,0.866951
0.283691,1.37923
0.283813,-0.362429
0.283936,-1.03404
0.284058,0.439932
0.28418,0.937606
0.284302,-0.191892
0.284424,-1.05275
0.284546,-0.220732
0.284668,0.132958
0.28479,-0.375808
0.284912,-1.25578
0.285034,-0.66608
0.285156,-0.484536
0.285278,-1.01331
0.2854,-0.786641
0.285522,0.119169
0.285645,0.289588
0.285767,0.176798
0.285889,1.0726
0.286011,1.04268
0.286133,0.788456
0.286255,0.429065
0.286377,0.300692
0.286499,0.169374
0.286621,0.504432
0.286743,-0.0924953
0.286865,-0.0446093
0.286987,-0.388359
0.287109,-0.368899
0.287231,-0.254165
0.287354,-0.517355
0.287476,-0.520021
0.287598,-0.367461
0.28772,-0.23735
0.287842,-0.0126463
0.287964,-0.132657
0.288086,0.126217
0.288208,0.271101
0.28833,-0.774717
0.288452,-0.317765
0.288574,0.204302
0.288696,-0.166422
0.288818,-0.994423
0.28894,-0.586043
0.289063,0.635564
0.289185,0.278374
0.289307,0.256229
0.289429,0.805399
0.289551,0.704816
0.289673,0.376989
0.289795,-0.603838
0.289917,-0.0653001
0.290039,-0.00931948
0.290161,0.114828
0.290283,-0.136419
0.290405,0.0712404
0.290527,0.8262
0.290649,0.698648
0.290771,0.00617668
0.290894,-0.262253
0.291016,0.0708933
0.291138,0.372597
0.29126,-0.686016
0.291382,-0.599294
0.291504,0.448264
0.291626,0.0736153
0.291748,-1.14299
0.29187,-1.08371
0.291992,-0.345592
0.292114,-0.436915
0.292236,-0.848557
0.292358,0.109778
0.29248,0.862134
0.292603,0.967813
0.292725,0.404382
0.292847,0.419175
0.292969,0.986223
0.293091,0.660882
0.293213,-0.357376
0.293335,-0.181539
0.293457,0.051386
0.293579,-0.480141
0.293701,-0.923142
0.293823,-0.322483
0.293945,-0.1656
0.294067,-0.171455
0.294189,-0.495832
0.294312,-0.252177
0.294434,0.395892
0.294556,0.104869
0.294678,-0.21552
0.2948,-0.0897122
0.294922,0.663222
0.295044,0.656605
0.295166,0.253441
0.295288,0.0804262
0.29541,0.571361
0.295532,0.499453
0.295654,-0.582126
0.295776,-1.32631
0.295898,-0.844808
0.296021,-0.222101
0.296143,-0.967414
0.296265,-1.1704
0.296387,-0.0118107
0.296509,0.0943936
0.296631,-0.22986
0.296753,-0.488711
0.296875,-0.252941
0.296997,0.252694
0.297119,0.261253
0.297241,0.214077
0.297363,0.336916
0.297485,0.971712
0.297607,0.426902
0.297729,-0.222006
0.297852,0.172179
0.297974,0.653057
0.298096,0.0786399
0.298218,-0.352079
0.29834,0.53487
0.298462,0.847987
0.298584,0.171173
0.298706,-0.101444
0.298828,0.605174
0.29895,0.595905
0.299072,0.0953674
0.299194,-0.50813
0.299316,-0.449948
0.299438,-0.374591
0.299561,-0.276351
0.299683,-0.345101
0.299805,0.419463
0.299927,0.264061
0.300049,0.11183
0.300171,-0.0744805
0.300293,0.134506
0.300415,-0.105785
0.300537,-0.511269
0.300659,-0.556426
0.300781,-0.567285
0.300903,0.139547
0.301025,0.0597475
0.301147,0.153486
0.30127,-0.227165
0.301392,-0.127656
0.301514,-0.201216
0.301636,0.118913
0.301758,0.418617
0.30188,0.618836
0.302002,0.750912
0.302124,0.628909
0.302246,0.0197223
0.302368,-0.613608
0.30249,-0.461163
0.302612,-0.412956
0.302734,-0.780203
0.302856,-1.08785
0.302979,-0.63863
0.303101,-0.0587638
0.303223,0.125799
0.303345,-0.156398
0.303467,-0.3097
0.303589,0.967215
0.303711,0.640468
0.303833,-0.325485
0.303955,-0.169532
0.304077,0.663583
0.304199,0.257962
0.304321,-0.46277
0.304443,-0.603506
0.304565,0.257208
0.304688,0.350898
0.30481,-0.80048
0.304932,-1.03961
0.305054,-0.173558
0.305176,-0.165132
0.305298,-0.844101
0.30542,-0.83229
0.305542,-0.170137
0.305664,0.770353
0.305786,0.54502
0.305908,0.399474
0.30603,0.718898
0.306152,0.819235
0.306274,0.567449
0.306396,-0.128096
0.306519,0.285893
0.306641,0.677314
0.306763,0.41034
0.306885,-0.260624
0.307007,-0.496329
0.307129,0.0948336
0.307251,-0.024362
0.307373,-0.708512
0.307495,-0.5052
0.307617,-0.0539794
0.307739,0.380183
0.307861,-0.622245
0.307983,-0.699679
0.308105,0.314548
0.308228,0.0402873
0.30835,-1.06523
0.308472,-0.479824
0.308594,-0.077661
0.308716,-0.33977
0.308838,-1.06375
0.30896,-0.216281
0.309082,0.530838
0.309204,0.154565
0.309326,0.268894
0.309448,0.367042
0.30957,0.866223
0.309692,0.0106181
0.309814,-0.609946
0.309937,0.12452
0.310059,0.119104
0.310181,-0.214179
0.310303,-0.216611
0.310425,0.319322
0.310547,0.456105
0.310669,0.50307
0.310791,0.371014
0.310913,0.0657184
0.311035,0.031514
0.311157,0.0550957
0.311279,-0.233273
0.311401,-0.314218
0.311523,0.0627823
0.311646,-0.101922
0.311768,-0.866794
0.31189,-0.678152
0.312012,-0.349168
0.312134,-0.697654
0.312256,-0.408302
0.312378,0.1377
0.3125,0.63332
0.312622,0.598992
0.312744,0.121754
0.312866,0.421841
0.312988,0.912665
0.31311,0.139478
0.313232,-0.810248
0.313354,0.0412463
0.313477,0.51765
0.313599,-0.290733
0.313721,-0.832793
0.313843,-0.100146
0.313965,0.333493
0.314087,-0.361359
0.314209,-0.476221
0.314331,0.322286
0.314453,0.275976
0.314575,-0.191463
0.314697,-0.0459062
0.314819,0.438231
0.314941,0.223993
0.315063,0.480605
0.315186,0.419167
0.315308,0.19542
0.31543,-0.126772
0.315552,-0.0835881
0.315674,-0.602259
0.315796,-1.03144
0.315918,-0.611186
0.31604,-0.734221
0.316162,-1.04606
0.316284,-0.627025
0.316406,0.0880501
0.316528,-0.0226193
0.31665,-0.821034
0.316772,-0.529263
0.316895,0.433522
0.317017,0.342974
0.317139,-0.107544
0.317261,0.277342
0.317383,0.446809
0.317505,0.755592
0.317627,-0.0722468
0.317749,-0.303638
0.317871,0.166589
0.317993,0.491828
0.318115,-0.124078
0.318237,-0.11404
0.318359,0.428471
0.318481,0.700226
0.318604,0.222469
0.318726,0.380298
0.318848,0.310849
0.31897,0.10598
0.319092,-0.110801
0.319214,-0.290261
0.319336,-0.540637
0.319458,-0.382986
0.31958,-0.397328
0.319702,-0.107811
0.319824,0.261921
0.319946,0.249438
0.320068,-0.136813
0.32019,-0.0048814
0.320313,0.0268215
0.320435,-0.418981
0.320557,-0.790906
0.320679,-0.449769
0.320801,-0.199162
0.320923,0.038823
0.321045,-0.0969628
0.321167,0.104133
0.321289,0.396772
0.321411,-0.0725094
0.321533,-0.362193
0.321655,0.0940782
0.321777,0.7784
0.321899,0.455028
0.322021,-0.093803
0.322144,0.3364
0.322266,0.480103
0.322388,-0.659497
0.32251,-0.975102
0.322632,-0.232169
0.322754,-0.153034
0.322876,-0.836087
0.322998,-0.708787
0.32312,-0.321861
0.323242,0.33822
0.323364,-0.221294
0.323486,-0.30428
0.323608,0.543844
0.32373,0.733117
0.323853,0.0426641
0.323975,-0.461744
0.324097,0.395056
0.324219,0.288322
0.324341,-0.727185
0.324463,-0.445791
0.324585,0.103681
0.324707,-0.0941633
0.324829,-0.630278
0.324951,-0.462849
0.325073,-0.232372
0.325195,-0.576847
0.325317,-0.5552
0.325439,-0.42828
0.325562,0.123916
0.325684,0.425109
0.325806,0.5227
0.325928,0.578139
0.32605,0.507707
0.326172,0.649137
0.326294,0.49277
0.326416,0.0162548
0.326538,0.211106
0.32666,0.296651
0.326782,0.384344
0.326904,-0.0532005
0.327026,-0.335067
0.327148,-0.281643
0.327271,-0.35517
0.327393,-0.451593
0.327515,-0.522508
0.327637,0.0114978
0.327759,0.126352
0.327881,-0.424587
0.328003,-0.22699
0.328125,0.0984952
0.328247,-0.139589
0.328369,-0.393212
0.328491,-0.408815
0.328613,-0.171124
0.328735,-0.28037
0.328857,-0.412174
0.328979,0.313947
0.329102,0.268186
0.329224,0.129421
0.329346,0.174661
0.329468,0.582391
0.32959,0.355432
0.329712,0.128916
0.329834,-0.343441
0.329956,-0.257329
0.330078,-0.173641
0.3302,0.130667
0.330322,-0.137291
0.330444,0.197866
0.330566,0.33245
0.330688,0.430865
0.330811,0.114337
0.330933,-0.0963075
0.331055,-0.0290878
0.331177,-0.0380008
0.331299,0.0267979
0.331421,0.131628
0.331543,-0.0690928
0.331665,-0.596736
0.331787,-0.600602
0.331909,-0.342231
0.332031,-0.379639
0.332153,-0.516781
0.332275,-0.019942
0.332397,0.228002
0.33252,0.701032
0.332642,0.329185
0.332764,0.0573857
0.332886,0.597551
0.333008,0.80844
0.33313,-0.158449
0.333252,-0.571619
0.333374,0.448064
0.333496,0.0789929
0.333618,-0.697089
0.33374,-0.567201
0.333862,0.177214
0.333984,0.332225
0.334106,-0.663802
0.334229,-0.667517
0.334351,0.348688
0.334473,0.555178
0.334595,-0.356707
0.334717,-0.212946
0.334839,0.714194
0.334961,0.637593
0.335083,0.168992
0.335205,0.175321
0.335327,0.464903
0.335449,0.345636
0.335571,-0.418675
0.335693,-0.513131
0.335815,-0.609556
0.335938,-0.449727
0.33606,-0.752397
0.336182,-0.695825
0.336304,-0.489176
0.336426,0.135035
0.336548,-0.214132
0.33667,-0.432125
0.336792,0.0384687
0.336914,0.0640518
0.337036,0.0597233
0.337158,-0.132115
0.33728,0.410861
0.337402,0.431727
0.337524,0.172098
0.337646,-0.0700454
0.337769,0.0890616
0.337891,0.319885
0.338013,0.0529094
0.338135,-0.274861
0.338257,0.255582
0.338379,0.430478
0.338501,0.263516
0.338623,0.151637
0.338745,0.481819
0.338867,0.367843
0.338989,0.0755967
0.339111,-0.125871
0.339233,-0.0796408
0.339355,-0.282658
0.339478,-0.51038
0.3396,-0.376142
0.339722,0.0396651
0.339844,0.275299
0.339966,0.112513
0.340088,0.168604
0.34021,-0.0187155
0.340332,-0.282536
0.340454,-0.392259
0.340576,-0.246737
0.340698,-0.120141
0.34082,-0.107607
0.340942,-0.215005
0.341064,-0.144573
0.341187,-0.039203
0.341309,0.0412261
0.341431,-0.137973
0.341553,-0.125494
0.341675,0.439829
0.341797,0.447612
0.341919,0.328202
0.342041,0.428296
0.342163,0.38898
0.342285,-0.294518
0.342407,-0.735576
0.342529,-0.528689
0.342651,-0.14071
0.342773,-0.26281
0.342896,-0.700143
0.343018,-0.557128
0.34314,0.268135
0.343262,0.0223228
0.343384,-0.352762
0.343506,0.180259
0.343628,0.663678
0.34375,0.216293
0.343872,-0.377639
0.343994,0.00201748
0.344116,0.28822
0.344238,-0.0442982
0.34436,-0.277599
0.344482,-0.00602887
0.344604,-0.0562146
0.344727,-0.334952
0.344849,-0.577079
0.344971,-0.0520465
0.345093,-0.423965
0.345215,-0.545422
0.345337,-0.423138
0.345459,-0.147555
0.345581,0.0298806
0.345703,0.513444
0.345825,0.705794
0.345947,0.464774
0.346069,0.277798
0.346191,0.82267
0.346313,0.404002
0.346436,-0.209718
0.346558,-0.110686
0.34668,0.649646
0.346802,0.209104
0.346924,-0.498601
0.347046,-0.565055
0.347168,0.194724
0.34729,-0.159164
0.347412,-0.62622
0.347534,-0.641298
0.347656,0.199843
0.347778,0.240751
0.3479,-0.410638
0.348022,-0.459075
0.348145,0.232241
0.348267,-0.0233964
0.348389,-0.438254
0.348511,-0.363882
0.348633,-0.159408
0.348755,-0.190325
0.348877,-0.118352
0.348999,-0.0465193
0.349121,0.319509
0.349243,0.323066
0.349365,0.436776
0.349487,0.276097
0.349609,0.140807
0.349731,0.0790063
0.349854,0.0423523
0.349976,-0.275021
0.350098,-0.215191
0.35022,0.174672
0.350342,0.460223
0.350464,0.331421
0.350586,-0.040191
0.350708,0.0783915
0.35083,0.177641
0.350952,0.137394
0.351074,-0.13726
0.351196,-0.0971312
0.351318,-0.136993
0.35144,0.0133057
0.351563,-0.208886
0.351685,-0.362348
0.351807,-0.394213
0.351929,-0.35596
0.352051,-0.622323
0.352173,-0.442193
0.352295,0.218993
0.352417,0.388521
0.352539,0.463509
0.352661,-0.0414116
0.352783,0.199334
0.352905,0.670686
0.353027,0.478594
0.353149,-0.305626
0.353271,-0.0468294
0.353394,0.447252
0.353516,-0.3496
0.353638,-0.902097
0.35376,-0.108221
0.353882,0.36349
0.354004,-0.126632
0.354126,-0.639983
0.354248,-0.193294
0.35437,0.703721
0.354492,0.231872
0.354614,-0.455878
0.354736,0.0388784
0.354858,0.73242
0.35498,0.234663
0.355103,0.123678
0.355225,0.171505
0.355347,0.595074
0.355469,0.250313
0.355591,-0.43762
0.355713,-0.626398
0.355835,-0.29913
0.355957,-0.330005
0.356079,-0.747281
0.356201,-0.773999
0.356323,-0.0932279
0.356445,0.102268
0.356567,-0.293733
0.356689,-0.380934
0.356812,-0.0218505
0.356934,0.487517
0.357056,0.227165
0.357178,-0.0344953
0.3573,0.337362
0.357422,0.588901
0.357544,0.139388
0.357666,-0.217016
0.357788,0.0126469
0.35791,0.404306
0.358032,-0.0108191
0.358154,-0.308042
0.358276,0.309541
0.358398,0.456667
0.358521,0.073642
0.358643,0.0520374
0.358765,0.57006
0.358887,0.431605
0.359009,-0.382877
0.359131,-0.47366
0.359253,0.144638
0.359375,-0.058869
0.359497,-0.654056
0.359619,-0.685465
0.359741,0.29882
0.359863,0.440685
0.359985,0.0497062
0.360107,-0.196857
0.360229,0.379156
0.360352,0.0548708
0.360474,-0.62421
0.360596,-0.522906
0.360718,-0.164131
0.36084,0.0881563
0.360962,-0.128583
0.361084,-0.0791859
0.361206,0.237326
0.361328,-0.00175625
0.36145,-0.0315817
0.361572,0.0140226
0.361694,0.404508
0.361816,0.346382
0.361938,0.125834
0.362061,0.331739
0.362183,0.287808
0.362305,-0.219566
0.362427,-0.553601
0.362549,-0.358272
0.362671,-0.00347498
0.362793,-0.340215
0.362915,-0.645084
0.363037,-0.155916
0.363159,0.195571
0.363281,-0.24725
0.363403,-0.260828
0.363525,0.284732
0.363647,0.694758
0.36377,0.172228
0.363892,-0.388856
0.364014,0.0464109
0.364136,0.341732
0.364258,0.0051467
0.36438,-0.335923
0.364502,-0.174647
0.364624,0.068422
0.364746,-0.230699
0.364868,-0.703372
0.36499,-0.417859
0.365112,-0.178908
0.365234,-0.347253
0.365356,-0.601997
0.365479,0.0747515
0.365601,0.558392
0.365723,0.55276
0.365845,-0.0271028
0.365967,0.0321532
0.366089,0.879123
0.366211,0.560739
0.366333,-0.146797
0.366455,-0.0657414
0.366577,0.505209
0.366699,0.178333
0.366821,-0.268919
0.366943,-0.228358
0.367065,0.115745
0.367188,-0.0854672
0.36731,-0.688093
0.367432,-0.337857
0.367554,0.145371
0.367676,0.263749
0.367798,-0.448602
0.36792,-0.431504
0.368042,0.036617
0.368164,0.121383
0.368286,-0.327249
0.368408,-0.265527
0.36853,0.0248688
0.368652,0.0530018
0.368774,-0.337556
0.368896,-0.112409
0.369019,0.0660583
0.369141,0.21943
0.369263,0.285145
0.369385,0.302979
0.369507,0.329004
0.369629,0.210357
0.369751,0.0673142
0.369873,-0.0885712
0.369995,-0.309697
0.370117,-0.176797
0.370239,0.0654164
0.370361,0.220565
0.370483,0.270948
0.370605,0.123928
0.370728,0.104258
0.37085,0.206685
0.370972,0.112184
0.371094,-0.0893348
0.371216,-0.0892476
0.371338,0.00486329
0.37146,-0.0437269
0.371582,-0.210332
0.371704,-0.494605
0.371826,-0.247061
0.371948,-0.261339
0.37207,-0.836435
0.372192,-0.412174
0.372314,0.482545
0.372437,0.530281
0.372559,-0.0240802
0.372681,-0.24217
0.372803,0.661714
0.372925,0.725094
0.373047,-0.0687607
0.373169,-0.591084
0.373291,0.188324
0.373413,0.443245
0.373535,-0.453963
0.373657,-0.878396
0.373779,0.244821
0.373901,0.431988
0.374023,-0.423633
0.374146,-0.668909
0.374268,0.106098
0.37439,0.626472
0.374512,-0.0948274
0.374634,-0.451569
0.374756,0.285504
0.374878,0.60512
0.375,-0.0409316
0.375122,-0.0959382
0.375244,0.245111
0.375366,0.433234
0.375488,-0.0925213
0.37561,-0.53892
0.375732,-0.588477
0.375854,-0.217336
0.375977,-0.432686
0.376099,-0.819272
0.376221,-0.380395
0.376343,-0.0373794
0.376465,0.0264512
0.376587,-0.214512
0.376709,-0.425499
0.376831,0.0915327
0.376953,0.212335
0.377075,0.0526447
0.377197,0.0123749
0.377319,0.332251
0.377441,0.314944
0.377563,0.0493548
0.377686,0.0693375
0.377808,0.224742
0.37793,0.221447
0.378052,-0.201259
0.378174,0.118182
0.378296,0.348065
0.378418,0.150119
0.37854,0.235672
0.378662,0.246144
0.378784,0.248958
0.378906,-0.117491
0.379028,0.0152437
0.37915,-0.0395949
0.379272,-0.310365
0.379395,-0.282703
0.379517,-0.242948
0.379639,-0.0257881
0.379761,0.251567
0.379883,-0.0151398
0.380005,0.0287376
0.380127,0.140526
0.380249,-0.0739682
0.380371,-0.349875
0.380493,-0.370626
0.380615,0.0587004
0.380737,-0.166907
0.380859,-0.229837
0.380981,-0.0435214
0.381104,0.160422
0.381226,0.14379
0.381348,-0.190036
0.38147,-0.0328875
0.381592,0.189665
0.381714,0.449083
0.381836,0.183333
0.381958,0.230804
0.38208,0.327273
0.382202,0.147129
0.382324,-0.313272
0.382446,-0.624449
0.382568,-0.28747
0.38269,0.115468
0.382813,-0.362334
0.382935,-0.815563
0.383057,-0.256829
0.383179,0.60458
0.383301,-0.0662916
0.383423,-0.607816
0.383545,0.249946
0.383667,0.650695
0.383789,-0.0851094
0.383911,-0.447121
0.384033,0.0966597
0.384155,0.443323
0.384277,-0.406348
0.384399,-0.620609
0.384521,-0.0656474
0.384644,0.204037
0.384766,-0.256253
0.384888,-0.612371
0.38501,-0.37927
0.385132,-0.0101621
0.385254,-0.18999
0.385376,-0.507112
0.385498,-0.205542
0.38562,0.52926
0.385742,0.671764
0.385864,0.101027
0.385986,0.0793009
0.386108,0.53872
0.38623,0.33817
0.386353,-0.162451
0.386475,0.0574486
0.386597,0.371616
0.386719,0.17631
0.386841,-0.294995
0.386963,-0.246066
0.387085,0.0114337
0.387207,0
0.387329,-0.413665
0.387451,-0.414686
0.387573,-0.15233
0.387695,0.133692
0.387817,-0.0554139
0.387939,-0.232795
0.388062,0.00567238
0.388184,-0.0722523
0.388306,-0.0863351
0.388428,-0.0876647
0.38855,-0.120068
0.388672,-0.327396
0.388794,-0.348223
0.388916,0.0380277
0.389038,0.157591
0.38916,0.104021
0.389282,0.182561
0.389404,0.270768
0.389526,0.297134
0.389648,-0.0434064
0.389771,-0.100716
0.389893,-0.0167697
0.390015,-0.17591
0.390137,-0.228739
0.390259,0.0418016
0.390381,0.338262
0.390503,0.293431
0.390625,0.0569617
0.390747,0.00693977
0.390869,0.062397
0.390991,-0.0664918
0.391113,-0.0498202
0.391235,-0.00414762
0.391357,0.0676785
0.391479,-0.053814
0.391602,-0.255022
0.391724,-0.247888
0.391846,-0.217378
0.391968,-0.302382
0.39209,-0.339162
0.392212,-0.0150896
0.392334,0.359057
0.392456,0.377874
0.392578,0.15319
0.3927,0.159873
0.392822,0.460039
0.392944,0.294574
0.393066,-0.145781
0.393188,-0.133389
0.393311,0.293712
0.393433,-0.0380367
0.393555,-0.675849
0.393677,-0.322681
0.393799,0.0758508
0.393921,-0.0297694
0.394043,-0.406903
0.394165,-0.0499691
0.394287,0.352141
0.394409,0.176572
0.394531,0.0727145
0.394653,0.0524648
0.394775,0.534887
0.394897,0.206764
0.39502,0.0415808
0.395142,0.195641
0.395264,0.270417
0.395386,0.102979
0.395508,0.016033
0.39563,-0.515226
0.395752,-0.518723
0.395874,-0.293079
0.395996,-0.28747
0.396118,-0.485296
0.39624,-0.309489
0.396362,0.00928888
0.396484,-0.0318165
0.396606,-0.238391
0.396729,-0.273882
0.396851,0.0621251
0.396973,0.190155
0.397095,0.0804731
0.397217,0.110707
0.397339,0.273865
0.397461,0.261759
0.397583,-0.0367945
0.397705,-0.185106
0.397827,0.112791
0.397949,0.0956478
0.398071,0.0222524
0.398193,0.109846
0.398315,0.0927552
0.398438,-0.0339335
0.39856,0.162983
0.398682,0.349094
0.398804,0.0221224
0.398926,-0.226208
0.399048,0.046756
0.39917,0.0441154
0.399292,-0.579421
0.399414,-0.445473
0.399536,0.165596
0.399658,0.0930566
0.39978,-0.148487
0.399902,0.0128993
0.400024,0.344075
0.400146,0.211136
0.400269,-0.335687
0.400391,-0.46128
0.400513,0.0205384
0.400635,-0.00256479
0.400757,-0.317723
0.400879,-0.298215
0.401001,0.221205
0.401123,0.291246
0.401245,-0.0906065
0.401367,-0.243506
0.401489,0.137555
0.401611,0.423714
0.401733,0.261862
0.401855,0
0.401978,0.352697
0.4021,0.361225
0.402222,-0.168407
0.402344,-0.387084
0.402466,-0.304563
0.402588,-0.0189377
0.40271,-0.203066
0.402832,-0.535521
0.402954,-0.347434
0.403076,0.259064
0.403198,0.250016
0.40332,-0.239731
0.403442,-0.129153
0.403564,0.375806
0.403687,0.347907
0.403809,-0.0237546
0.403931,-0.11491
0.404053,0.0399297
0.404175,0.0835213
0.404297,-0.234129
0.404419,-0.106997
0.404541,-0.0845199
0.404663,-0.10058
0.404785,-0.421775
0.404907,-0.268929
0.405029,-0.0841904
0.405151,-0.0964771
0.405273,-0.268142
0.405396,-0.239488
0.405518,0.228154
0.40564,0.377011
0.405762,0.355719
0.405884,0.183219
0.406006,0.393107
0.406128,0.485995
0.40625,0.099311
0.406372,-0.140859
0.406494,0.0795385
0.406616,0.312954
0.406738,0.141669
0.40686,-0.233037
0.406982,-0.237685
0.407104,-0.0243542
0.407227,-0.0267635
0.407349,-0.187161
0.407471,-0.223403
0.407593,-0.162537
0.407715,0.0569536
0.407837,-0.0762675
0.407959,-0.10401
0.408081,-0.11599
0.408203,-0.0639738
0.408325,-0.057882
0.408447,-0.142154
0.408569,-0.14683
0.408691,-0.104604
0.408813,-0.144141
0.408936,-0.1236
0.409058,0.0911111
0.40918,0.356903
0.409302,0.211779
0.409424,0.0334691
0.409546,0.107474
0.409668,0.156282
0.40979,0.0107265
0.409912,-0.252421
0.410034,-0.030927
0.410156,0.0641704
0.410278,0.136526
0.4104,0.109114
0.410522,0.236973
0.410645,0.0260416
0.410767,-0.00709532
0.410889,0.0259907
0.411011,-0.0401283
0.411133,-0.23346
0.411255,-0.0329824
0.411377,-0.056486
0.411499,-0.169293
0.411621,-0.276006
0.411743,-0.215896
0.411865,-0.162936
0.411987,-0.363028
0.412109,-0.365014
0.412231,0.0981771
0.412354,0.411007
0.412476,0.186639
0.412598,0.0501103
0.41272,0.325981
0.412842,0.480353
0.412964,0.0615832
0.413086,-0.249575
0.413208,0.0255129
0.41333,0.250246
0.413452,-0.188659
0.413574,-0.494891
0.413696,-0.131688
0.413818,0.138484
0.41394,0.00922323
0.414063,-0.406578
0.414185,-0.0460262
0.414307,0.251747
0.414429,0.0114841
0.414551,-0.0424497
0.414673,0.0630393
0.414795,0.250766
0.414917,0.152143
0.415039,0.0799971
0.415161,0.0285425
0.415283,0.163104
0.415405,0.205105
0.415527,-0.0512262
0.415649,-0.605016
0.415771,-0.426052
0.415894,-0.039726
0.416016,-0.261936
0.416138,-0.536954
0.41626,-0.131278
0.416382,0.0870566
0.416504,-0.0960076
0.416626,-0.296769
0.416748,0.00225459
0.41687,0.156541
0.416992,0.146263
0.417114,-0.006744
0.417236,-0.0011229
0.417358,0.397119
0.41748,0.122158
0.417603,-0.250794
0.417725,0.0548077
0.417847,0.388867
0.417969,0.156288
0.418091,-0.248701
0.418213,0.132585
0.418335,0.377333
0.418457,0.0889592
0.418579,-0.0188854
0.418701,0.127629
0.418823,0.148571
0.418945,0.0553827
0.419067,-0.181478
0.419189,-0.242103
0.419312,-0.142469
0.419434,-0.0915769
0.419556,-0.103612
0.419678,-0.0715769
0.4198,0.227722
0.419922,0.126389
0.420044,-0.0812492
0.420166,-0.141499
0.420288,-0.142457
0.42041,-0.200339
0.420532,-0.284357
0.420654,-0.16717
0.420776,0.0196479
0.420898,0.0348954
0.421021,-0.0108942
0.421143,0.0587711
0.421265,0.0347933
0.421387,-0.0238971
0.421509,0.141072
0.421631,0.278617
0.421753,0.204697
0.421875,0.110364
0.421997,0.122146
0.422119,0.247294
0.422241,0.0873853
0.422363,-0.4171
0.422485,-0.407002
0.422607,-0.0354973
0.422729,-0.105313
0.422852,-0.500286
0.422974,-0.331411
0.423096,0.153222
0.423218,0.0545922
0.42334,-0.307984
0.423462,0.0608957
0.423584,0.451469
0.423706,0.165271
0.423828,-0.272697
0.42395,-0.130894
0.424072,0.162661
0.424194,0.06054
0.424316,-0.286488
0.424438,-0.251228
0.424561,0.151437
0.424683,-0.205245
0.424805,-0.403748
0.424927,-0.315714
0.425049,-0.182492
0.425171,-0.0748226
0.425293,-0.274784
0.425415,-0.1178
0.425537,0.123989
0.425659,0.419892
0.425781,0.21918
0.425903,0.0618133
0.426025,0.290971
0.426147,0.386886
0.42627,0.00731233
0.426392,-0.0897494
0.426514,0.136578
0.426636,0.297887
0.426758,0.022892
0.42688,-0.269238
0.427002,-0.070619
0.427124,0.108938
0.427246,-0.262232
0.427368,-0.426616
0.42749,-0.157239
0.427612,0.135383
0.427734,-0.0516224
0.427856,-0.40845
0.427979,0.0278217
0.428101,0.208974
0.428223,-0.146036
0.428345,-0.274321
0.428467,-0.0236076
0.428589,-0.0215337
0.428711,-0.134198
0.428833,-0.146348
0.428955,0.0470311
0.429077,0.191005
0.429199,0.203063
0.429321,0.0999035
0.429443,0.00305528
0.429565,0.120057
0.429688,-0.0477727
0.42981,-0.0812359
0.429932,-0.181588
0.430054,-0.127697
0.430176,0.091123
0.430298,0.12239
0.43042,0.0939768
0.430542,0.031295
0.430664,0.191621
0.430786,0.252894
0.430908,-0.119781
0.43103,-0.157876
0.431152,0.108497
0.431274,0.114413
0.431396,-0.111293
0.431519,-0.107178
0.431641,-0.0060041
0.431763,-0.103969
0.431885,-0.345561
0.432007,-0.313295
0.432129,0.0598069
0.432251,0.158334
0.432373,0.108437
0.432495,0.0983927
0.432617,0.154892
0.432739,0.215248
0.432861,0.0168463
0.432983,-0.0930591
0.433105,0.00791219
0.433228,0.219349
0.43335,-0.0542902
0.433472,-0.31359
0.433594,-0.129057
0.433716,0.107279
0.433838,0.106191
0.43396,-0.389968
0.434082,-0.291454
0.434204,0.258818
0.434326,0.261503
0.434448,-0.147747
0.43457,-0.22287
0.434692,0.292964
0.434814,0.388287
0.434937,0.0614025
0.435059,0.0292107
0.435181,0.220812
0.435303,0.341099
0.435425,-0.105822
0.435547,-0.387958
0.435669,-0.289715
0.435791,-0.0764722
0.435913,-0.217588
0.436035,-0.454073
0.436157,-0.239362
0.436279,0.10028
0.436401,0.090549
0.436523,-0.327198
0.436646,-0.2865
0.436768,0.202659
0.43689,0.191906
0.437012,-0.105445
0.437134,0.0373487
0.437256,0.21335
0.437378,0.244682
0.4375,-0.0257812
0.437622,-0.186969
0.437744,0.0857695
0.437866,0.27229
0.437988,-0.0713351
0.43811,-0.104523
0.438232,0.260103
0.438354,0.320543
0.438477,0.0587405
0.438599,0.000946507
0.438721,0.243959
0.438843,0.167204
0.438965,-0.0519053
0.439087,-0.222504
0.439209,-0.116795
0.439331,-0.123267
0.439453,-0.147589
0.439575,-0.144627
0.439697,0.0816251
0.439819,0.209019
0.439941,-0.00374556
0.440063,-0.0776445
0.440186,0.0280369
0.440308,-0.0793602
0.44043,-0.200539
0.440552,-0.196616
0.440674,-0.142431
0.440796,-0.0409204
0.440918,0.00557461
0.44104,0.0241331
0.441162,-0.00649103
0.441284,0.0416873
0.441406,-0.0795913
0.441528,0.155329
0.44165,0.253087
0.441772,0.0110733
0.441895,0.153953
0.442017,0.249583
0.442139,-0.0404832
0.442261,-0.31252
0.442383,-0.25069
0.442505,-0.088986
0.442627,-0.157636
0.442749,-0.400114
0.442871,-0.24148
0.442993,0.0438626
0.443115,0.251964
0.443237,-0.201557
0.443359,-0.220494
0.443481,0.246676
0.443604,0.33828
0.443726,-0.125368
0.443848,-0.200575
0.44397,0.182245
0.444092,0.1404
0.444214,-0.280527
0.444336,-0.245899
0.444458,0.0650274
0.44458,0.0902277
0.444702,-0.270419
0.444824,-0.334992
0.444946,-0.0638743
0.445068,-0.0413429
0.44519,-0.184066
0.445313,-0.250265
0.445435,0.0232994
0.445557,0.326768
0.445679,0.269209
0.445801,0.0786288
0.445923,0.150856
0.446045,0.387918
0.446167,0.0890895
0.446289,-0.0943427
0.446411,0.0684651
0.446533,0.192759
0.446655,0.0461459
0.446777,-0.0336891
0.446899,-0.0407418
0.447021,-0.0176965
0.447144,-0.14055
0.447266,-0.166023
0.447388,-0.129689
0.44751,-0.0237972
0.447632,-0.0176103
0.447754,-0.0967622
0.447876,-0.168729
0.447998,0.0237044
0.44812,-0.0508708
0.448242,-0.077108
0.448364,-0.133056
0.448486,-0.0314826
0.448608,-0.152017
0.44873,-0.119575
0.448853,-0.0331344
0.448975,0.00522665
0.449097,0.0313293
0.449219,0.24952
0.449341,0.155472
0.449463,0.0173542
0.449585,-0.0433432
0.449707,0.0909319
0.449829,-0.0562363
0.449951,-0.198796
0.450073,-0.060444
0.450195,0.0586597
0.450317,0.164604
0.450439,0.06285
0.450562,0.0137619
0.450684,0.167559
0.450806,0.127049
0.450928,-0.112346
0.45105,-0.17735
0.451172,0.0950081
0.451294,0.191541
0.451416,-0.129847
0.451538,-0.290165
0.45166,-0.109132
0.451782,-0.0621785
0.451904,-0.252726
0.452026,-0.323887
0.452148,0.0186839
0.452271,0.302893
0.452393,0.132227
0.452515,-0.0406456
0.452637,0.115896
0.452759,0.493557
0.452881,0.308172
0.453003,-0.198218
0.453125,-0.230889
0.453247,0.165
0.453369,0.0218664
0.453491,-0.309191
0.453613,-0.223273
0.453735,0.15681
0.453857,0.0268076
0.453979,-0.287063
0.454102,-0.0936434
0.454224,0.24975
0.454346,0.0959641
0.454468,-0.138387
0.45459,-0.0199882
0.454712,0.341132
0.454834,0.153775
0.454956,0.0207601
0.455078,0.0796411
0.4552,0.23206
0.455322,0.110949
0.455444,-0.103396
0.455566,-0.246255
0.455688,-0.272433
0.455811,-0.0618561
0.455933,-0.273549
0.456055,-0.299623
0.456177,-0.106904
0.456299,0.10187
0.456421,-0.105054
0.456543,-0.264017
0.456665,-0.095019
0.456787,0.139934
0.456909,0.108732
0.457031,-0.0326693
0.457153,0.0481402
0.457275,0.118195
0.457397,0.210915
0.45752,0.108202
0.457642,-0.0195061
0.457764,0.13235
0.457886,0.133032
0.458008,-0.0413293
0.45813,-0.0283355
0.458252,0.103526
0.458374,0.0808007
0.458496,0.0718424
0.458618,0.058063
0.45874,0.0636458
0.458862,-0.0370234
0.458984,0.0136692
0.459106,-0.00160657
0.459229,-0.266431
0.459351,-0.336722
0.459473,-0.063274
0.459595,0.0696134
0.459717,0.059953
0.459839,0.0263536
0.459961,0.0797814
0.460083,0.046228
0.460205,-0.031054
0.460327,-0.187733
0.460449,-0.146225
0.460571,-0.0412842
0.460693,-0.0491755
0.460815,-0.0831997
0.460938,0.0292894
0.46106,0.0830374
0.461182,0.0687353
0.461304,-0.0607753
0.461426,-0.06387
0.461548,0.170154
0.46167,0.185727
0.461792,0.214636
0.461914,0.176725
0.462036,0.0337412
0.462158,-0.062713
0.46228,-0.189522
0.462402,-0.209679
0.462524,-0.152416
0.462646,-0.165541
0.462769,-0.307357
0.462891,-0.194833
0.463013,-0.03815
0.463135,0.0878927
0.463257,-0.0761511
0.463379,-0.11722
0.463501,0.191557
0.463623,0.225461
0.463745,0.000774026
0.463867,-0.0595416
0.463989,0.0455783
0.464111,-0.00771759
0.464233,-0.0794136
0.464355,-0.171766
0.464478,-0.133893
0.4646,-0.123
0.464722,-0.18048
0.464844,-0.095139
0.464966,-0.236849
0.465088,-0.225131
0.46521,-0.130051
0.465332,0.0313346
0.465454,-0.0343581
0.465576,0.0907693
0.465698,0.381773
0.46582,0.282435
0.465942,0.107236
0.466064,0.178552
0.466187,0.148774
0.466309,-0.0363989
0.466431,-0.0810601
0.466553,0.120336
0.466675,0.159536
0.466797,-0.103484
0.466919,-0.250533
0.467041,-0.0565411
0.467163,0.0210881
0.467285,-0.182083
0.467407,-0.220993
0.467529,0.112641
0.467651,0.0840234
0.467773,-0.216599
0.467896,-0.17296
0.468018,0.139131
0.46814,0.0470789
0.468262,-0.146325
0.468384,-0.181982
0.468506,0.00670588
0.468628,-0.0238199
0.46875,-0.188886
0.468872,-0.0579476
0.468994,0.148439
0.469116,0.16683
0.469238,0.11926
0.46936,0.0466214
0.469482,0.0842802
0.469604,0.0598248
0.469727,-0.0509121
0.469849,-0.0965649
0.469971,-0.0898429
0.470093,0.0647415
0.470215,0.103632
0.470337,0.116014
0.470459,0.0506147
0.470581,0.126047
0.470703,0.163262
0.470825,-0.0380328
0.470947,-0.143215
0.471069,-0.0138695
0.471191,0.0371923
0.471313,0.0466271
0.471436,-0.133922
0.471558,-0.178146
0.47168,-0.04867
0.471802,-0.148045
0.471924,-0.2755
0.472046,-0.144134
0.472168,0.165701
0.47229,0.0910828
0.472412,0.0101104
0.472534,0.168824
0.472656,0.250826
0.472778,0.151213
0.4729,0.0338098
0.473022,-0.0776149
0.473145,0.016513
0.473267,0.0014345
0.473389,-0.169107
0.473511,-0.156056
0.473633,-0.0407639
0.473755,0.000714458
0.473877,-0.14418
0.473999,-0.141187
0.474121,0.0812099
0.474243,0.155856
0.474365,-0.0696758
0.474487,-0.110094
0.474609,0.0808933
0.474731,0.141071
0.474854,0.0332857
0.474976,0.0516486
0.475098,0.144192
0.47522,0.113688
0.475342,-0.11922
0.475464,-0.114875
0.475586,-0.239383
0.475708,-0.254624
0.47583,-0.226268
0.475952,-0.0709029
0.476074,-0.171824
0.476196,-0.221402
0.476318,0.0076995
0.47644,0.064333
0.476563,-0.152292
0.476685,-0.264507
0.476807,0.14084
0.476929,0.30648
0.477051,0.093246
0.477173,-0.0674331
0.477295,0.129178
0.477417,0.251166
0.477539,0.0242603
0.477661,-0.0657852
0.477783,0.0705636
0.477905,0.0380119
0.478027,0.0324512
0.478149,-0.000689775
0.478271,0.0482372
0.478394,0.0585166
0.478516,0.105915
0.478638,0.131921
0.47876,-0.0425578
0.478882,0.0953187
0.479004,0.0828943
0.479126,-0.127984
0.479248,-0.271445
0.47937,-0.0990456
0.479492,-0.00136481
0.479614,0.0749914
0.479736,-0.0490374
0.479858,0.0190515
0.47998,0.123034
0.480103,0.0115444
0.480225,-0.104477
0.480347,-0.123352
0.480469,-0.0453654
0.480591,-0.141375
0.480713,-0.122315
0.480835,0.0378064
0.480957,0.10589
0.481079,0.0229091
0.481201,-0.0646214
0.481323,-0.0168121
0.481445,0.0557616
0.481567,0.090608
0.481689,0.0878375
0.481812,0.134642
0.481934,0.195409
0.482056,0.0775523
0.482178,-0.143599
0.4823,-0.136119
0.482422,-0.143985
0.482544,-0.0799137
0.482666,-0.219548
0.482788,-0.219334
0.48291,-0.0697199
0.483032,0.102156
0.483154,-0.0768736
0.483276,-0.139694
0.483398,0.140219
0.483521,0.226642
0.483643,-0.033006
0.483765,-0.183994
0.483887,0.003953
0.484009,0.208646
0.484131,-0.000657551
0.484253,-0.222034
0.484375,-0.0413446
0.484497,0.1049
0.484619,-0.0189945
0.484741,-0.200229
0.484863,-0.231412
0.484985,-0.147593
0.485107,-0.0450176
0.485229,-0.11993
0.485352,-0.111999
0.485474,0.0351281
0.485596,0.298948
0.485718,0.239574
0.48584,0.00908066
0.485962,0.120525
0.486084,0.348276
0.486206,0.0704925
0.486328,-0.188012
0.48645,0
0.486572,0.222466
0.486694,0.0496033
0.486816,-0.193715
0.486938,-0.216671
0.487061,0.0687277
0.487183,-0.00962531
0.487305,-0.214114
0.487427,-0.206861
0.487549,0.0857346
0.487671,-0.00127837
0.487793,-0.144315
0.487915,-0.0842079
0.488037,0.02613
0.488159,-0.0197375
0.488281,-0.190822
0.488403,-0.0775251
0.488525,-0.0304719
0.488647,-0.0951318
0.48877,-0.0969397
0.488892,0.00822867
0.489014,0.125207
0.489136,0.0985513
0.489258,-0.00504898
0.48938,0.176542
0.489502,0.196526
0.489624,-0.122709
0.489746,-0.157166
0.489868,-0.0100488
0.48999,0.0345089
0.490112,0.0332216
0.490234,-0.0187863
0.490356,0.142011
0.490479,0.135623
0.490601,0.00749255
0.490723,-0.0149705
0.490845,0.0199411
0.490967,-0.0392208
0.491089,-0.0883162
0.491211,-0.0329309
0.491333,0.0844195
0.491455,-0.0601522
0.491577,-0.183998
0.491699,-0.118213
0.491821,-0.108204
0.491943,-0.161222
0.492065,-0.137614
0.492188,0.0801453
0.49231,0.176764
0.492432,0.146441
0.492554,0
0.492676,0.116679
0.492798,0.229449
0.49292,0.0606772
0.493042,-0.136543
0.493164,-0.0360906
0.493286,0.0256665
0.493408,-0.109892
0.49353,-0.176266
0.493652,-0.0859141
0.493774,-0.0152181
0.493896,-0.097301
0.494019,-0.0777648
0.494141,0.0437
0.494263,0.0691242
0.494385,-0.0181728
0.494507,-0.00726203
0.494629,0.117288
0.494751,0.0658347
0.494873,0.0295665
0.494995,0.0928327
0.495117,0.115024
0.495239,0.00240653
0.495361,-0.0589025
0.495483,-0.103279
0.495605,-0.203357
0.495728,-0.201361
0.49585,-0.144886
0.495972,-0.198575
0.496094,-0.152969
0.496216,-0.0364141
0.496338,-0.016102
0.49646,-0.0863891
0.496582,-0.0702342
0.496704,-0.000594623
0.496826,0.0659389
0.496948,0.098515
0.49707,0.0752964
0.497192,0.0491614
0.497314,0.0751494
0.497437,0.019508
0.497559,-0.0271664
0.497681,0.0902695
0.497803,0.0660152
0.497925,-0.0824384
0.498047,0.0323549
0.498169,0.152213
0.498291,0.0528411
0.498413,-0.0463375
0.498535,0.0433623
0.498657,0.17328
0.498779,0.0233934
0.498901,-0.150156
0.499023,-0.0823007
0.499146,0.00874685
0.499268,-0.0803925
0.49939,-0.115815
0.499512,-0.0883754
0.499634,0.0493722
0.499756,0.156096
0.499878,0.0423193
