0,1976.82
0.00012207,1974.89
0.000244141,1972.96
0.000366211,1971.04
0.000488281,1969.12
0.000610352,1967.19
0.000732422,1965.27
0.000854492,1963.35
0.000976563,1961.44
0.00109863,1959.52
0.0012207,1957.61
0.00134277,1955.7
0.00146484,1953.79
0.00158691,1951.88
0.00170898,1949.98
0.00183105,1948.08
0.00195313,1946.17
0.0020752,1944.27
0.00219727,1942.38
0.00231934,1940.48
0.00244141,1938.59
0.00256348,1936.69
0.00268555,1934.8
0.00280762,1932.92
0.00292969,1931.03
0.00305176,1929.14
0.00317383,1927.26
0.0032959,1925.38
0.00341797,1923.5
0.00354004,1921.62
0.00366211,1919.75
0.00378418,1917.87
0.00390625,1916
0.00402832,1914.13
0.00415039,1912.26
0.00427246,1910.4
0.00439453,1908.53
0.0045166,1906.67
0.00463867,1904.81
0.00476074,1902.95
0.00488281,1901.09
0.00500488,1899.24
0.00512695,1897.38
0.00524902,1895.53
0.00537109,1893.68
0.00549316,1891.83
0.00561523,1889.98
0.0057373,1888.14
0.00585938,1886.3
0.00598145,1884.46
0.00610352,1882.62
0.00622559,1880.78
0.00634766,1878.94
0.00646973,1877.11
0.0065918,1875.28
0.00671387,1873.45
0.00683594,1871.62
0.00695801,1869.79
0.00708008,1867.97
0.00720215,1866.14
0.00732422,1864.32
0.00744629,1862.5
0.00756836,1860.68
0.00769043,1858.87
0.0078125,1857.05
0.00793457,1855.24
0.00805664,1853.43
0.00817871,1851.62
0.00830078,1849.81
0.00842285,1848.01
0.00854492,1846.2
0.00866699,1844.4
0.00878906,1842.6
0.00891113,1840.8
0.0090332,1839.01
0.00915527,1837.21
0.00927734,1835.42
0.00939941,1833.63
0.00952148,1831.84
0.00964355,1830.05
0.00976563,1828.26
0.0098877,1826.48
0.0100098,1824.69
0.0101318,1822.91
0.0102539,1821.13
0.010376,1819.36
0.010498,1817.58
0.0106201,1815.81
0.0107422,1814.03
0.0108643,1812.26
0.0109863,1810.49
0.0111084,1808.73
0.0112305,1806.96
0.0113525,1805.2
0.0114746,1803.44
0.0115967,1801.68
0.0117188,1799.92
0.0118408,1798.16
0.0119629,1796.41
0.012085,1794.65
0.012207,1792.9
0.0123291,1791.15
0.0124512,1789.4
0.0125732,1787.65
0.0126953,1785.91
0.0128174,1784.17
0.0129395,1782.43
0.0130615,1780.69
0.0131836,1778.95
0.0133057,1777.21
0.0134277,1775.48
0.0135498,1773.74
0.0136719,1772.01
0.0137939,1770.28
0.013916,1768.55
0.0140381,1766.83
0.0141602,1765.1
0.0142822,1763.38
0.0144043,1761.66
0.0145264,1759.94
0.0146484,1758.22
0.0147705,1756.51
0.0148926,1754.79
0.0150146,1753.08
0.0151367,1751.37
0.0152588,1749.66
0.0153809,1747.95
0.0155029,1746.24
0.015625,1744.54
0.0157471,1742.84
0.0158691,1741.14
0.0159912,1739.44
0.0161133,1737.74
0.0162354,1736.04
0.0163574,1734.35
0.0164795,1732.65
0.0166016,1730.96
0.0167236,1729.27
0.0168457,1727.59
0.0169678,1725.9
0.0170898,1724.21
0.0172119,1722.53
0.017334,1720.85
0.0174561,1719.17
0.0175781,1717.49
0.0177002,1715.82
0.0178223,1714.14
0.0179443,1712.47
0.0180664,1710.8
0.0181885,1709.13
0.0183105,1707.46
0.0184326,1705.79
0.0185547,1704.13
0.0186768,1702.46
0.0187988,1700.8
0.0189209,1699.14
0.019043,1697.48
0.019165,1695.83
0.0192871,1694.17
0.0194092,1692.52
0.0195313,1690.87
0.0196533,1689.22
0.0197754,1687.57
0.0198975,1685.92
0.0200195,1684.27
0.0201416,1682.63
0.0202637,1680.99
0.0203857,1679.35
0.0205078,1677.71
0.0206299,1676.07
0.020752,1674.43
0.020874,1672.8
0.0209961,1671.17
0.0211182,1669.54
0.0212402,1667.91
0.0213623,1666.28
0.0214844,1664.65
0.0216064,1663.03
0.0217285,1661.4
0.0218506,1659.78
0.0219727,1658.16
0.0220947,1656.54
0.0222168,1654.93
0.0223389,1653.31
0.0224609,1651.7
0.022583,1650.08
0.0227051,1648.47
0.0228271,1646.86
0.0229492,1645.26
0.0230713,1643.65
0.0231934,1642.05
0.0233154,1640.44
0.0234375,1638.84
0.0235596,1637.24
0.0236816,1635.65
0.0238037,1634.05
0.0239258,1632.45
0.0240479,1630.86
0.0241699,1629.27
0.024292,1627.68
0.0244141,1626.09
0.0245361,1624.5
0.0246582,1622.92
0.0247803,1621.33
0.0249023,1619.75
0.0250244,1618.17
0.0251465,1616.59
0.0252686,1615.01
0.0253906,1613.44
0.0255127,1611.86
0.0256348,1610.29
0.0257568,1608.72
0.0258789,1607.15
0.026001,1605.58
0.026123,1604.01
0.0262451,1602.44
0.0263672,1600.88
0.0264893,1599.32
0.0266113,1597.76
0.0267334,1596.2
0.0268555,1594.64
0.0269775,1593.08
0.0270996,1591.53
0.0272217,1589.97
0.0273438,1588.42
0.0274658,1586.87
0.0275879,1585.32
0.02771,1583.77
0.027832,1582.23
0.0279541,1580.68
0.0280762,1579.14
0.0281982,1577.6
0.0283203,1576.06
0.0284424,1574.52
0.0285645,1572.98
0.0286865,1571.45
0.0288086,1569.92
0.0289307,1568.38
0.0290527,1566.85
0.0291748,1565.32
0.0292969,1563.8
0.0294189,1562.27
0.029541,1560.74
0.0296631,1559.22
0.0297852,1557.7
0.0299072,1556.18
0.0300293,1554.66
0.0301514,1553.14
0.0302734,1551.63
0.0303955,1550.11
0.0305176,1548.6
0.0306396,1547.09
0.0307617,1545.58
0.0308838,1544.07
0.0310059,1542.56
0.0311279,1541.05
0.03125,1539.55
0.0313721,1538.05
0.0314941,1536.55
0.0316162,1535.05
0.0317383,1533.55
0.0318604,1532.05
0.0319824,1530.56
0.0321045,1529.06
0.0322266,1527.57
0.0323486,1526.08
0.0324707,1524.59
0.0325928,1523.1
0.0327148,1521.61
0.0328369,1520.13
0.032959,1518.65
0.0330811,1517.16
0.0332031,1515.68
0.0333252,1514.2
0.0334473,1512.72
0.0335693,1511.25
0.0336914,1509.77
0.0338135,1508.3
0.0339355,1506.83
0.0340576,1505.36
0.0341797,1503.89
0.0343018,1502.42
0.0344238,1500.95
0.0345459,1499.49
0.034668,1498.02
0.03479,1496.56
0.0349121,1495.1
0.0350342,1493.64
0.0351563,1492.18
0.0352783,1490.73
0.0354004,1489.27
0.0355225,1487.82
0.0356445,1486.37
0.0357666,1484.92
0.0358887,1483.47
0.0360107,1482.02
0.0361328,1480.57
0.0362549,1479.13
0.036377,1477.68
0.036499,1476.24
0.0366211,1474.8
0.0367432,1473.36
0.0368652,1471.92
0.0369873,1470.48
0.0371094,1469.05
0.0372314,1467.62
0.0373535,1466.18
0.0374756,1464.75
0.0375977,1463.32
0.0377197,1461.89
0.0378418,1460.47
0.0379639,1459.04
0.0380859,1457.62
0.038208,1456.19
0.0383301,1454.77
0.0384521,1453.35
0.0385742,1451.93
0.0386963,1450.52
0.0388184,1449.1
0.0389404,1447.69
0.0390625,1446.27
0.0391846,1444.86
0.0393066,1443.45
0.0394287,1442.04
0.0395508,1440.64
0.0396729,1439.23
0.0397949,1437.82
0.039917,1436.42
0.0400391,1435.02
0.0401611,1433.62
0.0402832,1432.22
0.0404053,1430.82
0.0405273,1429.42
0.0406494,1428.03
0.0407715,1426.64
0.0408936,1425.24
0.0410156,1423.85
0.0411377,1422.46
0.0412598,1421.07
0.0413818,1419.69
0.0415039,1418.3
0.041626,1416.92
0.041748,1415.53
0.0418701,1414.15
0.0419922,1412.77
0.0421143,1411.39
0.0422363,1410.01
0.0423584,1408.64
0.0424805,1407.26
0.0426025,1405.89
0.0427246,1404.52
0.0428467,1403.15
0.0429688,1401.78
0.0430908,1400.41
0.0432129,1399.04
0.043335,1397.68
0.043457,1396.31
0.0435791,1394.95
0.0437012,1393.59
0.0438232,1392.23
0.0439453,1390.87
0.0440674,1389.51
0.0441895,1388.15
0.0443115,1386.8
0.0444336,1385.45
0.0445557,1384.09
0.0446777,1382.74
0.0447998,1381.39
0.0449219,1380.04
0.0450439,1378.7
0.045166,1377.35
0.0452881,1376.01
0.0454102,1374.66
0.0455322,1373.32
0.0456543,1371.98
0.0457764,1370.64
0.0458984,1369.3
0.0460205,1367.97
0.0461426,1366.63
0.0462646,1365.3
0.0463867,1363.97
0.0465088,1362.63
0.0466309,1361.3
0.0467529,1359.98
0.046875,1358.65
0.0469971,1357.32
0.0471191,1356
0.0472412,1354.67
0.0473633,1353.35
0.0474854,1352.03
0.0476074,1350.71
0.0477295,1349.39
0.0478516,1348.08
0.0479736,1346.76
0.0480957,1345.45
0.0482178,1344.13
0.0483398,1342.82
0.0484619,1341.51
0.048584,1340.2
0.0487061,1338.89
0.0488281,1337.58
0.0489502,1336.28
0.0490723,1334.97
0.0491943,1333.67
0.0493164,1332.37
0.0494385,1331.07
0.0495605,1329.77
0.0496826,1328.47
0.0498047,1327.18
0.0499268,1325.88
0.0500488,1324.59
0.0501709,1323.29
0.050293,1322
0.050415,1320.71
0.0505371,1319.42
0.0506592,1318.13
0.0507813,1316.85
0.0509033,1315.56
0.0510254,1314.28
0.0511475,1313
0.0512695,1311.71
0.0513916,1310.43
0.0515137,1309.15
0.0516357,1307.88
0.0517578,1306.6
0.0518799,1305.32
0.052002,1304.05
0.052124,1302.78
0.0522461,1301.51
0.0523682,1300.24
0.0524902,1298.97
0.0526123,1297.7
0.0527344,1296.43
0.0528564,1295.17
0.0529785,1293.9
0.0531006,1292.64
0.0532227,1291.38
0.0533447,1290.12
0.0534668,1288.86
0.0535889,1287.6
0.0537109,1286.34
0.053833,1285.09
0.0539551,1283.83
0.0540771,1282.58
0.0541992,1281.33
0.0543213,1280.08
0.0544434,1278.83
0.0545654,1277.58
0.0546875,1276.33
0.0548096,1275.09
0.0549316,1273.84
0.0550537,1272.6
0.0551758,1271.36
0.0552979,1270.12
0.0554199,1268.88
0.055542,1267.64
0.0556641,1266.4
0.0557861,1265.16
0.0559082,1263.93
0.0560303,1262.7
0.0561523,1261.46
0.0562744,1260.23
0.0563965,1259
0.0565186,1257.77
0.0566406,1256.54
0.0567627,1255.32
0.0568848,1254.09
0.0570068,1252.87
0.0571289,1251.65
0.057251,1250.42
0.057373,1249.2
0.0574951,1247.98
0.0576172,1246.77
0.0577393,1245.55
0.0578613,1244.33
0.0579834,1243.12
0.0581055,1241.91
0.0582275,1240.69
0.0583496,1239.48
0.0584717,1238.27
0.0585938,1237.06
0.0587158,1235.86
0.0588379,1234.65
0.05896,1233.44
0.059082,1232.24
0.0592041,1231.04
0.0593262,1229.84
0.0594482,1228.64
0.0595703,1227.44
0.0596924,1226.24
0.0598145,1225.04
0.0599365,1223.85
0.0600586,1222.65
0.0601807,1221.46
0.0603027,1220.27
0.0604248,1219.07
0.0605469,1217.88
0.0606689,1216.7
0.060791,1215.51
0.0609131,1214.32
0.0610352,1213.14
0.0611572,1211.95
0.0612793,1210.77
0.0614014,1209.59
0.0615234,1208.41
0.0616455,1207.23
0.0617676,1206.05
0.0618896,1204.87
0.0620117,1203.7
0.0621338,1202.52
0.0622559,1201.35
0.0623779,1200.17
0.0625,1199
0.0626221,1197.83
0.0627441,1196.66
0.0628662,1195.5
0.0629883,1194.33
0.0631104,1193.16
0.0632324,1192
0.0633545,1190.83
0.0634766,1189.67
0.0635986,1188.51
0.0637207,1187.35
0.0638428,1186.19
0.0639648,1185.03
0.0640869,1183.88
0.064209,1182.72
0.0643311,1181.57
0.0644531,1180.41
0.0645752,1179.26
0.0646973,1178.11
0.0648193,1176.96
0.0649414,1175.81
0.0650635,1174.66
0.0651855,1173.52
0.0653076,1172.37
0.0654297,1171.23
0.0655518,1170.09
0.0656738,1168.94
0.0657959,1167.8
0.065918,1166.66
0.06604,1165.52
0.0661621,1164.39
0.0662842,1163.25
0.0664063,1162.11
0.0665283,1160.98
0.0666504,1159.85
0.0667725,1158.71
0.0668945,1157.58
0.0670166,1156.45
0.0671387,1155.32
0.0672607,1154.2
0.0673828,1153.07
0.0675049,1151.94
0.067627,1150.82
0.067749,1149.7
0.0678711,1148.57
0.0679932,1147.45
0.0681152,1146.33
0.0682373,1145.21
0.0683594,1144.1
0.0684814,1142.98
0.0686035,1141.86
0.0687256,1140.75
0.0688477,1139.64
0.0689697,1138.52
0.0690918,1137.41
0.0692139,1136.3
0.0693359,1135.19
0.069458,1134.09
0.0695801,1132.98
0.0697021,1131.87
0.0698242,1130.77
0.0699463,1129.66
0.0700684,1128.56
0.0701904,1127.46
0.0703125,1126.36
0.0704346,1125.26
0.0705566,1124.16
0.0706787,1123.06
0.0708008,1121.97
0.0709229,1120.87
0.0710449,1119.78
0.071167,1118.69
0.0712891,1117.59
0.0714111,1116.5
0.0715332,1115.41
0.0716553,1114.32
0.0717773,1113.24
0.0718994,1112.15
0.0720215,1111.06
0.0721436,1109.98
0.0722656,1108.9
0.0723877,1107.81
0.0725098,1106.73
0.0726318,1105.65
0.0727539,1104.57
0.072876,1103.5
0.072998,1102.42
0.0731201,1101.34
0.0732422,1100.27
0.0733643,1099.19
0.0734863,1098.12
0.0736084,1097.05
0.0737305,1095.98
0.0738525,1094.91
0.0739746,1093.84
0.0740967,1092.77
0.0742188,1091.7
0.0743408,1090.64
0.0744629,1089.57
0.074585,1088.51
0.074707,1087.45
0.0748291,1086.39
0.0749512,1085.33
0.0750732,1084.27
0.0751953,1083.21
0.0753174,1082.15
0.0754395,1081.1
0.0755615,1080.04
0.0756836,1078.99
0.0758057,1077.93
0.0759277,1076.88
0.0760498,1075.83
0.0761719,1074.78
0.0762939,1073.73
0.076416,1072.68
0.0765381,1071.64
0.0766602,1070.59
0.0767822,1069.54
0.0769043,1068.5
0.0770264,1067.46
0.0771484,1066.42
0.0772705,1065.37
0.0773926,1064.33
0.0775146,1063.3
0.0776367,1062.26
0.0777588,1061.22
0.0778809,1060.19
0.0780029,1059.15
0.078125,1058.12
0.0782471,1057.08
0.0783691,1056.05
0.0784912,1055.02
0.0786133,1053.99
0.0787354,1052.96
0.0788574,1051.93
0.0789795,1050.91
0.0791016,1049.88
0.0792236,1048.86
0.0793457,1047.83
0.0794678,1046.81
0.0795898,1045.79
0.0797119,1044.77
0.079834,1043.75
0.0799561,1042.73
0.0800781,1041.71
0.0802002,1040.7
0.0803223,1039.68
0.0804443,1038.66
0.0805664,1037.65
0.0806885,1036.64
0.0808105,1035.63
0.0809326,1034.62
0.0810547,1033.61
0.0811768,1032.6
0.0812988,1031.59
0.0814209,1030.58
0.081543,1029.58
0.081665,1028.57
0.0817871,1027.57
0.0819092,1026.56
0.0820313,1025.56
0.0821533,1024.56
0.0822754,1023.56
0.0823975,1022.56
0.0825195,1021.56
0.0826416,1020.57
0.0827637,1019.57
0.0828857,1018.58
0.0830078,1017.58
0.0831299,1016.59
0.083252,1015.6
0.083374,1014.6
0.0834961,1013.61
0.0836182,1012.62
0.0837402,1011.64
0.0838623,1010.65
0.0839844,1009.66
0.0841064,1008.68
0.0842285,1007.69
0.0843506,1006.71
0.0844727,1005.73
0.0845947,1004.74
0.0847168,1003.76
0.0848389,1002.78
0.0849609,1001.8
0.085083,1000.83
0.0852051,999.85
0.0853271,998.874
0.0854492,997.899
0.0855713,996.925
0.0856934,995.952
0.0858154,994.98
0.0859375,994.009
0.0860596,993.038
0.0861816,992.069
0.0863037,991.101
0.0864258,990.133
0.0865479,989.167
0.0866699,988.201
0.086792,987.237
0.0869141,986.273
0.0870361,985.31
0.0871582,984.349
0.0872803,983.388
0.0874023,982.428
0.0875244,981.469
0.0876465,980.511
0.0877686,979.554
0.0878906,978.598
0.0880127,977.643
0.0881348,976.688
0.0882568,975.735
0.0883789,974.783
0.088501,973.831
0.088623,972.881
0.0887451,971.931
0.0888672,970.982
0.0889893,970.035
0.0891113,969.088
0.0892334,968.142
0.0893555,967.197
0.0894775,966.253
0.0895996,965.31
0.0897217,964.367
0.0898438,963.426
0.0899658,962.486
0.0900879,961.546
0.09021,960.608
0.090332,959.67
0.0904541,958.733
0.0905762,957.798
0.0906982,956.863
0.0908203,955.929
0.0909424,954.996
0.0910645,954.064
0.0911865,953.132
0.0913086,952.202
0.0914307,951.272
0.0915527,950.344
0.0916748,949.416
0.0917969,948.49
0.0919189,947.564
0.092041,946.639
0.0921631,945.715
0.0922852,944.792
0.0924072,943.87
0.0925293,942.948
0.0926514,942.028
0.0927734,941.108
0.0928955,940.19
0.0930176,939.272
0.0931396,938.355
0.0932617,937.439
0.0933838,936.524
0.0935059,935.61
0.0936279,934.697
0.09375,933.785
0.0938721,932.873
0.0939941,931.963
0.0941162,931.053
0.0942383,930.144
0.0943604,929.236
0.0944824,928.329
0.0946045,927.423
0.0947266,926.518
0.0948486,925.614
0.0949707,924.71
0.0950928,923.807
0.0952148,922.906
0.0953369,922.005
0.095459,921.105
0.0955811,920.206
0.0957031,919.308
0.0958252,918.41
0.0959473,917.514
0.0960693,916.618
0.0961914,915.724
0.0963135,914.83
0.0964355,913.937
0.0965576,913.045
0.0966797,912.154
0.0968018,911.263
0.0969238,910.374
0.0970459,909.485
0.097168,908.597
0.09729,907.711
0.0974121,906.825
0.0975342,905.939
0.0976563,905.055
0.0977783,904.172
0.0979004,903.289
0.0980225,902.407
0.0981445,901.527
0.0982666,900.647
0.0983887,899.768
0.0985107,898.889
0.0986328,898.012
0.0987549,897.135
0.098877,896.26
0.098999,895.385
0.0991211,894.511
0.0992432,893.638
0.0993652,892.766
0.0994873,891.894
0.0996094,891.023
0.0997314,890.154
0.0998535,889.285
0.0999756,888.417
0.100098,887.55
0.10022,886.683
0.100342,885.818
0.100464,884.953
0.100586,884.09
0.100708,883.227
0.10083,882.365
0.100952,881.503
0.101074,880.643
0.101196,879.783
0.101318,878.924
0.10144,878.067
0.101563,877.21
0.101685,876.353
0.101807,875.498
0.101929,874.643
0.102051,873.79
0.102173,872.937
0.102295,872.085
0.102417,871.233
0.102539,870.383
0.102661,869.533
0.102783,868.685
0.102905,867.837
0.103027,866.99
0.103149,866.143
0.103271,865.298
0.103394,864.453
0.103516,863.61
0.103638,862.767
0.10376,861.925
0.103882,861.083
0.104004,860.243
0.104126,859.403
0.104248,858.564
0.10437,857.726
0.104492,856.889
0.104614,856.053
0.104736,855.217
0.104858,854.382
0.10498,853.548
0.105103,852.715
0.105225,851.883
0.105347,851.051
0.105469,850.221
0.105591,849.391
0.105713,848.562
0.105835,847.733
0.105957,846.906
0.106079,846.079
0.106201,845.253
0.106323,844.428
0.106445,843.604
0.106567,842.781
0.106689,841.958
0.106812,841.136
0.106934,840.315
0.107056,839.495
0.107178,838.676
0.1073,837.857
0.107422,837.039
0.107544,836.222
0.107666,835.406
0.107788,834.591
0.10791,833.776
0.108032,832.962
0.108154,832.149
0.108276,831.337
0.108398,830.525
0.108521,829.715
0.108643,828.905
0.108765,828.096
0.108887,827.287
0.109009,826.48
0.109131,825.673
0.109253,824.867
0.109375,824.062
0.109497,823.258
0.109619,822.454
0.109741,821.651
0.109863,820.849
0.109985,820.048
0.110107,819.248
0.110229,818.448
0.110352,817.649
0.110474,816.851
0.110596,816.054
0.110718,815.257
0.11084,814.461
0.110962,813.666
0.111084,812.872
0.111206,812.079
0.111328,811.286
0.11145,810.494
0.111572,809.703
0.111694,808.913
0.111816,808.123
0.111938,807.334
0.112061,806.546
0.112183,805.759
0.112305,804.973
0.112427,804.187
0.112549,803.402
0.112671,802.618
0.112793,801.834
0.112915,801.052
0.113037,800.27
0.113159,799.489
0.113281,798.708
0.113403,797.929
0.113525,797.15
0.113647,796.372
0.11377,795.594
0.113892,794.818
0.114014,794.042
0.114136,793.267
0.114258,792.493
0.11438,791.719
0.114502,790.946
0.114624,790.174
0.114746,789.403
0.114868,788.633
0.11499,787.863
0.115112,787.094
0.115234,786.326
0.115356,785.558
0.115479,784.791
0.115601,784.025
0.115723,783.26
0.115845,782.495
0.115967,781.732
0.116089,780.969
0.116211,780.206
0.116333,779.445
0.116455,778.684
0.116577,777.924
0.116699,777.165
0.116821,776.406
0.116943,775.648
0.117065,774.891
0.117188,774.135
0.11731,773.379
0.117432,772.624
0.117554,771.87
0.117676,771.117
0.117798,770.364
0.11792,769.612
0.118042,768.861
0.118164,768.11
0.118286,767.361
0.118408,766.612
0.11853,765.863
0.118652,765.116
0.118774,764.369
0.118896,763.623
0.119019,762.877
0.119141,762.133
0.119263,761.389
0.119385,760.646
0.119507,759.903
0.119629,759.162
0.119751,758.421
0.119873,757.68
0.119995,756.941
0.120117,756.202
0.120239,755.464
0.120361,754.726
0.120483,753.99
0.120605,753.254
0.120728,752.518
0.12085,751.784
0.120972,751.05
0.121094,750.317
0.121216,749.585
0.121338,748.853
0.12146,748.122
0.121582,747.392
0.121704,746.662
0.121826,745.934
0.121948,745.205
0.12207,744.478
0.122192,743.751
0.122314,743.025
0.122437,742.3
0.122559,741.576
0.122681,740.852
0.122803,740.129
0.122925,739.406
0.123047,738.684
0.123169,737.963
0.123291,737.243
0.123413,736.523
0.123535,735.805
0.123657,735.086
0.123779,734.369
0.123901,733.652
0.124023,732.936
0.124146,732.221
0.124268,731.506
0.12439,730.792
0.124512,730.079
0.124634,729.366
0.124756,728.654
0.124878,727.943
0.125,727.232
0.125122,726.522
0.125244,725.813
0.125366,725.105
0.125488,724.397
0.12561,723.69
0.125732,722.984
0.125854,722.278
0.125977,721.573
0.126099,720.869
0.126221,720.165
0.126343,719.462
0.126465,718.76
0.126587,718.058
0.126709,717.357
0.126831,716.657
0.126953,715.958
0.127075,715.259
0.127197,714.561
0.127319,713.863
0.127441,713.166
0.127563,712.47
0.127686,711.775
0.127808,711.08
0.12793,710.386
0.128052,709.693
0.128174,709
0.128296,708.308
0.128418,707.616
0.12854,706.926
0.128662,706.236
0.128784,705.546
0.128906,704.858
0.129028,704.17
0.12915,703.482
0.129272,702.796
0.129395,702.11
0.129517,701.424
0.129639,700.74
0.129761,700.056
0.129883,699.372
0.130005,698.69
0.130127,698.008
0.130249,697.326
0.130371,696.646
0.130493,695.966
0.130615,695.286
0.130737,694.608
0.130859,693.93
0.130981,693.253
0.131104,692.576
0.131226,691.9
0.131348,691.224
0.13147,690.55
0.131592,689.876
0.131714,689.202
0.131836,688.53
0.131958,687.858
0.13208,687.186
0.132202,686.515
0.132324,685.845
0.132446,685.176
0.132568,684.507
0.13269,683.839
0.132813,683.171
0.132935,682.505
0.133057,681.838
0.133179,681.173
0.133301,680.508
0.133423,679.844
0.133545,679.18
0.133667,678.517
0.133789,677.855
0.133911,677.193
0.134033,676.532
0.134155,675.872
0.134277,675.212
0.134399,674.553
0.134521,673.895
0.134644,673.237
0.134766,672.58
0.134888,671.923
0.13501,671.268
0.135132,670.612
0.135254,669.958
0.135376,669.304
0.135498,668.651
0.13562,667.998
0.135742,667.346
0.135864,666.694
0.135986,666.044
0.136108,665.394
0.13623,664.744
0.136353,664.095
0.136475,663.447
0.136597,662.799
0.136719,662.152
0.136841,661.506
0.136963,660.86
0.137085,660.215
0.137207,659.571
0.137329,658.927
0.137451,658.284
0.137573,657.641
0.137695,657
0.137817,656.358
0.137939,655.718
0.138062,655.078
0.138184,654.438
0.138306,653.799
0.138428,653.161
0.13855,652.524
0.138672,651.887
0.138794,651.25
0.138916,650.615
0.139038,649.98
0.13916,649.345
0.139282,648.711
0.139404,648.078
0.139526,647.446
0.139648,646.814
0.139771,646.182
0.139893,645.552
0.140015,644.922
0.140137,644.292
0.140259,643.663
0.140381,643.035
0.140503,642.407
0.140625,641.78
0.140747,641.154
0.140869,640.528
0.140991,639.903
0.141113,639.278
0.141235,638.654
0.141357,638.031
0.141479,637.408
0.141602,636.786
0.141724,636.164
0.141846,635.543
0.141968,634.923
0.14209,634.303
0.142212,633.684
0.142334,633.066
0.142456,632.448
0.142578,631.83
0.1427,631.214
0.142822,630.597
0.142944,629.982
0.143066,629.367
0.143188,628.753
0.143311,628.139
0.143433,627.526
0.143555,626.913
0.143677,626.301
0.143799,625.69
0.143921,625.079
0.144043,624.469
0.144165,623.86
0.144287,623.251
0.144409,622.642
0.144531,622.035
0.144653,621.428
0.144775,620.821
0.144897,620.215
0.14502,619.61
0.145142,619.005
0.145264,618.401
0.145386,617.797
0.145508,617.194
0.14563,616.592
0.145752,615.99
0.145874,615.388
0.145996,614.788
0.146118,614.188
0.14624,613.588
0.146362,612.989
0.146484,612.391
0.146606,611.793
0.146729,611.196
0.146851,610.599
0.146973,610.003
0.147095,609.408
0.147217,608.813
0.147339,608.219
0.147461,607.625
0.147583,607.032
0.147705,606.44
0.147827,605.848
0.147949,605.256
0.148071,604.666
0.148193,604.075
0.148315,603.486
0.148438,602.897
0.14856,602.308
0.148682,601.72
0.148804,601.133
0.148926,600.546
0.149048,599.96
0.14917,599.374
0.149292,598.789
0.149414,598.205
0.149536,597.621
0.149658,597.038
0.14978,596.455
0.149902,595.873
0.150024,595.291
0.150146,594.71
0.150269,594.13
0.150391,593.55
0.150513,592.97
0.150635,592.391
0.150757,591.813
0.150879,591.236
0.151001,590.659
0.151123,590.082
0.151245,589.506
0.151367,588.931
0.151489,588.356
0.151611,587.781
0.151733,587.208
0.151855,586.635
0.151978,586.062
0.1521,585.49
0.152222,584.918
0.152344,584.347
0.152466,583.777
0.152588,583.207
0.15271,582.638
0.152832,582.069
0.152954,581.501
0.153076,580.934
0.153198,580.367
0.15332,579.8
0.153442,579.234
0.153564,578.669
0.153687,578.104
0.153809,577.54
0.153931,576.976
0.154053,576.413
0.154175,575.85
0.154297,575.288
0.154419,574.727
0.154541,574.166
0.154663,573.605
0.154785,573.045
0.154907,572.486
0.155029,571.927
0.155151,571.369
0.155273,570.811
0.155396,570.254
0.155518,569.697
0.15564,569.141
0.155762,568.586
0.155884,568.031
0.156006,567.476
0.156128,566.922
0.15625,566.369
0.156372,565.816
0.156494,565.264
0.156616,564.712
0.156738,564.161
0.15686,563.61
0.156982,563.06
0.157104,562.511
0.157227,561.962
0.157349,561.413
0.157471,560.865
0.157593,560.318
0.157715,559.771
0.157837,559.224
0.157959,558.678
0.158081,558.133
0.158203,557.588
0.158325,557.044
0.158447,556.5
0.158569,555.957
0.158691,555.414
0.158813,554.872
0.158936,554.331
0.159058,553.79
0.15918,553.249
0.159302,552.709
0.159424,552.17
0.159546,551.631
0.159668,551.092
0.15979,550.554
0.159912,550.017
0.160034,549.48
0.160156,548.944
0.160278,548.408
0.1604,547.873
0.160522,547.338
0.160645,546.804
0.160767,546.27
0.160889,545.737
0.161011,545.204
0.161133,544.672
0.161255,544.14
0.161377,543.609
0.161499,543.078
0.161621,542.548
0.161743,542.019
0.161865,541.49
0.161987,540.961
0.162109,540.433
0.162231,539.906
0.162354,539.379
0.162476,538.852
0.162598,538.326
0.16272,537.801
0.162842,537.276
0.162964,536.751
0.163086,536.227
0.163208,535.704
0.16333,535.181
0.163452,534.659
0.163574,534.137
0.163696,533.616
0.163818,533.095
0.16394,532.574
0.164063,532.054
0.164185,531.535
0.164307,531.016
0.164429,530.498
0.164551,529.98
0.164673,529.463
0.164795,528.946
0.164917,528.43
0.165039,527.914
0.165161,527.399
0.165283,526.884
0.165405,526.37
0.165527,525.856
0.165649,525.343
0.165771,524.83
0.165894,524.318
0.166016,523.806
0.166138,523.294
0.16626,522.784
0.166382,522.273
0.166504,521.764
0.166626,521.254
0.166748,520.746
0.16687,520.237
0.166992,519.729
0.167114,519.222
0.167236,518.715
0.167358,518.209
0.16748,517.703
0.167603,517.198
0.167725,516.693
0.167847,516.189
0.167969,515.685
0.168091,515.182
0.168213,514.679
0.168335,514.176
0.168457,513.674
0.168579,513.173
0.168701,512.672
0.168823,512.172
0.168945,511.672
0.169067,511.172
0.169189,510.673
0.169312,510.175
0.169434,509.677
0.169556,509.179
0.169678,508.682
0.1698,508.186
0.169922,507.69
0.170044,507.194
0.170166,506.699
0.170288,506.205
0.17041,505.711
0.170532,505.217
0.170654,504.724
0.170776,504.231
0.170898,503.739
0.171021,503.247
0.171143,502.756
0.171265,502.265
0.171387,501.775
0.171509,501.285
0.171631,500.796
0.171753,500.307
0.171875,499.819
0.171997,499.331
0.172119,498.844
0.172241,498.357
0.172363,497.87
0.172485,497.384
0.172607,496.899
0.172729,496.414
0.172852,495.929
0.172974,495.445
0.173096,494.962
0.173218,494.478
0.17334,493.996
0.173462,493.514
0.173584,493.032
0.173706,492.551
0.173828,492.07
0.17395,491.59
0.174072,491.11
0.174194,490.63
0.174316,490.152
0.174438,489.673
0.174561,489.195
0.174683,488.718
0.174805,488.241
0.174927,487.764
0.175049,487.288
0.175171,486.812
0.175293,486.337
0.175415,485.862
0.175537,485.388
0.175659,484.914
0.175781,484.441
0.175903,483.968
0.176025,483.496
0.176147,483.024
0.17627,482.552
0.176392,482.081
0.176514,481.611
0.176636,481.141
0.176758,480.671
0.17688,480.202
0.177002,479.733
0.177124,479.265
0.177246,478.797
0.177368,478.33
0.17749,477.863
0.177612,477.397
0.177734,476.931
0.177856,476.465
0.177979,476
0.178101,475.535
0.178223,475.071
0.178345,474.607
0.178467,474.144
0.178589,473.681
0.178711,473.219
0.178833,472.757
0.178955,472.296
0.179077,471.835
0.179199,471.374
0.179321,470.914
0.179443,470.454
0.179565,469.995
0.179688,469.536
0.17981,469.078
0.179932,468.62
0.180054,468.163
0.180176,467.706
0.180298,467.249
0.18042,466.793
0.180542,466.338
0.180664,465.882
0.180786,465.428
0.180908,464.973
0.18103,464.52
0.181152,464.066
0.181274,463.613
0.181396,463.161
0.181519,462.709
0.181641,462.257
0.181763,461.806
0.181885,461.355
0.182007,460.905
0.182129,460.455
0.182251,460.005
0.182373,459.556
0.182495,459.108
0.182617,458.66
0.182739,458.212
0.182861,457.765
0.182983,457.318
0.183105,456.871
0.183228,456.426
0.18335,455.98
0.183472,455.535
0.183594,455.09
0.183716,454.646
0.183838,454.202
0.18396,453.759
0.184082,453.316
0.184204,452.874
0.184326,452.432
0.184448,451.99
0.18457,451.549
0.184692,451.108
0.184814,450.668
0.184937,450.228
0.185059,449.788
0.185181,449.349
0.185303,448.911
0.185425,448.473
0.185547,448.035
0.185669,447.597
0.185791,447.161
0.185913,446.724
0.186035,446.288
0.186157,445.852
0.186279,445.417
0.186401,444.982
0.186523,444.548
0.186646,444.114
0.186768,443.681
0.18689,443.248
0.187012,442.815
0.187134,442.383
0.187256,441.951
0.187378,441.52
0.1875,441.089
0.187622,440.658
0.187744,440.228
0.187866,439.798
0.187988,439.369
0.18811,438.94
0.188232,438.512
0.188354,438.084
0.188477,437.656
0.188599,437.229
0.188721,436.802
0.188843,436.376
0.188965,435.95
0.189087,435.524
0.189209,435.099
0.189331,434.674
0.189453,434.25
0.189575,433.826
0.189697,433.403
0.189819,432.98
0.189941,432.557
0.190063,432.135
0.190186,431.713
0.190308,431.292
0.19043,430.871
0.190552,430.45
0.190674,430.03
0.190796,429.61
0.190918,429.191
0.19104,428.772
0.191162,428.354
0.191284,427.935
0.191406,427.518
0.191528,427.1
0.19165,426.684
0.191772,426.267
0.191895,425.851
0.192017,425.435
0.192139,425.02
0.192261,424.605
0.192383,424.191
0.192505,423.777
0.192627,423.363
0.192749,422.95
0.192871,422.537
0.192993,422.125
0.193115,421.713
0.193237,421.301
0.193359,420.89
0.193481,420.479
0.193604,420.068
0.193726,419.658
0.193848,419.249
0.19397,418.84
0.194092,418.431
0.194214,418.022
0.194336,417.614
0.194458,417.207
0.19458,416.799
0.194702,416.393
0.194824,415.986
0.194946,415.58
0.195068,415.175
0.19519,414.769
0.195313,414.364
0.195435,413.96
0.195557,413.556
0.195679,413.152
0.195801,412.749
0.195923,412.346
0.196045,411.944
0.196167,411.542
0.196289,411.14
0.196411,410.739
0.196533,410.338
0.196655,409.937
0.196777,409.537
0.196899,409.137
0.197021,408.738
0.197144,408.339
0.197266,407.94
0.197388,407.542
0.19751,407.144
0.197632,406.747
0.197754,406.35
0.197876,405.953
0.197998,405.557
0.19812,405.161
0.198242,404.766
0.198364,404.371
0.198486,403.976
0.198608,403.582
0.19873,403.188
0.198853,402.794
0.198975,402.401
0.199097,402.008
0.199219,401.616
0.199341,401.224
0.199463,400.832
0.199585,400.441
0.199707,400.05
0.199829,399.66
0.199951,399.269
0.200073,398.88
0.200195,398.49
0.200317,398.101
0.200439,397.713
0.200562,397.325
0.200684,396.937
0.200806,396.549
0.200928,396.162
0.20105,395.776
0.201172,395.389
0.201294,395.003
0.201416,394.618
0.201538,394.233
0.20166,393.848
0.201782,393.463
0.201904,393.079
0.202026,392.696
0.202148,392.312
0.202271,391.929
0.202393,391.547
0.202515,391.165
0.202637,390.783
0.202759,390.401
0.202881,390.02
0.203003,389.64
0.203125,389.259
0.203247,388.879
0.203369,388.5
0.203491,388.121
0.203613,387.742
0.203735,387.363
0.203857,386.985
0.203979,386.607
0.204102,386.23
0.204224,385.853
0.204346,385.477
0.204468,385.1
0.20459,384.724
0.204712,384.349
0.204834,383.974
0.204956,383.599
0.205078,383.224
0.2052,382.85
0.205322,382.477
0.205444,382.103
0.205566,381.73
0.205688,381.358
0.205811,380.986
0.205933,380.614
0.206055,380.242
0.206177,379.871
0.206299,379.5
0.206421,379.13
0.206543,378.76
0.206665,378.39
0.206787,378.021
0.206909,377.652
0.207031,377.283
0.207153,376.915
0.207275,376.547
0.207397,376.179
0.20752,375.812
0.207642,375.445
0.207764,375.079
0.207886,374.713
0.208008,374.347
0.20813,373.982
0.208252,373.617
0.208374,373.252
0.208496,372.888
0.208618,372.524
0.20874,372.16
0.208862,371.797
0.208984,371.434
0.209106,371.071
0.209229,370.709
0.209351,370.347
0.209473,369.986
0.209595,369.625
0.209717,369.264
0.209839,368.903
0.209961,368.543
0.210083,368.184
0.210205,367.824
0.210327,367.465
0.210449,367.107
0.210571,366.748
0.210693,366.39
0.210815,366.033
0.210938,365.675
0.21106,365.318
0.211182,364.962
0.211304,364.606
0.211426,364.25
0.211548,363.894
0.21167,363.539
0.211792,363.184
0.211914,362.83
0.212036,362.475
0.212158,362.122
0.21228,361.768
0.212402,361.415
0.212524,361.062
0.212646,360.71
0.212769,360.358
0.212891,360.006
0.213013,359.655
0.213135,359.304
0.213257,358.953
0.213379,358.603
0.213501,358.253
0.213623,357.903
0.213745,357.553
0.213867,357.204
0.213989,356.856
0.214111,356.507
0.214233,356.16
0.214355,355.812
0.214478,355.465
0.2146,355.118
0.214722,354.771
0.214844,354.425
0.214966,354.079
0.215088,353.733
0.21521,353.388
0.215332,353.043
0.215454,352.698
0.215576,352.354
0.215698,352.01
0.21582,351.667
0.215942,351.323
0.216064,350.98
0.216187,350.638
0.216309,350.296
0.216431,349.954
0.216553,349.612
0.216675,349.271
0.216797,348.93
0.216919,348.589
0.217041,348.249
0.217163,347.909
0.217285,347.569
0.217407,347.23
0.217529,346.891
0.217651,346.553
0.217773,346.214
0.217896,345.876
0.218018,345.539
0.21814,345.202
0.218262,344.865
0.218384,344.528
0.218506,344.192
0.218628,343.856
0.21875,343.52
0.218872,343.185
0.218994,342.85
0.219116,342.515
0.219238,342.181
0.21936,341.847
0.219482,341.513
0.219604,341.18
0.219727,340.847
0.219849,340.514
0.219971,340.182
0.220093,339.85
0.220215,339.518
0.220337,339.187
0.220459,338.856
0.220581,338.525
0.220703,338.194
0.220825,337.864
0.220947,337.535
0.221069,337.205
0.221191,336.876
0.221313,336.547
0.221436,336.219
0.221558,335.89
0.22168,335.563
0.221802,335.235
0.221924,334.908
0.222046,334.581
0.222168,334.254
0.22229,333.928
0.222412,333.602
0.222534,333.276
0.222656,332.951
0.222778,332.626
0.2229,332.302
0.223022,331.977
0.223145,331.653
0.223267,331.329
0.223389,331.006
0.223511,330.683
0.223633,330.36
0.223755,330.038
0.223877,329.716
0.223999,329.394
0.224121,329.072
0.224243,328.751
0.224365,328.43
0.224487,328.11
0.224609,327.789
0.224731,327.469
0.224854,327.15
0.224976,326.83
0.225098,326.511
0.22522,326.193
0.225342,325.874
0.225464,325.556
0.225586,325.238
0.225708,324.921
0.22583,324.604
0.225952,324.287
0.226074,323.97
0.226196,323.654
0.226318,323.338
0.22644,323.023
0.226563,322.707
0.226685,322.392
0.226807,322.078
0.226929,321.763
0.227051,321.449
0.227173,321.135
0.227295,320.822
0.227417,320.509
0.227539,320.196
0.227661,319.883
0.227783,319.571
0.227905,319.259
0.228027,318.948
0.228149,318.636
0.228271,318.325
0.228394,318.015
0.228516,317.704
0.228638,317.394
0.22876,317.084
0.228882,316.775
0.229004,316.466
0.229126,316.157
0.229248,315.848
0.22937,315.54
0.229492,315.232
0.229614,314.924
0.229736,314.617
0.229858,314.31
0.22998,314.003
0.230103,313.696
0.230225,313.39
0.230347,313.084
0.230469,312.779
0.230591,312.473
0.230713,312.168
0.230835,311.864
0.230957,311.559
0.231079,311.255
0.231201,310.951
0.231323,310.648
0.231445,310.345
0.231567,310.042
0.231689,309.739
0.231812,309.437
0.231934,309.135
0.232056,308.833
0.232178,308.532
0.2323,308.23
0.232422,307.93
0.232544,307.629
0.232666,307.329
0.232788,307.029
0.23291,306.729
0.233032,306.43
0.233154,306.131
0.233276,305.832
0.233398,305.533
0.233521,305.235
0.233643,304.937
0.233765,304.639
0.233887,304.342
0.234009,304.045
0.234131,303.748
0.234253,303.452
0.234375,303.156
0.234497,302.86
0.234619,302.564
0.234741,302.269
0.234863,301.974
0.234985,301.679
0.235107,301.384
0.235229,301.09
0.235352,300.796
0.235474,300.503
0.235596,300.209
0.235718,299.916
0.23584,299.624
0.235962,299.331
0.236084,299.039
0.236206,298.747
0.236328,298.456
0.23645,298.164
0.236572,297.873
0.236694,297.582
0.236816,297.292
0.236938,297.002
0.237061,296.712
0.237183,296.422
0.237305,296.133
0.237427,295.844
0.237549,295.555
0.237671,295.267
0.237793,294.978
0.237915,294.69
0.238037,294.403
0.238159,294.115
0.238281,293.828
0.238403,293.542
0.238525,293.255
0.238647,292.969
0.23877,292.683
0.238892,292.397
0.239014,292.112
0.239136,291.827
0.239258,291.542
0.23938,291.257
0.239502,290.973
0.239624,290.689
0.239746,290.405
0.239868,290.122
0.23999,289.839
0.240112,289.556
0.240234,289.273
0.240356,288.991
0.240479,288.709
0.240601,288.427
0.240723,288.145
0.240845,287.864
0.240967,287.583
0.241089,287.302
0.241211,287.022
0.241333,286.742
0.241455,286.462
0.241577,286.182
0.241699,285.903
0.241821,285.624
0.241943,285.345
0.242065,285.066
0.242188,284.788
0.24231,284.51
0.242432,284.233
0.242554,283.955
0.242676,283.678
0.242798,283.401
0.24292,283.124
0.243042,282.848
0.243164,282.572
0.243286,282.296
0.243408,282.021
0.24353,281.745
0.243652,281.47
0.243774,281.196
0.243896,280.921
0.244019,280.647
0.244141,280.373
0.244263,280.099
0.244385,279.826
0.244507,279.553
0.244629,279.28
0.244751,279.007
0.244873,278.735
0.244995,278.463
0.245117,278.191
0.245239,277.92
0.245361,277.648
0.245483,277.377
0.245605,277.107
0.245728,276.836
0.24585,276.566
0.245972,276.296
0.246094,276.026
0.246216,275.757
0.246338,275.488
0.24646,275.219
0.246582,274.95
0.246704,274.682
0.246826,274.414
0.246948,274.146
0.24707,273.878
0.247192,273.611
0.247314,273.344
0.247437,273.077
0.247559,272.81
0.247681,272.544
0.247803,272.278
0.247925,272.012
0.248047,271.747
0.248169,271.482
0.248291,271.217
0.248413,270.952
0.248535,270.687
0.248657,270.423
0.248779,270.159
0.248901,269.896
0.249023,269.632
0.249146,269.369
0.249268,269.106
0.24939,268.843
0.249512,268.581
0.249634,268.319
0.249756,268.057
0.249878,267.795
0.25,267.534
0.250122,267.273
0.250244,267.012
0.250366,266.751
0.250488,266.491
0.25061,266.231
0.250732,265.971
0.250854,265.711
0.250977,265.452
0.251099,265.193
0.251221,264.934
0.251343,264.675
0.251465,264.417
0.251587,264.159
0.251709,263.901
0.251831,263.643
0.251953,263.386
0.252075,263.129
0.252197,262.872
0.252319,262.616
0.252441,262.359
0.252563,262.103
0.252686,261.847
0.252808,261.592
0.25293,261.336
0.253052,261.081
0.253174,260.826
0.253296,260.572
0.253418,260.318
0.25354,260.063
0.253662,259.81
0.253784,259.556
0.253906,259.303
0.254028,259.05
0.25415,258.797
0.254272,258.544
0.254395,258.292
0.254517,258.04
0.254639,257.788
0.254761,257.536
0.254883,257.285
0.255005,257.034
0.255127,256.783
0.255249,256.532
0.255371,256.282
0.255493,256.032
0.255615,255.782
0.255737,255.532
0.255859,255.283
0.255981,255.033
0.256104,254.784
0.256226,254.536
0.256348,254.287
0.25647,254.039
0.256592,253.791
0.256714,253.543
0.256836,253.296
0.256958,253.049
0.25708,252.802
0.257202,252.555
0.257324,252.308
0.257446,252.062
0.257568,251.816
0.25769,251.57
0.257813,251.325
0.257935,251.079
0.258057,250.834
0.258179,250.589
0.258301,250.345
0.258423,250.101
0.258545,249.856
0.258667,249.613
0.258789,249.369
0.258911,249.125
0.259033,248.882
0.259155,248.639
0.259277,248.397
0.259399,248.154
0.259521,247.912
0.259644,247.67
0.259766,247.428
0.259888,247.187
0.26001,246.946
0.260132,246.704
0.260254,246.464
0.260376,246.223
0.260498,245.983
0.26062,245.743
0.260742,245.503
0.260864,245.263
0.260986,245.024
0.261108,244.785
0.26123,244.546
0.261353,244.307
0.261475,244.069
0.261597,243.83
0.261719,243.592
0.261841,243.355
0.261963,243.117
0.262085,242.88
0.262207,242.643
0.262329,242.406
0.262451,242.169
0.262573,241.933
0.262695,241.697
0.262817,241.461
0.262939,241.225
0.263062,240.99
0.263184,240.754
0.263306,240.519
0.263428,240.285
0.26355,240.05
0.263672,239.816
0.263794,239.582
0.263916,239.348
0.264038,239.114
0.26416,238.881
0.264282,238.648
0.264404,238.415
0.264526,238.182
0.264648,237.949
0.264771,237.717
0.264893,237.485
0.265015,237.253
0.265137,237.022
0.265259,236.79
0.265381,236.559
0.265503,236.328
0.265625,236.098
0.265747,235.867
0.265869,235.637
0.265991,235.407
0.266113,235.177
0.266235,234.948
0.266357,234.718
0.266479,234.489
0.266602,234.26
0.266724,234.032
0.266846,233.803
0.266968,233.575
0.26709,233.347
0.267212,233.119
0.267334,232.892
0.267456,232.664
0.267578,232.437
0.2677,232.21
0.267822,231.984
0.267944,231.757
0.268066,231.531
0.268188,231.305
0.268311,231.079
0.268433,230.854
0.268555,230.629
0.268677,230.403
0.268799,230.179
0.268921,229.954
0.269043,229.729
0.269165,229.505
0.269287,229.281
0.269409,229.057
0.269531,228.834
0.269653,228.61
0.269775,228.387
0.269897,228.164
0.27002,227.942
0.270142,227.719
0.270264,227.497
0.270386,227.275
0.270508,227.053
0.27063,226.831
0.270752,226.61
0.270874,226.389
0.270996,226.168
0.271118,225.947
0.27124,225.726
0.271362,225.506
0.271484,225.286
0.271606,225.066
0.271729,224.846
0.271851,224.627
0.271973,224.408
0.272095,224.189
0.272217,223.97
0.272339,223.751
0.272461,223.533
0.272583,223.315
0.272705,223.097
0.272827,222.879
0.272949,222.661
0.273071,222.444
0.273193,222.227
0.273315,222.01
0.273438,221.793
0.27356,221.577
0.273682,221.361
0.273804,221.144
0.273926,220.929
0.274048,220.713
0.27417,220.498
0.274292,220.282
0.274414,220.067
0.274536,219.852
0.274658,219.638
0.27478,219.424
0.274902,219.209
0.275024,218.995
0.275146,218.782
0.275269,218.568
0.275391,218.355
0.275513,218.142
0.275635,217.929
0.275757,217.716
0.275879,217.503
0.276001,217.291
0.276123,217.079
0.276245,216.867
0.276367,216.655
0.276489,216.444
0.276611,216.233
0.276733,216.022
0.276855,215.811
0.276978,215.6
0.2771,215.39
0.277222,215.179
0.277344,214.969
0.277466,214.76
0.277588,214.55
0.27771,214.341
0.277832,214.131
0.277954,213.922
0.278076,213.714
0.278198,213.505
0.27832,213.297
0.278442,213.088
0.278564,212.88
0.278687,212.673
0.278809,212.465
0.278931,212.258
0.279053,212.05
0.279175,211.843
0.279297,211.637
0.279419,211.43
0.279541,211.224
0.279663,211.018
0.279785,210.812
0.279907,210.606
0.280029,210.4
0.280151,210.195
0.280273,209.99
0.280396,209.785
0.280518,209.58
0.28064,209.375
0.280762,209.171
0.280884,208.967
0.281006,208.763
0.281128,208.559
0.28125,208.356
0.281372,208.152
0.281494,207.949
0.281616,207.746
0.281738,207.543
0.28186,207.341
0.281982,207.138
0.282104,206.936
0.282227,206.734
0.282349,206.532
0.282471,206.331
0.282593,206.129
0.282715,205.928
0.282837,205.727
0.282959,205.526
0.283081,205.326
0.283203,205.125
0.283325,204.925
0.283447,204.725
0.283569,204.525
0.283691,204.326
0.283813,204.126
0.283936,203.927
0.284058,203.728
0.28418,203.529
0.284302,203.33
0.284424,203.132
0.284546,202.934
0.284668,202.735
0.28479,202.538
0.284912,202.34
0.285034,202.142
0.285156,201.945
0.285278,201.748
0.2854,201.551
0.285522,201.354
0.285645,201.158
0.285767,200.961
0.285889,200.765
0.286011,200.569
0.286133,200.374
0.286255,200.178
0.286377,199.983
0.286499,199.787
0.286621,199.592
0.286743,199.398
0.286865,199.203
0.286987,199.008
0.287109,198.814
0.287231,198.62
0.287354,198.426
0.287476,198.233
0.287598,198.039
0.28772,197.846
0.287842,197.653
0.287964,197.46
0.288086,197.267
0.288208,197.074
0.28833,196.882
0.288452,196.69
0.288574,196.498
0.288696,196.306
0.288818,196.115
0.28894,195.923
0.289063,195.732
0.289185,195.541
0.289307,195.35
0.289429,195.159
0.289551,194.969
0.289673,194.779
0.289795,194.588
0.289917,194.398
0.290039,194.209
0.290161,194.019
0.290283,193.83
0.290405,193.641
0.290527,193.452
0.290649,193.263
0.290771,193.074
0.290894,192.886
0.291016,192.697
0.291138,192.509
0.29126,192.321
0.291382,192.134
0.291504,191.946
0.291626,191.759
0.291748,191.572
0.29187,191.385
0.291992,191.198
0.292114,191.011
0.292236,190.825
0.292358,190.638
0.29248,190.452
0.292603,190.266
0.292725,190.081
0.292847,189.895
0.292969,189.71
0.293091,189.525
0.293213,189.34
0.293335,189.155
0.293457,188.97
0.293579,188.786
0.293701,188.602
0.293823,188.417
0.293945,188.234
0.294067,188.05
0.294189,187.866
0.294312,187.683
0.294434,187.5
0.294556,187.317
0.294678,187.134
0.2948,186.951
0.294922,186.769
0.295044,186.586
0.295166,186.404
0.295288,186.222
0.29541,186.041
0.295532,185.859
0.295654,185.678
0.295776,185.496
0.295898,185.315
0.296021,185.134
0.296143,184.954
0.296265,184.773
0.296387,184.593
0.296509,184.413
0.296631,184.233
0.296753,184.053
0.296875,183.873
0.296997,183.694
0.297119,183.514
0.297241,183.335
0.297363,183.156
0.297485,182.977
0.297607,182.799
0.297729,182.62
0.297852,182.442
0.297974,182.264
0.298096,182.086
0.298218,181.908
0.29834,181.731
0.298462,181.554
0.298584,181.376
0.298706,181.199
0.298828,181.022
0.29895,180.846
0.299072,180.669
0.299194,180.493
0.299316,180.317
0.299438,180.141
0.299561,179.965
0.299683,179.789
0.299805,179.614
0.299927,179.438
0.300049,179.263
0.300171,179.088
0.300293,178.913
0.300415,178.739
0.300537,178.564
0.300659,178.39
0.300781,178.216
0.300903,178.042
0.301025,177.868
0.301147,177.695
0.30127,177.521
0.301392,177.348
0.301514,177.175
0.301636,177.002
0.301758,176.829
0.30188,176.656
0.302002,176.484
0.302124,176.312
0.302246,176.14
0.302368,175.968
0.30249,175.796
0.302612,175.624
0.302734,175.453
0.302856,175.282
0.302979,175.111
0.303101,174.94
0.303223,174.769
0.303345,174.598
0.303467,174.428
0.303589,174.258
0.303711,174.088
0.303833,173.918
0.303955,173.748
0.304077,173.578
0.304199,173.409
0.304321,173.24
0.304443,173.07
0.304565,172.902
0.304688,172.733
0.30481,172.564
0.304932,172.396
0.305054,172.227
0.305176,172.059
0.305298,171.891
0.30542,171.724
0.305542,171.556
0.305664,171.389
0.305786,171.221
0.305908,171.054
0.30603,170.887
0.306152,170.72
0.306274,170.554
0.306396,170.387
0.306519,170.221
0.306641,170.055
0.306763,169.889
0.306885,169.723
0.307007,169.557
0.307129,169.392
0.307251,169.227
0.307373,169.061
0.307495,168.896
0.307617,168.731
0.307739,168.567
0.307861,168.402
0.307983,168.238
0.308105,168.074
0.308228,167.91
0.30835,167.746
0.308472,167.582
0.308594,167.418
0.308716,167.255
0.308838,167.092
0.30896,166.929
0.309082,166.766
0.309204,166.603
0.309326,166.44
0.309448,166.278
0.30957,166.116
0.309692,165.953
0.309814,165.791
0.309937,165.63
0.310059,165.468
0.310181,165.306
0.310303,165.145
0.310425,164.984
0.310547,164.823
0.310669,164.662
0.310791,164.501
0.310913,164.341
0.311035,164.18
0.311157,164.02
0.311279,163.86
0.311401,163.7
0.311523,163.54
0.311646,163.38
0.311768,163.221
0.31189,163.062
0.312012,162.903
0.312134,162.744
0.312256,162.585
0.312378,162.426
0.3125,162.267
0.312622,162.109
0.312744,161.951
0.312866,161.793
0.312988,161.635
0.31311,161.477
0.313232,161.319
0.313354,161.162
0.313477,161.005
0.313599,160.848
0.313721,160.691
0.313843,160.534
0.313965,160.377
0.314087,160.22
0.314209,160.064
0.314331,159.908
0.314453,159.752
0.314575,159.596
0.314697,159.44
0.314819,159.284
0.314941,159.129
0.315063,158.974
0.315186,158.818
0.315308,158.663
0.31543,158.509
0.315552,158.354
0.315674,158.199
0.315796,158.045
0.315918,157.891
0.31604,157.736
0.316162,157.582
0.316284,157.429
0.316406,157.275
0.316528,157.121
0.31665,156.968
0.316772,156.815
0.316895,156.662
0.317017,156.509
0.317139,156.356
0.317261,156.204
0.317383,156.051
0.317505,155.899
0.317627,155.747
0.317749,155.595
0.317871,155.443
0.317993,155.291
0.318115,155.139
0.318237,154.988
0.318359,154.837
0.318481,154.686
0.318604,154.535
0.318726,154.384
0.318848,154.233
0.31897,154.082
0.319092,153.932
0.319214,153.782
0.319336,153.632
0.319458,153.482
0.31958,153.332
0.319702,153.182
0.319824,153.033
0.319946,152.883
0.320068,152.734
0.32019,152.585
0.320313,152.436
0.320435,152.287
0.320557,152.139
0.320679,151.99
0.320801,151.842
0.320923,151.694
0.321045,151.546
0.321167,151.398
0.321289,151.25
0.321411,151.102
0.321533,150.955
0.321655,150.807
0.321777,150.66
0.321899,150.513
0.322021,150.366
0.322144,150.219
0.322266,150.073
0.322388,149.926
0.32251,149.78
0.322632,149.634
0.322754,149.488
0.322876,149.342
0.322998,149.196
0.32312,149.05
0.323242,148.905
0.323364,148.76
0.323486,148.614
0.323608,148.469
0.32373,148.324
0.323853,148.18
0.323975,148.035
0.324097,147.891
0.324219,147.746
0.324341,147.602
0.324463,147.458
0.324585,147.314
0.324707,147.17
0.324829,147.027
0.324951,146.883
0.325073,146.74
0.325195,146.596
0.325317,146.453
0.325439,146.31
0.325562,146.168
0.325684,146.025
0.325806,145.882
0.325928,145.74
0.32605,145.598
0.326172,145.456
0.326294,145.314
0.326416,145.172
0.326538,145.03
0.32666,144.889
0.326782,144.747
0.326904,144.606
0.327026,144.465
0.327148,144.324
0.327271,144.183
0.327393,144.042
0.327515,143.901
0.327637,143.761
0.327759,143.621
0.327881,143.48
0.328003,143.34
0.328125,143.201
0.328247,143.061
0.328369,142.921
0.328491,142.782
0.328613,142.642
0.328735,142.503
0.328857,142.364
0.328979,142.225
0.329102,142.086
0.329224,141.947
0.329346,141.809
0.329468,141.67
0.32959,141.532
0.329712,141.394
0.329834,141.256
0.329956,141.118
0.330078,140.98
0.3302,140.843
0.330322,140.705
0.330444,140.568
0.330566,140.431
0.330688,140.294
0.330811,140.157
0.330933,140.02
0.331055,139.883
0.331177,139.747
0.331299,139.61
0.331421,139.474
0.331543,139.338
0.331665,139.202
0.331787,139.066
0.331909,138.93
0.332031,138.795
0.332153,138.659
0.332275,138.524
0.332397,138.389
0.33252,138.254
0.332642,138.119
0.332764,137.984
0.332886,137.849
0.333008,137.715
0.33313,137.58
0.333252,137.446
0.333374,137.312
0.333496,137.178
0.333618,137.044
0.33374,136.91
0.333862,136.776
0.333984,136.643
0.334106,136.51
0.334229,136.376
0.334351,136.243
0.334473,136.11
0.334595,135.977
0.334717,135.845
0.334839,135.712
0.334961,135.58
0.335083,135.447
0.335205,135.315
0.335327,135.183
0.335449,135.051
0.335571,134.919
0.335693,134.787
0.335815,134.656
0.335938,134.524
0.33606,134.393
0.336182,134.262
0.336304,134.131
0.336426,134
0.336548,133.869
0.33667,133.739
0.336792,133.608
0.336914,133.478
0.337036,133.347
0.337158,133.217
0.33728,133.087
0.337402,132.957
0.337524,132.827
0.337646,132.698
0.337769,132.568
0.337891,132.439
0.338013,132.31
0.338135,132.18
0.338257,132.051
0.338379,131.923
0.338501,131.794
0.338623,131.665
0.338745,131.537
0.338867,131.408
0.338989,131.28
0.339111,131.152
0.339233,131.024
0.339355,130.896
0.339478,130.768
0.3396,130.64
0.339722,130.513
0.339844,130.386
0.339966,130.258
0.340088,130.131
0.34021,130.004
0.340332,129.877
0.340454,129.75
0.340576,129.624
0.340698,129.497
0.34082,129.371
0.340942,129.245
0.341064,129.118
0.341187,128.992
0.341309,128.867
0.341431,128.741
0.341553,128.615
0.341675,128.49
0.341797,128.364
0.341919,128.239
0.342041,128.114
0.342163,127.989
0.342285,127.864
0.342407,127.739
0.342529,127.614
0.342651,127.49
0.342773,127.365
0.342896,127.241
0.343018,127.117
0.34314,126.993
0.343262,126.869
0.343384,126.745
0.343506,126.621
0.343628,126.497
0.34375,126.374
0.343872,126.251
0.343994,126.127
0.344116,126.004
0.344238,125.881
0.34436,125.758
0.344482,125.636
0.344604,125.513
0.344727,125.391
0.344849,125.268
0.344971,125.146
0.345093,125.024
0.345215,124.902
0.345337,124.78
0.345459,124.658
0.345581,124.536
0.345703,124.415
0.345825,124.293
0.345947,124.172
0.346069,124.051
0.346191,123.93
0.346313,123.809
0.346436,123.688
0.346558,123.567
0.34668,123.447
0.346802,123.326
0.346924,123.206
0.347046,123.085
0.347168,122.965
0.34729,122.845
0.347412,122.725
0.347534,122.606
0.347656,122.486
0.347778,122.366
0.3479,122.247
0.348022,122.128
0.348145,122.008
0.348267,121.889
0.348389,121.77
0.348511,121.651
0.348633,121.533
0.348755,121.414
0.348877,121.296
0.348999,121.177
0.349121,121.059
0.349243,120.941
0.349365,120.823
0.349487,120.705
0.349609,120.587
0.349731,120.469
0.349854,120.352
0.349976,120.234
0.350098,120.117
0.35022,120
0.350342,119.882
0.350464,119.765
0.350586,119.649
0.350708,119.532
0.35083,119.415
0.350952,119.298
0.351074,119.182
0.351196,119.066
0.351318,118.949
0.35144,118.833
0.351563,118.717
0.351685,118.602
0.351807,118.486
0.351929,118.37
0.352051,118.255
0.352173,118.139
0.352295,118.024
0.352417,117.909
0.352539,117.794
0.352661,117.679
0.352783,117.564
0.352905,117.449
0.353027,117.334
0.353149,117.22
0.353271,117.105
0.353394,116.991
0.353516,116.877
0.353638,116.763
0.35376,116.649
0.353882,116.535
0.354004,116.421
0.354126,116.308
0.354248,116.194
0.35437,116.081
0.354492,115.967
0.354614,115.854
0.354736,115.741
0.354858,115.628
0.35498,115.515
0.355103,115.402
0.355225,115.29
0.355347,115.177
0.355469,115.065
0.355591,114.953
0.355713,114.84
0.355835,114.728
0.355957,114.616
0.356079,114.504
0.356201,114.393
0.356323,114.281
0.356445,114.169
0.356567,114.058
0.356689,113.947
0.356812,113.835
0.356934,113.724
0.357056,113.613
0.357178,113.502
0.3573,113.392
0.357422,113.281
0.357544,113.17
0.357666,113.06
0.357788,112.95
0.35791,112.839
0.358032,112.729
0.358154,112.619
0.358276,112.509
0.358398,112.399
0.358521,112.29
0.358643,112.18
0.358765,112.071
0.358887,111.961
0.359009,111.852
0.359131,111.743
0.359253,111.634
0.359375,111.525
0.359497,111.416
0.359619,111.307
0.359741,111.198
0.359863,111.09
0.359985,110.981
0.360107,110.873
0.360229,110.765
0.360352,110.657
0.360474,110.549
0.360596,110.441
0.360718,110.333
0.36084,110.225
0.360962,110.118
0.361084,110.01
0.361206,109.903
0.361328,109.796
0.36145,109.688
0.361572,109.581
0.361694,109.474
0.361816,109.368
0.361938,109.261
0.362061,109.154
0.362183,109.048
0.362305,108.941
0.362427,108.835
0.362549,108.729
0.362671,108.623
0.362793,108.516
0.362915,108.411
0.363037,108.305
0.363159,108.199
0.363281,108.093
0.363403,107.988
0.363525,107.883
0.363647,107.777
0.36377,107.672
0.363892,107.567
0.364014,107.462
0.364136,107.357
0.364258,107.252
0.36438,107.148
0.364502,107.043
0.364624,106.938
0.364746,106.834
0.364868,106.73
0.36499,106.626
0.365112,106.522
0.365234,106.418
0.365356,106.314
0.365479,106.21
0.365601,106.106
0.365723,106.003
0.365845,105.899
0.365967,105.796
0.366089,105.693
0.366211,105.589
0.366333,105.486
0.366455,105.383
0.366577,105.281
0.366699,105.178
0.366821,105.075
0.366943,104.973
0.367065,104.87
0.367188,104.768
0.36731,104.665
0.367432,104.563
0.367554,104.461
0.367676,104.359
0.367798,104.257
0.36792,104.156
0.368042,104.054
0.368164,103.952
0.368286,103.851
0.368408,103.75
0.36853,103.648
0.368652,103.547
0.368774,103.446
0.368896,103.345
0.369019,103.244
0.369141,103.143
0.369263,103.043
0.369385,102.942
0.369507,102.842
0.369629,102.741
0.369751,102.641
0.369873,102.541
0.369995,102.441
0.370117,102.341
0.370239,102.241
0.370361,102.141
0.370483,102.041
0.370605,101.942
0.370728,101.842
0.37085,101.743
0.370972,101.644
0.371094,101.544
0.371216,101.445
0.371338,101.346
0.37146,101.247
0.371582,101.148
0.371704,101.05
0.371826,100.951
0.371948,100.853
0.37207,100.754
0.372192,100.656
0.372314,100.558
0.372437,100.459
0.372559,100.361
0.372681,100.263
0.372803,100.166
0.372925,100.068
0.373047,99.9701
0.373169,99.8725
0.373291,99.775
0.373413,99.6776
0.373535,99.5803
0.373657,99.4831
0.373779,99.386
0.373901,99.289
0.374023,99.1921
0.374146,99.0953
0.374268,98.9986
0.37439,98.9019
0.374512,98.8054
0.374634,98.7089
0.374756,98.6126
0.374878,98.5163
0.375,98.4202
0.375122,98.3241
0.375244,98.2281
0.375366,98.1323
0.375488,98.0365
0.37561,97.9408
0.375732,97.8452
0.375854,97.7497
0.375977,97.6543
0.376099,97.559
0.376221,97.4637
0.376343,97.3686
0.376465,97.2736
0.376587,97.1786
0.376709,97.0837
0.376831,96.989
0.376953,96.8943
0.377075,96.7997
0.377197,96.7053
0.377319,96.6109
0.377441,96.5166
0.377563,96.4224
0.377686,96.3282
0.377808,96.2342
0.37793,96.1403
0.378052,96.0464
0.378174,95.9527
0.378296,95.859
0.378418,95.7655
0.37854,95.672
0.378662,95.5786
0.378784,95.4853
0.378906,95.3921
0.379028,95.299
0.37915,95.206
0.379272,95.113
0.379395,95.0202
0.379517,94.9275
0.379639,94.8348
0.379761,94.7422
0.379883,94.6498
0.380005,94.5574
0.380127,94.4651
0.380249,94.3729
0.380371,94.2808
0.380493,94.1887
0.380615,94.0968
0.380737,94.005
0.380859,93.9132
0.380981,93.8215
0.381104,93.7299
0.381226,93.6385
0.381348,93.5471
0.38147,93.4557
0.381592,93.3645
0.381714,93.2734
0.381836,93.1824
0.381958,93.0914
0.38208,93.0005
0.382202,92.9098
0.382324,92.8191
0.382446,92.7285
0.382568,92.638
0.38269,92.5475
0.382813,92.4572
0.382935,92.367
0.383057,92.2768
0.383179,92.1867
0.383301,92.0967
0.383423,92.0069
0.383545,91.917
0.383667,91.8273
0.383789,91.7377
0.383911,91.6481
0.384033,91.5587
0.384155,91.4693
0.384277,91.38
0.384399,91.2909
0.384521,91.2017
0.384644,91.1127
0.384766,91.0238
0.384888,90.9349
0.38501,90.8462
0.385132,90.7575
0.385254,90.6689
0.385376,90.5804
0.385498,90.492
0.38562,90.4037
0.385742,90.3154
0.385864,90.2273
0.385986,90.1392
0.386108,90.0512
0.38623,89.9633
0.386353,89.8755
0.386475,89.7878
0.386597,89.7001
0.386719,89.6126
0.386841,89.5251
0.386963,89.4377
0.387085,89.3504
0.387207,89.2632
0.387329,89.1761
0.387451,89.0891
0.387573,89.0021
0.387695,88.9152
0.387817,88.8284
0.387939,88.7417
0.388062,88.6551
0.388184,88.5686
0.388306,88.4821
0.388428,88.3958
0.38855,88.3095
0.388672,88.2233
0.388794,88.1372
0.388916,88.0511
0.389038,87.9652
0.38916,87.8793
0.389282,87.7936
0.389404,87.7079
0.389526,87.6222
0.389648,87.5367
0.389771,87.4513
0.389893,87.3659
0.390015,87.2806
0.390137,87.1954
0.390259,87.1103
0.390381,87.0253
0.390503,86.9404
0.390625,86.8555
0.390747,86.7707
0.390869,86.686
0.390991,86.6014
0.391113,86.5169
0.391235,86.4324
0.391357,86.3481
0.391479,86.2638
0.391602,86.1796
0.391724,86.0955
0.391846,86.0114
0.391968,85.9275
0.39209,85.8436
0.392212,85.7598
0.392334,85.6761
0.392456,85.5925
0.392578,85.5089
0.3927,85.4255
0.392822,85.3421
0.392944,85.2588
0.393066,85.1756
0.393188,85.0924
0.393311,85.0094
0.393433,84.9264
0.393555,84.8435
0.393677,84.7607
0.393799,84.6779
0.393921,84.5953
0.394043,84.5127
0.394165,84.4302
0.394287,84.3478
0.394409,84.2655
0.394531,84.1832
0.394653,84.1011
0.394775,84.019
0.394897,83.937
0.39502,83.855
0.395142,83.7732
0.395264,83.6914
0.395386,83.6097
0.395508,83.5281
0.39563,83.4466
0.395752,83.3651
0.395874,83.2838
0.395996,83.2025
0.396118,83.1213
0.39624,83.0401
0.396362,82.9591
0.396484,82.8781
0.396606,82.7972
0.396729,82.7164
0.396851,82.6357
0.396973,82.555
0.397095,82.4744
0.397217,82.3939
0.397339,82.3135
0.397461,82.2331
0.397583,82.1529
0.397705,82.0727
0.397827,81.9926
0.397949,81.9125
0.398071,81.8326
0.398193,81.7527
0.398315,81.6729
0.398438,81.5932
0.39856,81.5136
0.398682,81.434
0.398804,81.3545
0.398926,81.2751
0.399048,81.1958
0.39917,81.1165
0.399292,81.0373
0.399414,80.9582
0.399536,80.8792
0.399658,80.8003
0.39978,80.7214
0.399902,80.6426
0.400024,80.5639
0.400146,80.4853
0.400269,80.4067
0.400391,80.3282
0.400513,80.2498
0.400635,80.1715
0.400757,80.0932
0.400879,80.015
0.401001,79.9369
0.401123,79.8589
0.401245,79.781
0.401367,79.7031
0.401489,79.6253
0.401611,79.5476
0.401733,79.4699
0.401855,79.3924
0.401978,79.3149
0.4021,79.2374
0.402222,79.1601
0.402344,79.0828
0.402466,79.0056
0.402588,78.9285
0.40271,78.8515
0.402832,78.7745
0.402954,78.6976
0.403076,78.6208
0.403198,78.5441
0.40332,78.4674
0.403442,78.3908
0.403564,78.3143
0.403687,78.2379
0.403809,78.1615
0.403931,78.0852
0.404053,78.009
0.404175,77.9328
0.404297,77.8568
0.404419,77.7808
0.404541,77.7048
0.404663,77.629
0.404785,77.5532
0.404907,77.4775
0.405029,77.4019
0.405151,77.3264
0.405273,77.2509
0.405396,77.1755
0.405518,77.1002
0.40564,77.0249
0.405762,76.9497
0.405884,76.8746
0.406006,76.7996
0.406128,76.7246
0.40625,76.6497
0.406372,76.5749
0.406494,76.5002
0.406616,76.4255
0.406738,76.3509
0.40686,76.2764
0.406982,76.2019
0.407104,76.1275
0.407227,76.0532
0.407349,75.979
0.407471,75.9048
0.407593,75.8307
0.407715,75.7567
0.407837,75.6828
0.407959,75.6089
0.408081,75.5351
0.408203,75.4614
0.408325,75.3877
0.408447,75.3141
0.408569,75.2406
0.408691,75.1672
0.408813,75.0938
0.408936,75.0205
0.409058,74.9473
0.40918,74.8741
0.409302,74.801
0.409424,74.728
0.409546,74.6551
0.409668,74.5822
0.40979,74.5094
0.409912,74.4367
0.410034,74.364
0.410156,74.2915
0.410278,74.2189
0.4104,74.1465
0.410522,74.0741
0.410645,74.0018
0.410767,73.9296
0.410889,73.8574
0.411011,73.7853
0.411133,73.7133
0.411255,73.6414
0.411377,73.5695
0.411499,73.4977
0.411621,73.4259
0.411743,73.3543
0.411865,73.2827
0.411987,73.2111
0.412109,73.1397
0.412231,73.0683
0.412354,72.997
0.412476,72.9257
0.412598,72.8545
0.41272,72.7834
0.412842,72.7124
0.412964,72.6414
0.413086,72.5705
0.413208,72.4997
0.41333,72.4289
0.413452,72.3582
0.413574,72.2876
0.413696,72.217
0.413818,72.1465
0.41394,72.0761
0.414063,72.0057
0.414185,71.9355
0.414307,71.8652
0.414429,71.7951
0.414551,71.725
0.414673,71.655
0.414795,71.5851
0.414917,71.5152
0.415039,71.4454
0.415161,71.3756
0.415283,71.306
0.415405,71.2364
0.415527,71.1668
0.415649,71.0974
0.415771,71.028
0.415894,70.9587
0.416016,70.8894
0.416138,70.8202
0.41626,70.7511
0.416382,70.682
0.416504,70.613
0.416626,70.5441
0.416748,70.4752
0.41687,70.4064
0.416992,70.3377
0.417114,70.2691
0.417236,70.2005
0.417358,70.132
0.41748,70.0635
0.417603,69.9951
0.417725,69.9268
0.417847,69.8585
0.417969,69.7904
0.418091,69.7222
0.418213,69.6542
0.418335,69.5862
0.418457,69.5183
0.418579,69.4504
0.418701,69.3826
0.418823,69.3149
0.418945,69.2472
0.419067,69.1796
0.419189,69.1121
0.419312,69.0447
0.419434,68.9773
0.419556,68.91
0.419678,68.8427
0.4198,68.7755
0.419922,68.7084
0.420044,68.6413
0.420166,68.5743
0.420288,68.5074
0.42041,68.4405
0.420532,68.3737
0.420654,68.3069
0.420776,68.2403
0.420898,68.1737
0.421021,68.1071
0.421143,68.0406
0.421265,67.9742
0.421387,67.9079
0.421509,67.8416
0.421631,67.7754
0.421753,67.7092
0.421875,67.6431
0.421997,67.5771
0.422119,67.5112
0.422241,67.4453
0.422363,67.3794
0.422485,67.3137
0.422607,67.2479
0.422729,67.1823
0.422852,67.1167
0.422974,67.0512
0.423096,66.9858
0.423218,66.9204
0.42334,66.8551
0.423462,66.7898
0.423584,66.7246
0.423706,66.6595
0.423828,66.5944
0.42395,66.5294
0.424072,66.4645
0.424194,66.3996
0.424316,66.3348
0.424438,66.2701
0.424561,66.2054
0.424683,66.1407
0.424805,66.0762
0.424927,66.0117
0.425049,65.9473
0.425171,65.8829
0.425293,65.8186
0.425415,65.7543
0.425537,65.6902
0.425659,65.626
0.425781,65.562
0.425903,65.498
0.426025,65.434
0.426147,65.3702
0.42627,65.3064
0.426392,65.2426
0.426514,65.1789
0.426636,65.1153
0.426758,65.0518
0.42688,64.9883
0.427002,64.9248
0.427124,64.8615
0.427246,64.7981
0.427368,64.7349
0.42749,64.6717
0.427612,64.6086
0.427734,64.5455
0.427856,64.4825
0.427979,64.4196
0.428101,64.3567
0.428223,64.2939
0.428345,64.2311
0.428467,64.1684
0.428589,64.1058
0.428711,64.0432
0.428833,63.9807
0.428955,63.9183
0.429077,63.8559
0.429199,63.7936
0.429321,63.7313
0.429443,63.6691
0.429565,63.6069
0.429688,63.5448
0.42981,63.4828
0.429932,63.4209
0.430054,63.359
0.430176,63.2971
0.430298,63.2353
0.43042,63.1736
0.430542,63.1119
0.430664,63.0503
0.430786,62.9888
0.430908,62.9273
0.43103,62.8659
0.431152,62.8045
0.431274,62.7432
0.431396,62.682
0.431519,62.6208
0.431641,62.5597
0.431763,62.4986
0.431885,62.4376
0.432007,62.3767
0.432129,62.3158
0.432251,62.2549
0.432373,62.1942
0.432495,62.1335
0.432617,62.0728
0.432739,62.0122
0.432861,61.9517
0.432983,61.8912
0.433105,61.8308
0.433228,61.7705
0.43335,61.7102
0.433472,61.65
0.433594,61.5898
0.433716,61.5297
0.433838,61.4696
0.43396,61.4096
0.434082,61.3497
0.434204,61.2898
0.434326,61.2299
0.434448,61.1702
0.43457,61.1105
0.434692,61.0508
0.434814,60.9912
0.434937,60.9317
0.435059,60.8722
0.435181,60.8128
0.435303,60.7535
0.435425,60.6942
0.435547,60.6349
0.435669,60.5757
0.435791,60.5166
0.435913,60.4575
0.436035,60.3985
0.436157,60.3396
0.436279,60.2807
0.436401,60.2218
0.436523,60.163
0.436646,60.1043
0.436768,60.0457
0.43689,59.987
0.437012,59.9285
0.437134,59.87
0.437256,59.8116
0.437378,59.7532
0.4375,59.6949
0.437622,59.6366
0.437744,59.5784
0.437866,59.5202
0.437988,59.4621
0.43811,59.4041
0.438232,59.3461
0.438354,59.2882
0.438477,59.2303
0.438599,59.1725
0.438721,59.1147
0.438843,59.057
0.438965,58.9994
0.439087,58.9418
0.439209,58.8843
0.439331,58.8268
0.439453,58.7694
0.439575,58.712
0.439697,58.6547
0.439819,58.5975
0.439941,58.5403
0.440063,58.4831
0.440186,58.426
0.440308,58.369
0.44043,58.312
0.440552,58.2551
0.440674,58.1982
0.440796,58.1414
0.440918,58.0847
0.44104,58.028
0.441162,57.9714
0.441284,57.9148
0.441406,57.8582
0.441528,57.8018
0.44165,57.7453
0.441772,57.689
0.441895,57.6327
0.442017,57.5764
0.442139,57.5202
0.442261,57.4641
0.442383,57.408
0.442505,57.3519
0.442627,57.296
0.442749,57.24
0.442871,57.1842
0.442993,57.1284
0.443115,57.0726
0.443237,57.0169
0.443359,56.9612
0.443481,56.9056
0.443604,56.8501
0.443726,56.7946
0.443848,56.7392
0.44397,56.6838
0.444092,56.6284
0.444214,56.5732
0.444336,56.518
0.444458,56.4628
0.44458,56.4077
0.444702,56.3526
0.444824,56.2976
0.444946,56.2427
0.445068,56.1878
0.44519,56.1329
0.445313,56.0781
0.445435,56.0234
0.445557,55.9687
0.445679,55.9141
0.445801,55.8595
0.445923,55.805
0.446045,55.7505
0.446167,55.6961
0.446289,55.6417
0.446411,55.5874
0.446533,55.5332
0.446655,55.479
0.446777,55.4248
0.446899,55.3707
0.447021,55.3167
0.447144,55.2627
0.447266,55.2087
0.447388,55.1548
0.44751,55.101
0.447632,55.0472
0.447754,54.9935
0.447876,54.9398
0.447998,54.8862
0.44812,54.8326
0.448242,54.7791
0.448364,54.7256
0.448486,54.6722
0.448608,54.6188
0.44873,54.5655
0.448853,54.5123
0.448975,54.459
0.449097,54.4059
0.449219,54.3528
0.449341,54.2997
0.449463,54.2467
0.449585,54.1938
0.449707,54.1409
0.449829,54.088
0.449951,54.0352
0.450073,53.9825
0.450195,53.9298
0.450317,53.8772
0.450439,53.8246
0.450562,53.772
0.450684,53.7196
0.450806,53.6671
0.450928,53.6147
0.45105,53.5624
0.451172,53.5101
0.451294,53.4579
0.451416,53.4057
0.451538,53.3536
0.45166,53.3015
0.451782,53.2495
0.451904,53.1975
0.452026,53.1456
0.452148,53.0937
0.452271,53.0419
0.452393,52.9901
0.452515,52.9384
0.452637,52.8867
0.452759,52.8351
0.452881,52.7835
0.453003,52.732
0.453125,52.6805
0.453247,52.6291
0.453369,52.5777
0.453491,52.5264
0.453613,52.4751
0.453735,52.4239
0.453857,52.3728
0.453979,52.3216
0.454102,52.2706
0.454224,52.2195
0.454346,52.1686
0.454468,52.1176
0.45459,52.0668
0.454712,52.016
0.454834,51.9652
0.454956,51.9145
0.455078,51.8638
0.4552,51.8132
0.455322,51.7626
0.455444,51.7121
0.455566,51.6616
0.455688,51.6112
0.455811,51.5608
0.455933,51.5105
0.456055,51.4602
0.456177,51.41
0.456299,51.3598
0.456421,51.3096
0.456543,51.2596
0.456665,51.2095
0.456787,51.1595
0.456909,51.1096
0.457031,51.0597
0.457153,51.0099
0.457275,50.9601
0.457397,50.9103
0.45752,50.8607
0.457642,50.811
0.457764,50.7614
0.457886,50.7119
0.458008,50.6624
0.45813,50.6129
0.458252,50.5635
0.458374,50.5142
0.458496,50.4649
0.458618,50.4156
0.45874,50.3664
0.458862,50.3172
0.458984,50.2681
0.459106,50.219
0.459229,50.17
0.459351,50.1211
0.459473,50.0721
0.459595,50.0233
0.459717,49.9744
0.459839,49.9257
0.459961,49.8769
0.460083,49.8282
0.460205,49.7796
0.460327,49.731
0.460449,49.6825
0.460571,49.634
0.460693,49.5855
0.460815,49.5371
0.460938,49.4888
0.46106,49.4405
0.461182,49.3922
0.461304,49.344
0.461426,49.2958
0.461548,49.2477
0.46167,49.1996
0.461792,49.1516
0.461914,49.1036
0.462036,49.0557
0.462158,49.0078
0.46228,48.96
0.462402,48.9122
0.462524,48.8645
0.462646,48.8168
0.462769,48.7691
0.462891,48.7215
0.463013,48.674
0.463135,48.6265
0.463257,48.579
0.463379,48.5316
0.463501,48.4842
0.463623,48.4369
0.463745,48.3896
0.463867,48.3424
0.463989,48.2952
0.464111,48.248
0.464233,48.2009
0.464355,48.1539
0.464478,48.1069
0.4646,48.0599
0.464722,48.013
0.464844,47.9662
0.464966,47.9193
0.465088,47.8726
0.46521,47.8258
0.465332,47.7792
0.465454,47.7325
0.465576,47.6859
0.465698,47.6394
0.46582,47.5929
0.465942,47.5464
0.466064,47.5
0.466187,47.4537
0.466309,47.4073
0.466431,47.3611
0.466553,47.3148
0.466675,47.2687
0.466797,47.2225
0.466919,47.1764
0.467041,47.1304
0.467163,47.0844
0.467285,47.0384
0.467407,46.9925
0.467529,46.9466
0.467651,46.9008
0.467773,46.855
0.467896,46.8093
0.468018,46.7636
0.46814,46.718
0.468262,46.6724
0.468384,46.6268
0.468506,46.5813
0.468628,46.5358
0.46875,46.4904
0.468872,46.445
0.468994,46.3997
0.469116,46.3544
0.469238,46.3092
0.46936,46.264
0.469482,46.2188
0.469604,46.1737
0.469727,46.1286
0.469849,46.0836
0.469971,46.0386
0.470093,45.9937
0.470215,45.9488
0.470337,45.9039
0.470459,45.8591
0.470581,45.8144
0.470703,45.7696
0.470825,45.725
0.470947,45.6803
0.471069,45.6357
0.471191,45.5912
0.471313,45.5467
0.471436,45.5022
0.471558,45.4578
0.47168,45.4135
0.471802,45.3691
0.471924,45.3248
0.472046,45.2806
0.472168,45.2364
0.47229,45.1922
0.472412,45.1481
0.472534,45.1041
0.472656,45.06
0.472778,45.0161
0.4729,44.9721
0.473022,44.9282
0.473145,44.8844
0.473267,44.8406
0.473389,44.7968
0.473511,44.7531
0.473633,44.7094
0.473755,44.6657
0.473877,44.6221
0.473999,44.5786
0.474121,44.5351
0.474243,44.4916
0.474365,44.4482
0.474487,44.4048
0.474609,44.3615
0.474731,44.3181
0.474854,44.2749
0.474976,44.2317
0.475098,44.1885
0.47522,44.1454
0.475342,44.1023
0.475464,44.0592
0.475586,44.0162
0.475708,43.9733
0.47583,43.9303
0.475952,43.8875
0.476074,43.8446
0.476196,43.8018
0.476318,43.7591
0.47644,43.7164
0.476563,43.6737
0.476685,43.6311
0.476807,43.5885
0.476929,43.5459
0.477051,43.5034
0.477173,43.461
0.477295,43.4185
0.477417,43.3762
0.477539,43.3338
0.477661,43.2915
0.477783,43.2493
0.477905,43.2071
0.478027,43.1649
0.478149,43.1227
0.478271,43.0807
0.478394,43.0386
0.478516,42.9966
0.478638,42.9546
0.47876,42.9127
0.478882,42.8708
0.479004,42.829
0.479126,42.7872
0.479248,42.7454
0.47937,42.7037
0.479492,42.662
0.479614,42.6203
0.479736,42.5787
0.479858,42.5372
0.47998,42.4957
0.480103,42.4542
0.480225,42.4127
0.480347,42.3713
0.480469,42.33
0.480591,42.2887
0.480713,42.2474
0.480835,42.2062
0.480957,42.165
0.481079,42.1238
0.481201,42.0827
0.481323,42.0416
0.481445,42.0006
0.481567,41.9596
0.481689,41.9186
0.481812,41.8777
0.481934,41.8368
0.482056,41.796
0.482178,41.7552
0.4823,41.7144
0.482422,41.6737
0.482544,41.633
0.482666,41.5924
0.482788,41.5518
0.48291,41.5113
0.483032,41.4707
0.483154,41.4303
0.483276,41.3898
0.483398,41.3494
0.483521,41.3091
0.483643,41.2687
0.483765,41.2285
0.483887,41.1882
0.484009,41.148
0.484131,41.1078
0.484253,41.0677
0.484375,41.0276
0.484497,40.9876
0.484619,40.9476
0.484741,40.9076
0.484863,40.8677
0.484985,40.8278
0.485107,40.7879
0.485229,40.7481
0.485352,40.7084
0.485474,40.6686
0.485596,40.6289
0.485718,40.5893
0.48584,40.5496
0.485962,40.5101
0.486084,40.4705
0.486206,40.431
0.486328,40.3916
0.48645,40.3521
0.486572,40.3127
0.486694,40.2734
0.486816,40.2341
0.486938,40.1948
0.487061,40.1556
0.487183,40.1164
0.487305,40.0772
0.487427,40.0381
0.487549,39.999
0.487671,39.96
0.487793,39.921
0.487915,39.882
0.488037,39.8431
0.488159,39.8042
0.488281,39.7653
0.488403,39.7265
0.488525,39.6878
0.488647,39.649
0.48877,39.6103
0.488892,39.5717
0.489014,39.533
0.489136,39.4944
0.489258,39.4559
0.48938,39.4174
0.489502,39.3789
0.489624,39.3405
0.489746,39.3021
0.489868,39.2637
0.48999,39.2254
0.490112,39.1871
0.490234,39.1488
0.490356,39.1106
0.490479,39.0725
0.490601,39.0343
0.490723,38.9962
0.490845,38.9581
0.490967,38.9201
0.491089,38.8821
0.491211,38.8442
0.491333,38.8063
0.491455,38.7684
0.491577,38.7305
0.491699,38.6927
0.491821,38.655
0.491943,38.6172
0.492065,38.5796
0.492188,38.5419
0.49231,38.5043
0.492432,38.4667
0.492554,38.4291
0.492676,38.3916
0.492798,38.3542
0.49292,38.3167
0.493042,38.2793
0.493164,38.242
0.493286,38.2046
0.493408,38.1673
0.49353,38.1301
0.493652,38.0929
0.493774,38.0557
0.493896,38.0185
0.494019,37.9814
0.494141,37.9444
0.494263,37.9073
0.494385,37.8703
0.494507,37.8334
0.494629,37.7964
0.494751,37.7595
0.494873,37.7227
0.494995,37.6859
0.495117,37.6491
0.495239,37.6123
0.495361,37.5756
0.495483,37.5389
0.495605,37.5023
0.495728,37.4657
0.49585,37.4291
0.495972,37.3926
0.496094,37.3561
0.496216,37.3196
0.496338,37.2832
0.49646,37.2468
0.496582,37.2104
0.496704,37.1741
0.496826,37.1378
0.496948,37.1016
0.49707,37.0654
0.497192,37.0292
0.497314,36.9931
0.497437,36.9569
0.497559,36.9209
0.497681,36.8848
0.497803,36.8488
0.497925,36.8129
0.498047,36.7769
0.498169,36.741
0.498291,36.7052
0.498413,36.6693
0.498535,36.6336
0.498657,36.5978
0.498779,36.5621
0.498901,36.5264
0.499023,36.4907
0.499146,36.4551
0.499268,36.4195
0.49939,36.384
0.499512,36.3485
0.499634,36.313
0.499756,36.2775
0.499878,36.2421
