# BEGINHEADER
# This file contains data from the SALSA 2m radio telescope.
# DATE=2024-01-31T11:19:0015
# GLON and GLAT given in degrees
# GLON=30.826529081419135
# GLAT=-23.511328725042894
# DATA in two columns below. Col. 1 is velocity relative to LSR [km/s]. Col. 2 is uncalibrated antenna temperature [K].
# ENDHEADER
2391.870376523779 19.524154094919165
2389.8092325731805 40.07563373314868
2387.748088622582 35.90480405418784
2385.686944671983 39.10650141862758
2383.6258007213846 38.58529791906062
2381.564656770786 40.43505182516661
2379.5035128201876 40.94277986270684
2377.442368869589 43.641275563763195
2375.38122491899 45.180081085300635
2373.3200809683913 47.5206912469252
2371.258937017793 49.571536647150474
2369.197793067194 51.942678786531744
2367.1366491165954 54.14585111115577
2365.0755051659967 56.53711977991692
2363.0143612153984 58.45617284085952
2360.9532172647996 61.13598732693579
2358.8920733142013 63.31245482555702
2356.8309293636025 65.67081962311038
2354.769785413004 67.3273257890998
2352.708641462405 69.46982534673738
2350.6474975118067 71.10592334324454
2348.5863535612075 73.00868781455362
2346.5252096106087 74.86036491442852
2344.46406566001 76.78335320597277
2342.4029217094117 78.78588454000524
2340.341777758813 79.23652376691105
2338.2806338082146 79.60320685751951
2336.219489857616 81.24531922931179
2334.158345907017 82.1310985303524
2332.0972019564183 82.65574400950622
2330.03605800582 83.48511640855122
2327.9749140552212 83.95707625505263
2325.9137701046225 84.67330286141255
2323.8526261540237 85.6572093756233
2321.7914822034254 86.18298982652057
2319.7303382528266 86.20453579101975
2317.6691943022283 86.26200584200579
2315.6080503516296 87.85484041500814
2313.546906401031 88.56283765148127
2311.485762450432 87.65053593616057
2309.4246184998337 88.13994566005991
2307.363474549235 88.2573883918343
2305.302330598636 88.5715799838704
2303.2411866480375 88.814186815753
2301.180042697439 88.42448354516523
2299.1188987468404 89.33437898242342
2297.057754796242 90.11065669213129
2294.9966108456433 89.67060572124981
2292.9354668950446 89.15655578306453
2290.874322944446 89.65190796741736
2288.8131789938475 90.45227248220772
2286.7520350432483 90.18620853051476
2284.6908910926495 90.01396707108798
2282.6297471420507 91.49477332448612
2280.5686031914524 91.34784358331949
2278.5074592408537 91.52809123002959
2276.4463152902554 90.84575149754075
2274.3851713396566 91.96236141795495
2272.324027389058 92.0799135090975
2270.262883438459 92.29580270889443
2268.201739487861 91.40465537183056
2266.140595537262 91.84242873014598
2264.0794515866633 92.92190935682673
2262.0183076360645 91.68541296314618
2259.957163685466 91.67903248936244
2257.8960197348674 92.74695338623911
2255.834875784269 93.35399171063153
2253.7737318336704 93.28129203121433
2251.7125878830716 93.53151154125356
2249.651443932473 92.12759831136023
2247.5902999818745 94.55971520357011
2245.5291560312758 93.24706367728466
2243.468012080677 93.05654428081961
2241.4068681300782 94.13280281266584
2239.34572417948 93.51351397129474
2237.284580228881 94.099531629381
2235.223436278283 93.9333913328936
2233.162292327684 94.66356765862696
2231.1011483770853 94.15813518599099
2229.0400044264866 94.55281712776518
2226.9788604758883 94.76876632586563
2224.917716525289 93.83634572194136
2222.8565725746903 94.65548550322534
2220.7954286240915 94.90544996468603
2218.734284673493 94.53286109428075
2216.6731407228945 94.81000318911073
2214.611996772296 97.25117360073327
2212.5508528216974 99.96151919336526
2210.4897088710986 94.88309099800372
2208.4285649205 95.07044596879537
2206.3674209699016 94.98686619506634
2204.306277019303 95.30816570804275
2202.245133068704 95.16720080283311
2200.1839891181053 96.00012393023931
2198.122845167507 95.91002496030242
2196.061701216908 95.46137935562308
2194.00055726631 95.08161183255645
2191.939413315711 94.19651658942865
2189.8782693651124 95.4244289053815
2187.8171254145136 95.8717051531238
2185.7559814639153 95.41280848535983
2183.6948375133165 95.48280350701097
2181.633693562718 97.02170174692998
2179.572549612119 96.72785046169457
2177.5114056615207 95.35655315118112
2175.450261710922 96.17388218887558
2173.3891177603236 95.65478147933202
2171.327973809725 94.81625105012628
2169.266829859126 96.66295639528462
2167.2056859085274 97.06865237458278
2165.144541957929 95.45765641647259
2163.0833980073303 96.16357760120465
2161.022254056731 95.28974683032342
2158.9611101061323 95.66073876786356
2156.899966155534 96.77639822037425
2154.8388222049352 95.72093866719914
2152.777678254337 95.37483660884506
2150.716534303738 96.0583470105919
2148.6553903531394 95.44550746688496
2146.5942464025406 95.06063708938198
2144.5331024519423 96.4736357402824
2142.4719585013436 98.10543787549774
2140.410814550745 95.57232128323331
2138.349670600146 96.09236365246522
2136.2885266495477 97.4858831997514
2134.227382698949 96.07762461624525
2132.1662387483507 96.7634531968825
2130.105094797752 99.21826522043467
2128.043950847153 100.34403008254841
2125.9828068965544 97.32730888947573
2123.921662945956 95.6688138692918
2121.8605189953573 96.89750963667089
2119.7993750447586 96.39434525850979
2117.73823109416 96.18249043338808
2115.6770871435615 97.70699531053722
2113.6159431929627 97.0168393004172
2111.5547992423644 95.737392491369
2109.4936552917657 95.39885823190288
2107.432511341167 96.1980926011103
2105.371367390568 95.99033004967762
2103.31022343997 95.95210417844467
2101.249079489371 95.78959303776173
2099.187935538772 95.95966953364618
2097.1267915881735 95.32920340206464
2095.065647637575 96.75189401742335
2093.004503686976 95.48669266402163
2090.9433597363777 95.30356496570096
2088.882215785779 96.01841988837357
2086.82107183518 96.42183835945181
2084.7599278845814 96.13566686424699
2082.698783933983 96.15081778532274
2080.6376399833844 95.24939214200207
2078.576496032786 96.05489617330585
2076.5153520821873 95.02828740888201
2074.4542081315885 95.81025553293037
2072.3930641809898 96.58498723897594
2070.3319202303915 95.72805457516434
2068.2707762797922 94.16252280916923
2066.209632329194 94.75757673149899
2064.148488378595 93.21592324635316
2062.087344427997 97.49586281393339
2060.0262004773977 90.29346952488741
2057.9650565267993 127.46339971847185
2055.9039125762006 109.33354279345978
2053.8427686256023 90.3807181424181
2051.7816246750035 97.73159334741108
2049.7204807244048 93.2006848191876
2047.659336773806 96.30082505732744
2045.5981928232075 93.66803151218647
2043.5370488726087 95.98737025653904
2041.4759049220104 94.23530989116774
2039.4147609714114 93.38238447021382
2037.353617020813 94.90631012419765
2035.2924730702143 94.06658102662219
2033.2313291196158 93.8411274356143
2031.170185169017 93.8622866236126
2029.1090412184185 94.76616194194392
2027.0478972678197 93.45728187793715
2024.9867533172212 94.23560837673874
2022.9256093666224 92.98418259617944
2020.864465416024 93.55144783610083
2018.803321465425 92.57424283087367
2016.7421775148266 92.55489797526954
2014.6810335642278 93.24846677403961
2012.6198896136293 93.0730980859697
2010.5587456630305 92.8923669809596
2008.497601712432 92.24006946036488
2006.4364577618333 92.90733216085856
2004.3753138112347 91.88237282426445
2002.314169860636 92.97685495893158
2000.2530259100376 92.58810755953527
1998.1918819594387 91.58403151241501
1996.1307380088404 91.58212088135303
1994.0695940582416 91.9552621106884
1992.008450107643 91.50554301842966
1989.947306157044 90.55558634755234
1987.8861622064455 91.53585076980215
1985.8250182558468 91.21024757508432
1983.7638743052482 90.6877862379105
1981.7027303546495 90.71657790641898
1979.641586404051 90.18178452086012
1977.5804424534522 89.22214323117677
1975.5192985028539 89.91765398621186
1973.458154552255 89.47492607355785
1971.3970106016566 90.15519941019177
1969.3358666510578 89.06050457521492
1967.2747227004593 88.47701655687503
1965.2135787498605 88.59299720500854
1963.152434799262 89.16777717184718
1961.0912908486632 89.06213944845341
1959.0301468980645 88.2049266711821
1956.9690029474657 88.33402648529358
1954.9078589968674 87.73354072837977
1952.8467150462686 87.73933028344858
1950.78557109567 87.77739999001822
1948.7244271450713 86.51132580822944
1946.6632831944728 86.9109098366637
1944.602139243874 86.94393978010794
1942.5409952932755 86.66848317897626
1940.4798513426767 86.23158071927588
1938.4187073920782 86.1239462241527
1936.3575634414794 84.93726040814116
1934.2964194908811 85.28645367066835
1932.2352755402821 84.87545785694502
1930.1741315896838 84.73733888158904
1928.112987639085 83.653716809446
1926.0518436884863 83.74197983147035
1923.9906997378876 82.88194639571698
1921.929555787289 82.06329287724935
1919.8684118366903 80.37355100573944
1917.8072678860917 79.37001430089592
1915.746123935493 78.80389812925719
1913.6849799848947 76.64437118242853
1911.6238360342957 75.19034652624323
1909.5626920836974 74.44348321304459
1907.5015481330986 72.5530293925629
1905.4404041825 70.76537006563116
1903.3792602319013 69.11575747081874
1901.3181162813028 67.17476424473853
1899.256972330704 65.302400919218
1897.1958283801055 63.05026689982863
1895.1346844295065 60.517051810901684
1893.0735404789082 58.41656596655276
1891.0123965283092 56.15410445132805
1888.9512525777109 53.19410944096504
1886.890108627112 51.54780436253122
1884.8289646765136 49.47675316118461
1882.7678207259148 47.57835235058995
1880.7066767753163 45.06175537824455
1878.6455328247175 43.30675253954532
1876.584388874119 41.80608893057495
1874.5232449235202 40.20816057420732
1872.462100972922 38.60570577166934
1870.400957022323 39.00927693001397
1868.3398130717246 35.6660265601918
1866.2786691211259 39.93756333628796
