294.108072 0.000000
292.046928 0.000000
289.985784 0.000000
287.924640 0.000000
285.863496 0.000000
283.802352 0.000000
281.741208 0.000000
279.680064 0.000000
277.618920 0.000000
275.557776 0.000000
273.496633 0.000000
271.435489 0.000000
269.374345 0.000000
267.313201 0.000000
265.252057 0.000000
263.190913 0.000000
261.129769 0.000000
259.068625 0.000000
257.007481 0.000000
254.946337 0.000000
252.885193 0.000000
250.824049 0.000000
248.762905 0.000000
246.701761 0.000000
244.640617 0.000000
242.579473 0.000000
240.518329 0.000000
238.457185 0.000000
236.396041 0.000000
234.334897 0.000000
232.273753 0.000000
230.212610 0.000000
228.151466 0.000000
226.090322 0.000000
224.029178 0.000000
221.968034 0.000000
219.906890 0.000000
217.845746 0.000000
215.784602 0.000000
213.723458 0.000000
211.662314 0.000000
209.601170 0.000000
207.540026 0.000000
205.478882 0.000000
203.417738 0.000000
201.356594 0.000000
199.295450 0.000000
197.234306 0.000000
195.173162 0.000000
193.112018 0.000000
191.050874 0.000000
188.989731 0.000000
186.928587 0.000000
184.867443 0.000000
182.806299 0.000000
180.745155 0.000000
178.684011 0.000000
176.622867 0.000000
174.561723 0.000000
172.500579 0.000000
170.439435 0.000000
168.378291 0.000000
166.317147 0.000000
164.256003 0.000000
162.194859 0.000000
160.133715 0.000000
158.072571 0.000000
156.011427 0.000000
153.950283 0.000000
151.889139 0.000000
149.827995 0.000000
147.766852 0.000000
145.705708 0.000000
143.644564 0.000000
141.583420 0.000000
139.522276 0.000000
137.461132 0.000000
135.399988 0.000000
133.338844 0.000000
131.277700 0.000000
129.216556 0.000000
127.155412 0.000002
125.094268 0.000008
123.033124 0.000033
120.971980 0.000122
118.910836 0.000422
116.849692 0.001363
114.788548 0.004115
112.727404 0.011624
110.666260 0.030716
108.605116 0.075934
106.543973 0.175625
104.482829 0.380036
102.421685 0.769454
100.360541 1.457799
98.299397 2.584815
96.238253 4.290113
94.177109 6.667383
92.115965 9.707518
90.054821 13.251765
87.993677 16.982739
85.932533 20.474265
83.871389 23.298636
81.810245 25.160163
79.749101 26.003258
77.687957 26.046094
75.626813 25.719493
73.565669 25.531442
71.504525 25.909202
69.443381 27.077471
67.382237 29.011679
65.321093 31.472865
63.259950 34.101571
61.198806 36.533592
59.137662 38.501501
57.076518 39.897199
55.015374 40.785413
52.954230 41.371340
50.893086 41.935426
48.831942 42.753787
46.770798 44.023930
44.709654 45.812264
42.648510 48.033582
40.587366 50.464794
38.526222 52.788093
36.465078 54.654064
34.403934 55.753785
32.342790 55.889976
30.281646 55.038524
28.220502 53.390531
26.159358 51.360118
24.098214 49.537396
22.037071 48.567788
19.975927 48.958672
17.914783 50.854791
15.853639 53.869208
13.792495 57.073295
11.731351 59.206460
9.670207 59.066365
7.609063 55.933200
5.547919 49.838971
3.486775 41.555223
1.425631 32.310710
-0.635513 23.380156
-2.696657 15.728963
-4.757801 9.840849
-6.818945 5.746261
-8.880089 3.180150
-10.941233 1.769295
-13.002377 1.175344
-15.063521 1.166073
-17.124665 1.623075
-19.185808 2.508437
-21.246952 3.812003
-23.308096 5.496029
-25.369240 7.451749
-27.430384 9.481682
-29.491528 11.318010
-31.552672 12.678187
-33.613816 13.346369
-35.674960 13.258567
-37.736104 12.562835
-39.797248 11.619980
-41.858392 10.907742
-43.919536 10.815815
-45.980680 11.397857
-48.041824 12.245138
-50.102968 12.642654
-52.164112 11.978796
-54.225256 10.134066
-56.286400 7.545214
-58.347544 4.907838
-60.408687 2.778600
-62.469831 1.366658
-64.530975 0.583434
-66.592119 0.216107
-68.653263 0.069458
-70.714407 0.019382
-72.775551 0.004701
-74.836695 0.000993
-76.897839 0.000184
-78.958983 0.000030
-81.020127 0.000004
-83.081271 0.000001
-85.142415 0.000000
-87.203559 0.000000
-89.264703 0.000000
-91.325847 0.000000
-93.386991 0.000000
-95.448135 0.000000
-97.509279 0.000000
-99.570423 0.000000
-101.631567 0.000000
-103.692710 0.000000
-105.753854 0.000000
-107.814998 0.000000
-109.876142 0.000000
-111.937286 0.000000
-113.998430 0.000000
-116.059574 0.000000
-118.120718 0.000000
-120.181862 0.000000
-122.243006 0.000000
-124.304150 0.000000
-126.365294 0.000000
-128.426438 0.000000
-130.487582 0.000000
-132.548726 0.000000
-134.609870 0.000000
-136.671014 0.000000
-138.732158 0.000000
-140.793302 0.000000
-142.854446 0.000000
-144.915589 0.000000
-146.976733 0.000000
-149.037877 0.000000
-151.099021 0.000000
-153.160165 0.000000
-155.221309 0.000000
-157.282453 0.000000
-159.343597 0.000000
-161.404741 0.000000
-163.465885 0.000000
-165.527029 0.000000
-167.588173 0.000000
-169.649317 0.000000
-171.710461 0.000000
-173.771605 0.000000
-175.832749 0.000000
-177.893893 0.000000
-179.955037 0.000000
-182.016181 0.000000
-184.077325 0.000000
-186.138468 0.000000
-188.199612 0.000000
-190.260756 0.000000
-192.321900 0.000000
-194.383044 0.000000
-196.444188 0.000000
-198.505332 0.000000
-200.566476 0.000000
-202.627620 0.000000
-204.688764 0.000000
-206.749908 0.000000
-208.811052 0.000000
-210.872196 0.000000
-212.933340 0.000000
-214.994484 0.000000
-217.055628 0.000000
-219.116772 0.000000
-221.177916 0.000000
-223.239060 0.000000
-225.300204 0.000000
-227.361347 0.000000
-229.422491 0.000000
-231.483635 0.000000
