294.108072 -2.137525
292.046928 -2.484095
289.985784 -2.498349
287.924640 -2.870350
285.863496 -3.438533
283.802352 -3.729759
281.741208 -3.977058
279.680064 -4.036573
277.618920 -3.042850
275.557776 -1.856320
273.496633 -2.695045
271.435489 -4.713253
269.374345 -4.848678
267.313201 -3.527833
265.252057 -2.566894
263.190913 -2.681091
261.129769 -3.054372
259.068625 -3.254667
257.007481 -3.482480
254.946337 -4.470313
252.885193 -5.941738
250.824049 -5.873759
248.762905 -4.254377
246.701761 -2.620570
244.640617 -2.709290
242.579473 -4.053914
240.518329 -4.870148
238.457185 -5.215836
236.396041 -5.207671
234.334897 -5.326863
232.273753 -5.645704
230.212610 -5.822933
228.151466 -5.714965
226.090322 -5.933557
224.029178 -6.192691
221.968034 -5.832428
219.906890 -5.991242
217.845746 -6.791669
215.784602 -7.282754
213.723458 -7.102283
211.662314 -6.681645
209.601170 -6.705590
207.540026 -6.489922
205.478882 -6.013003
203.417738 -5.723978
201.356594 -5.662359
199.295450 -5.461266
197.234306 -5.451990
195.173162 -6.002369
193.112018 -6.312057
191.050874 -6.296177
188.989731 -6.387425
186.928587 -6.382188
184.867443 -6.296544
182.806299 -6.923844
180.745155 -7.136421
178.684011 -6.402435
176.622867 -5.956056
174.561723 -6.116770
172.500579 -6.575921
170.439435 -7.268249
168.378291 -7.809683
166.317147 -7.724529
164.256003 -7.634167
162.194859 -8.011427
160.133715 -8.479489
158.072571 -8.334309
156.011427 -7.270337
153.950283 -6.558923
151.889139 -7.048014
149.827995 -8.024142
147.766852 -8.489495
145.705708 -8.396144
143.644564 -8.249500
141.583420 -8.349892
139.522276 -8.597266
137.461132 -9.073174
135.399988 -9.589996
133.338844 -9.999465
131.277700 -10.047346
129.216556 -9.718717
127.155412 -9.246414
125.094268 -9.087927
123.033124 -8.892103
120.971980 -8.740303
118.910836 -9.008943
116.849692 -9.286544
114.788548 -9.068934
112.727404 -8.339712
110.666260 -7.347151
108.605116 -6.289964
106.543973 -4.835925
104.482829 -3.093929
102.421685 -1.285093
100.360541 0.556786
98.299397 2.312270
96.238253 4.860711
94.177109 7.850332
92.115965 10.725785
90.054821 13.789547
87.993677 16.847183
85.932533 19.882484
83.871389 22.866081
81.810245 25.083920
79.749101 25.859679
77.687957 25.696580
75.626813 25.704294
73.565669 26.454691
71.504525 26.903394
69.443381 26.809467
67.382237 28.041391
65.321093 30.860742
63.259950 34.132225
61.198806 36.868304
59.137662 38.795080
57.076518 40.231472
55.015374 40.961459
52.954230 41.006035
50.893086 41.525628
48.831942 42.934356
46.770798 44.248532
44.709654 45.754180
42.648510 47.923313
40.587366 50.023897
38.526222 52.556364
36.465078 55.363602
34.403934 56.853730
32.342790 55.878022
30.281646 53.730829
28.220502 52.488505
26.159358 51.889594
24.098214 50.503169
22.037071 48.598819
19.975927 48.275170
17.914783 50.636923
15.853639 54.329176
13.792495 57.768942
11.731351 59.611591
9.670207 58.282588
7.609063 54.533126
5.547919 49.422398
3.486775 42.651426
1.425631 34.079634
-0.635513 24.058419
-2.696657 14.579293
-4.757801 8.310616
-6.818945 5.174670
-8.880089 3.333494
-10.941233 2.018725
-13.002377 0.628747
-15.063521 -0.565292
-17.124665 0.012744
-19.185808 2.444553
-21.246952 4.816594
-23.308096 6.162189
-25.369240 7.574058
-27.430384 9.508247
-29.491528 11.260798
-31.552672 12.713487
-33.613816 13.370396
-35.674960 12.933768
-37.736104 12.135095
-39.797248 11.425933
-41.858392 11.153399
-43.919536 11.537856
-45.980680 11.945743
-48.041824 12.079284
-50.102968 11.932624
-52.164112 11.239059
-54.225256 10.042104
-56.286400 8.455967
-58.347544 6.456287
-60.408687 3.354178
-62.469831 0.364616
-64.530975 -2.005769
-66.592119 -4.485743
-68.653263 -6.453755
-70.714407 -7.578787
-72.775551 -8.051438
-74.836695 -8.793063
-76.897839 -9.985816
-78.958983 -10.086419
-81.020127 -9.014923
-83.081271 -8.179281
-85.142415 -8.352053
-87.203559 -8.852304
-89.264703 -8.425405
-91.325847 -7.631746
-93.386991 -7.460581
-95.448135 -7.569360
-97.509279 -7.662671
-99.570423 -7.971065
-101.631567 -8.749812
-103.692710 -9.220535
-105.753854 -8.661383
-107.814998 -8.051792
-109.876142 -8.092362
-111.937286 -8.069025
-113.998430 -7.631648
-116.059574 -7.571593
-118.120718 -7.636926
-120.181862 -7.926712
-122.243006 -8.313294
-124.304150 -7.651722
-126.365294 -6.328769
-128.426438 -5.812123
-130.487582 -6.656425
-132.548726 -7.692066
-134.609870 -7.369842
-136.671014 -6.104446
-138.732158 -6.005975
-140.793302 -7.140142
-142.854446 -8.215684
-144.915589 -7.960459
-146.976733 -6.989864
-149.037877 -7.012670
-151.099021 -7.478747
-153.160165 -7.507898
-155.221309 -7.214266
-157.282453 -7.138061
-159.343597 -6.994281
-161.404741 -6.671866
-163.465885 -6.310501
-165.527029 -6.076623
-167.588173 -6.412416
-169.649317 -6.847612
-171.710461 -6.869978
-173.771605 -6.763559
-175.832749 -6.956148
-177.893893 -7.080326
-179.955037 -7.031979
-182.016181 -7.199979
-184.077325 -7.151210
-186.138468 -6.724748
-188.199612 -6.642677
-190.260756 -6.564083
-192.321900 -6.167970
-194.383044 -5.862801
-196.444188 -5.704912
-198.505332 -6.067635
-200.566476 -6.040841
-202.627620 -5.478294
-204.688764 -5.069229
-206.749908 -4.854735
-208.811052 -4.725077
-210.872196 -5.141620
-212.933340 -5.565236
-214.994484 -5.456149
-217.055628 -5.057971
-219.116772 -4.865563
-221.177916 -4.486484
-223.239060 -3.607714
-225.300204 -3.207716
-227.361347 -4.078869
-229.422491 -4.643389
-231.483635 -4.769798
