# BEGINHEADER
# This file contains data from the SALSA 2m radio telescope.
# DATE=2024-01-31T12:37:0025
# GLON and GLAT given in degrees
# GLON=34.85770355788132
# GLAT=0.24374128408302417
# DATA in two columns below. Col. 1 is velocity relative to LSR [km/s]. Col. 2 is uncalibrated antenna temperature [K].
# ENDHEADER
294.10807200858557 -1.6599232094454206
292.0469280579869 -3.659011722552624
289.98578410738827 -1.4309486146466965
287.9246401567896 -3.006652773579698
285.863496206191 -3.7016913506360636
283.8023522555924 -3.8501803096683895
281.7412083049937 -3.4305594721175536
279.6800643543951 -5.237119990160146
277.61892040379644 -3.608286309734946
275.5577764531978 -0.30310725778622694
273.49663250259914 -0.43444174847355627
271.4354885520005 -8.103241773439986
269.3743446014019 -4.664919170738429
267.31320065080325 -3.871726263244686
265.25205670020455 -0.9200553522557082
263.19091274960596 -3.3149104321839427
261.1297687990073 -2.917097563852817
259.06862484840866 -3.4060307335573077
257.00748089781 -3.406715026557539
254.9463369472114 -2.6679105014693385
252.88519299661274 -8.402623606344402
250.8240490460141 -6.102041266016035
248.76290509541545 -4.865563924698935
246.70176114481683 -1.1799996344924522
244.64061719421818 -1.0704710001629951
242.57947324361956 -6.092771379280802
240.51832929302088 -3.7416721284665964
238.45718534242226 -6.537435324113924
236.39604139182362 -4.294388292135214
234.334897441225 -5.649201219371911
232.27375349062632 -5.308538087575326
230.2126095400277 -6.57845184302138
228.15146558942905 -5.252513719093796
226.09032163883043 -5.227612542578791
224.02917768823178 -7.955753280984954
221.9680337376331 -4.573587693073539
219.9068897870345 -5.557695094356086
217.84574583643584 -7.376408701730592
215.78460188583722 -7.266002261574157
213.72345793523857 -8.144508740749762
211.66231398463992 -5.019233260991806
209.60117003404127 -7.94025831243111
207.54002608344265 -6.177759200385305
205.478882132844 -6.142181553675454
203.41773818224536 -5.229122142238681
201.3565942316467 -6.012286215071689
199.2954502810481 -5.701517790244141
197.23430633044944 -4.209074177267521
195.17316237985082 -6.936200928793218
193.11201842925215 -6.247466309063223
191.05087447865353 -6.3497368588285035
188.98973052805488 -5.86434707495817
186.92858657745626 -7.7457624586362215
184.8674426268576 -4.315064939314459
182.80629867625893 -7.779460331647071
180.7451547256603 -8.287775643516229
178.68401077506167 -5.546625764254932
176.62286682446305 -5.738571853790379
174.56172287386437 -6.0354543620279255
172.50057892326575 -6.474151067072915
170.4394349726671 -6.974709853966357
168.37829102206848 -8.804628391121692
166.31714707146983 -7.48340698141668
164.25600312087118 -7.115670671403824
162.19485917027254 -8.195419607320469
160.13371521967392 -8.337687671621865
158.07257126907527 -9.791574990056528
156.01142731847665 -6.595475384919683
153.95028336787797 -5.725554915839203
151.88913941727935 -6.6127846607804175
149.8279954666807 -8.752392421844567
147.76685151608208 -8.645540262254018
145.70570756548344 -8.625214417705578
143.64456361488476 -7.629516039370255
141.58341966428614 -8.858393158434417
139.5222757136875 -7.872220451867326
137.46113176308887 -9.592994007725606
135.3999878124902 -9.109384285301061
133.33884386189158 -10.728819659400536
131.27769991129293 -9.733341966611006
129.2165559606943 -10.525860052889891
127.15541201009565 -8.181491325542462
125.09426805949701 -9.693550267194823
123.03312410889836 -8.851844794812191
120.97198015829973 -8.243307827241596
118.9108362077011 -9.00714506073264
116.84969225710245 -9.76927614002381
114.78854830650381 -9.175438589803491
112.72740435590516 -8.749827799203578
110.66626040530653 -6.8977938826016
108.60511645470788 -6.821271749951201
106.54397250410925 -5.111649983527762
104.48282855351061 -2.568188576722852
102.42168460291197 -2.2427094821204574
100.36054065231333 1.9703657667294006
98.29939670171468 0.715524895249719
96.23825275111605 4.886476814851444
94.1771088005174 8.420812153297584
92.11596484991877 9.985489021680763
90.05482089932013 14.235079488543576
87.99367694872147 16.70340995154209
85.93253299812284 19.829512964658342
83.87138904752419 23.027293532982554
81.81024509692556 26.384850182010105
79.74910114632691 26.169867030402507
77.68795719572827 25.82058161043747
75.62681324512964 24.676634539911642
73.56566929453099 26.541357831237708
71.50452534393236 28.576847846743785
69.44338139333371 24.842640143921866
67.38223744273508 27.39138748817537
65.32109349213643 30.602324541971534
63.25994954153779 34.48588327594331
61.19880559093915 37.62441769495394
59.137661640340504 38.65375189298492
57.07651768974186 40.61922644871379
55.01537373914323 41.763981336563674
52.95422978854459 40.65807924790956
50.89308583794595 40.29079211179585
48.8319418873473 43.67996221954197
46.77079793674866 44.49444921598686
44.70965398615002 44.107833565755726
42.64851003555138 49.46813407003242
40.58736608495274 48.8821524996853
38.52622213435409 52.43436592654528
36.46507818375545 55.78911565732309
34.40393423315681 58.891615492409805
32.34279028255818 56.78129900957206
30.281646331959532 52.394961458140926
28.220502381360895 51.96674460573798
26.159358430762254 52.72527536806999
24.09821448016361 51.2925068419564
22.03707052956497 47.598968304194386
19.97592657896633 46.11689542186406
17.91478262836769 50.079351302850384
15.853638677769048 54.98183507894394
13.792494727170407 57.512637309999015
11.731350776571766 62.65848718328821
9.670206825973127 59.18765163686049
7.609062875374484 54.617120788754356
5.5479189247758445 50.76579904240014
3.486774974177204 43.218649122408785
1.4256310235785628 35.30572363530592
-0.635512927020078 24.242607923273326
-2.6966568776187185 12.079416795579554
-4.75780082821736 6.12729945539325
-6.818944778816 5.4734879519408075
-8.880088729414641 2.5461862529974684
-10.941232680013282 2.278976582921659
-13.002376630611924 1.1732790620367752
-15.063520581210563 -2.011275493067134
-17.124664531809206 -1.4725154776000287
-19.185808482407847 2.7158869945246162
-21.246952433006484 6.098335362806378
-23.30809638360513 5.812597506066621
-25.36924033420377 6.683049097812604
-27.430384284802408 10.386948285197988
-29.49152823540105 10.866108385688044
-31.55267218599969 13.170225723537866
-33.61381613659833 14.45245047162115
-35.67496008719697 12.71205248821693
-37.73610403779561 12.157296449552558
-39.797247988394254 11.4059153741698
-41.858391938992895 10.279006378139208
-43.919535889591536 11.827239844561173
-45.98067984019018 12.271646914811958
-48.04182379078882 11.722897546463612
-50.10296774138745 12.87731052773626
-52.16411169198609 10.75680414363811
-54.22525564258473 11.238922297133403
-56.28639959318337 7.114171431869726
-58.34754354378202 8.781680138984065
-60.40868749438066 2.535940729390131
-62.4698314449793 -0.6403240535990944
-64.53097539557794 -0.68297441708029
-66.59211934617659 -5.666745240670438
-68.65326329677522 -6.405650693165842
-70.71440724737387 -8.358630174989912
-72.7755511979725 -7.973402138150126
-74.83669514857114 -7.473496275630102
-76.89783909916979 -11.466867767064972
-78.95898304976842 -10.890212599437453
-81.02012700036707 -8.605827014397974
-83.0812709509657 -7.590790779675226
-85.14241490156435 -7.594877818083168
-87.20355885216298 -10.220673162136112
-89.26470280276162 -8.657875530454469
-91.32584675336027 -6.620297279846829
-93.3869907039589 -7.730847842833548
-95.44813465455755 -7.463947214754411
-97.50927860515618 -7.794428470314991
-99.57042255575483 -7.373081844372491
-101.63156650635347 -8.643703042684937
-103.6927104569521 -10.676309711947695
-105.75385440755076 -8.2339065162593
-107.8149983581494 -7.553756795873532
-109.87614230874804 -7.8228825834696405
-111.93728625934668 -9.425172377983463
-113.99843020994533 -6.156087804825136
-116.05957416054396 -8.269830167385905
-118.1207181111426 -7.4921630735698805
-120.18186206174124 -7.0546346617992794
-122.24300601233988 -9.794470545980232
-124.30414996293852 -7.9185551212076755
-126.36529391353716 -5.926231775013812
-128.4264378641358 -4.496071217543309
-130.48758181473445 -6.6865063333085155
-132.54872576533307 -8.401867566763524
-134.60986971593172 -9.133400716570817
-136.67101366653037 -3.9900413871592892
-138.73215761712902 -5.826439444163901
-140.79330156772764 -6.791288903233193
-142.8544455183263 -9.254620389364879
-144.9155894689249 -9.2986901003797
-146.97673341952358 -4.856926423826422
-149.0378773701222 -7.580126298157315
-151.09902132072085 -7.40538416411811
-153.16016527131947 -8.307811909790914
-155.22130922191815 -6.309494557856603
-157.28245317251677 -7.604675750983611
-159.34359712311542 -7.100941301849577
-161.40474107371404 -6.406797123019276
-163.46588502431268 -6.840298547929529
-165.52702897491136 -5.043929367923813
-167.58817292550998 -6.67901818734299
-169.64931687610863 -7.074440437744491
-171.71046082670725 -7.201846744451899
-173.7716047773059 -6.1172857025583145
-175.83274872790454 -7.164970722401985
-177.8938926785032 -7.500811171491584
-179.9550366291018 -6.443837509025263
-182.01618057970046 -7.328103778419452
-184.0773245302991 -7.988235355453216
-186.13846848089776 -5.862325062615912
-188.19961243149638 -6.6011872663142706
-190.26075638209502 -7.552809852035426
-192.32190033269364 -4.922872899274486
-194.38304428329232 -7.25858705554523
-196.44418823389094 -3.7578048035811875
-198.5053321844896 -7.431476566605068
-200.5664761350882 -6.038904415076026
-202.62762008568686 -5.504438490222832
-204.68876403628553 -4.440689455126862
-206.74990798688415 -5.77947862565407
-208.8110519374828 -3.3625925372660235
-210.87219588808142 -5.748537476484663
-212.9333398386801 -5.581111687789798
-214.99448378927872 -6.158262353256483
-217.05562773987737 -4.170155404439381
-219.11677169047599 -5.431284193610185
-221.17791564107463 -4.498828241218631
-223.23905959167328 -4.463187928313745
-225.30020354227193 -0.30353592018914194
-227.36134749287055 -6.182519773137383
-229.4224914434692 -4.0868228095448735
-231.48363539406782 -4.92537370840353
