# BEGINHEADER
# This file contains data from the SALSA 2m radio telescope.
# DATE=2024-01-31T11:51:0044
# GLON and GLAT given in degrees
# GLON=35.85271392914665
# GLAT=-46.842289576503305
# DATA in two columns below. Col. 1 is velocity relative to LSR [km/s]. Col. 2 is uncalibrated antenna temperature [K].
# ENDHEADER
2375.0730794963033 17.63541231042569
2373.011935545705 36.84782134325201
2370.9507915951062 33.16648562899576
2368.889647644508 36.18320768641822
2366.8285036939087 35.679825608716456
2364.7673597433104 37.649621395706255
2362.706215792711 38.1598289187446
2360.645071842113 40.519791592815906
2358.583927891514 41.867612870439196
2356.5227839409154 43.3403002423723
2354.4616399903166 45.37244162094183
2352.4004960397183 47.963333963352625
2350.3393520891195 49.55473423051802
2348.278208138521 51.525639010467955
2346.217064187922 54.61678916790499
2344.1559202373237 56.26708475489935
2342.094776286725 58.415645602157326
2340.0336323361266 60.28341044105053
2337.972488385528 62.06087797013581
2335.911344434929 63.843201518095185
2333.8502004843303 65.53688703995043
2331.789056533732 67.52336022727997
2329.7279125831333 69.23345429589382
2327.6667686325345 70.20160704720024
2325.6056246819358 71.14186086112457
2323.5444807313374 72.58586572995921
2321.4833367807387 73.93574523765201
2319.4221928301404 75.20686927732243
2317.3610488795416 76.43028005369133
2315.299904928943 76.71707566700134
2313.238760978344 78.09403585195082
2311.177617027746 77.70315315867434
2309.116473077147 78.73195448053507
2307.0553291265483 78.86586035835624
2304.9941851759495 79.54713077656048
2302.933041225351 79.87991682521172
2300.871897274752 78.87722501057856
2298.8107533241537 79.96911126955777
2296.749609373555 80.20029163170472
2294.688465422956 81.13363165319032
2292.6273214723574 81.32247153629226
2290.566177521759 80.98652868055792
2288.5050335711603 81.6204446839628
2286.4438896205615 81.8814961664309
2284.382745669963 81.89976740874884
2282.3216017193645 82.70700060086605
2280.2604577687657 82.53072697710323
2278.1993138181674 82.5017097990196
2276.1381698675686 81.87650871351498
2274.07702591697 82.71599190446007
2272.015881966371 83.14631088237066
2269.954738015773 83.67695207960918
2267.893594065174 84.04294961515389
2265.8324501145753 83.91698921074888
2263.7713061639765 84.02676472396705
2261.710162213378 83.77305446266858
2259.6490182627795 84.38869097374794
2257.587874312181 83.661088136101
2255.5267303615824 84.07417353667475
2253.4655864109836 85.03653071618787
2251.404442460385 84.74162029190222
2249.3432985097866 84.83407757017017
2247.282154559188 84.34879043798037
2245.221010608589 85.97266509007244
2243.1598666579903 85.98200059016462
2241.098722707392 85.4089565865534
2239.037578756793 86.16652280079454
2236.9764348061944 86.20150394256869
2234.9152908555957 85.81895236761049
2232.854146904997 86.0529210574832
2230.793002954398 85.84508706428626
2228.7318590038 85.60353427261006
2226.670715053201 86.08832050675605
2224.6095711026023 86.51616578237984
2222.5484271520036 86.74938195789784
2220.4872832014053 86.74247303803884
2218.4261392508065 87.48797516845453
2216.364995300208 86.58547704532627
2214.3038513496094 86.72678090364407
2212.2427073990107 86.60413838937654
2210.181563448412 87.3251739160212
2208.1204194978136 85.7167183550037
2206.059275547215 88.05093986026047
2203.998131596616 87.59300902709656
2201.9369876460173 87.52277670062593
2199.875843695419 87.20027024587394
2197.8146997448202 89.46139996484787
2195.753555794222 98.64751654672448
2193.692411843623 85.51377230703972
2191.6312678930244 88.10728368689816
2189.5701239424257 87.47742395707368
2187.5089799918273 87.40866034268768
2185.4478360412286 87.67557637476338
2183.38669209063 87.85473417912245
2181.325548140031 88.07309672564588
2179.2644041894328 87.55843368920695
2177.203260238834 88.75017787441384
2175.1421162882352 89.165802810084
2173.0809723376365 88.33354022913846
2171.0198283870377 87.76108869046088
2168.958684436439 88.8926682836857
2166.8975404858406 87.95204048476545
2164.836396535242 87.88171106757413
2162.775252584643 88.32816339344704
2160.7141086340444 88.79282834009473
2158.652964683446 87.84052848857912
2156.5918207328473 88.1580440670632
2154.530676782249 88.82432663715566
2152.46953283165 88.38284295353633
2150.4083888810515 88.58571935322281
2148.3472449304527 88.47779991816631
2146.2861009798544 88.6357691086545
2144.2249570292556 87.76617476553255
2142.163813078657 88.99100698867585
2140.102669128058 88.20043782649799
2138.04152517746 89.43942303816382
2135.980381226861 88.89843015660183
2133.9192372762627 88.77887776014448
2131.858093325664 89.04813917247138
2129.796949375065 88.58346848288093
2127.7358054244664 88.97528194289694
2125.674661473868 89.26878193427657
2123.6135175232694 89.11207065475189
2121.5523735726706 89.22131575193089
2119.491229622072 88.05971128453662
2117.4300856714735 88.7934198200946
2115.368941720875 88.57092556484379
2113.3077977702765 91.17107324066502
2111.2466538196772 92.63492515885062
2109.1855098690785 90.50156362655574
2107.1243659184797 89.49538978707561
2105.0632219678814 89.03680948247487
2103.0020780172827 88.55523132117928
2100.940934066684 88.30159990393824
2098.879790116085 88.54613658562893
2096.818646165487 88.20771233173822
2094.757502214888 88.12792931664421
2092.6963582642898 87.89244450625984
2090.635214313691 88.02891031673941
2088.5740703630922 88.67050307033342
2086.5129264124935 87.83187587525994
2084.451782461895 88.33357720994002
2082.390638511296 88.17740061912727
2080.3294945606976 88.31224078569623
2078.268350610099 87.42638296689111
2076.2072066595006 87.84613069702867
2074.146062708902 87.4214295363581
2072.084918758303 89.70399727091467
2070.0237748077043 89.30472293460983
2067.962630857106 88.33592645739346
2065.901486906507 87.27770149922296
2063.840342955909 87.4633419946281
2061.7791990053097 88.11310895207083
2059.7180550547114 87.8786526829705
2057.6569111041126 87.11721256370043
2055.5957671535143 88.13472846305099
2053.5346232029156 87.00413715969951
2051.473479252317 87.65403274929473
2049.412335301718 87.56831960965344
2047.3511913511195 87.49303897974481
2045.2900474005207 86.77473669030451
2043.2289034499224 89.11859981709354
2041.1677594993234 90.2102711984661
2039.1066155487251 87.91041479014832
2037.0454715981264 87.41513222568311
2034.9843276475278 87.38264671731514
2032.9231836969288 87.4203329077229
2030.8620397463303 86.75032034261496
2028.8008957957315 87.39989865748828
2026.739751845133 87.59005364190202
2024.6786078945343 87.42810605071847
2022.617463943936 86.85800799659899
2020.556319993337 87.20153230999863
2018.4951760427386 87.09541520622055
2016.43403209214 86.55761144498535
2014.3728881415414 86.87451519853815
2012.3117441909426 87.15285698532732
2010.250600240344 86.61242487334471
2008.1894562897453 86.95464985934935
2006.1283123391468 86.02754476245855
2004.0671683885478 85.76845426237786
2002.0060244379495 85.75398019530913
1999.9448804873505 85.89897954383116
1997.8837365367522 86.13979814260992
1995.8225925861534 85.38358947617112
1993.7614486355549 85.69498880261659
1991.700304684956 84.54543105565126
1989.6391607343576 85.1496265744114
1987.5780167837588 85.76615173444647
1985.5168728331603 86.35613740043827
1983.4557288825615 85.72866916578056
1981.3945849319632 84.55118858401374
1979.3334409813642 84.98097429948234
1977.272297030766 84.4328883675371
1975.2111530801672 84.97965631416093
1973.1500091295686 84.0119763274508
1971.0888651789696 84.7178658403726
1969.027721228371 83.85535405798784
1966.9665772777723 83.78560120749142
1964.9054333271738 83.7032349182565
1962.844289376575 83.15290546421912
1960.7831454259767 82.78297704080798
1958.7220014753777 82.79227231795846
1956.6608575247794 82.41996200008262
1954.5997135741807 83.03157809419905
1952.5385696235821 82.8210106126247
1950.4774256729834 82.19394955558874
1948.4162817223848 82.9334958963222
1946.355137771786 82.90478898025069
1944.2939938211875 82.13377606598517
1942.2328498705888 82.10256715999803
1940.17170591999 82.20224741627278
1938.1105619693913 81.53593475948139
1936.049418018793 81.98963209184092
1933.9882740681942 81.96958590090105
1931.9271301175957 80.87328823754571
1929.865986166997 81.21482469793895
1927.8048422163984 80.89294996807071
1925.7436982657996 80.80804248454203
1923.682554315201 81.23316676013029
1921.6214103646023 80.0619104503206
1919.5602664140038 79.9690559908517
1917.499122463405 80.14745591407274
1915.4379785128067 79.38499961506595
1913.376834562208 78.4012419689601
1911.3156906116094 78.29419560725457
1909.2545466610104 77.43102561317092
1907.1934027104119 75.50853320713307
1905.132258759813 75.64627071122338
1903.0711148092146 74.7106357242459
1901.0099708586158 73.92526427677161
1898.9488269080173 73.5303661064126
1896.8876829574185 72.58453101580359
1894.8265390068202 69.54425129876795
1892.7653950562215 68.60915942937471
1890.704251105623 67.37386991015069
1888.6431071550242 66.18271347308476
1886.5819632044256 64.58362443476612
1884.5208192538269 62.13137197001957
1882.4596753032283 60.65234113794005
1880.3985313526296 58.73754117211097
1878.3373874020308 57.11574504992602
1876.276243451432 54.54905643651654
1874.2150995008337 51.722914647552585
1872.1539555502347 50.03159755205299
1870.0928115996364 48.22537784767232
1868.0316676490377 45.78376353997533
1865.9705236984391 43.47753426026944
1863.9093797478404 42.25359798288035
1861.8482357972418 40.486067300300306
1859.787091846643 38.55765873419967
1857.7259478960445 37.594539172647394
1855.6648039454458 35.84761867545649
1853.6036599948475 36.16667740093851
1851.5425160442485 32.948489318135174
1849.4813720936502 37.54353997307656
