# BEGINHEADER
# This file contains data from the SALSA 2m radio telescope.
# DATE=2024-01-31T11:49:0034
# GLON and GLAT given in degrees
# GLON=31.710053019217018
# GLAT=-39.68772493434866
# DATA in two columns below. Col. 1 is velocity relative to LSR [km/s]. Col. 2 is uncalibrated antenna temperature [K].
# ENDHEADER
2380.7223364521046 25.611314806476575
2378.661192501506 52.437353082247775
2376.6000485509076 46.76710182910421
2374.538904600309 51.30867699082636
2372.47776064971 50.176933382840396
2370.4166166991113 53.164075626641534
2368.355472748513 53.65378813597591
2366.294328797914 56.737336394706986
2364.2331848473154 59.19913997433952
2362.1720408967167 62.05631733218002
2360.1108969461184 64.64342514467627
2358.0497529955196 67.09751791413152
2355.9886090449213 70.20588748181696
2353.9274650943225 73.95973529114472
2351.866321143724 76.71789531415577
2349.805177193125 79.14132094898198
2347.7440332425267 82.29847158040292
2345.682889291928 85.60073850323869
2343.6217453413287 88.4610530149157
2341.56060139073 91.29639838043047
2339.4994574401317 93.13578693553299
2337.438313489533 95.88026065717419
2335.3771695389346 97.47023928922883
2333.316025588336 99.72826840944495
2331.254881637737 101.97950105095863
2329.1937376871383 104.34290866771595
2327.13259373654 104.44363425854017
2325.0714497859412 106.09290019506177
2323.0103058353425 106.5764156994878
2320.9491618847437 108.43593987126049
2318.8880179341454 109.3307932472039
2316.8268739835466 110.10868375858762
2314.7657300329483 111.38896920190946
2312.7045860823496 111.10191484932942
2310.643442131751 112.69013542192735
2308.582298181152 112.32317499511427
2306.5211542305537 113.08419940566175
2304.460010279955 113.54936409948715
2302.398866329356 114.4429258049329
2300.3377223787575 113.43157584764823
2298.276578428159 114.42866652838283
2296.2154344775604 114.8047159036714
2294.154290526962 113.45579836127378
2292.0931465763633 114.62116940256142
2290.0320026257646 115.66104342300699
2287.970858675166 115.29469019188024
2285.9097147245675 117.18295634032735
2283.8485707739687 116.82674806485144
2281.7874268233695 116.8333193419999
2279.7262828727708 116.71957964280695
2277.6651389221724 117.57232046118064
2275.6039949715737 118.01247343837619
2273.5428510209754 118.93787265359246
2271.481707070376 117.39927808317157
2269.420563119778 118.98775465612583
2267.359419169179 117.69575839911943
2265.298275218581 119.53960265885243
2263.237131267982 120.19957295443176
2261.1759873173833 120.2410431150778
2259.1148433667845 120.50321481443761
2257.053699416186 119.92447311083511
2254.9925554655874 119.67217065158094
2252.931411514989 120.94674600110001
2250.87026756439 121.38165400054349
2248.8091236137916 121.2363698523876
2246.747979663193 119.65235856958934
2244.6868357125945 121.51431859611354
2242.6256917619958 121.0394116234721
2240.564547811397 121.10866291303769
2238.5034038607982 121.707440404496
2236.4422599102 121.52318563599947
2234.381115959601 122.32114691918449
2232.319972009003 121.40157649272699
2230.2588280584037 122.4613988774665
2228.1976841078053 121.68450979924404
2226.1365401572066 121.41534306191335
2224.0753962066083 122.63218625185962
2222.0142522560095 122.04225312769289
2219.9531083054108 121.94850874968793
2217.8919643548115 123.3687531017076
2215.8308204042132 123.65593891981194
2213.7696764536145 121.36986302799822
2211.708532503016 124.25661394007965
2209.647388552417 123.83714346332229
2207.5862446018186 123.33406299963836
2205.52510065122 123.29686087213207
2203.4639567006216 124.04487430336708
2201.402812750023 131.99217596692318
2199.341668799424 122.35300920309054
2197.2805248488253 123.00428194254968
2195.219380898227 123.2789318213615
2193.158236947628 124.8936399462991
2191.09709299703 124.89038273228206
2189.0359490464307 124.62136741074463
2186.9748050958324 124.19574534139642
2184.9136611452336 123.28986734212286
2182.8525171946353 122.71269712842492
2180.7913732440365 123.83964904960294
2178.730229293438 125.29499405841773
2176.669085342839 124.59609226336764
2174.6079413922407 125.45445253476811
2172.546797441642 125.71053586844347
2170.4856534910436 124.42676437909608
2168.4245095404444 123.91518302563365
2166.363365589846 124.41265911941456
2164.3022216392474 123.50545936926697
2162.241077688649 124.02698117320432
2160.1799337380503 124.79453761898873
2158.1187897874515 125.10226818930467
2156.0576458368523 123.5123287105658
2153.996501886254 124.3138199633649
2151.9353579356552 126.30944856832491
2149.874213985057 125.18184077680817
2147.8130700344577 127.62257460417537
2145.7519260838594 126.36166672039649
2143.6907821332607 125.29499801279496
2141.6296381826623 125.65886027655388
2139.5684942320636 124.31085629766996
2137.507350281465 125.29202764754443
2135.446206330866 125.81029027866177
2133.3850623802678 126.05538024606689
2131.323918429669 126.03631457583211
2129.2627744790707 126.14167417546346
2127.2016305284715 124.02216565377402
2125.140486577873 125.64119629089112
2123.0793426272744 125.33285416701577
2121.018198676676 124.96954032486857
2118.9570547260773 127.74098803980564
2116.8959107754786 129.01104888405152
2114.83476682488 127.14876812457949
2112.7736228742815 126.38920952053957
2110.7124789236827 125.37357320033699
2108.6513349730844 124.54760125344471
2106.590191022485 124.51413926059358
2104.529047071887 125.11961483165102
2102.467903121288 125.13614915954342
2100.40675917069 124.17081008735275
2098.345615220091 125.05592468473768
2096.2844712694923 123.82545019524117
2094.223327318893 124.85129883935873
2092.162183368295 123.79300949945566
2090.101039417696 125.77732516731481
2088.0398954670977 124.85336544022344
2085.978751516499 123.53613381143046
2083.9176075659 125.2555535210392
2081.8564636153014 124.73489940398822
2079.795319664703 123.7186208279262
2077.7341757141044 124.4845176233158
2075.673031763506 124.58584329863903
2073.611887812907 126.59447798045261
2071.5507438623085 124.37729023888504
2069.48959991171 125.5887764546846
2067.4284559611115 124.73713787014658
2065.3673120105127 122.5514439962139
2063.306168059914 123.60595928785443
2061.245024109315 125.043281458709
2059.1838801587164 125.7433067444464
2057.1227362081177 122.74547508689017
2055.0615922575194 125.16455910516572
2053.0004483069206 120.95883409705569
2050.9393043563223 129.03996699433978
2048.8781604057235 116.10762053352406
2046.817016455125 169.16889077445452
2044.755872504526 146.96322854901626
2042.6947285539275 117.1826319351528
2040.6335846033287 127.42793827269374
2038.5724406527302 121.19838997613556
2036.5112967021314 124.27866821462823
2034.450152751533 121.72796436003614
2032.389008800934 124.08101774542476
2030.3278648503358 123.34665789725511
2028.266720899737 123.42428846059357
2026.2055769491385 123.38878919078385
2024.1444329985397 121.98634467336616
2022.0832890479412 123.19148128848514
2020.0221450973424 123.41936672557148
2017.961001146744 122.9315729401246
2015.899857196145 123.56182962739834
2013.8387132455466 122.34805323892402
2011.7775692949476 121.51379598213231
2009.7164253443493 122.02673013173856
2007.6552813937506 121.38066813473002
2005.594137443152 120.68917536560784
2003.5329934925533 123.71147699515713
2001.4718495419547 121.57159286498046
1999.410705591356 120.81467122929135
1997.3495616407574 121.27613327604935
1995.2884176901587 120.68504592296853
1993.2272737395604 118.79106770119392
1991.1661297889614 120.14260414015436
1989.104985838363 122.0621566893525
1987.0438418877643 119.97405606588715
1984.9826979371658 120.11781457277513
1982.9215539865668 118.66304284577427
1980.8604100359682 118.36332616889722
1978.7992660853695 120.19947254503796
1976.738122134771 119.10915703388378
1974.6769781841722 118.81398050602178
1972.6158342335739 118.81464348944266
1970.554690282975 118.35662100627384
1968.4935463323766 119.77919861755305
1966.4324023817778 117.60422531896387
1964.3712584311793 118.32223849919687
1962.3101144805805 116.81188680342898
1960.248970529982 116.55863984327081
1958.1878265793832 116.68054304067293
1956.1266826287847 116.15719448864324
1954.065538678186 116.02185090673414
1952.0043947275874 117.19203140691569
1949.9432507769884 116.50187567624982
1947.88210682639 117.17450326211468
1945.8209628757913 114.95647803303738
1943.7598189251928 115.81070700652847
1941.698674974594 115.11082985862689
1939.6375310239955 114.5016645876017
1937.5763870733967 113.51752767366874
1935.5152431227982 113.90052409564623
1933.4540991721994 114.08536883147394
1931.392955221601 113.41763688231966
1929.3318112710022 113.23713196422567
1927.2706673204038 112.3861709491894
1925.209523369805 112.57449822774579
1923.1483794192065 111.28793414369159
1921.0872354686076 110.04867505761233
1919.026091518009 110.9108825770451
1916.9649475674103 109.84667156022343
1914.9038036168117 108.13709593294
1912.842659666213 108.06689841485002
1910.7815157156144 106.32000669181733
1908.7203717650157 104.87530706435885
1906.6592278144174 104.48636897904281
1904.5980838638186 102.56130934054512
1902.53693991322 101.07953654418793
1900.4757959626213 99.40485030519308
1898.4146520120228 97.05740159024525
1896.353508061424 95.15209025974146
1894.2923641108255 92.84592599392883
1892.2312201602267 91.15827680277596
1890.170076209628 87.68847065694875
1888.1089322590292 84.96989818069449
1886.0477883084309 82.36265910935252
1883.986644357832 79.5747733481784
1881.9255004072336 76.69440670182622
1879.8643564566348 73.62588035054412
1877.8032125060363 69.99955451175144
1875.7420685554375 67.31705843377114
1873.680924604839 65.00720969156802
1871.6197806542402 61.4172632992331
1869.5586367036417 59.24155145391734
1867.497492753043 56.97546274911378
1865.4363488024446 53.80886340591176
1863.3752048518456 53.29075079753393
1861.3140609012473 50.00354557276494
1859.2529169506486 50.9544175787268
1857.1917730000498 46.06631064581616
1855.130629049451 52.174475958026676
