# BEGINHEADER
# This file contains data from the SALSA 2m radio telescope.
# DATE=2024-01-31T12:02:0010
# GLON and GLAT given in degrees
# GLON=36.29490809007323
# GLAT=-32.33987581666468
# DATA in two columns below. Col. 1 is velocity relative to LSR [km/s]. Col. 2 is uncalibrated antenna temperature [K].
# ENDHEADER
2385.000787596352 19.21842717762523
2382.939643645753 39.61885411246755
2380.878499695155 35.455982532567205
2378.817355744556 38.608231232677795
2376.7562117939574 38.34251435397811
2374.6950678433586 40.11209445481952
2372.6339238927603 40.827358316938174
2370.5727799421616 43.2071383189847
2368.5116359915633 45.20153473233189
2366.4504920409645 46.57552500201434
2364.3893480903657 48.71848729129172
2362.328204139767 51.07096089699946
2360.2670601891687 53.8555241169751
2358.20591623857 55.8751301318351
2356.144772287971 57.72447764140656
2354.083628337372 60.3523416136303
2352.0224843867736 62.45796224504916
2349.961340436175 64.88748912785798
2347.9001964855765 67.04711496505423
2345.839052534978 68.5969918650628
2343.777908584379 70.3093902480624
2341.7167646337803 72.04466650165554
2339.655620683182 73.544164027342
2337.594476732583 76.0860909339351
2335.5333327819844 76.34621371241599
2333.4721888313857 77.84464197793507
2331.4110448807874 78.89158773652059
2329.3499009301886 80.10056667690206
2327.2887569795903 81.87895391089586
2325.2276130289915 82.07309402323808
2323.1664690783928 82.6682861171341
2321.105325127794 83.95736386936701
2319.0441811771957 85.09007644633317
2316.983037226597 84.44972163957424
2314.921893275998 85.56311976022619
2312.8607493253994 84.88898065554504
2310.799605374801 85.56132712991904
2308.7384614242023 86.71666109395677
2306.677317473604 87.17799792406915
2304.6161735230053 86.40606336278621
2302.5550295724065 86.83226862722226
2300.4938856218077 87.1386810211776
2298.4327416712094 87.38383932386257
2296.3715977206107 87.48719674723776
2294.310453770012 88.20677217375636
2292.249309819413 87.57589489236479
2290.1881658688144 87.84375519649008
2288.1270219182156 88.20069184617925
2286.0658779676173 88.43034912606674
2284.0047340170186 88.64456221753933
2281.94359006642 88.9397357004048
2279.882446115821 89.22626211795006
2277.8213021652227 89.38973362034736
2275.760158214624 88.79833568762662
2273.699014264025 89.17064152909353
2271.6378703134264 89.90718079023914
2269.576726362828 89.54268251761654
2267.5155824122294 90.16043289593073
2265.454438461631 89.67164580332691
2263.3932945110323 90.13999942913253
2261.3321505604335 90.02449927097932
2259.271006609835 90.48112232851203
2257.2098626592365 89.96812744739326
2255.1487187086377 90.97685536275681
2253.087574758039 90.84208702750853
2251.02643080744 90.8141182096547
2248.965286856842 92.88715988009137
2246.904142906243 91.54187945174786
2244.842998955645 92.36007723861476
2242.781855005046 91.91800711628562
2240.7207110544473 92.5035927916411
2238.6595671038485 92.29883715467628
2236.59842315325 92.80634920034815
2234.5372792026515 91.77797217537201
2232.4761352520527 92.27027776429713
2230.414991301454 92.94580878953202
2228.3538473508556 92.97495686050138
2226.2927034002564 92.32182898735739
2224.231559449658 91.37678455426793
2222.1704154990593 93.43565165216401
2220.1092715484606 92.91742934383184
2218.048127597862 93.00188868507747
2215.9869836472635 93.03597883218447
2213.9258396966648 93.36782249001574
2211.864695746066 94.32409439568856
2209.8035517954672 93.49256030454097
2207.742407844869 95.45464876410423
2205.68126389427 100.53226860464108
2203.620119943672 92.74289124170991
2201.558975993073 93.54809119058979
2199.4978320424743 93.23742317402375
2197.4366880918756 95.61349823789139
2195.3755441412773 93.51590308163668
2193.3144001906785 94.33797215715454
2191.2532562400797 93.4122717572649
2189.192112289481 94.16211920430295
2187.1309683388827 94.02956585803709
2185.069824388284 93.54673108789846
2183.0086804376856 94.03849458185239
2180.947536487087 93.05094675215452
2178.886392536488 93.97651153129003
2176.8252485858893 94.22478179700968
2174.764104635291 94.12781289978707
2172.7029606846922 94.00241172667378
2170.6418167340935 94.60699605870091
2168.5806727834947 94.07430416081759
2166.5195288328964 94.12077083504458
2164.458384882297 95.07527294090188
2162.397240931699 94.17547557326881
2160.3360969811 93.77480479336683
2158.2749530305014 94.5434919100394
2156.2138090799026 95.0821413190031
2154.1526651293043 95.37874583188503
2152.0915211787055 95.88089172225732
2150.0303772281068 95.36961696777915
2147.969233277508 94.61016893462835
2145.9080893269097 94.54059580098073
2143.846945376311 94.64607627329814
2141.7858014257126 94.48350330270776
2139.724657475114 94.23682258555647
2137.663513524515 95.01488301990582
2135.6023695739163 97.13632160979795
2133.541225623318 94.60889207182205
2131.4800816727193 94.92588322934238
2129.4189377221205 94.44441131826451
2127.3577937715218 94.98532077475969
2125.2966498209234 95.56297229403299
2123.2355058703247 96.5985437489481
2121.1743619197264 98.68788591088943
2119.1132179691276 96.15916994739298
2117.052074018529 96.33809299077144
2114.99093006793 95.21064292971197
2112.929786117332 94.63090969251972
2110.868642166733 95.21498919337532
2108.8074982161343 95.60873916916711
2106.7463542655355 94.6206095559885
2104.685210314937 94.8185848982049
2102.624066364338 93.39778689910933
2100.5629224137397 94.83640231731712
2098.5017784631405 94.74708804908326
2096.440634512542 94.64491734076566
2094.3794905619434 95.38167174458506
2092.318346611345 94.82811615467848
2090.2572026607463 93.66757794256576
2088.196058710148 94.7260732755298
2086.1349147595492 94.23386072740514
2084.0737708089505 94.11332703817824
2082.0126268583517 93.8088224925019
2079.9514829077534 94.19496349582245
2077.8903389571547 94.14157952107014
2075.829195006556 93.36972004510224
2073.768051055957 93.67327104868852
2071.706907105359 94.04356083415833
2069.6457631547596 93.01491965101476
2067.5846192041613 94.09997212094925
2065.5234752535625 94.8222177344668
2063.4623313029642 96.52171568186343
2061.4011873523655 92.83809934263253
2059.3400434017667 95.14233289425462
2057.278899451168 91.54663834625661
2055.2177555005696 96.68419922610784
2053.156611549971 89.35107564968818
2051.0954675993726 136.3780725865898
2049.0343236487734 110.22839597930961
2046.973179698175 88.24551711656693
2044.9120357475763 96.18523603175571
2042.8508917969777 90.76105205194638
2040.789747846379 94.16485837554218
2038.7286038957805 91.15576987039998
2036.6674599451817 94.19664520380839
2034.6063159945832 93.19225783209558
2032.5451720439844 92.43673761301524
2030.4840280933859 92.93882939196024
2028.422884142787 92.74860568854878
2026.3617401921888 92.49602192359677
2024.3005962415898 92.23691362997812
2022.2394522909913 93.9390578405166
2020.1783083403925 92.33579088995869
2018.117164389794 91.46892920194254
2016.0560204391952 92.43165146219346
2013.9948764885967 91.19636260124096
2011.933732537998 91.72837815526879
2009.8725885873994 92.04763607015866
2007.8114446368006 92.47713824461272
2005.7503006862023 91.71420982671623
2003.6891567356035 90.92764824007695
2001.628012785005 90.73889269750147
1999.5668688344063 91.57477764675585
1997.5057248838077 90.60816006279597
1995.444580933209 91.5606457331765
1993.3834369826102 90.86279833934537
1991.3222930320114 89.94748792430401
1989.261149081413 90.48183275338108
1987.2000051308141 90.56685142983603
1985.1388611802158 90.10894735170244
1983.0777172296168 89.18604001153358
1981.0165732790185 89.91057801387711
1978.9554293284198 89.92022128512305
1976.8942853778212 88.89964343746473
1974.8331414272225 89.54389965730462
1972.771997476624 89.30790865727292
1970.7108535260252 88.94381934905023
1968.6497095754266 88.19723238163331
1966.5885656248279 88.46100733012064
1964.5274216742296 88.37923187214666
1962.4662777236304 88.15822462418888
1960.405133773032 88.65135089091463
1958.3439898224333 87.78717652466295
1956.2828458718348 87.49118228215575
1954.221701921236 88.15302400118034
1952.1605579706375 87.63469218221104
1950.0994140200387 87.37165020049838
1948.0382700694402 86.66828797285305
1945.9771261188414 86.45069298268646
1943.915982168243 86.70910920701432
1941.854838217644 87.17519638242078
1939.7936942670458 86.38067676872897
1937.732550316447 85.46800814178268
1935.6714063658485 85.1057951437094
1933.6102624152497 85.57753668662163
1931.5491184646512 84.89869753028016
1929.4879745140522 85.14228782516683
1927.4268305634537 83.93846721121419
1925.365686612855 83.3939451342184
1923.3045426622566 84.27415206414213
1921.2433987116576 83.5154209968844
1919.1822547610593 82.27245826905182
1917.1211108104606 81.31714539898066
1915.059966859862 81.09147003214188
1912.9988229092633 80.14598742244658
1910.9376789586647 78.69581349507482
1908.876535008066 78.3807085547188
1906.8153910574674 76.16853662552352
1904.7542471068687 74.9502841882544
1902.6931031562704 74.01550424833253
1900.6319592056714 72.11284250283641
1898.5708152550728 69.5503675460551
1896.509671304474 67.823955448722
1894.4485273538755 66.52209978609233
1892.3873834032768 64.61156092260924
1890.3262394526782 62.47019534450033
1888.2650955020795 59.85729241983154
1886.203951551481 57.92285207599293
1884.1428076008822 55.509310915792376
1882.0816636502839 53.59444214941927
1880.0205196996849 51.189961249057816
1877.9593757490866 48.64588157844093
1875.8982317984878 46.80925358583931
1873.8370878478893 44.45738895951299
1871.7759438972905 43.360379252634765
1869.714799946692 41.277960676214214
1867.653655996093 40.319668948232014
1865.5925120454945 38.022179777443384
1863.5313680948957 38.94088010359811
1861.4702241442974 35.447058912508965
1859.4090801936984 39.785949482526824
