241.139952 0.000000
239.078808 0.000000
237.017664 0.000000
234.956520 0.000000
232.895376 0.000000
230.834233 0.000000
228.773089 0.000000
226.711945 0.000000
224.650801 0.000000
222.589657 0.000000
220.528513 0.000000
218.467369 0.000000
216.406225 0.000000
214.345081 0.000000
212.283937 0.000000
210.222793 0.000000
208.161649 0.000000
206.100505 0.000000
204.039361 0.000000
201.978217 0.000000
199.917073 0.000000
197.855929 0.000000
195.794785 0.000000
193.733641 0.000000
191.672497 0.000000
189.611354 0.000000
187.550210 0.000000
185.489066 0.000000
183.427922 0.000000
181.366778 0.000000
179.305634 0.000000
177.244490 0.000000
175.183346 0.000000
173.122202 0.000000
171.061058 0.000000
168.999914 0.000000
166.938770 0.000000
164.877626 0.000000
162.816482 0.000000
160.755338 0.000000
158.694194 0.000000
156.633050 0.000000
154.571906 0.000000
152.510762 0.000000
150.449618 0.000000
148.388475 0.000000
146.327331 0.000000
144.266187 0.000000
142.205043 0.000000
140.143899 0.000000
138.082755 0.000000
136.021611 0.000000
133.960467 0.000000
131.899323 0.000000
129.838179 0.000000
127.777035 0.000000
125.715891 0.000000
123.654747 0.000000
121.593603 0.000000
119.532459 0.000000
117.471315 0.000000
115.410171 0.000000
113.349027 0.000000
111.287883 0.000000
109.226739 0.000000
107.165595 0.000000
105.104452 0.000000
103.043308 0.000000
100.982164 0.000000
98.921020 0.000000
96.859876 0.000000
94.798732 0.000000
92.737588 0.000000
90.676444 0.000000
88.615300 0.000000
86.554156 0.000000
84.493012 0.000000
82.431868 0.000000
80.370724 0.000000
78.309580 0.000000
76.248436 0.000000
74.187292 0.000000
72.126148 0.000000
70.065004 0.000000
68.003860 0.000000
65.942716 0.000000
63.881573 0.000000
61.820429 0.000000
59.759285 0.000000
57.698141 0.000000
55.636997 0.000000
53.575853 0.000000
51.514709 0.000000
49.453565 0.000000
47.392421 0.000000
45.331277 0.000000
43.270133 0.000000
41.208989 0.000001
39.147845 0.000003
37.086701 0.000008
35.025557 0.000023
32.964413 0.000073
30.903269 0.000248
28.842125 0.000855
26.780981 0.002894
24.719837 0.009373
22.658694 0.028622
20.597550 0.081674
18.536406 0.216682
16.475262 0.532973
14.414118 1.213510
12.352974 2.555350
10.291830 4.974063
8.230686 8.947842
6.169542 14.874441
4.108398 22.851547
2.047254 32.453315
-0.013890 42.628386
-2.075034 51.837505
-4.136178 58.454398
-6.197322 61.305802
-8.258466 60.116638
-10.319610 55.641305
-12.380754 49.410582
-14.441898 43.217168
-16.503042 38.578814
-18.564185 36.392394
-20.625329 36.861598
-22.686473 39.641491
-24.747617 44.073482
-26.808761 49.398394
-28.869905 54.894344
-30.931049 59.941691
-32.992193 64.043725
-35.053337 66.830991
-37.114481 68.063878
-39.175625 67.635555
-41.236769 65.570998
-43.297913 62.017372
-45.359057 57.223652
-47.420201 51.510673
-49.481345 45.235351
-51.542489 38.754107
-53.603633 32.390413
-55.664777 26.410354
-57.725921 21.008302
-59.787065 16.302968
-61.848208 12.342452
-63.909352 9.115808
-65.970496 6.568222
-68.031640 4.616996
-70.092784 3.166140
-72.153928 2.118165
-74.215072 1.382447
-76.276216 0.880230
-78.337360 0.546768
-80.398504 0.331336
-82.459648 0.195881
-84.520792 0.112973
-86.581936 0.063565
-88.643080 0.034892
-90.704224 0.018684
-92.765368 0.009761
-94.826512 0.004975
-96.887656 0.002474
-98.948800 0.001200
-101.009944 0.000568
-103.071087 0.000262
-105.132231 0.000118
-107.193375 0.000052
-109.254519 0.000022
-111.315663 0.000009
-113.376807 0.000004
-115.437951 0.000002
-117.499095 0.000001
-119.560239 0.000000
-121.621383 0.000000
-123.682527 0.000000
-125.743671 0.000000
-127.804815 0.000000
-129.865959 0.000000
-131.927103 0.000000
-133.988247 0.000000
-136.049391 0.000000
-138.110535 0.000000
-140.171679 0.000000
-142.232823 0.000000
-144.293966 0.000000
-146.355110 0.000000
-148.416254 0.000000
-150.477398 0.000000
-152.538542 0.000000
-154.599686 0.000000
-156.660830 0.000000
-158.721974 0.000000
-160.783118 0.000000
-162.844262 0.000000
-164.905406 0.000000
-166.966550 0.000000
-169.027694 0.000000
-171.088838 0.000000
-173.149982 0.000000
-175.211126 0.000000
-177.272270 0.000000
-179.333414 0.000000
-181.394558 0.000000
-183.455702 0.000000
-185.516845 0.000000
-187.577989 0.000000
-189.639133 0.000000
-191.700277 0.000000
-193.761421 0.000000
-195.822565 0.000000
-197.883709 0.000000
-199.944853 0.000000
-202.005997 0.000000
-204.067141 0.000000
-206.128285 0.000000
-208.189429 0.000000
-210.250573 0.000000
-212.311717 0.000000
-214.372861 0.000000
-216.434005 0.000000
-218.495149 0.000000
-220.556293 0.000000
-222.617437 0.000000
-224.678581 0.000000
-226.739725 0.000000
-228.800868 0.000000
-230.862012 0.000000
-232.923156 0.000000
-234.984300 0.000000
-237.045444 0.000000
-239.106588 0.000000
-241.167732 0.000000
-243.228876 0.000000
-245.290020 0.000000
-247.351164 0.000000
-249.412308 0.000000
-251.473452 0.000000
-253.534596 0.000000
-255.595740 0.000000
-257.656884 0.000000
-259.718028 0.000000
-261.779172 0.000000
-263.840316 0.000000
-265.901460 0.000000
-267.962604 0.000000
-270.023747 0.000000
-272.084891 0.000000
-274.146035 0.000000
-276.207179 0.000000
-278.268323 0.000000
-280.329467 0.000000
-282.390611 0.000000
-284.451755 0.000000
