241.139952 -3.839203
239.078808 -4.830299
237.017664 -5.060489
234.956520 -5.090782
232.895376 -5.498010
230.834233 -5.470543
228.773089 -5.373387
226.711945 -5.403585
224.650801 -4.757128
222.589657 -2.399055
220.528513 -0.926050
218.467369 -2.835045
216.406225 -4.295785
214.345081 -4.144037
212.283937 -4.577537
210.222793 -5.281862
208.161649 -5.300952
206.100505 -5.104208
204.039361 -5.059704
201.978217 -4.814091
199.917073 -5.155557
197.855929 -6.233171
195.794785 -6.603354
193.733641 -5.697840
191.672497 -5.393211
189.611354 -6.462308
187.550210 -6.948800
185.489066 -6.611427
183.427922 -6.429136
181.366778 -6.670958
179.305634 -7.247482
177.244490 -7.943390
175.183346 -8.113544
173.122202 -7.702783
171.061058 -7.047237
168.999914 -6.094713
166.938770 -4.994462
164.877626 -4.619596
162.816482 -5.730080
160.755338 -7.014789
158.694194 -7.381543
156.633050 -7.462387
154.571906 -7.324645
152.510762 -6.969265
150.449618 -6.604242
148.388475 -6.486196
146.327331 -6.995050
144.266187 -7.497133
142.205043 -7.597013
140.143899 -7.358873
138.082755 -6.699143
136.021611 -6.379458
133.960467 -6.967610
131.899323 -7.394649
129.838179 -7.123240
127.777035 -6.431926
125.715891 -6.043338
123.654747 -6.617791
121.593603 -7.819343
119.532459 -8.404082
117.471315 -7.922945
115.410171 -7.399546
113.349027 -7.201046
111.287883 -7.006732
109.226739 -6.892445
107.165595 -7.179181
105.104452 -7.671758
103.043308 -7.774404
100.982164 -8.224195
98.921020 -9.070462
96.859876 -9.093282
94.798732 -8.682671
92.737588 -8.565740
90.676444 -8.963040
88.615300 -9.354694
86.554156 -9.004295
84.493012 -8.522665
82.431868 -8.478192
80.370724 -8.029644
78.309580 -7.532676
76.248436 -7.957091
74.187292 -8.151010
72.126148 -8.107759
70.065004 -8.630760
68.003860 -9.065642
65.942716 -9.137174
63.881573 -9.091442
61.820429 -9.520975
59.759285 -10.101863
57.698141 -10.175337
55.636997 -9.983706
53.575853 -9.816367
51.514709 -9.285804
49.453565 -9.043382
47.392421 -9.423710
45.331277 -9.712014
43.270133 -10.047350
41.208989 -10.104026
39.147845 -10.157011
37.086701 -10.441252
35.025557 -10.720589
32.964413 -10.497600
30.903269 -9.990413
28.842125 -10.187396
26.780981 -10.621814
24.719837 -10.153845
22.658694 -8.955227
20.597550 -7.541175
18.536406 -6.453893
16.475262 -5.826633
14.414118 -4.965840
12.352974 -4.007183
10.291830 -2.182678
8.230686 3.138322
6.169542 13.187182
4.108398 26.393867
2.047254 38.662986
-0.013890 47.015963
-2.075034 52.295609
-4.136178 55.969448
-6.197322 57.745945
-8.258466 56.984858
-10.319610 53.903636
-12.380754 50.342958
-14.441898 47.642422
-16.503042 44.543465
-18.564185 39.957451
-20.625329 34.360129
-22.686473 31.363656
-24.747617 35.715562
-26.808761 44.619674
-28.869905 54.217724
-30.931049 63.710583
-32.992193 71.352348
-35.053337 75.162455
-37.114481 74.312615
-39.175625 69.659994
-41.236769 63.338052
-43.297913 56.823909
-45.359057 50.607239
-47.420201 44.603313
-49.481345 39.801980
-51.542489 36.973852
-53.603633 34.402786
-55.664777 31.118262
-57.725921 27.111380
-59.787065 22.020342
-61.848208 16.169139
-63.909352 10.645046
-65.970496 6.803318
-68.031640 4.448712
-70.092784 3.105019
-72.153928 2.232796
-74.215072 1.368613
-76.276216 0.238651
-78.337360 -1.536073
-80.398504 -3.664861
-82.459648 -4.924919
-84.520792 -5.298785
-86.581936 -5.498842
-88.643080 -5.899096
-90.704224 -6.755915
-92.765368 -7.767001
-94.826512 -8.473342
-96.887656 -8.970014
-98.948800 -9.283137
-101.009944 -9.293870
-103.071087 -8.782020
-105.132231 -8.013105
-107.193375 -7.583996
-109.254519 -7.953692
-111.315663 -8.788485
-113.376807 -9.086215
-115.437951 -8.591966
-117.499095 -7.793012
-119.560239 -7.347173
-121.621383 -7.495797
-123.682527 -7.986428
-125.743671 -8.160188
-127.804815 -7.892463
-129.865959 -7.512848
-131.927103 -7.396259
-133.988247 -7.499660
-136.049391 -7.451734
-138.110535 -7.598807
-140.171679 -7.624462
-142.232823 -7.387248
-144.293966 -7.343691
-146.355110 -7.213947
-148.416254 -7.047000
-150.477398 -7.407867
-152.538542 -8.073393
-154.599686 -8.053293
-156.660830 -7.872372
-158.721974 -8.025770
-160.783118 -8.308121
-162.844262 -8.797582
-164.905406 -8.778744
-166.966550 -8.607015
-169.027694 -8.818163
-171.088838 -8.802772
-173.149982 -8.753585
-175.211126 -8.455361
-177.272270 -7.497392
-179.333414 -6.697040
-181.394558 -6.881921
-183.455702 -7.444536
-185.516845 -7.357287
-187.577989 -6.954078
-189.639133 -6.820536
-191.700277 -6.884376
-193.761421 -6.961973
-195.822565 -6.581652
-197.883709 -6.195270
-199.944853 -5.992258
-202.005997 -5.711112
-204.067141 -5.494623
-206.128285 -5.830238
-208.189429 -6.233395
-210.250573 -6.153611
-212.311717 -6.257134
-214.372861 -6.744211
-216.434005 -6.997709
-218.495149 -6.602445
-220.556293 -6.060712
-222.617437 -6.129004
-224.678581 -6.199142
-226.739725 -5.884152
-228.800868 -5.752569
-230.862012 -5.851317
-232.923156 -5.765070
-234.984300 -5.922568
-237.045444 -6.036100
-239.106588 -5.606218
-241.167732 -5.702881
-243.228876 -6.084071
-245.290020 -5.629805
-247.351164 -4.990315
-249.412308 -4.667037
-251.473452 -4.983009
-253.534596 -5.605986
-255.595740 -5.939314
-257.656884 -5.915860
-259.718028 -5.910861
-261.779172 -5.723391
-263.840316 -5.482132
-265.901460 -5.550178
-267.962604 -5.181494
-270.023747 -4.587305
-272.084891 -4.907483
-274.146035 -5.295228
-276.207179 -4.007137
-278.268323 -2.946978
-280.329467 -3.934289
-282.390611 -4.043524
-284.451755 -3.091149
