# BEGINHEADER
# This file contains data from the SALSA 2m radio telescope.
# DATE=2024-01-31T18:29:0055
# GLON and GLAT given in degrees
# GLON=149.83422260373584
# GLAT=-0.2326905607301782
# DATA in two columns below. Col. 1 is velocity relative to LSR [km/s]. Col. 2 is uncalibrated antenna temperature [K].
# ENDHEADER
241.13995227854394 -2.9538503818941084
239.0788083279453 -6.061216329704335
237.01766437734668 -5.361873429592009
234.95652042674803 -3.6031978232638475
232.89537647614938 -7.204871138135296
230.83423252555073 -4.54702988807294
228.7730885749521 -5.781057410410512
226.71194462435346 -4.91660476036639
224.65080067375484 -6.605811736732746
222.58965672315617 -3.4922748534971264
220.52851277255755 5.046784347077932
218.4673688219589 -5.764488357623724
216.40622487136025 -5.7209556051287604
214.3450809207616 -2.442074861854332
212.28393697016296 -4.7565999933203935
210.22279301956434 -5.922548555187896
208.1616490689657 -5.610537045647486
206.10050511836707 -4.154873071762785
204.0393611677684 -6.253691624460297
201.97821721716977 -3.965842117598217
199.91707326657112 -4.436495666352181
197.85592931597253 -6.641232994194866
195.79478536537385 -8.112221166175912
193.73364141477524 -5.378312970699009
191.6724974641766 -3.019379332844545
189.61135351357797 -8.28831768832869
187.5502095629793 -7.118807293267084
185.48906561238067 -6.439515261693036
183.42792166178202 -6.043216558884401
181.3667777111834 -6.760364370614405
179.30563376058475 -6.734498304021521
177.24448980998608 -8.576078490846797
175.18334585938746 -8.515518724027459
173.1222019087888 -7.510765584610007
171.0610579581902 -7.4411909212103895
168.99991400759154 -6.0827603877647825
166.9387700569929 -5.136677759080646
164.87762610639425 -2.842940241852905
162.81648215579563 -5.759362636985995
160.75533820519698 -8.443846524327862
158.69419425459833 -6.665142592877464
156.63305030399968 -7.941153538240937
154.57190635340106 -7.462888316031281
152.5107624028024 -6.70384446026532
150.4496184522038 -7.0570520578227995
148.38847450160512 -5.333663952309611
146.3273305510065 -7.438365569049387
144.26618660040785 -7.788678830303702
142.20504264980923 -7.498311023769388
140.14389869921058 -7.862009458076365
138.0827547486119 -6.853927964710171
136.02161079801328 -4.805652969255393
133.96046684741464 -7.869006143367341
131.89932289681602 -7.530650287863279
129.83817894621737 -7.5735487766587495
127.77703499561873 -6.266194468743424
125.71589104502009 -5.339843856806681
123.65474709442145 -6.072724467002938
121.5936031438228 -8.149414910037752
119.53245919322416 -9.716226159294584
117.47131524262551 -7.369927455157684
115.41017129202687 -7.157026828834271
113.34902734142824 -7.424584988213711
111.28788339082959 -6.885067594551293
109.22673944023096 -6.844652154416538
107.16559548963231 -6.427083287888904
105.10445153903368 -8.767743808367417
103.04330758843503 -7.393534070454809
100.9821636378364 -7.029828527000104
98.92101968723776 -10.821482152934683
96.85987573663911 -8.697434632376973
94.79873178604048 -8.738660574437583
92.73758783544183 -8.095165684162238
90.6764438848432 -8.702168052392636
88.61529993424456 -10.297090029306668
86.55415598364591 -9.161650089986317
84.49301203304728 -7.5117998340798104
82.43186808244862 -9.135988336335354
80.37072413184998 -8.844619204825783
78.30958018125133 -5.420388804982714
76.2484362306527 -9.117821011861373
74.18729228005407 -8.61651553567455
72.12614832945542 -6.6708760232241895
70.06500437885678 -9.63817936722895
68.00386042825814 -8.645515223023473
65.9427164776595 -9.924335327014186
63.88157252706086 -8.142203607993775
61.82042857646222 -9.56944862153472
59.75928462586358 -10.515461090222335
57.69814067526494 -10.57219632183774
55.6369967246663 -9.254527743996832
53.57585277406766 -10.705402845909434
51.514708823469014 -9.196499827538135
49.45356487287037 -7.640996807678244
47.39242092227173 -10.955309156351882
45.33127697167309 -8.277007731036967
43.27013302107445 -11.353625798175264
41.20898907047581 -9.44813825823477
39.147845119877175 -10.292570365170548
37.086701169278534 -10.185767202921104
35.02555721867989 -11.07728644581761
32.964413268081245 -11.189727007426416
30.903269317482607 -8.98339480992518
28.842125366883966 -9.796368152799328
26.780981416285325 -11.803162723812754
24.719837465686684 -10.251143296775044
22.658693515088043 -9.106297266117286
20.5975495644894 -7.582933403717615
18.536405613890757 -5.4575407177320825
16.47526166329212 -6.724891038421494
14.414117712693479 -4.8160815045716
12.35297376209484 -3.4325000308203877
10.291829811496198 -4.8482558520055985
8.230685860897559 0.7039251256550245
6.169541910298916 10.682279645041065
4.108397959700276 27.06382959322282
2.0472540091016347 41.90175988510114
-0.01388994149700596 48.47642889587361
-2.075033892095647 52.366169516447584
-4.136177842694288 57.21238044799042
-6.197321793292929 58.89146199995408
-8.25846574389157 58.71517614908134
-10.31960969449021 54.273195055539354
-12.38075364508885 48.722981551643464
-14.441897595687493 48.274189867247266
-16.503041546286134 45.76372848448019
-18.56418549688477 40.00760009014189
-20.625329447483416 35.91174051436204
-22.686473398082057 23.032830407121853
-24.747617348680695 34.826644147110954
-26.808761299279332 45.271490912756995
-28.869905249877974 53.22811960429583
-30.931049200476618 64.98100854679682
-32.992193151075256 73.39920351883536
-35.0533371016739 77.69973940803575
-37.11448105227254 76.82963341803224
-39.17562500287118 69.8970341505292
-41.23676895346982 63.599478623519694
-43.297912904068454 56.205585319844964
-45.3590568546671 50.89232472231531
-47.42020080526574 44.49788401151449
-49.481344755864384 37.24048674240508
-51.542488706463025 37.799217959205244
-53.60363265706167 34.922075984365065
-55.66477660766031 30.903350670607022
-57.72592055825894 28.391078990623516
-59.78706450885758 21.882569646566683
-61.848208459456224 16.96280957163254
-63.90935241005487 8.465337064954761
-65.9704963606535 6.822360125470943
-68.03164031125215 3.462394445339456
-70.09278426185078 3.129150341964535
-72.15392821244943 2.174952195093532
-74.21507216304808 1.5320035973794166
-76.27621611364673 0.4095775274225612
-78.33736006424536 -0.5675944258027107
-80.398504014844 -4.918684739748096
-82.45964796544264 -5.326631702678875
-84.52079191604128 -5.188854157527516
-86.58193586663992 -5.563997217948119
-88.64307981723856 -5.473026787657482
-90.7042237678372 -6.51297386488743
-92.76536771843584 -8.357845894943804
-94.82651166903447 -8.229498512167021
-96.88765561963312 -9.312912286298143
-98.94879957023176 -9.127011216494417
-101.0099435208304 -9.8856190907733
-103.07108747142904 -8.861820340136266
-105.13223142202767 -7.860328469696229
-107.19337537262632 -7.1110062485605265
-109.25451932322495 -7.283091984916452
-111.31566327382362 -9.567156557457425
-113.37680722442225 -9.385223352040903
-115.4379511750209 -8.987424931194132
-117.49909512561953 -7.291268110034899
-119.56023907621817 -7.21615279151189
-121.62138302681682 -6.935903233465366
-123.68252697741545 -8.508991985590145
-125.7436709280141 -8.390582430066175
-127.80481487861273 -7.886041609677998
-129.86595882921137 -7.5491678971345175
-131.92710277981004 -6.6633623582122485
-133.98824673040866 -8.496679878704589
-136.0493906810073 -6.580405036446446
-138.11053463160593 -7.8592326639160035
-140.17167858220458 -8.232400505139728
-142.23282253280323 -6.555616361760571
-144.29396648340187 -7.887183525634198
-146.3551104340005 -7.134590644372091
-148.41625438459914 -6.940439898859979
-150.47739833519776 -6.392112143044563
-152.53854228579644 -9.507907051224564
-154.59968623639506 -7.849132981839696
-156.6608301869937 -7.161143080019545
-158.72197413759233 -8.871973801360035
-160.78311808819097 -7.069865337702094
-162.84426203878962 -9.914102958527119
-164.90540598938827 -8.983276984311656
-166.9665499399869 -7.422582242848526
-169.02769389058554 -10.011772636251148
-171.08883784118422 -8.172756375422127
-173.14998179178284 -8.862098433495479
-175.21112574238148 -9.260628490939768
-177.2722696929801 -7.378607764735265
-179.33341364357875 -5.830578987789248
-181.3945575941774 -6.446083997723469
-183.45570154477605 -8.354000747046838
-185.51684549537467 -7.569352607869966
-187.57798944597332 -6.264604221387973
-189.63913339657194 -7.367988466101896
-191.7002773471706 -5.976959797554952
-193.76142129776923 -8.249413789415113
-195.82256524836788 -5.915051255352705
-197.8837091989665 -6.293864520816747
-199.94485314956518 -5.908472054822274
-202.0059971001638 -6.089603267726482
-204.06714105076247 -4.740127974527095
-206.1282850013611 -5.654007222733291
-208.18942895195974 -7.197625123048806
-210.2505729025584 -5.611354490000905
-212.31171685315704 -5.935370255365993
-214.37286080375569 -6.974031102053451
-216.4340047543543 -7.356132752348882
-218.49514870495295 -7.184293878118001
-220.55629265555157 -4.833136797541383
-222.61743660615025 -6.5434507852478525
-224.67858055674887 -6.592709373389813
-226.73972450734752 -5.7165827140171155
-228.80086845794614 -5.15456341370858
-230.86201240854479 -6.696111648218511
-232.92315635914343 -5.215416056517305
-234.98430030974208 -5.527709814906298
-237.0454442603407 -7.423449134432093
-239.10658821093935 -4.654544479649663
-241.167732161538 -4.865766688664066
-243.22887611213665 -8.004762145115894
-245.29002006273527 -4.576078107487877
-247.35116401333391 -5.635302762579041
-249.41230796393256 -3.628316450073065
-251.4734519145312 -5.128139602418125
-253.53459586512986 -5.593751535201999
-255.59573981572848 -6.581495479530333
-257.6568837663271 -5.397141596204158
-259.71802771692575 -6.1567519703208164
-261.7791716675244 -6.199856543311032
-263.84031561812304 -4.422371667818187
-265.9014595687217 -6.357628882820497
-267.96260351932034 -5.666188376149475
-270.023747469919 -3.518877749762893
-272.0848914205176 -4.287690597658836
-274.1460353711162 -7.2035706106824895
-276.20717932171493 -5.086468915357682
-278.2683232723135 1.7820705596272541
-280.32946722291217 -7.416506460538716
-282.39061117351076 -3.9408715432175243
-284.45175512410947 -2.4938273971740674
