-5555.56,-13.4882,35.1379
-5550.13,-8.15892,18.3855
-5544.7,-9.35043,-10.8291
-5539.28,-4.71397,-17.9417
-5533.85,29.0647,-6.92384
-5528.43,28.1182,-4.01863
-5523,-10.1611,-15.6306
-5517.58,-11.4047,-34.485
-5512.15,5.50684,-43.5353
-5506.73,8.25917,-14.7552
-5501.3,6.03687,4.00549
-5495.88,7.33293,-4.91062
-5490.45,8.86618,7.14836
-5485.03,9.30264,21.8417
-5479.6,-4.85472,23.172
-5474.17,-11.0344,25.1281
-5468.75,10.3751,28.6569
-5463.32,35.9015,16.0368
-5457.9,47.6859,6.9514
-5452.47,35.3084,11.1314
-5447.05,23.8155,-0.126668
-5441.62,15.5178,-24.5449
-5436.2,-7.50072,-30.1671
-5430.77,-23.0338,-5.38683
-5425.35,5.93338,5.20788
-5419.92,29.1964,-0.381259
-5414.5,4.95986,17.8315
-5409.07,-9.2965,28.4731
-5403.65,-8.42835,12.827
-5398.22,-20.9928,-1.13179
-5392.79,-32.6184,-15.5132
-5387.37,-30.4009,-16.2323
-5381.94,-30.5521,-2.36443
-5376.52,-28.0505,-2.96403
-5371.09,-10.3333,-0.706254
-5365.67,-1.07827,12.0248
-5360.24,1.3772,13.4267
-5354.82,4.92955,-10.2885
-5349.39,-20.0831,-45.7276
-5343.97,-44.9015,-53.703
-5338.54,-46.3386,-37.1372
-5333.12,-41.3717,-10.0526
-5327.69,-16.7753,6.14733
-5322.27,2.72008,-9.49788
-5316.84,11.8567,-28.2292
-5311.41,14.1888,-21.1173
-5305.99,1.78743,1.27653
-5300.56,-8.59199,-0.728863
-5295.14,-10.4068,-28.2093
-5289.71,11.2037,-33.0325
-5284.29,24.4232,5.05247
-5278.86,12.9345,37.724
-5273.44,17.3559,23.0537
-5268.01,24.5811,-3.24161
-5262.59,12.5175,-25.5621
-5257.16,-10.6974,-44.3344
-5251.74,-21.5208,-26.6679
-5246.31,-14.4172,-1.02912
-5240.88,-12.9426,4.67232
-5235.46,1.71894,5.08919
-5230.03,21.0131,2.37873
-5224.61,22.041,-3.11795
-5219.18,18.9826,2.8618
-5213.76,6.1417,17.5177
-5208.33,-15.5209,16.3513
-5202.91,-23.5227,2.94758
-5197.48,-19.6804,-12.6377
-5192.06,-3.34858,-9.08067
-5186.63,17.9185,2.40315
-5181.21,10.5407,4.06063
-5175.78,-6.42614,2.82958
-5170.36,-10.2519,-14.441
-5164.93,7.8102,-14.7004
-5159.5,37.8547,-6.3869
-5154.08,30.6042,-28.9005
-5148.65,-11.7901,-31.3972
-5143.23,-23.2025,-9.03101
-5137.8,9.17594,9.91414
-5132.38,27.0901,25.3193
-5126.95,4.36616,14.1307
-5121.53,-16.8915,2.72483
-5116.1,0.545941,13.0881
-5110.68,17.6481,25.0821
-5105.25,29.4098,22.5493
-5099.83,40.253,3.98272
-5094.4,18.0772,-9.3185
-5088.98,-1.12836,3.9293
-5083.55,-7.18447,20.0181
-5078.12,2.46317,9.41936
-5072.7,25.5538,0.189278
-5067.27,16.819,0.618691
-5061.85,1.66038,2.12683
-5056.42,-0.272159,9.57645
-5051,1.41459,27.3005
-5045.57,6.86415,34.9772
-5040.15,-20.0563,18.734
-5034.72,-46.4318,6.97121
-5029.3,-26.0328,-0.34105
-5023.87,-8.10832,-4.42098
-5018.45,4.94317,9.43354
-5013.02,10.0106,3.22369
-5007.6,-9.28298,-15.9436
-5002.17,-2.18476,-0.494328
-4996.74,14.6728,6.64906
-4991.32,6.83936,7.5658
-4985.89,-2.51931,22.2441
-4980.47,-17.8916,1.2761
-4975.04,-25.332,-20.6199
-4969.62,-22.3702,-25.0851
-4964.19,-16.6308,-35.0198
-4958.77,4.5382,-24.1698
-4953.34,20.9092,-7.10745
-4947.92,18.5421,5.84025
-4942.49,14.2465,18.9996
-4937.07,17.0285,15.2798
-4931.64,5.53004,1.58274
-4926.21,4.49126,1.14639
-4920.79,25.6841,8.4417
-4915.36,25.9279,3.63942
-4909.94,18.4028,-7.05422
-4904.51,23.9314,-5.11964
-4899.09,17.0405,2.05635
-4893.66,-5.06161,5.76508
-4888.24,-32.2075,24.4032
-4882.81,-42.3747,26.7839
-4877.39,-24.0009,-0.990067
-4871.96,-20.565,-11.4493
-4866.54,-26.532,-9.83719
-4861.11,-18.4442,-13.8776
-4855.69,-21.7302,-7.53832
-4850.26,-20.0858,0.217141
-4844.83,-3.22543,7.56233
-4839.41,-12.3831,29.0494
-4833.98,-27.413,25.6224
-4828.56,-0.277373,-9.78224
-4823.13,28.6926,-7.53839
-4817.71,9.9938,3.94107
-4812.28,-12.0137,-21.5629
-4806.86,2.69446,-13.7811
-4801.43,15.0522,32.0323
-4796.01,9.09766,44.5777
-4790.58,22.8411,6.08611
-4785.16,36.2631,-27.7102
-4779.73,38.8316,-25.7606
-4774.31,45.1128,-12.5858
-4768.88,21.6489,2.99545
-4763.45,7.64947,1.80107
-4758.03,12.6763,-19.854
-4752.6,7.85571,-14.9923
-4747.18,6.96968,2.10325
-4741.75,-2.70652,-7.82108
-4736.33,5.81732,-11.2354
-4730.9,25.4194,0.0503216
-4725.48,10.4498,4.39302
-4720.05,-7.04663,-0.23858
-4714.63,-15.4425,-11.3466
-4709.2,-19.3147,-26.1503
-4703.78,-2.52254,-35.0434
-4698.35,10.2647,-40.2449
-4692.92,4.42072,-40.1375
-4687.5,-5.9915,-26.9167
-4682.07,2.93293,-9.73814
-4676.65,15.3583,18.4507
-4671.22,0.513898,26.644
-4665.8,-14.58,0.708144
-4660.37,-13.3495,-7.90798
-4654.95,-4.89382,2.99536
-4649.52,-4.01696,7.9115
-4644.1,-7.13161,-7.70717
-4638.67,4.57346,-13.5683
-4633.25,11.5542,1.33458
-4627.82,-0.0832183,8.36489
-4622.4,-24.2853,18.7864
-4616.97,-27.679,18.6406
-4611.54,-8.17332,3.6356
-4606.12,-0.410639,-13.0038
-4600.69,12.3498,-18.561
-4595.27,14.6327,-3.64703
-4589.84,-13.6157,8.47173
-4584.42,-26.6616,5.8348
-4578.99,-13.5913,8.31401
-4573.57,8.91259,-0.894016
-4568.14,31.7278,-30.889
-4562.72,19.0284,-27.5597
-4557.29,-10.3307,-0.110598
-4551.87,-3.96024,2.48127
-4546.44,12.2742,-12.4759
-4541.02,-1.12209,-12.6662
-4535.59,-32.3086,-9.616
-4530.16,-19.8346,-12.3735
-4524.74,20.1155,-5.91389
-4519.31,14.2142,-3.45604
-4513.89,2.92676,-15.9977
-4508.46,-5.30945,-25.4986
-4503.04,-11.7075,-7.8549
-4497.61,9.42028,14.9762
-4492.19,16.0732,5.36992
-4486.76,28.3983,-7.32482
-4481.34,58.4025,10.2078
-4475.91,52.1411,15.1478
-4470.49,29.0128,-5.15107
-4465.06,30.3869,-22.305
-4459.63,32.3892,-30.1317
-4454.21,10.9476,-7.13482
-4448.78,8.96258,17.5084
-4443.36,22.5645,9.6368
-4437.93,19.3597,6.92592
-4432.51,15.5864,9.67375
-4427.08,6.25249,0.678446
-4421.66,-6.4307,-10.4354
-4416.23,0.657356,6.91892
-4410.81,13.3083,39.4445
-4405.38,5.89192,14.5945
-4399.96,22.1636,-24.8973
-4394.53,41.7147,-1.22285
-4389.11,21.5539,11.7222
-4383.68,5.04569,-10.9785
-4378.25,2.24954,-11.0221
-4372.83,-4.97105,-15.8886
-4367.4,-8.85237,-24.694
-4361.98,7.40005,-11.1989
-4356.55,7.21463,3.01936
-4351.13,-11.4487,-14.8997
-4345.7,4.40898,-28.6057
-4340.28,24.3716,-14.459
-4334.85,8.67566,-2.20018
-4329.43,-0.974649,-2.21307
-4324,17.6773,-16.9346
-4318.58,28.9011,-1.96024
-4313.15,18.1597,24.2919
-4307.73,4.21081,37.1828
-4302.3,8.18342,44.7596
-4296.87,20.4727,15.6006
-4291.45,22.8931,-13.8871
-4286.02,1.90255,-13.5698
-4280.6,-3.15539,-5.39796
-4275.17,18.8415,5.81524
-4269.75,-9.45327,6.55684
-4264.32,-40.0262,-8.40571
-4258.9,-22.1228,-18.5118
-4253.47,-24.1251,-21.3093
-4248.05,-45.2611,-15.9098
-4242.62,-34.7933,6.36697
-4237.2,-1.61181,20.472
-4231.77,7.41578,21.8827
-4226.35,-23.5623,33.1659
-4220.92,-41.9318,39.5808
-4215.49,-36.4236,29.8633
-4210.07,-28.2172,14.4138
-4204.64,-2.62246,7.76085
-4199.22,21.1252,1.8499
-4193.79,41.8607,-11.1818
-4188.37,50.6167,8.10338
-4182.94,29.5839,25.206
-4177.52,-0.309772,2.11886
-4172.09,-24.9253,-9.57315
-4166.67,-34.7837,-1.74389
-4161.24,-29.3856,3.33728
-4155.82,-18.2477,-8.12285
-4150.39,-4.68324,-16.7151
-4144.96,8.69032,-4.25893
-4139.54,2.80907,-6.51693
-4134.11,-20.5914,-3.1189
-4128.69,-26.8101,16.2446
-4123.26,-1.46576,13.4381
-4117.84,9.33612,0.790785
-4112.41,-9.40484,-5.38501
-4106.99,-20.3139,-2.39097
-4101.56,-14.9334,2.03454
-4096.14,3.18742,7.07339
-4090.71,13.1768,14.0052
-4085.29,8.78552,27.6157
-4079.86,4.35304,21.3786
-4074.44,-8.24757,-10.0121
-4069.01,-32.8654,-15.2151
-4063.58,-29.0994,-0.54889
-4058.16,11.8562,9.42068
-4052.73,25.695,12.3035
-4047.31,9.47192,21.1757
-4041.88,0.170493,28.7593
-4036.46,2.83162,20.9813
-4031.03,2.79818,15.3008
-4025.61,-6.86062,19.4519
-4020.18,0.703636,14.0584
-4014.76,25.7265,3.7421
-4009.33,25.3105,21.0072
-4003.91,-6.51068,20.9895
-3998.48,-16.7613,-12.7015
-3993.06,-12.7909,-12.5735
-3987.63,-29.5953,-7.71013
-3982.2,-30.2103,-13.4513
-3976.78,-13.5996,19.5672
-3971.35,-8.54219,43.2657
-3965.93,-3.50696,31.9985
-3960.5,-8.2959,17.6334
-3955.08,-35.204,-16.432
-3949.65,-61.1794,-36.1064
-3944.23,-51.2729,-9.99385
-3938.8,9.02494,3.23603
-3933.38,63.0031,1.02916
-3927.95,29.9119,13.9365
-3922.53,-19.7532,16.4373
-3917.1,-6.77983,-20.0179
-3911.68,-5.19242,-46.4834
-3906.25,-11.8166,-5.2165
-3900.82,25.7363,44.5149
-3895.4,49.4095,40.5392
-3889.97,29.2665,7.46097
-3884.55,-3.72495,0.403307
-3879.12,-12.4415,15.5558
-3873.7,-0.972468,22.1461
-3868.27,-16.1539,8.10325
-3862.85,-23.2141,-29.3629
-3857.42,4.80615,-35.5037
-3852,28.2769,-6.46862
-3846.57,28.206,5.96847
-3841.15,19.8989,0.0756048
-3835.72,17.4516,-9.58629
-3830.29,19.1207,1.03357
-3824.87,10.828,19.8284
-3819.44,-14.9318,3.28115
-3814.02,-12.9842,-8.64092
-3808.59,20.8686,4.38322
-3803.17,24.7552,5.6724
-3797.74,9.53147,1.11764
-3792.32,13.9157,5.02165
-3786.89,10.8928,16.5647
-3781.47,0.510767,31.6652
-3776.04,14.7738,46.7067
-3770.62,28.0759,18.7094
-3765.19,23.6793,-13.4707
-3759.77,15.0999,11.4033
-3754.34,-4.43968,23.9053
-3748.91,-24.3336,9.09025
-3743.49,-14.8798,2.24089
-3738.06,3.66297,1.64575
-3732.64,4.90327,-11.7874
-3727.21,3.0413,-25.9234
-3721.79,-5.19552,0.484768
-3716.36,-4.82572,19.3926
-3710.94,16.6597,-5.60588
-3705.51,27.7496,-23.9076
-3700.09,10.2089,-17.2621
-3694.66,-19.2356,-5.20892
-3689.24,-31.0777,-6.38772
-3683.81,-17.9787,-8.30646
-3678.39,4.0216,-2.24893
-3672.96,15.317,5.69153
-3667.53,15.2811,5.11691
-3662.11,32.2009,-34.478
-3656.68,42.9521,-54.7162
-3651.26,30.597,-10.5172
-3645.83,28.9107,16.104
-3640.41,-5.62688,-6.86156
-3634.98,-51.5919,-34.2608
-3629.56,-15.451,-44.5288
-3624.13,35.7819,-26.6731
-3618.71,24.3365,6.28066
-3613.28,2.65898,11.612
-3607.86,4.77136,-9.72987
-3602.43,14.0434,-12.6933
-3597,-0.104976,10.1628
-3591.58,-34.3086,22.8014
-3586.15,-35.6843,5.1294
-3580.73,-21.2617,-22.6858
-3575.3,-27.9164,-20.9419
-3569.88,-38.4024,19.595
-3564.45,-55.3718,35.5144
-3559.03,-60.6014,2.6887
-3553.6,-34.6116,4.29503
-3548.18,-10.7984,36.8326
-3542.75,-6.73302,34.5352
-3537.33,-4.74847,3.9444
-3531.9,13.7564,-13.307
-3526.48,21.1933,-0.353974
-3521.05,-2.6372,0.622737
-3515.62,-24.3777,-20.5678
-3510.2,-10.9995,-23.5266
-3504.77,8.51486,0.282194
-3499.35,-4.83254,28.0939
-3493.92,-7.65424,32.6478
-3488.5,14.2506,5.19034
-3483.07,10.7457,-15.147
-3477.65,-12.1892,0.453723
-3472.22,-15.7801,12.9999
-3466.8,-20.4151,16.9095
-3461.37,-43.218,54.7698
-3455.95,-45.6867,76.6968
-3450.52,-4.66852,51.7579
-3445.1,28.5322,38.6558
-3439.67,24.9459,39.5922
-3434.24,-1.87979,32.8751
-3428.82,-13.5184,8.29649
-3423.39,11.9795,-16.71
-3417.97,12.3626,-21.629
-3412.54,-8.33606,-27.1126
-3407.12,-20.5886,-37.5142
-3401.69,-29.2689,-26.6834
-3396.27,-31.2219,-3.96527
-3390.84,-33.2198,0.789739
-3385.42,-18.7065,3.81213
-3379.99,5.84426,-4.23463
-3374.57,13.1826,-29.5122
-3369.14,2.08106,-25.6689
-3363.71,-1.43444,-2.04241
-3358.29,37.5779,0.544833
-3352.86,60.325,-2.28588
-3347.44,20.7466,9.35678
-3342.01,-9.31479,13.3718
-3336.59,-12.2323,-5.29589
-3331.16,-22.9121,-15.1659
-3325.74,-34.0903,-24.6236
-3320.31,-27.4975,-48.4897
-3314.89,11.4396,-41.2453
-3309.46,32.7695,-12.9492
-3304.04,-3.06289,-1.13459
-3298.61,-16.073,-9.01058
-3293.19,12.2414,-20.2725
-3287.76,12.1767,-21.5517
-3282.33,14.9877,-34.8555
-3276.91,36.9956,-40.1571
-3271.48,24.696,-1.34392
-3266.06,-3.14474,49.8921
-3260.63,-24.4224,73.1394
-3255.21,-15.019,51.2158
-3249.78,6.28679,-15.7749
-3244.36,5.53537,-54.033
-3238.93,2.59564,-23.605
-3233.51,-3.13603,3.26864
-3228.08,-6.64467,16.915
-3222.66,-13.647,26.7649
-3217.23,-9.70371,15.7114
-3211.81,32.1199,-6.60141
-3206.38,54.7952,-14.98
-3200.95,30.054,-10.2898
-3195.53,13.8422,-8.78686
-3190.1,10.8192,4.90947
-3184.68,-1.85868,2.86224
-3179.25,-24.7102,-10.3124
-3173.83,-26.0549,-15.448
-3168.4,9.22196,-20.1028
-3162.98,-8.7258,-40.7714
-3157.55,-53.5126,-82.3453
-3152.13,-20.9802,-65.5123
-3146.7,-0.336231,-25.6447
-3141.28,-10.2008,-17.2141
-3135.85,39.3395,24.0445
-3130.43,80.2153,52.1134
-3125,35.6749,14.1274
-3119.57,-16.84,-2.39913
-3114.15,-16.3633,20.3864
-3108.72,-0.427216,15.6745
-3103.3,5.59839,-4.4801
-3097.87,3.07349,6.15987
-3092.45,-12.4505,10.9313
-3087.02,-15.0022,-2.1781
-3081.6,5.07309,23.7416
-3076.17,3.17178,56.3862
-3070.75,1.81554,47.8141
-3065.32,-9.86302,14.8314
-3059.9,-41.7614,13.2469
-3054.47,-27.3597,28.512
-3049.04,-14.4442,3.54009
-3043.62,-21.2264,-30.9171
-3038.19,-17.9479,-36.1332
-3032.77,-17.7873,-18.9907
-3027.34,-12.6002,-23.1076
-3021.92,3.64826,-17.3722
-3016.49,1.60558,29.2178
-3011.07,-24.9751,27.7604
-3005.64,-39.3226,-7.38247
-3000.22,-15.2269,-7.69496
-2994.79,62.1295,10.1993
-2989.37,96.5573,11.7245
-2983.94,46.9619,-3.43456
-2978.52,-13.094,-13.5071
-2973.09,-35.6965,-23.7237
-2967.66,-16.2543,-14.857
-2962.24,63.6397,-25.7609
-2956.81,127.597,-55.9957
-2951.39,55.0044,-43.3603
-2945.96,18.2516,-24.8761
-2940.54,70.6658,-3.12929
-2935.11,59.7744,36.9746
-2929.69,24.2036,35.1889
-2924.26,16.0456,-21.6148
-2918.84,-13.6451,-40.9745
-2913.41,-51.057,-12.1726
-2907.99,-35.0636,0.0722046
-2902.56,-17.7389,12.7477
-2897.14,-25.0042,54.0592
-2891.71,-0.13944,61.53
-2886.28,22.675,12.4226
-2880.86,11.2252,-21.9285
-2875.43,4.39028,-14.958
-2870.01,4.53763,36.037
-2864.58,-23.322,75.9665
-2859.16,-34.8419,75.6166
-2853.73,-10.3809,65.4956
-2848.31,-23.5912,46.3101
-2842.88,-18.4302,36.4862
-2837.46,41.1619,37.5499
-2832.03,71.8242,12.2384
-2826.61,63.7996,-42.1261
-2821.18,30.651,-64.6315
-2815.75,-1.24601,-39.5608
-2810.33,-5.99899,7.73017
-2804.9,2.13682,60.1235
-2799.48,6.25031,85.5933
-2794.05,-3.55455,46.3419
-2788.63,-2.48547,-16.1067
-2783.2,20.1834,-15.1384
-2777.78,36.6547,7.87186
-2772.35,46.8505,-7.71575
-2766.93,33.3624,-33.6501
-2761.5,53.1873,-65.4766
-2756.08,106.617,-79.2157
-2750.65,48.5035,-24.0362
-2745.23,-29.622,31.6796
-2739.8,-6.71156,21.4658
-2734.37,23.6454,-12.2083
-2728.95,15.2601,-33.1597
-2723.52,21.0605,-31.0814
-2718.1,41.8781,-27.3204
-2712.67,62.9839,-18.0007
-2707.25,67.6339,8.14188
-2701.82,8.53188,16.6937
-2696.4,-35.5839,3.54523
-2690.97,-29.2685,6.48163
-2685.55,-35.2023,22.7587
-2680.12,-18.9516,10.3721
-2674.7,-8.77693,10.7763
-2669.27,-21.4249,1.49417
-2663.85,-36.0105,-7.40975
-2658.42,-71.7496,85.647
-2652.99,-50.9329,119.987
-2647.57,-12.5246,21.8582
-2642.14,-7.15992,-37.7613
-2636.72,0.243735,-34.1626
-2631.29,-13.6312,-5.22925
-2625.87,4.65021,9.3013
-2620.44,54.7191,-11.0533
-2615.02,29.2222,-34.5528
-2609.59,-42.9919,-53.2157
-2604.17,-54.0669,-33.3762
-2598.74,-14.3252,20.8704
-2593.32,45.8225,35.8824
-2587.89,74.9426,15.5495
-2582.47,53.1296,20.3383
-2577.04,55.9271,18.7998
-2571.61,61.8891,-20.1613
-2566.19,34.3583,7.89185
-2560.76,52.1012,97.8186
-2555.34,85.9051,97.3953
-2549.91,44.1023,33.3682
-2544.49,2.2239,-13.4648
-2539.06,9.11766,-5.8411
-2533.64,17.8613,57.3599
-2528.21,-1.52875,59.0089
-2522.79,-20.8612,7.31855
-2517.36,-38.4363,-19.7375
-2511.94,-83.0927,-6.91993
-2506.51,-55.0607,36.3918
-2501.08,20.5787,29.9354
-2495.66,-1.8894,-14.2014
-2490.23,-24.4878,-36.1384
-2484.81,-12.9808,-36.4753
-2479.38,-28.5736,-21.8131
-2473.96,-24.5167,-2.09127
-2468.53,-3.74016,14.6934
-2463.11,-32.4114,5.67534
-2457.68,-139.349,8.61739
-2452.26,-161.159,50.9168
-2446.83,-73.8567,47.6092
-2441.41,-12.9119,7.61361
-2435.98,5.80717,10.0329
-2430.56,6.23614,9.55147
-2425.13,16.1804,-18.4874
-2419.7,28.4107,-27.4745
-2414.28,30.3237,8.48082
-2408.85,9.54895,22.1581
-2403.43,-20.4496,-23.6047
-2398,-36.6601,-33.5757
-2392.58,2.45081,4.00957
-2387.15,58.4307,29.2724
-2381.73,76.6917,35.7627
-2376.3,77.1193,55.3405
-2370.88,36.1453,79.6972
-2365.45,9.05081,33.4592
-2360.03,-4.61939,-54.8857
-2354.6,-11.6399,-72.4661
-2349.18,40.38,-21.8878
-2343.75,55.9564,-31.9862
-2338.32,8.72666,-50.1279
-2332.9,-19.0027,32.7042
-2327.47,-34.519,25.7451
-2322.05,-23.1927,-41.8132
-2316.62,-1.88384,-3.05238
-2311.2,-33.6561,56.8798
-2305.77,-43.625,89.3136
-2300.35,-30.602,38.5003
-2294.92,-34.8574,-26.4999
-2289.5,8.39424,-19.5411
-2284.07,66.3384,10.0781
-2278.65,75.0656,31.7948
-2273.22,46.4984,63.7391
-2267.79,31.9306,66.1237
-2262.37,-83.7217,27.1538
-2256.94,-298.619,136.353
-2251.52,-190.442,215.919
-2246.09,23.8245,58.2666
-2240.67,-31.9345,-116.036
-2235.24,-131.912,-94.4965
-2229.82,-176.048,24.9542
-2224.39,-157.834,8.93497
-2218.97,-94.0197,-103.413
-2213.54,-4.57025,-193.945
-2208.12,25.1102,-106.419
-2202.69,-54.1487,65.6437
-2197.27,-123.34,-8.10554
-2191.84,-81.9698,-157.898
-2186.41,27.0547,-126.431
-2180.99,32.4643,-50.8255
-2175.56,-25.7849,-22.7131
-2170.14,-25.0641,18.4615
-2164.71,-99.0301,46.4072
-2159.29,-373.742,248.179
-2153.86,-441.837,453.193
-2148.44,-201.009,193.929
-2143.01,-157.573,-53.3348
-2137.59,-224.614,1.97603
-2132.16,-166.895,67.7045
-2126.74,-127.721,51.5274
-2121.31,-156.075,2.49468
-2115.89,-102.893,-12.084
-2110.46,2.75274,27.2245
-2105.03,33.9789,82.515
-2099.61,-33.9901,139.361
-2094.18,-97.749,95.9725
-2088.76,-81.6338,7.67225
-2083.33,-106.033,85.5337
-2077.91,-129.488,146.291
-2072.48,-71.5846,-24.3248
-2067.06,-82.595,4.76825
-2061.63,69.6942,-428.186
-2056.21,674.812,-1664.18
-2050.78,578.342,-1432.32
-2045.36,-12.8635,-304.083
-2039.93,-102.718,-79.4621
-2034.51,-121.599,20.1465
-2029.08,-252.759,-161.903
-2023.65,289.113,25.8656
-2018.23,-6786.91,-6282.17
-2012.8,-16426.8,-14885.7
-2007.38,-9762.27,-8964.25
-2001.95,-450.868,-457.842
-1996.53,26.112,227.774
-1991.1,-74.4684,236.718
-1985.68,67.2929,-16.2912
-1980.25,175.514,-351.714
-1974.83,241.525,-87.9131
-1969.4,365.62,146.437
-1963.98,409.527,-108.905
-1958.55,-379.719,-1049.19
-1953.12,-958.527,-1464.43
-1947.7,-604.208,-608.785
-1942.27,-426.933,-100.453
-1936.85,-344.676,-128.453
-1931.42,-98.5092,-58.8065
-1926,-13.0445,-44.8191
-1920.57,-16.8333,-101.733
-1915.15,73.7514,-150.193
-1909.72,209.321,73.2383
-1904.3,151.54,196.247
-1898.87,38.1448,-1.98153
-1893.45,26.251,-43.6887
-1888.02,88.0733,76.7878
-1882.6,114.471,80.4733
-1877.17,129.674,-0.50562
-1871.74,146.91,-106.168
-1866.32,29.4455,-120.721
-1860.89,-200.197,-133.672
-1855.47,-256.69,-273.316
-1850.04,-90.3454,-207.73
-1844.62,-84.3994,-48.3422
-1839.19,-130.164,-27.2653
-1833.77,-14.159,13.6463
-1828.34,31.2864,10.9294
-1822.92,31.5562,-45.1536
-1817.49,46.3438,-69.0793
-1812.07,-38.1361,-31.3738
-1806.64,-98.1578,38.5841
-1801.22,-30.0729,68.9439
-1795.79,1.15255,65.895
-1790.36,1.20646,60.3141
-1784.94,100.89,70.3268
-1779.51,94.9837,44.8245
-1774.09,-42.5585,-17.5328
-1768.66,-87.1316,-53.2632
-1763.24,-97.5192,-32.2564
-1757.81,-134.749,26.7842
-1752.39,-130.604,73.3823
-1746.96,-78.4066,94.5612
-1741.54,-33.8698,57.718
-1736.11,37.3091,22.6297
-1730.69,61.9097,37.8966
-1725.26,11.1932,31.5591
-1719.83,-4.29096,3.24627
-1714.41,-8.24782,1.32753
-1708.98,18.8554,8.33709
-1703.56,32.0652,5.74188
-1698.13,-35.4182,1.27995
-1692.71,-85.2337,37.58
-1687.28,-85.7238,76.592
-1681.86,-21.9362,-1.49385
-1676.43,42.9634,-60.8217
-1671.01,0.539551,-33.0977
-1665.58,-42.4784,7.33012
-1660.16,-61.8749,39.3643
-1654.73,-110.849,12.5821
-1649.31,-76.0195,16.2863
-1643.88,8.27768,54.064
-1638.45,-10.747,22.4974
-1633.03,-30.7591,-12.3258
-1627.6,-0.715822,13.5584
-1622.18,-20.5221,9.98319
-1616.75,-31.281,15.41
-1611.33,-34.7976,57.3339
-1605.9,-71.6525,15.5269
-1600.48,-48.4872,-31.7361
-1595.05,-9.3283,-19.9046
-1589.63,-18.0201,-38.5771
-1584.2,-1.33061,-63.2766
-1578.78,0.665319,-38.713
-1573.35,-20.3573,-10.3749
-1567.93,-6.13436,5.25927
-1562.5,26.1744,15.3943
-1557.07,118.412,-0.749944
-1551.65,130.24,-5.41886
-1546.22,8.98514,-4.15067
-1540.8,-44.7625,-20.4243
-1535.37,-34.8941,11.1138
-1529.95,-21.6382,39.6818
-1524.52,-0.678121,3.79202
-1519.1,-7.52063,-31.8779
-1513.67,-33.772,-13.0099
-1508.25,27.7997,49.7949
-1502.82,87.416,94.3284
-1497.4,43.7009,74.5384
-1491.97,-5.81378,11.3547
-1486.55,-27.0299,8.58783
-1481.12,-19.4983,39.5965
-1475.69,-20.6152,7.24296
-1470.27,-31.9731,-21.6435
-1464.84,-16.3313,-0.517289
-1459.42,-67.4264,-6.17413
-1453.99,-142.882,-87.248
-1448.57,-112.415,-131.316
-1443.14,-50.7919,-96.5179
-1437.72,-36.5434,-76.666
-1432.29,-39.5388,-46.8677
-1426.87,-31.1902,-14.0287
-1421.44,-17.3317,-0.220016
-1416.02,5.17888,25.1111
-1410.59,12.6751,42.2548
-1405.16,-0.930661,45.3741
-1399.74,-24.0202,0.288359
-1394.31,-42.5611,-52.2315
-1388.89,-30.5072,-30.073
-1383.46,28.9532,-0.44894
-1378.04,82.0519,12.5906
-1372.61,65.172,29.2241
-1367.19,16.5332,26.8484
-1361.76,5.78133,6.48132
-1356.34,78.4291,-58.5368
-1350.91,114.798,-112.51
-1345.49,49.7978,-103.063
-1340.06,-5.75782,-77.8457
-1334.64,0.167057,-28.436
-1329.21,16.9659,52.9478
-1323.78,-8.44249,81.0056
-1318.36,-2.7802,45.3125
-1312.93,23.6511,25.1917
-1307.51,2.55581,13.4593
-1302.08,-25.7695,15.5128
-1296.66,-15.1979,40.9802
-1291.23,14.2149,49.5955
-1285.81,1.23242,57.266
-1280.38,-32.2876,45.6862
-1274.96,-28.3583,-0.905742
-1269.53,9.97438,-10.0734
-1264.11,37.1685,10.0864
-1258.68,-64.0539,54.0342
-1253.26,-176.097,110.354
-1247.83,-97.7959,89.0324
-1242.4,-30.9634,31.1453
-1236.98,-14.0748,17.7996
-1231.55,57.9593,29.6479
-1226.13,74.1001,29.4074
-1220.7,10.3627,22.1355
-1215.28,-16.6796,9.06808
-1209.85,51.48,9.32866
-1204.43,104.431,46.2888
-1199,74.4905,49.2686
-1193.58,44.7406,20.2133
-1188.15,15.1258,23.7707
-1182.73,-25.193,29.2889
-1177.3,-19.4858,11.876
-1171.87,-3.37128,-2.65122
-1166.45,-4.95381,-22.7313
-1161.02,28.2959,-39.3874
-1155.6,139.858,13.2941
-1150.17,141.25,58.0847
-1144.75,9.03907,60.7715
-1139.32,-41.6572,39.3002
-1133.9,-19.7278,-24.3743
-1128.47,1.6237,-48.8147
-1123.05,-4.86797,-53.6837
-1117.62,-12.1877,-54.4073
-1112.2,1.29047,-43.1341
-1106.77,40.2346,-41.1225
-1101.35,71.9272,-37.7092
-1095.92,52.3045,-53.3298
-1090.49,-2.82413,-34.5587
-1085.07,-62.6238,20.1793
-1079.64,-68.098,6.74918
-1074.22,-45.8233,-22.469
-1068.79,-50.4222,-22.6814
-1063.37,-18.1894,-13.9476
-1057.94,-304.988,164.941
-1052.52,-650.901,336.342
-1047.09,-318.261,205.756
-1041.67,2.1728,51.2693
-1036.24,-40.9319,23.7155
-1030.82,-27.0213,31.7321
-1025.39,3.42409,41.7251
-1019.97,-6.14501,29.0842
-1014.54,-26.4849,26.8589
-1009.11,-15.6786,16.708
-1003.69,3.14178,-10.6762
-998.264,-7.58899,-39.9042
-992.838,-27.0202,-59.9844
-987.413,-13.5624,-41.2658
-981.988,32.8589,-21.1761
-976.562,55.1046,-28.328
-971.137,61.6249,-14.4163
-965.712,50.8759,27.009
-960.286,50.646,54.4926
-954.861,207.407,9.03354
-949.436,251.57,-33.8183
-944.01,83.3456,-8.22426
-938.585,-8.34223,-4.79888
-933.16,-50.0043,-20.1274
-927.734,-40.7958,-10.5924
-922.309,-0.520731,13.5675
-916.884,5.66478,8.57061
-911.458,24.7263,-46.6134
-906.033,88.8276,-74.3237
-900.608,114.12,-16.7163
-895.182,47.0952,47.8353
-889.757,-8.84909,59.0825
-884.331,-8.18722,75.1939
-878.906,28.288,99.2879
-873.481,48.3969,84.8372
-868.055,25.8204,39.6914
-862.63,-1.86618,11.2249
-857.205,-105.812,189.294
-851.779,-236.728,368.693
-846.354,-195.148,157.383
-840.929,-73.0242,-45.9641
-835.503,-17.0971,-21.3745
-830.078,-7.84817,-13.7223
-824.653,-1.28898,-18.4389
-819.227,-0.599717,-1.53524
-813.802,-13.7624,0.787409
-808.377,-20.4587,-11.3523
-802.951,9.8104,12.565
-797.526,56.6587,29.6666
-792.101,24.2929,-6.81438
-786.675,-13.5297,-17.208
-781.25,42.3001,9.77946
-775.825,87.8844,12.4919
-770.399,46.9393,7.71424
-764.974,9.42341,1.06479
-759.549,8.89877,2.55334
-754.123,-23.1187,51.8961
-748.698,-36.7705,44.0664
-743.273,3.95688,-33.5632
-737.847,17.2126,-49.4921
-732.422,-26.7541,-21.6935
-726.996,-48.5863,13.9077
-721.571,-38.3816,30.2882
-716.146,-38.6986,5.2599
-710.72,-13.1395,-9.22964
-705.295,17.0323,-6.0183
-699.87,17.3748,3.76661
-694.444,2.76176,19.2986
-689.019,-22.1174,28.5896
-683.594,-31.0136,23.9694
-678.168,-5.95283,17.8842
-672.743,25.0434,21.9685
-667.318,14.6,16.1155
-661.892,-1.5746,10.9311
-656.467,228.923,142.433
-651.042,424.036,253.752
-645.616,192.779,101.812
-640.191,3.92044,-13.7746
-634.766,21.9054,17.6916
-629.34,32.1997,23.1168
-623.915,24.9231,5.31382
-618.49,10.9305,0.317099
-613.064,16.5318,16.5157
-607.639,3.84853,30.3376
-602.214,-49.9693,21.0945
-596.788,-70.0585,3.82549
-591.363,-49.9513,2.37437
-585.937,-34.8321,0.714742
-580.512,-17.4548,8.18061
-575.087,20.1517,2.57198
-569.661,15.7112,13.8563
-564.236,60.7993,27.2005
-558.811,-195.302,106.983
-553.385,-919.009,337.915
-547.96,-838.022,282.244
-542.535,-168.761,20.6916
-537.109,-0.536199,-2.86251
-531.684,8.66074,7.59833
-526.259,25.5949,-19.3035
-520.833,-5.29436,-15.656
-515.408,-21.998,-34.0031
-509.983,-13.6576,-26.6692
-504.557,19.6533,-12.6379
-499.132,35.5877,-35.3238
-493.707,16.2844,-44.3482
-488.281,10.7213,-12.815
-482.856,4.72596,23.8537
-477.431,-42.9489,11.6579
-472.005,-45.5679,2.18672
-466.58,-14.4566,-17.5943
-461.154,18.6723,39.5589
-455.729,431.15,1109.87
-450.304,740.945,1871.5
-444.878,336.883,772.252
-439.453,42.8424,-47.7881
-434.028,49.4406,6.98942
-428.602,7.74615,5.42225
-423.177,0.651054,-13.6517
-417.752,-10.5672,-25.3019
-412.326,-15.8808,2.78172
-406.901,-6.57399,16.7103
-401.476,-14.6968,6.09831
-396.05,-5.03272,-9.86216
-390.625,0.948536,-16.5718
-385.2,-22.7761,-26.5135
-379.774,-27.0737,-34.9804
-374.349,-36.9417,-20.0306
-368.924,-16.885,-2.30538
-363.498,-50.0267,9.21697
-358.073,233.858,-21.1084
-352.648,956.205,-88.0549
-347.222,801.695,-72.6147
-341.797,103.02,-9.41584
-336.371,-23.1913,20.6731
-330.946,6.20255,28.2314
-325.521,6.96482,17.0859
-320.095,5.51215,14.5235
-314.67,-22.0006,-2.17619
-309.245,-11.9865,-31.6053
-303.819,0.736097,-21.7861
-298.394,7.97637,-4.97688
-292.969,20.8326,4.4429
-287.543,5.77645,13.661
-282.118,-6.82808,15.0419
-276.693,2.45995,9.69625
-271.267,15.088,6.27033
-265.842,18.2328,-6.40319
-260.417,45.8297,13.6538
-254.991,294.399,360.844
-249.566,414.167,562.733
-244.141,137.369,184.706
-238.715,-23.5996,-42.2683
-233.29,7.92125,-6.84689
-227.865,10.2023,-15.5728
-222.439,-5.69044,-26.2377
-217.014,-14.7479,-26.3936
-211.589,-8.93891,0.174323
-206.163,-12.3072,11.4864
-200.738,-27.0645,-8.57722
-195.312,-22.7132,-2.40185
-189.887,-8.37747,17.2185
-184.462,-6.17944,-2.20686
-179.036,-14.2577,-20.1322
-173.611,-25.655,-3.97879
-168.186,-31.3705,3.55832
-162.76,-17.0518,0.119466
-157.335,32.302,-44.0396
-151.91,75.6767,-120.988
-146.484,43.8653,-76.0862
-141.059,-22.6356,13.9145
-135.634,-41.9424,14.2632
-130.208,-36.405,5.94094
-124.783,-9.02293,14.6949
-119.358,22.549,22.5398
-113.932,9.33488,26.9561
-108.507,-20.8249,-7.72845
-103.082,-54.1602,-81.3952
-97.6562,-54.1256,-82.0156
-92.2309,-14.806,-14.8062
-86.8055,11.0411,-4.08864
-81.3802,18.5978,-7.92376
-75.9549,12.6441,20.2079
-70.5295,-2.44522,24.7286
-65.1042,-2.97134,-20.3392
-59.6788,-11.1205,-22.5669
-54.2535,-111.164,167.525
-48.8281,-149.873,258.767
-43.4028,-32.1459,78.5722
-37.9774,24.6167,-1.49581
-32.5521,-3.11153,19.6263
-27.1267,-23.2948,-7.24522
-21.7014,-22.832,-9.88111
-16.276,-1.97399,15.8807
-10.8507,8.90186,20.4664
-5.42535,-85.5902,253.404
0,-188.868,492.019
5.42535,-105.955,245.587
10.8507,-20.31,9.25299
16.276,-9.15923,13.1225
21.7014,23.5792,7.93446
27.1267,22.1595,10.203
32.5521,-10.8203,16.6672
37.9774,-17.2929,-17.5834
43.4028,-28.686,79.9003
48.8281,-61.7718,292.586
54.2535,-29.485,198.878
59.6788,23.3643,-9.32939
65.1042,15.8178,-13.1268
70.5295,-14.7302,20.0128
75.9549,-22.9183,6.5565
81.3802,-8.51883,-18.3329
86.8055,-5.46927,-10.4264
92.2309,20.9102,-1.09597
97.6562,95.1023,-24.7324
103.082,94.7129,-24.2481
108.507,20.6473,8.19119
113.932,-24.9743,13.786
119.358,-31.8393,1.66208
124.783,-3.12754,16.958
130.208,23.0789,28.7747
135.634,21.6253,38.6646
141.059,7.51081,25.4868
146.484,18.3133,-85.8946
151.91,24.7181,-140.549
157.335,5.46322,-54.342
162.76,12.592,11.4987
168.186,20.9319,23.6353
173.611,21.7277,14.2098
179.036,24.0666,-5.42084
184.462,6.06888,2.49484
189.887,-5.2957,18.4015
195.312,18.4863,13.4131
200.738,25.8521,11.7355
206.163,1.46004,16.7711
211.589,6.52628,6.11084
217.014,28.6205,-9.74598
222.439,21.7853,-15.6907
227.865,2.83846,-18.3995
233.29,-1.30519,-10.3886
238.715,45.8209,-15.6202
244.141,-225.678,45.3455
249.566,-684.328,141.06
254.991,-460.233,71.1677
260.417,-43.1943,-20.5193
265.842,-9.26506,-16.9586
271.267,-15.4082,-5.4362
276.693,-8.31616,5.55951
282.118,-4.99071,15.7471
287.543,-13.4338,6.28689
292.969,-18.4546,-10.638
298.394,-2.59743,-9.03575
303.819,14.0308,-16.6828
309.245,30.0558,-15.4667
314.67,17.8058,13.1041
320.095,-13.8144,7.10465
325.521,-16.6086,8.03691
330.946,-23.4999,16.8298
336.371,3.40144,30.8812
341.797,-70.2581,-75.9311
347.222,-547.187,-590.402
352.648,-651.678,-705.264
358.073,-159.666,-172.169
363.498,31.0097,40.324
368.924,14.0906,9.58499
374.349,40.8561,9.83315
379.774,43.5262,-7.87967
385.2,34.6669,-4.4632
390.625,10.3838,-12.9499
396.05,10.3391,-3.9615
401.476,6.84124,14.366
406.901,-6.29597,16.817
412.326,9.94036,12.6935
417.752,24.7832,-11.7318
423.177,8.65088,-10.5808
428.602,-9.38473,-1.15368
434.028,-41.4184,-27.8881
439.453,0.138448,-64.1807
444.878,-767.091,348.476
450.304,-1802.91,895.009
455.729,-1063.06,536.299
461.154,-40.3464,16.9037
466.58,22.5162,-3.40183
472.005,32.4003,32.1159
477.431,24.1166,37.402
482.856,-19.4733,14.5645
488.281,0.607452,-16.6974
493.707,17.573,-43.8535
499.132,-2.81053,-50.0635
504.557,-6.14896,-22.5425
509.983,27.9948,-10.6803
515.408,39.1002,-10.5497
520.833,14.4104,-8.09205
526.259,-6.10415,-31.4717
531.684,-11.5206,-0.148513
537.109,2.31381,-1.7685
542.535,111.568,128.3
547.96,433.913,770.494
553.385,456.847,866.057
558.811,73.552,210.187
564.236,-63.3834,-20.4688
569.661,-20.9474,-0.215595
575.087,-16.6967,-11.5728
580.512,7.49748,17.7589
585.937,25.407,23.8384
591.363,35.5322,35.1885
596.788,49.5038,49.7212
602.214,23.0194,49.1123
607.639,-23.1598,19.9701
613.064,-23.3367,1.21159
618.49,-8.33537,-7.07825
623.915,-22.0777,-12.7283
629.34,-39.3974,-4.36673
634.766,-28.1168,-1.51016
640.191,6.30351,-12.8597
645.616,-211.388,-53.3334
651.042,-484.913,-95.161
656.467,-265.429,-47.3314
661.892,-6.14421,9.177
667.318,-21.6335,2.20695
672.743,-33.3107,-0.431534
678.168,-7.54312,17.2737
683.594,7.00893,38.5649
689.019,-2.69375,36.0456
694.444,-14.9657,12.4937
699.87,-15.4324,-8.82696
705.295,-8.63053,-15.8694
710.72,15.9403,1.93305
716.146,25.2391,29.8032
721.571,8.25632,48.1908
726.996,26.8007,42.846
732.422,34.398,1.78055
737.847,20.3252,-48.2972
743.273,19.5176,-27.59
748.698,-2.16044,57.352
754.123,-17.5448,54.0358
759.549,-8.3218,-4.05663
764.974,-7.71475,-5.51367
770.399,-40.0442,-25.6749
775.825,-73.6696,-49.5229
781.25,-37.9788,-21.0367
786.675,21.569,-3.73491
792.101,-13.4934,-21.3193
797.526,-61.9565,-15.8656
802.951,-15.6983,2.77318
808.377,22.7999,5.25314
813.802,9.70052,9.79399
819.227,1.47292,-0.739622
824.653,13.2959,-12.8402
830.078,15.0143,-4.94619
835.503,27.0079,-4.44412
840.929,85.0234,14.7049
846.354,39.7134,247.538
851.779,-70.7811,432.394
857.205,-48.0289,211.475
862.63,-6.12407,9.59045
868.055,-45.747,12.2192
873.481,-92.7331,30.6625
878.906,-87.4588,54.8568
884.331,-44.2302,61.3581
889.757,-32.9578,49.828
895.182,-67.0067,4.03574
900.608,-73.6226,-88.7841
906.033,-16.2795,-114.671
911.458,12.8152,-51.1856
916.884,-9.94462,2.5787
922.309,-8.69148,10.4311
927.734,37.4049,19.426
933.16,50.6283,18.5019
938.585,9.41057,2.01586
944.01,-56.4348,-61.8809
949.436,-164.324,-193.465
954.861,-160.178,-132.069
960.286,-74.1,6.60701
965.712,-55.8809,-13.9711
971.137,-36.1506,-51.9486
976.562,-21.9957,-57.924
981.988,-10.2493,-37.7238
987.413,37.691,-21.5914
992.838,60.2173,-26.497
998.264,32.3408,-24.5765
1003.69,4.80895,-10.0363
1009.11,0.471666,22.9074
1014.54,1.71001,37.6819
1019.97,-14.8945,25.7256
1025.39,-30.4643,28.7167
1030.82,-1.15222,41.6622
1036.24,14.5495,45.0129
1041.67,-35.9206,36.6466
1047.09,98.8359,365.865
1052.52,258.656,685.488
1057.94,116.283,326.651
1063.37,22.8501,1.80595
1068.79,52.6479,16.8836
1074.22,49.088,13.964
1079.64,46.0906,50.5821
1085.07,33.0359,56.8997
1090.49,25.223,-23.7924
1095.92,-3.18516,-74.6303
1101.35,-28.22,-76.1522
1106.77,-2.38387,-57.4821
1112.2,27.9031,-32.9182
1117.62,45.4628,-32.2772
1123.05,39.539,-36.6375
1128.47,31.4568,-37.3629
1133.9,30.9702,-4.91315
1139.32,4.66037,57.0798
1144.75,-47.3815,39.1137
1150.17,-143.836,-51.3497
1155.6,-112.83,-83.7038
1161.02,5.32737,-48.2042
1166.45,18.8916,-13.5779
1171.87,4.27935,0.28559
1177.3,6.53413,21.8642
1182.73,-0.876053,38.6233
1188.15,-27.1464,7.54401
1193.58,-46.7741,-14.9159
1199,-88.3243,-13.2301
1204.43,-108.581,-35.4789
1209.85,-44.4992,-27.5143
1215.28,6.32764,17.8997
1220.7,-22.5126,9.51584
1226.13,-74.7447,-27.7287
1231.55,-62.9107,-16.7498
1236.98,-1.45067,22.6455
1242.4,2.16999,43.864
1247.83,13.1021,131.602
1253.26,57.0241,199.841
1258.68,11.4453,83.0157
1264.11,-34.3708,-17.3749
1269.53,-0.671964,-14.1602
1274.96,21.6803,18.3023
1280.38,-6.57565,55.556
1285.81,-39.2342,41.7322
1291.23,-43.7498,27.345
1296.66,-16.1269,40.6236
1302.08,8.77035,28.7714
1307.51,-10.9054,8.29204
1312.93,-34.4332,2.8958
1318.36,-28.255,35.5334
1323.78,-47.9293,65.8481
1329.21,-48.0371,27.9954
1334.64,18.9032,-21.2438
1340.06,56.3679,-53.9979
1345.49,31.9554,-109.912
1350.91,-10.0272,-160.426
1356.34,-19.1155,-95.9806
1361.76,-8.6333,0.948025
1367.19,-30.2516,8.88941
1372.61,-67.9872,-21.8909
1378.04,-69.4012,-45.5469
1383.46,-21.216,-19.7071
1388.89,42.794,-1.93533
1394.31,66.5787,-10.3366
1399.74,17.6575,16.2868
1405.16,-29.6697,34.3422
1410.59,-37.6934,22.9201
1416.02,-20.6512,15.1958
1421.44,13.0271,11.4337
1426.87,32.5659,10.4449
1432.29,60.7437,-8.37283
1437.72,78.4566,-32.5216
1443.14,102.329,-37.7403
1448.57,171.408,-22.3666
1453.99,164.563,30.7692
1459.42,54.2383,40.5284
1464.84,12.4824,10.5435
1470.27,38.2429,5.30995
1475.69,10.4736,19.1768
1481.12,-12.0052,42.4728
1486.55,14.3404,24.4683
1491.97,-3.27748,12.3283
1497.4,-82.3521,26.1512
1502.82,-128.081,11.6068
1508.25,-53.9786,18.4032
1513.67,33.8028,12.9297
1519.1,26.9194,-18.6576
1524.52,-2.03345,3.27178
1529.95,-10.4721,43.9682
1535.37,18.4947,31.6079
1540.8,46.9315,14.7738
1546.22,-3.8998,-9.09674
1551.65,-93.1611,-91.1745
1557.07,-87.4954,-79.7904
1562.5,-29.7522,-6.07389
1567.93,1.03955,8.01307
1573.35,22.0704,5.91166
1578.78,25.4095,-29.2146
1584.2,43.3291,-46.1333
1589.63,39.2047,-16.6105
1595.05,20.251,-8.55015
1600.48,57.2686,8.85975
1605.9,42.8586,59.4837
1611.33,-12.5042,65.8915
1616.75,12.935,32.3829
1622.18,8.57075,21.1509
1627.6,-8.54036,10.5548
1633.03,31.1062,11.422
1638.45,-7.06718,23.9101
1643.88,-42.3274,34.6385
1649.31,45.5958,62.97
1654.73,73.9578,83.5228
1660.16,19.6417,70.6559
1665.58,26.661,33.8709
1671.01,21.7455,-24.9574
1676.43,8.76971,-73.9475
1681.86,17.3013,13.5681
1687.28,12.4551,114.279
1692.71,38.195,84.9599
1698.13,25.4644,24.6506
1703.56,-27.6711,-17.1888
1708.98,-19.5909,-6.42103
1714.41,5.24105,6.50544
1719.83,1.01644,5.28355
1725.26,-29.4353,15.9634
1730.69,-71.3656,-13.263
1736.11,-42.8683,-8.14754
1741.54,-13.4507,65.5561
1746.96,-5.00673,122.737
1752.39,47.9555,141.925
1757.81,82.216,110.069
1763.24,94.0545,41.282
1768.66,100.391,18.7202
1774.09,43.3588,15.4478
1779.51,-100.58,-30.2455
1784.94,-122.033,-15.2454
1790.36,-41.2546,44.0148
1795.79,-44.949,48.1983
1801.22,-23.784,71.358
1806.64,47.1273,94.354
1812.07,49.3337,2.20261
1817.49,11.7829,-82.346
1822.92,6.76279,-54.6709
1828.34,-30.5636,-12.8126
1833.77,1.39065,19.6152
1839.19,114.974,66.8347
1844.62,95.0679,20.5491
1850.04,206.138,-93.9204
1855.47,373.642,-31.3545
1860.89,238.219,34.6201
1866.32,58.896,-109.416
1871.74,-38.1358,-177.2
1877.17,-96.0284,-87.1448
1882.6,-138.916,-16.7926
1888.02,-116.832,-1.86808
1893.45,9.72523,-50.0324
1898.87,-27.0212,-26.9964
1904.3,-243.931,44.4393
1909.72,-204.562,-85.6367
1915.15,45.6907,-160.965
1920.57,80.5812,-64.3387
1926,39.6831,-24.5786
1931.42,112.556,22.2139
1936.85,342.096,135.174
1942.27,384.49,211.023
1947.7,856.37,-48.1213
1953.12,1692.22,-446.904
1958.55,984.233,-525.62
1963.98,-231.466,-354.959
1969.4,-369.695,-135.824
1974.83,-120.663,-226.944
1980.25,104.911,-378.816
1985.68,-39.1074,-57.1345
1991.1,-103.055,225.745
1996.53,-171.816,151.797
2001.95,641.416,-38.5535
2007.38,13253,-129.496
2012.8,22168,-70.6009
2018.23,9247.25,-127.232
2023.65,-232.16,-174.233
2029.08,296.171,48.8121
2034.51,76.8851,96.3375
2039.93,129.505,9.67977
2045.36,213.031,-217.371
2050.78,528.616,-1451.4
2056.21,612.074,-1688.27
2061.63,234.719,-364.838
2067.06,58.1894,58.8104
2072.48,69.4741,29.8226
2077.91,-1.65958,195.359
2083.33,21.5646,134.514
2088.76,55.532,60.3253
2094.18,8.42433,136.728
2099.61,-67.9908,126.309
2105.03,-80.4645,38.5843
2110.46,-20.2624,18.3898
2115.89,84.5503,59.8688
2121.31,114.317,106.288
2126.74,60.4366,123.754
2132.16,78.7237,161.989
2137.59,165.598,151.765
2143.01,152.788,65.8013
2148.44,19.6147,278.619
2153.86,25.1019,632.435
2159.29,111.68,434.516
2164.71,42.5412,100.751
2170.14,6.27313,30.4908
2175.56,34.36,0.374401
2180.99,9.88369,-59.4933
2186.41,64.4941,-112.059
2191.84,166.57,-62.4928
2197.27,97.0829,76.5068
2202.69,-3.68389,85.0153
2208.12,52.5475,-95.8865
2213.54,133.171,-141.071
2218.97,139.067,-13.9392
2224.39,111.315,112.251
2229.82,114.131,136.344
2235.24,161.26,18.0416
2240.67,101.375,-64.8632
2246.09,-56.6931,27.3588
2251.52,-2.9517,287.889
2256.94,130.679,301.146
2262.37,44.0479,76.2
2267.79,-67.9742,27.7738
2273.22,-77.2045,16.2538
2278.65,-77.0595,-26.6006
2284.07,-56.0427,-36.8996
2289.5,6.83745,-20.1387
2294.92,43.636,3.63091
2300.35,-3.02001,49.088
2305.77,-27.3428,95.5638
2311.2,-13.0487,64.7903
2316.62,3.44253,-1.00777
2322.05,45.214,-15.5543
2327.47,8.42575,42.2299
2332.9,-7.76161,37.0193
2338.32,27.057,-43.0915
2343.75,-20.1808,-61.2125
2349.18,-15.3623,-43.2853
2354.6,57.1397,-46.0644
2360.03,40.1599,-37.6971
2365.45,-29.1144,18.8088
2370.88,-80.1891,35.0406
2376.3,-94.3409,-10.4769
2381.73,-80.923,-24.7399
2387.15,-63.0096,-17.3442
2392.58,-4.50422,1.33977
2398,49.7102,-0.421173
2403.43,30.9917,-3.85832
2408.85,-21.9229,10.0772
2414.28,-28.2095,-13.988
2419.7,-2.72919,-39.428
2425.13,0.346231,-24.5657
2430.56,-11.0255,2.92527
2435.98,-11.0289,3.57018
2441.41,4.50113,14.2978
2446.83,23.0296,84.8005
2452.26,85.6945,145.675
2457.68,97.7907,99.647
2463.11,20.2888,25.9051
2468.53,-7.05236,13.422
2473.96,19.6188,14.8508
2479.38,35.8302,2.90921
2484.81,34.0534,-18.4206
2490.23,42.3793,-10.4705
2495.66,10.9067,-9.28929
2501.08,-35.3239,8.47642
2506.51,16.567,63.8873
2511.94,66.3802,50.4574
2517.36,41.7707,11.0511
2522.79,10.6059,19.3976
2528.21,-38.3483,44.8752
2533.64,-51.6543,30.6753
2539.06,-2.86722,-10.4417
2544.49,7.35704,-11.4944
2549.91,-55.1021,-4.71282
2555.34,-129.01,14.8971
2560.76,-104.172,37.8308
2566.19,-30.8139,-17.1254
2571.61,-32.502,-56.3946
2577.04,-54.1413,-23.4516
2582.47,-53.092,-20.4363
2587.89,-66.0979,-38.5909
2593.32,-58.0628,-3.99539
2598.74,-3.31933,25.0951
2604.17,62.5125,11.3745
2609.59,67.5575,-10.7798
2615.02,1.40417,-45.2312
2620.44,-33.268,-44.8285
2625.87,-9.67955,3.80061
2631.29,13.6291,5.23502
2636.72,22.6782,-25.5508
2642.14,30.5882,-23.2711
2647.57,-5.3184,24.6244
2652.99,-42.4364,123.248
2658.42,-3.98876,111.658
2663.85,31.7191,18.5892
2669.27,14.922,15.4465
2674.7,-0.68815,13.8813
2680.12,7.14364,20.3891
2685.55,10.9319,40.468
2690.97,17.4137,24.4013
2696.4,24.0718,26.4449
2701.82,-17.5105,6.69654
2707.25,-55.7088,-39.2056
2712.67,-34.7615,-55.5217
2718.1,-12.8406,-48.3249
2723.52,5.14655,-37.1902
2728.95,10.8477,-34.8534
2734.37,-9.40303,-24.8944
2739.8,-9.37575,20.4431
2745.23,0.815669,43.3635
2750.65,-19.9616,-50.3175
2756.08,-26.2263,-130.21
2761.5,4.28651,-84.2477
2766.93,-2.27675,-47.3307
2772.35,-29.6538,-37.083
2777.78,-32.507,-18.6768
2783.2,-4.86963,-24.7553
2788.63,12.6246,-10.3065
2794.05,-28.3672,36.8173
2799.48,-61.918,59.4259
2804.9,-41.8184,43.2507
2810.33,-0.714376,9.75875
2815.75,27.3973,-28.5656
2821.18,20.4688,-68.5401
2826.61,-19.2244,-73.996
2832.03,-61.5649,-38.9649
2837.46,-55.715,0.362241
2842.88,-10.7177,39.4469
2848.31,-13.4561,50.201
2853.73,-36.1107,55.6188
2859.16,-24.7048,79.5078
2864.58,-33.4999,72.0595
2870.01,-27.4856,23.7444
2875.43,6.74636,-14.0536
2880.86,6.33124,-23.8072
2886.28,-25.1631,-5.94079
2891.71,-41.068,45.819
2897.14,-17.5909,56.9049
2902.56,4.65263,21.3431
2907.99,26.009,23.5158
2913.41,46.0878,25.1178
2918.84,37.5576,-21.3196
2924.26,2.53895,-26.7994
2929.69,-41.5328,9.95508
2935.11,-69.1618,-12.5195
2940.54,-50.421,-49.6101
2945.96,3.08183,-30.6993
2951.39,-11.8625,-69.0281
2956.81,-57.3543,-126.992
2962.24,-30.056,-61.7274
2967.66,22.0207,-0.164678
2973.09,42.402,6.25549
2978.52,18.7688,-1.27611
2983.94,-32.6013,-33.976
2989.37,-79.6012,-55.8965
2994.79,-52.9958,-33.9932
3000.22,16.4647,4.47029
3005.64,34.1622,20.8257
3011.07,-0.0152245,37.3415
3016.49,-20.7436,20.6387
3021.92,8.91313,-15.3513
3027.34,24.8258,-8.74114
3032.77,25.9258,-2.21081
3038.19,37.5158,-14.8427
3043.62,36.4619,-8.77262
3049.04,8.36532,12.296
3054.47,1.2544,39.4956
3059.9,22.1709,37.7881
3065.32,-2.59449,17.6216
3070.75,-33.3431,34.318
3076.17,-40.0868,39.7808
3081.6,-19.6563,14.2489
3087.02,12.6062,8.41979
3092.45,1.93805,16.4545
3097.87,-6.40578,2.52111
3103.3,-1.16265,-7.07541
3108.72,-10.1708,11.9343
3114.15,-1.4809,26.0993
3119.57,14.1199,9.48525
3125,-35.9647,-13.3725
3130.43,-94.4822,-14.9468
3135.85,-45.3238,-8.45469
3141.28,19.0993,-5.96685
3146.7,17.4095,-18.8327
3152.13,59.4276,-34.6466
3157.55,94.8673,-25.3875
3162.98,33.7659,-24.4603
3168.4,6.59818,-21.11
3173.83,29.6992,5.95406
3179.25,25.2636,8.87075
3184.68,-0.533964,3.37076
3190.1,-11.3251,-3.59109
3195.53,-4.40798,-15.792
3200.95,-15.4491,-27.7567
3206.38,-30.6972,-47.7975
3211.81,-19.4526,-26.3983
3217.23,-3.30172,18.1688
3222.66,-7.76742,29.0219
3228.08,-6.38016,17.0167
3233.51,0.143354,4.52752
3238.93,13.8658,-19.2787
3244.36,32.0416,-43.8582
3249.78,5.88349,-15.9297
3255.21,-23.1088,48.1104
3260.63,-30.7904,70.695
3266.06,-31.0474,39.1813
3271.48,-17.4534,-17.5236
3276.91,-0.622738,-54.5974
3282.33,12.1849,-35.9312
3287.76,5.37185,-24.1639
3293.19,4.46783,-23.2565
3298.61,17.9738,4.05876
3304.04,3.03538,1.20631
3309.46,-15.6877,-31.5502
3314.89,19.0973,-38.3058
3320.31,52.8806,-17.6354
3325.74,41.8104,4.51188
3331.16,27.175,4.06078
3336.59,12.634,4.24941
3342.01,-2.02514,16.17
3347.44,-21.6786,-6.92879
3352.86,-43.3007,-42.0641
3358.29,-28.2903,-24.7396
3363.71,2.43257,-0.558002
3369.14,15.6292,-20.4682
3374.57,9.95098,-30.7527
3379.99,-1.50961,-7.0575
3385.42,11.3509,15.3501
3390.84,24.1587,22.8153
3396.27,25.8561,17.9444
3401.69,39.6061,-0.245391
3407.12,40.4025,-14.1019
3412.54,24.3368,-14.5707
3417.97,5.28548,-24.3456
3423.39,2.27869,-20.4338
3428.82,4.49463,15.2111
3434.24,-20.6008,25.6888
3439.67,-45.0308,12.7305
3445.1,-47.0692,9.63511
3450.52,-31.1634,41.5874
3455.95,-17.3684,87.5671
3461.37,-4.53093,69.6204
3466.8,3.85669,26.2266
3472.22,3.02825,20.2197
3477.65,8.75471,8.49335
3483.07,2.14981,-18.4468
3488.5,-14.0631,-5.67836
3493.92,-16.1575,29.3838
3499.35,-15.2074,24.1115
3504.77,-6.51678,-5.48783
3510.2,23.9167,-10.1236
3515.62,31.8787,1.02703
3521.05,1.54313,2.22742
3526.48,-15.5129,-14.4442
3531.9,-1.31882,-19.0939
3537.33,0.890089,6.10884
3542.75,-18.1047,30.1693
3548.18,-16.621,34.5972
3553.6,22.8475,26.3515
3559.03,43.2365,42.5484
3564.45,17.3855,63.4433
3569.88,15.4269,40.2582
3575.3,34.7589,3.11668
3580.73,30.9802,-2.63199
3586.15,23.0864,27.6894
3591.58,10.2391,39.9017
3597,-6.72222,7.62274
3602.43,-1.94286,-18.8299
3607.86,2.96467,-10.4234
3613.28,-9.74594,6.85022
3618.71,-22.2881,-11.6169
3624.13,-8.74336,-43.7647
3629.56,41.278,-22.7527
3634.98,61.2652,9.06102
3640.41,8.77286,-1.33401
3645.83,-32.2605,-7.37745
3651.26,-15.7005,-28.2892
3656.68,4.69268,-69.4027
3662.11,-0.859792,-47.1687
3667.53,-14.7799,-6.42245
3672.96,-15.1911,-6.01944
3678.39,-1.4838,-4.36225
3683.81,18.9189,5.85722
3689.24,27.3695,16.0481
3694.66,17.7803,9.00019
3700.09,3.96392,-19.6593
3705.51,-4.62463,-36.3349
3710.94,-8.62955,-15.3135
3716.36,-9.3901,17.6406
3721.79,3.53658,3.83685
3727.21,15.0861,-21.2999
3732.64,4.24343,-12.0407
3738.06,-3.82333,-1.22799
3743.49,9.55832,11.6218
3748.91,12.001,23.0376
3754.34,-12.6963,20.7358
3759.77,-18.8518,-1.62952
3765.19,-8.58344,-25.8552
3770.62,-33.3835,-4.8826
3776.04,-42.232,24.8242
3781.47,-21.5678,23.1901
3786.89,-19.1789,5.02132
3792.32,-13.7015,-5.57959
3797.74,-7.8311,-5.54722
3803.17,-22.1923,-12.3491
3808.59,-18.4414,-10.7065
3814.02,15.4311,2.26669
3819.44,8.90094,12.4297
3824.87,-21.3145,7.49
3830.29,-14.901,-12.0261
3835.72,-6.55468,-18.8014
3841.15,-14.8383,-13.2588
3846.57,-24.9549,-14.4381
3852,-16.6855,-23.7281
3857.42,20.1849,-29.6003
3862.85,36.8991,-6.28761
3868.27,6.58253,16.8309
3873.7,-14.096,17.1085
3879.12,-1.16305,19.8852
3884.55,2.49827,2.79226
3889.97,-26.7419,-14.0385
3895.4,-63.8442,-2.93478
3900.82,-48.9121,15.86
3906.25,12.272,4.03026
3911.68,34.9622,-31.0695
3917.1,18.433,-10.3396
3922.53,3.68088,25.433
3927.95,-31.5542,-9.65815
3933.38,-47.5091,-41.3925
3938.8,-8.87217,-3.63401
3944.23,44.7904,26.8814
3949.65,69.625,14.1047
3955.08,37.1568,11.3448
3960.5,-5.63398,18.6552
3965.93,-18.8049,26.1261
3971.35,-22.6024,37.8685
3976.78,-2.98649,23.6412
3982.2,31.4513,10.2184
3987.63,27.1526,14.0734
3993.06,17.9188,-0.785142
3998.48,20.9551,1.77645
4003.91,-9.20625,19.9548
4009.33,-32.8658,-1.32471
4014.76,-21.6225,-14.4335
4020.18,-9.92979,9.97666
4025.61,-7.91741,19.0462
4031.03,-12.3177,9.49837
4036.46,-16.1436,13.6974
4041.88,-19.3705,21.2582
4047.31,-21.2083,9.39863
4052.73,-27.3278,-8.05009
4058.16,-15.1145,-0.932375
4063.58,21.9923,19.0633
4069.01,34.6045,10.6843
4074.44,12.8285,-1.92172
4079.86,-17.54,12.9746
4085.29,-25.0074,14.6438
4090.71,-19.1638,1.5908
4096.14,-7.10157,3.12344
4101.56,9.73623,11.5044
4106.99,16.696,11.8158
4112.41,10.5924,2.29123
4117.84,-7.46725,-5.65941
4123.26,-7.90256,10.9672
4128.69,9.05397,30.0116
4134.11,17.3894,11.4605
4139.54,2.27319,-6.72268
4144.96,-3.60839,-8.97997
4150.39,14.6649,-9.28803
4155.82,18.9959,6.1737
4161.24,19.6046,22.1429
4166.67,27.0162,21.9789
4172.09,24.9288,9.56406
4177.52,-1.18755,1.78191
4182.94,-38.8512,-1.06384
4188.37,-43.0378,-27.8472
4193.79,-23.6265,-36.3199
4199.22,-16.9369,-12.7608
4204.64,-3.24416,7.5222
4210.07,11.3248,29.5926
4215.49,7.08554,46.565
4220.92,4.67664,57.4721
4226.35,-4.68219,40.4133
4231.77,-20.1532,11.2997
4237.2,-12.5007,16.2924
4242.62,21.5959,28.0127
4248.05,44.2813,18.4623
4253.47,32.1871,0.306939
4258.9,28.8272,1.0461
4264.32,35.3698,20.536
4269.75,2.63773,11.1982
4275.17,-17.8931,-8.28589
4280.6,5.95685,-1.90007
4286.02,7.66608,-11.3573
4291.45,-7.7206,-25.6386
4296.87,-25.653,-2.10535
4302.3,-36.0315,27.7871
4307.73,-28.0094,24.8147
4313.15,-29.7496,5.90115
4318.58,-20.166,-20.7953
4324,-1.80531,-24.4134
4329.43,2.20512,-0.992418
4334.85,-4.97505,-7.4402
4340.28,-8.43668,-27.053
4345.7,15.8645,-24.2084
4351.13,18.4779,-3.41197
4356.55,-7.38179,-2.58361
4361.98,1.99419,-13.274
4367.4,23.1021,-12.4278
4372.83,14.3258,-8.48126
4378.25,5.70352,-9.69627
4383.68,3.5964,-11.5348
4389.11,-23.8614,-5.71112
4394.53,-30.1818,-28.8213
4399.96,0.188796,-33.3327
4405.38,-14.1442,6.9034
4410.81,-36.2834,20.4081
4416.23,-5.11835,4.70198
4421.66,11.7616,-3.45202
4427.08,-5.10048,-3.67955
4432.51,-18.056,-3.24035
4437.93,-19.0213,-7.80721
4443.36,-23.2169,-7.93707
4448.78,-18.3758,7.01413
4454.21,-3.36151,-12.6276
4459.63,-3.90776,-44.0648
4465.06,-7.65689,-36.9086
4470.49,-18.114,-23.2413
4475.91,-48.8842,-23.6322
4481.34,-50.2318,-31.493
4486.76,-16.2028,-24.4456
4492.19,-15.5379,-6.76442
4497.61,-17.0218,4.82599
4503.04,13.9564,1.9966
4508.46,21.0076,-15.3964
4513.89,8.52953,-13.847
4519.31,-8.25065,-12.0795
4524.74,-10.9915,-17.8547
4530.16,23.0195,4.07666
4535.59,30.4443,14.4726
4541.02,9.30921,-8.66204
4546.44,-0.773515,-17.4845
4551.87,1.28276,4.49383
4557.29,7.75124,6.83043
4562.72,4.30021,-33.2134
4568.14,-2.90951,-44.185
4573.57,-6.02515,-6.62809
4578.99,4.53711,15.2727
4584.42,15.9092,22.1762
4589.84,4.44972,15.4065
4595.27,-8.4339,-12.5015
4600.69,3.24206,-22.0571
4606.12,9.00641,-9.3889
4611.54,3.64134,8.17085
4616.97,8.09651,32.3735
4622.4,5.47693,30.211
4627.82,-5.53539,6.27204
4633.25,-9.47944,-6.73947
4638.67,5.68026,-13.1435
4644.1,10.4569,-0.955561
4649.52,-2.30867,8.56726
4654.95,1.63251,5.50059
4660.37,15.2121,3.05579
4665.8,10.3612,10.2822
4671.22,-18.2103,19.4566
4676.65,-23.7594,3.43484
4682.07,4.33649,-9.19936
4687.5,22.4633,-15.9939
4692.92,23.572,-32.786
4698.35,19.301,-36.7763
4703.78,25.3233,-24.3543
4709.2,31.8516,-6.50937
4714.63,19.0684,1.90101
4720.05,5.39633,4.53781
4725.48,-10.7052,-3.72768
4730.9,-18.924,-16.9715
4736.33,3.19482,-12.2421
4741.75,7.24464,-4.00122
4747.18,-6.58684,-3.10058
4752.6,4.19384,-16.398
4758.03,3.86451,-23.2366
4763.45,-6.88979,-3.78002
4768.88,-18.0926,-12.2599
4774.31,-25.1037,-39.5394
4779.73,-11.6202,-45.1273
4785.16,-8.40634,-44.8571
4790.58,-21.0462,-10.7607
4796.01,-36.5893,27.0398
4801.43,-32.6198,13.7327
4806.86,7.21895,-12.0443
4812.28,23.3563,-7.98558
4817.71,-10.0639,-3.75837
4823.13,-16.2786,-24.8012
4828.56,6.75169,-7.08409
4833.98,3.22698,37.3839
4839.41,-10.2355,29.8738
4844.83,-2.66334,7.77817
4850.26,14.7814,13.6014
4855.69,21.1928,8.9383
4861.11,22.9926,2.02853
4866.54,26.2994,10.4429
4871.96,22.9439,5.2522
4877.39,18.4987,15.324
4882.81,13.5686,48.2586
4888.24,7.60584,39.6862
4893.66,-0.0960596,7.67118
4899.09,-14.0396,-9.8742
4904.51,-14.3588,-19.8178
4909.94,-8.95571,-17.5562
4915.36,-21.7034,-14.6445
4920.79,-24.7356,-10.9127
4926.21,-4.10495,-2.15331
4931.64,-5.16897,-2.52435
4937.07,-22.8783,-0.0392392
4942.49,-23.3004,4.5867
4947.92,-17.6874,-8.06695
4953.34,-10.7828,-19.2729
4958.77,12.8003,-20.9983
4964.19,35.7919,-14.8966
4969.62,33.4095,-3.67327
4975.04,32.6228,1.62691
4980.47,12.4421,12.9201
4985.89,-13.012,18.2163
4991.32,-10.1451,1.04614
4996.74,-15.3532,-4.87677
5002.17,1.95441,1.09462
5007.6,17.567,-5.6368
5013.02,-9.59638,-4.30271
5018.45,-9.98576,3.70285
5023.87,8.98379,2.14011
5029.3,19.5743,17.1659
5034.72,29.8409,36.2495
5040.15,2.36925,27.3424
5045.57,-28.5054,21.4001
5051,-19.3188,19.3417
5056.42,-6.20565,7.29881
5061.85,-2.65707,0.469574
5067.27,-12.9129,-10.7943
5072.7,-19.1168,-16.9581
5078.12,-8.13327,5.35176
5083.55,-8.05562,19.6837
5088.98,-1.79068,3.67507
5094.4,-7.19864,-19.021
5099.83,-32.5787,-23.9747
5105.25,-36.9441,-2.92151
5110.68,-29.8983,6.83084
5116.1,-9.16338,9.36108
5121.53,10.7296,13.3276
5126.95,-12.7,7.5796
5132.38,-37.0737,0.688797
5137.8,-13.4529,1.22788
5143.23,23.2858,8.81411
5148.65,29.7706,-15.4435
5154.08,-3.40515,-41.9555
5159.5,-23.8578,-30.0761
5164.93,4.03238,-16.1506
5170.36,17.2816,-3.87187
5175.78,2.88218,6.40272
5181.21,-10.5503,-4.03545
5186.63,-14.924,-10.2039
5192.06,8.56463,-4.50753
5197.48,23.0816,3.77716
5202.91,15.5085,17.9303
5208.33,0.593105,22.5369
5213.76,-16.2858,8.90857
5219.18,-16.0217,-10.5751
5224.61,-14.2933,-17.0655
5230.03,-17.2075,-12.2928
5235.46,-4.68275,2.63184
5240.88,6.49183,12.1325
5246.31,11.4027,8.88225
5251.74,33.8374,-5.41787
5257.16,37.6152,-25.7889
5262.59,7.80203,-27.3722
5268.01,-16.0983,-18.857
5273.44,-28.3239,5.51886
5278.86,-34.8547,19.3798
5284.29,-21.5307,-12.5876
5289.71,13.7771,-32.0447
5295.14,26.6095,-14.0001
5300.56,6.87283,5.20747
5305.99,-2.18237,-0.247352
5311.41,3.58584,-25.1875
5316.84,10.0778,-28.9121
5322.27,4.33393,-8.87838
5327.69,8.35312,15.7933
5333.12,37.4717,20.2125
5338.54,59.2859,3.40835
5343.97,69.3026,-9.86409
5349.39,45.5224,-20.544
5354.82,3.221,-10.9443
5360.24,-10.0077,9.05645
5365.67,-7.24489,9.65768
5371.09,8.15165,6.3895
5376.52,22.8289,16.5667
5381.94,24.2867,18.6862
5387.37,33.4538,8.2792
5392.79,34.6206,10.2974
5398.22,16.3579,13.2057
5403.65,-2.31945,15.172
5409.07,-12.1435,27.3802
5414.5,-15.6175,9.93261
5419.92,-21.442,-19.8195
5425.35,-7.89411,-0.0999983
5430.77,20.722,11.4094
5436.2,25.7598,-17.3995
5441.62,4.89189,-28.6238
5447.05,-17.6136,-16.0298
5452.47,-33.6877,-15.3536
5457.9,-40.089,-26.742
5463.32,-37.4108,-12.1052
5468.75,-26.8854,14.3539
5474.17,-8.61384,26.0573
5479.6,-11.8973,20.4684
5485.03,-21.5282,10.0067
5490.45,-11.3721,-0.620258
5495.88,-2.16358,-8.5559
5501.3,-7.16647,-1.06278
5506.73,3.73543,-16.4917
5512.15,25.0384,-36.0378
5517.58,31.5503,-17.9961
5523,18.01,-4.81671
5528.43,-18.207,-21.8012
5533.85,-16.9664,-24.5935
5539.28,15.5085,-10.1789
5544.7,14.1948,-1.79085
5550.13,-6.23903,19.1224
