289.838454 0.000000
287.777310 0.000000
285.716166 0.000000
283.655022 0.000000
281.593878 0.000000
279.532734 0.000000
277.471590 0.000000
275.410446 0.000000
273.349302 0.000000
271.288158 0.000000
269.227014 0.000000
267.165870 0.000000
265.104727 0.000000
263.043583 0.000000
260.982439 0.000000
258.921295 0.000000
256.860151 0.000000
254.799007 0.000000
252.737863 0.000000
250.676719 0.000000
248.615575 0.000000
246.554431 0.000000
244.493287 0.000000
242.432143 0.000000
240.370999 0.000000
238.309855 0.000000
236.248711 0.000000
234.187567 0.000000
232.126423 0.000000
230.065279 0.000000
228.004135 0.000000
225.942991 0.000000
223.881848 0.000000
221.820704 0.000000
219.759560 0.000000
217.698416 0.000000
215.637272 0.000000
213.576128 0.000000
211.514984 0.000000
209.453840 0.000000
207.392696 0.000000
205.331552 0.000000
203.270408 0.000000
201.209264 0.000000
199.148120 0.000000
197.086976 0.000000
195.025832 0.000000
192.964688 0.000000
190.903544 0.000000
188.842400 0.000000
186.781256 0.000000
184.720112 0.000000
182.658969 0.000000
180.597825 0.000000
178.536681 0.000000
176.475537 0.000000
174.414393 0.000000
172.353249 0.000000
170.292105 0.000000
168.230961 0.000000
166.169817 0.000000
164.108673 0.000000
162.047529 0.000000
159.986385 0.000000
157.925241 0.000000
155.864097 0.000000
153.802953 0.000000
151.741809 0.000000
149.680665 0.000000
147.619521 0.000000
145.558377 0.000000
143.497233 0.000000
141.436090 0.000000
139.374946 0.000000
137.313802 0.000000
135.252658 0.000000
133.191514 0.000000
131.130370 0.000000
129.069226 0.000000
127.008082 0.000000
124.946938 0.000000
122.885794 0.000000
120.824650 0.000000
118.763506 0.000001
116.702362 0.000002
114.641218 0.000006
112.580074 0.000017
110.518930 0.000044
108.457786 0.000110
106.396642 0.000267
104.335498 0.000629
102.274354 0.001436
100.213210 0.003177
98.152067 0.006815
96.090923 0.014179
94.029779 0.028607
91.968635 0.055966
89.907491 0.106177
87.846347 0.195335
85.785203 0.348478
83.724059 0.602859
81.662915 1.011350
79.601771 1.645251
77.540627 2.595425
75.479483 3.970365
73.418339 5.889765
71.357195 8.472497
69.296051 11.818743
67.234907 15.987423
65.173763 20.971749
63.112619 26.677368
61.051475 32.908586
58.990331 39.368055
56.929188 45.673735
54.868044 51.393977
52.806900 56.097670
50.745756 59.412698
48.684612 61.083145
46.623468 61.015032
44.562324 59.301869
42.501180 56.224815
40.440036 52.226689
38.378892 47.863429
36.317748 43.739732
34.256604 40.437203
32.195460 38.443458
30.134316 38.089940
28.073172 39.505243
26.012028 42.589933
23.950884 47.017725
21.889740 52.265965
19.828596 57.674945
17.767452 62.530771
15.706309 66.161050
13.645165 68.028324
11.584021 67.804564
9.522877 65.412527
7.461733 61.026026
5.400589 55.029913
3.339445 47.949276
1.278301 40.363492
-0.782843 32.822722
-2.843987 25.781894
-4.905131 19.561352
-6.966275 14.336209
-9.027419 10.150137
-11.088563 6.945357
-13.149707 4.599514
-15.210851 2.961426
-17.271995 1.880447
-19.333139 1.227163
-21.394283 0.905498
-23.455427 0.857573
-25.516570 1.062869
-27.577714 1.532703
-29.638858 2.300379
-31.700002 3.407066
-33.761146 4.883927
-35.822290 6.732327
-37.883434 8.905600
-39.944578 11.297211
-42.005722 13.740259
-44.066866 16.021514
-46.128010 17.909649
-48.189154 19.192967
-50.250298 19.718216
-52.311442 19.420624
-54.372586 18.337017
-56.433730 16.598318
-58.494874 14.403545
-60.556018 11.982421
-62.617162 9.556297
-64.678306 7.306419
-66.739450 5.355369
-68.800593 3.763086
-70.861737 2.534946
-72.922881 1.637055
-74.984025 1.013509
-77.045169 0.601536
-79.106313 0.342268
-81.167457 0.186698
-83.228601 0.097630
-85.289745 0.048944
-87.350889 0.023522
-89.412033 0.010838
-91.473177 0.004787
-93.534321 0.002027
-95.595465 0.000823
-97.656609 0.000320
-99.717753 0.000119
-101.778897 0.000043
-103.840041 0.000015
-105.901185 0.000005
-107.962329 0.000002
-110.023472 0.000000
-112.084616 0.000000
-114.145760 0.000000
-116.206904 0.000000
-118.268048 0.000000
-120.329192 0.000000
-122.390336 0.000000
-124.451480 0.000000
-126.512624 0.000000
-128.573768 0.000000
-130.634912 0.000000
-132.696056 0.000000
-134.757200 0.000000
-136.818344 0.000000
-138.879488 0.000000
-140.940632 0.000000
-143.001776 0.000000
-145.062920 0.000000
-147.124064 0.000000
-149.185208 0.000000
-151.246351 0.000000
-153.307495 0.000000
-155.368639 0.000000
-157.429783 0.000000
-159.490927 0.000000
-161.552071 0.000000
-163.613215 0.000000
-165.674359 0.000000
-167.735503 0.000000
-169.796647 0.000000
-171.857791 0.000000
-173.918935 0.000000
-175.980079 0.000000
-178.041223 0.000000
-180.102367 0.000000
-182.163511 0.000000
-184.224655 0.000000
-186.285799 0.000000
-188.346943 0.000000
-190.408087 0.000000
-192.469230 0.000000
-194.530374 0.000000
-196.591518 0.000000
-198.652662 0.000000
-200.713806 0.000000
-202.774950 0.000000
-204.836094 0.000000
-206.897238 0.000000
-208.958382 0.000000
-211.019526 0.000000
-213.080670 0.000000
-215.141814 0.000000
-217.202958 0.000000
-219.264102 0.000000
-221.325246 0.000000
-223.386390 0.000000
-225.447534 0.000000
-227.508678 0.000000
-229.569822 0.000000
-231.630966 0.000000
-233.692110 0.000000
-235.753253 0.000000
