289.838454 -3.559795
287.777310 -4.609681
285.716166 -5.089210
283.655022 -5.459178
281.593878 -6.431929
279.532734 -7.440413
277.471590 -7.473663
275.410446 -6.349250
273.349302 -4.929003
271.288158 -3.240171
269.227014 -2.340351
267.165870 -3.303101
265.104727 -3.804668
263.043583 -3.525652
260.982439 -4.034122
258.921295 -4.930417
256.860151 -5.121358
254.799007 -4.867684
252.737863 -4.909990
250.676719 -4.977194
248.615575 -4.746874
246.554431 -4.716066
244.493287 -4.812199
242.432143 -4.276480
240.370999 -4.264212
238.309855 -4.822531
236.248711 -4.691943
234.187567 -4.734490
232.126423 -5.579871
230.065279 -6.086983
228.004135 -5.725108
225.942991 -5.876168
223.881848 -5.967450
221.820704 -5.580365
219.759560 -5.629618
217.698416 -6.005180
215.637272 -5.844519
213.576128 -5.245719
211.514984 -5.605649
209.453840 -6.797658
207.392696 -7.538051
205.331552 -7.491912
203.270408 -7.694571
201.209264 -7.858780
199.148120 -7.726144
197.086976 -7.574293
195.025832 -7.686512
192.964688 -7.976893
190.903544 -7.537463
188.842400 -6.672056
186.781256 -5.943733
184.720112 -5.815659
182.658969 -6.534750
180.597825 -7.218435
178.536681 -7.235961
176.475537 -7.071866
174.414393 -6.931446
172.353249 -7.000318
170.292105 -7.433276
168.230961 -7.739940
166.169817 -7.821181
164.108673 -7.835787
162.047529 -7.843265
159.986385 -7.456298
157.925241 -6.891547
155.864097 -6.930187
153.802953 -7.661909
151.741809 -8.508036
149.680665 -9.097537
147.619521 -8.970873
145.558377 -8.895874
143.497233 -9.057836
141.436090 -9.037438
139.374946 -9.235646
137.313802 -9.458101
135.252658 -9.749766
133.191514 -10.201389
131.130370 -10.389786
129.069226 -10.453229
127.008082 -10.579009
124.946938 -10.409565
122.885794 -10.353660
120.824650 -10.328639
118.763506 -9.915074
116.702362 -9.266146
114.641218 -8.812056
112.580074 -8.691500
110.518930 -8.717437
108.457786 -8.967295
106.396642 -9.211663
104.335498 -9.117243
102.274354 -9.161047
100.213210 -9.387798
98.152067 -9.579739
96.090923 -9.541197
94.029779 -9.361081
91.968635 -9.244702
89.907491 -9.245465
87.846347 -9.332052
85.785203 -9.523829
83.724059 -9.607371
81.662915 -9.313440
79.601771 -8.059020
77.540627 -5.658712
75.479483 -3.182609
73.418339 -0.143791
71.357195 4.148153
69.296051 9.514620
67.234907 16.164681
65.173763 23.295037
63.112619 29.853148
61.051475 36.207331
58.990331 42.743402
56.929188 48.636581
54.868044 52.950542
52.806900 56.361361
50.745756 59.111367
48.684612 60.061782
46.623468 58.835102
44.562324 56.765303
42.501180 53.847701
40.440036 49.708975
38.378892 45.723550
36.317748 43.297245
34.256604 42.330774
32.195460 41.766957
30.134316 41.743946
28.073172 43.188566
26.012028 46.487968
23.950884 51.058584
21.889740 54.341303
19.828596 54.943156
17.767452 54.962962
15.706309 57.703918
13.645165 62.413632
11.584021 66.712506
9.522877 68.771850
7.461733 67.390345
5.400589 62.209379
3.339445 53.723654
1.278301 43.320400
-0.782843 32.883018
-2.843987 22.842320
-4.905131 14.064587
-6.966275 8.271658
-9.027419 5.349285
-11.088563 3.463354
-13.149707 1.371096
-15.210851 -0.510794
-17.271995 -1.036163
-19.333139 -0.770194
-21.394283 -0.633656
-23.455427 -0.406191
-25.516570 0.634259
-27.577714 2.222996
-29.638858 3.632589
-31.700002 5.136565
-33.761146 7.278075
-35.822290 9.249237
-37.883434 9.820214
-39.944578 10.266683
-42.005722 11.722581
-44.066866 13.934336
-46.128010 16.862049
-48.189154 19.154260
-50.250298 19.950828
-52.311442 19.775195
-54.372586 19.365036
-56.433730 17.919370
-58.494874 14.806595
-60.556018 11.695726
-62.617162 9.587019
-64.678306 7.591723
-66.739450 5.536797
-68.800593 3.675477
-70.861737 2.085378
-72.922881 0.602355
-74.984025 -0.988661
-77.045169 -2.394423
-79.106313 -3.180945
-81.167457 -3.681486
-83.228601 -4.698995
-85.289745 -5.767563
-87.350889 -6.444629
-89.412033 -6.949620
-91.473177 -7.336056
-93.534321 -7.804340
-95.595465 -8.417769
-97.656609 -8.968713
-99.717753 -9.238794
-101.778897 -9.278795
-103.840041 -9.528601
-105.901185 -9.911680
-107.962329 -10.120685
-110.023472 -9.997954
-112.084616 -9.776466
-114.145760 -9.688151
-116.206904 -9.766968
-118.268048 -9.068635
-120.329192 -7.635796
-122.390336 -7.618790
-124.451480 -8.857034
-126.512624 -9.447331
-128.573768 -8.984111
-130.634912 -8.675017
-132.696056 -8.912485
-134.757200 -9.028575
-136.818344 -9.367567
-138.879488 -9.583166
-140.940632 -9.427893
-143.001776 -9.667504
-145.062920 -9.805399
-147.124064 -9.271240
-149.185208 -8.604098
-151.246351 -8.833396
-153.307495 -9.388763
-155.368639 -9.216560
-157.429783 -8.723235
-159.490927 -8.484077
-161.552071 -8.328238
-163.613215 -8.467943
-165.674359 -8.635126
-167.735503 -8.430779
-169.796647 -8.409487
-171.857791 -8.248164
-173.918935 -8.109329
-175.980079 -8.423651
-178.041223 -8.402055
-180.102367 -8.150040
-182.163511 -8.580046
-184.224655 -9.252128
-186.285799 -9.083180
-188.346943 -8.454968
-190.408087 -7.970107
-192.469230 -7.330489
-194.530374 -6.995705
-196.591518 -6.599972
-198.652662 -5.862555
-200.713806 -5.611895
-202.774950 -6.480318
-204.836094 -7.112554
-206.897238 -6.453777
-208.958382 -6.388816
-211.019526 -7.345807
-213.080670 -7.402448
-215.141814 -6.920446
-217.202958 -6.667307
-219.264102 -6.484567
-221.325246 -6.362888
-223.386390 -6.318281
-225.447534 -6.461049
-227.508678 -6.700446
-229.569822 -6.361783
-231.630966 -5.518030
-233.692110 -5.272787
-235.753253 -5.910152
