# BEGINHEADER
# This file contains data from the SALSA 2m radio telescope.
# DATE=2024-01-31T12:42:0025
# GLON and GLAT given in degrees
# GLON=49.8052492599846
# GLAT=0.21010132338147083
# DATA in two columns below. Col. 1 is velocity relative to LSR [km/s]. Col. 2 is uncalibrated antenna temperature [K].
# ENDHEADER
289.83845394378847 -2.672817487249197
287.7773099931898 -5.768660732765159
285.7161660425912 -5.052534623324627
283.6550220919926 -4.673410283661125
281.5938781413939 -6.572152030000276
279.5327341907953 -7.741234299001888
277.47159024019663 -8.921627582665808
275.41044628959804 -5.619619825314925
273.34930233899934 -5.327998163357417
271.2881583884007 -4.0097227080072235
269.2270144378021 1.260923735988232
267.1658704872034 -5.420289629499315
265.10472653660474 -4.390959214014817
263.04358258600615 -2.3123962501917834
260.9824386354075 -3.806165853635584
258.92129468480886 -5.6823354242094295
256.8601507342102 -5.577411153484676
254.7990067836116 -4.161754620005897
252.73786283301294 -5.075467717154623
250.67671888241432 -5.252460061938491
248.61557493181564 -4.8857722418445055
246.55443098121702 -3.5388814846235883
244.49328703061838 -6.710526785045619
242.43214308001976 -3.2782979456209365
240.37099912942108 -3.1004771318061444
238.30985517882246 -6.738350184910988
236.2487112282238 -3.7964466641578443
234.1875672776252 -4.343770835282058
232.12642332702654 -5.095985251719566
230.06527937642787 -8.436091149670013
228.00413542582925 -3.497489563697631
225.9429914752306 -6.6607918897825655
223.88184752463198 -6.674409618967269
221.82070357403333 -4.6897173043135165
219.75955962343468 -5.6257088777294495
217.69841567283603 -6.0091503054931215
215.63727172223741 -7.21762718845654
213.57612777163877 -3.5385833362036143
211.51498382104012 -5.536996135528818
209.45383987044147 -6.5904189986157915
207.39269591984285 -9.285588097522938
205.3315519692442 -5.91888415452628
203.27040801864558 -8.424001306785588
201.2092640680469 -7.966229518068461
199.1481201174483 -7.535312589231467
197.08697616684964 -7.912736476979028
195.02583221625102 -6.523700210352416
192.96468826565237 -9.531544270446615
190.9035443150537 -7.2030456749158365
188.84240036445507 -6.760997366442383
186.78125641385643 -5.7527041950861975
184.7201124632578 -4.907249731582632
182.65896851265913 -6.600389289399054
180.5978245620605 -8.133290392862298
178.53668061146186 -6.88958842710484
176.47553666086324 -7.148884667752638
174.4143927102646 -7.078277401832025
172.35324875966595 -6.1884061970809
170.2921048090673 -8.096961211423913
168.23096085846868 -7.490510277356074
166.16981690787003 -8.241540265771865
164.1086729572714 -7.2793410189563765
162.04752900667273 -8.512549939154747
159.9863850560741 -7.528395868277282
157.92524110547546 -6.617877207064651
155.86409715487684 -5.980715276286968
153.8029532042782 -8.412590676269446
151.74180925367952 -7.666147821382038
149.6806653030809 -10.624178205477262
147.61952135248225 -8.363155781123849
145.55837740188363 -8.392400065554343
143.49723345128496 -10.080429151413531
141.43608950068634 -7.992906955962877
139.3749455500877 -9.805622473192745
137.31380159948907 -9.299445964215543
135.25265764889042 -9.423551880114406
133.19151369829177 -10.539637195611581
131.13036974769312 -10.730585524438585
129.0692257970945 -9.634468845777816
127.00808184649584 -11.701613513768635
124.94693789589721 -9.664833591934608
122.88579394529857 -10.463283464748548
120.82464999469993 -10.660644690962643
118.76350604410129 -10.068708971897301
116.70236209350264 -9.149364317327036
114.64121814290401 -8.428706400986913
112.58007419230537 -8.851193546827485
110.51893024170673 -8.560934200815742
108.45778629110809 -8.577231094591117
106.39664234050944 -10.180695609918063
104.33549838991081 -8.354738769318471
102.27435443931216 -9.42174240649892
100.21321048871353 -9.13728411484886
98.1520665381149 -9.954820313937544
96.09092258751626 -9.517930941447899
94.0297786369176 -9.367660010692525
91.96863468631896 -9.069719713618504
89.90749073572033 -9.36002200895172
87.84634678512168 -9.107258316033402
85.78520283452305 -9.605421517437952
83.7240588839244 -9.90673251992088
81.66291493332577 -9.248706448221123
79.60177098272712 -9.979625060914879
77.54062703212848 -4.345418241550454
75.47948308152985 -3.7883945973031055
73.4183391309312 -1.286005957322466
71.35719518033257 4.332644872683555
69.29605122973392 8.230821720981321
67.23490727913529 15.794168190466797
65.17376332853664 24.288730767726786
63.112619377937996 29.66645585020952
61.051475427339355 36.0479500280432
58.990331476740714 42.55145855667591
56.92918752614208 50.51675604824706
54.86804357554344 52.81382055531843
52.8068996249448 56.5509119287361
50.74575567434616 59.79093057052228
48.68461172374751 62.36565369038554
46.623467773148874 58.192549738681286
44.562323822550226 57.182491732255194
42.501179871951585 55.22611538789667
40.440035921352944 49.356208565313715
38.3788919707543 44.78258878460527
36.31774802015566 42.065883625807096
34.25660406955702 42.648381340020634
32.19546011895838 41.81640168468119
30.13431616835974 40.35982761604131
28.0731722177611 42.95305185584176
26.01202826716246 44.35069337968927
23.95088431656382 52.75771541710937
21.889740365965178 55.685528670763794
19.828596415366537 56.818069796924355
17.767452464767896 51.08807254932474
15.706308514169256 57.4837060245175
13.645164563570615 62.34623261010647
11.584020612971974 68.16543856203029
9.522876662373333 70.42730619052351
7.461732711774693 69.71861634475803
5.400588761176053 63.56083975940809
3.3394448105774117 55.559131434832615
1.2783008599787706 42.143260329856275
-0.7828430906198701 33.23289873499675
-2.843987041218511 22.565265994611284
-4.905130991817151 12.00112303961594
-6.966274942415793 6.311111371045394
-9.027418893014433 5.278041248208757
-11.088562843613074 3.57123743754705
-13.149706794211715 2.0455510165137443
-15.210850744810356 -2.325569944635807
-17.271994695409 -1.0783817733963164
-19.333138646007637 -0.5979403239309923
-21.394282596606278 -0.37373980774978666
-23.45542654720492 -1.2096160436512393
-25.51657049780356 0.1516646133581379
-27.5777144484022 2.8023283302692334
-29.638858399000842 3.509444104160898
-31.700002349599483 4.733237404992024
-33.76114630019813 6.5686048340356455
-35.82229025079677 11.377510487246495
-37.8834342013954 9.565168817026226
-39.944578151994044 8.844086117659963
-42.005722102592685 12.576297359451697
-44.066866053191326 12.112660937169274
-46.12801000378997 18.082869304980637
-48.18915395438861 19.758053487646336
-50.25029790498724 20.913398713086814
-52.31144185558589 19.1643560438128
-54.372585806184524 19.784394035209544
-56.433729756783165 19.777133239532688
-58.49487370738181 14.511361249815755
-60.55601765798045 10.256309777137476
-62.61716160857909 10.39155184942646
-64.67830555917773 7.319579493987371
-66.73944950977638 5.539645490214222
-68.80059346037501 3.471226719688609
-70.86173741097366 1.913707266544
-72.9228813615723 0.9272867129767307
-74.98402531217093 -1.1673626811342928
-77.04516926276958 -2.6548315964813263
-79.10631321336821 -3.9360467162074984
-81.16745716396686 -2.5273151325854237
-83.22860111456549 -4.996582700681721
-85.28974506516414 -6.202413038598019
-87.35088901576277 -6.21704806933814
-89.41203296636141 -7.274107776149826
-91.47317691696006 -7.166343242216671
-93.53432086755869 -7.6448559072860975
-95.59546481815734 -8.564396800401003
-97.65660876875597 -8.932790403117629
-99.71775271935464 -9.818756989486515
-101.77889666995328 -8.64718336658913
-103.84004062055192 -9.741544326772214
-105.90118457115057 -9.744351898904284
-107.9623285217492 -10.682210268173518
-110.02347247234783 -9.726006372085626
-112.08461642294648 -10.004598805143573
-114.14576037354512 -9.19044164800361
-116.20690432414376 -9.949434868706346
-118.2680482747424 -11.01525805604488
-120.32919222534105 -5.407139809672114
-122.39033617593968 -6.902787956749484
-124.45148012653831 -9.565147274272837
-126.51262407713696 -10.410012345745283
-128.5737680277356 -8.79879408108335
-130.63491197833426 -7.530958130827479
-132.69605592893288 -10.143805350124007
-134.75719987953153 -8.12461326783331
-136.81834383013015 -9.378767119493094
-138.87948778072882 -10.73153367229394
-140.94063173132744 -8.03857565898887
-143.0017756819261 -10.322269140537513
-145.0629196325247 -9.955457217832087
-147.1240635831234 -10.00019846617493
-149.185207533722 -7.292734189413145
-151.24635148432066 -8.64895643817387
-153.30749543491928 -10.279074872304365
-155.36863938551792 -9.422769674377626
-157.4297833361166 -8.056687225072304
-159.49092728671522 -8.957918568917348
-161.55207123731387 -7.972594046366221
-163.6132151879125 -7.989523153322849
-165.67435913851114 -9.918646177591013
-167.73550308910978 -7.213342301322931
-169.79664703970843 -9.070463626591016
-171.85779099030705 -8.483243755267326
-173.9189349409057 -7.015694644710971
-175.98007889150435 -9.207601739808517
-178.041222842103 -8.765544192538135
-180.10236679270162 -7.310959625249389
-182.16351074330026 -8.226395020802611
-184.22465469389888 -10.161937930981344
-186.28579864449756 -9.665181696098518
-188.34694259509618 -7.2507911361565425
-190.40808654569483 -9.420807626492113
-192.46923049629345 -5.992198623507716
-194.5303744468921 -7.563179529892317
-196.59151839749077 -6.816587911836091
-198.6526623480894 -5.8690038008511545
-200.71380629868804 -4.349117423688938
-202.77495024928666 -6.326533083086464
-204.83609419988534 -9.22485150848717
-206.89723815048396 -5.610273801808616
-208.9583821010826 -4.418933766525402
-211.01952605168123 -9.643107754641742
-213.08067000227987 -6.998535437990331
-215.14181395287852 -6.673458320389437
-217.20295790347717 -6.827653386122492
-219.2641018540758 -6.344823840118437
-221.32524580467444 -6.358438953733858
-223.38638975527306 -6.344652159673561
-225.44753370587173 -5.987234695837365
-227.50867765647035 -7.314046425876283
-229.569821607069 -6.888256945538407
-231.63096555766762 -5.116025979811866
-233.69210950826627 -4.14485222901028
-235.75325345886495 -6.5756618760141095
