84.869526 26.153336 30
78.686094 25.752279 30
43.646647 37.027889 30
14.790632 57.967151 30
-16.126527 8.194555 30
-22.309959 9.478360 30
-32.615679 11.916965 30
-38.799111 11.754304 30
79.749101 25.859679 35
71.504525 26.903394 35
34.403934 56.853730 35
11.731351 59.611591 35
-33.613816 13.370396 35
-48.041824 12.079284 35
59.944289 49.884324 40
33.149417 61.911253 40
8.415690 56.131754 40
-36.929477 18.630460 40
-43.112909 18.082586 40
-51.357485 17.121708 40
54.422914 59.902637 45
23.505754 58.917696 45
7.016603 59.458480 45
-50.695428 17.763796 45
48.684612 60.061782 50
9.522877 68.771850 50
-50.250298 19.950828 50
32.446354 54.479765 55
20.079490 56.279259 55
9.773770 67.862348 55
-58.243980 23.211458 55
9.821151 84.224444 60
-64.380031 29.675036 60
9.687257 101.124405 65
-66.575069 34.430429 65
5.280611 111.781652 70
-68.920572 33.251593 70
2.910744 107.054368 75
-25.945272 28.605916 75
-73.351582 30.738231 75
6.558812 96.985657 80
-38.786355 35.286595 80
-71.764658 27.589023 80
6.040523 68.656779 85
-43.426932 36.264235 85
-76.405235 32.420330 85
3.301557 70.672460 90
-37.921322 33.453253 90
-46.165898 33.034910 90
-66.777338 25.152024 90
-77.083057 24.816953 90
-89.449921 15.608259 90
1.330704 66.236117 90
-46.075607 34.258227 90
-76.992766 35.666152 90
-2.146308 60.254768 100
-41.308043 32.589183 100
-63.980627 39.043817 100
-94.897786 14.744404 100
-5.657205 65.263095 110
-51.002372 60.314454 110
-98.408683 10.750101 110
-2.723028 49.846002 120
-54.251627 53.268626 120
-99.596794 7.896837 120
-5.822209 51.685748 130
-55.289664 56.304423 130
-94.451399 7.786618 130
-4.232703 55.118827 140
-12.477279 53.989414 140
-41.333294 69.879162 140
-78.433885 8.391559 140
-6.197322 57.745945 150
-35.053337 75.162455 150
-7.417842 61.069005 160
-19.784706 60.924492 160
-30.090425 65.224859 160
-11.956876 90.838881 170
-3.217292 105.466491 180
4.400237 115.973830 190
19.192475 71.965460 200
8.886756 71.682168 200
41.129291 60.219977 210
22.578995 56.141599 210
10.212131 66.475554 210
46.219340 58.794716 215
25.607901 53.375570 215
9.118749 50.549754 215
