265.802405 0.000000
263.741261 0.000000
261.680118 0.000000
259.618974 0.000000
257.557830 0.000000
255.496686 0.000000
253.435542 0.000000
251.374398 0.000000
249.313254 0.000000
247.252110 0.000000
245.190966 0.000000
243.129822 0.000000
241.068678 0.000000
239.007534 0.000000
236.946390 0.000000
234.885246 0.000000
232.824102 0.000000
230.762958 0.000000
228.701814 0.000000
226.640670 0.000000
224.579526 0.000000
222.518382 0.000000
220.457238 0.000000
218.396095 0.000000
216.334951 0.000000
214.273807 0.000000
212.212663 0.000000
210.151519 0.000000
208.090375 0.000000
206.029231 0.000000
203.968087 0.000000
201.906943 0.000000
199.845799 0.000000
197.784655 0.000000
195.723511 0.000000
193.662367 0.000000
191.601223 0.000000
189.540079 0.000000
187.478935 0.000000
185.417791 0.000000
183.356647 0.000000
181.295503 0.000000
179.234359 0.000000
177.173216 0.000000
175.112072 0.000000
173.050928 0.000000
170.989784 0.000000
168.928640 0.000000
166.867496 0.000000
164.806352 0.000000
162.745208 0.000000
160.684064 0.000000
158.622920 0.000000
156.561776 0.000000
154.500632 0.000000
152.439488 0.000000
150.378344 0.000000
148.317200 0.000000
146.256056 0.000000
144.194912 0.000000
142.133768 0.000000
140.072624 0.000000
138.011480 0.000000
135.950337 0.000000
133.889193 0.000000
131.828049 0.000000
129.766905 0.000000
127.705761 0.000000
125.644617 0.000000
123.583473 0.000000
121.522329 0.000000
119.461185 0.000000
117.400041 0.000000
115.338897 0.000000
113.277753 0.000000
111.216609 0.000000
109.155465 0.000000
107.094321 0.000000
105.033177 0.000000
102.972033 0.000000
100.910889 0.000000
98.849745 0.000000
96.788601 0.000000
94.727458 0.000000
92.666314 0.000000
90.605170 0.000000
88.544026 0.000000
86.482882 0.000000
84.421738 0.000000
82.360594 0.000000
80.299450 0.000000
78.238306 0.000000
76.177162 0.000000
74.116018 0.000000
72.054874 0.000000
69.993730 0.000000
67.932586 0.000000
65.871442 0.000000
63.810298 0.000000
61.749154 0.000000
59.688010 0.000000
57.626866 0.000000
55.565722 0.000000
53.504578 0.000000
51.443435 0.000000
49.382291 0.000001
47.321147 0.000002
45.260003 0.000006
43.198859 0.000014
41.137715 0.000037
39.076571 0.000093
37.015427 0.000232
34.954283 0.000566
32.893139 0.001345
30.831995 0.003105
28.770851 0.006966
26.709707 0.015231
24.648563 0.032748
22.587419 0.070340
20.526275 0.153926
18.465131 0.347214
16.403987 0.799956
14.342843 1.827558
12.281699 3.993783
10.220556 8.102187
8.159412 14.955092
6.098268 24.823432
4.037124 36.844755
1.975980 48.851135
-0.085164 58.044600
-2.146308 62.330358
-4.207452 61.446653
-6.268596 57.032076
-8.329740 51.580596
-10.390884 47.094874
-12.452028 44.343086
-14.513172 42.986963
-16.574316 42.197001
-18.635460 41.227356
-20.696604 39.689183
-22.757748 37.555237
-24.818892 35.039819
-26.880036 32.464633
-28.941180 30.155681
-31.002323 28.377460
-33.063467 27.298856
-35.124611 26.983985
-37.185755 27.401363
-39.246899 28.444564
-41.308043 29.957719
-43.369187 31.760451
-45.430331 33.668778
-47.491475 35.510542
-49.552619 37.135483
-51.613763 38.420969
-53.674907 39.274620
-55.736051 39.634911
-57.797195 39.470427
-59.858339 38.778140
-61.919483 37.580818
-63.980627 35.923603
-66.041771 33.869820
-68.102915 31.496176
-70.164059 28.887579
-72.225202 26.131929
-74.286346 23.315254
-76.347490 20.517872
-78.408634 17.813128
-80.469778 15.272909
-82.530922 12.988007
-84.592066 11.109172
-86.653210 9.888564
-88.714354 9.646804
-90.775498 10.571440
-92.836642 12.386508
-94.897786 14.190535
-96.958930 14.803989
-99.020074 13.521425
-101.081218 10.626720
-103.142362 7.157436
-105.203506 4.160113
-107.264650 2.132697
-109.325794 1.010452
-111.386938 0.478757
-113.448082 0.247185
-115.509225 0.143357
-117.570369 0.089934
-119.631513 0.058075
-121.692657 0.037532
-123.753801 0.024018
-125.814945 0.015172
-127.876089 0.009454
-129.937233 0.005811
-131.998377 0.003523
-134.059521 0.002106
-136.120665 0.001242
-138.181809 0.000722
-140.242953 0.000414
-142.304097 0.000234
-144.365241 0.000131
-146.426385 0.000072
-148.487529 0.000039
-150.548673 0.000021
-152.609817 0.000011
-154.670961 0.000006
-156.732104 0.000003
-158.793248 0.000001
-160.854392 0.000001
-162.915536 0.000000
-164.976680 0.000000
-167.037824 0.000000
-169.098968 0.000000
-171.160112 0.000000
-173.221256 0.000000
-175.282400 0.000000
-177.343544 0.000000
-179.404688 0.000000
-181.465832 0.000000
-183.526976 0.000000
-185.588120 0.000000
-187.649264 0.000000
-189.710408 0.000000
-191.771552 0.000000
-193.832696 0.000000
-195.893840 0.000000
-197.954983 0.000000
-200.016127 0.000000
-202.077271 0.000000
-204.138415 0.000000
-206.199559 0.000000
-208.260703 0.000000
-210.321847 0.000000
-212.382991 0.000000
-214.444135 0.000000
-216.505279 0.000000
-218.566423 0.000000
-220.627567 0.000000
-222.688711 0.000000
-224.749855 0.000000
-226.810999 0.000000
-228.872143 0.000000
-230.933287 0.000000
-232.994431 0.000000
-235.055575 0.000000
-237.116719 0.000000
-239.177862 0.000000
-241.239006 0.000000
-243.300150 0.000000
-245.361294 0.000000
-247.422438 0.000000
-249.483582 0.000000
-251.544726 0.000000
-253.605870 0.000000
-255.667014 0.000000
-257.728158 0.000000
-259.789302 0.000000
