265.802405 -3.557014
263.741261 -4.010124
261.680118 -4.713729
259.618974 -5.553726
257.557830 -5.671293
255.496686 -5.006292
253.435542 -5.052789
251.374398 -5.986740
249.313254 -5.973143
247.252110 -4.064343
245.190966 -3.361409
243.129822 -4.910528
241.068678 -5.481091
239.007534 -5.349853
236.946390 -5.752673
234.885246 -6.446966
232.824102 -7.059111
230.762958 -7.405751
228.701814 -7.221221
226.640670 -6.959509
224.579526 -6.804572
222.518382 -7.138258
220.457238 -7.335323
218.396095 -6.324545
216.334951 -5.833208
214.273807 -6.656641
212.212663 -7.398499
210.151519 -7.670259
208.090375 -7.579958
206.029231 -7.160406
203.968087 -6.567479
201.906943 -6.812622
199.845799 -7.567982
197.784655 -8.209217
195.723511 -8.411595
193.662367 -8.482390
191.601223 -8.455657
189.540079 -7.817928
187.478935 -7.650867
185.417791 -8.192044
183.356647 -8.264757
181.295503 -8.337568
179.234359 -8.867801
177.173216 -8.631526
175.112072 -8.281210
173.050928 -8.141728
170.989784 -8.112754
168.928640 -8.115325
166.867496 -8.293721
164.806352 -8.507598
162.745208 -8.464921
160.684064 -8.174278
158.622920 -8.325358
156.561776 -8.952281
154.500632 -8.990632
152.439488 -8.615029
150.378344 -8.587316
148.317200 -8.711021
146.256056 -8.497135
144.194912 -8.197540
142.133768 -8.409097
140.072624 -9.440923
138.011480 -10.262441
135.950337 -9.666590
133.889193 -8.964443
131.828049 -9.012987
129.766905 -9.286433
127.705761 -9.197053
125.644617 -8.972093
123.583473 -9.386348
121.522329 -10.088650
119.461185 -10.485842
117.400041 -10.383611
115.338897 -10.013380
113.277753 -9.888076
111.216609 -9.888172
109.155465 -9.762408
107.094321 -9.883635
105.033177 -10.356685
102.972033 -10.652234
100.910889 -10.584242
98.849745 -10.377333
96.788601 -9.982552
94.727458 -9.922631
92.666314 -10.313339
90.605170 -10.821297
88.544026 -11.278035
86.482882 -11.175287
84.421738 -10.658856
82.360594 -10.253684
80.299450 -9.947554
78.238306 -9.763714
76.177162 -10.294780
74.116018 -11.051127
72.054874 -11.266115
69.993730 -10.864264
67.932586 -10.310234
65.871442 -10.630135
63.810298 -11.294998
61.749154 -11.348173
59.688010 -11.418492
57.626866 -11.427648
55.565722 -10.887555
53.504578 -10.556023
51.443435 -10.485156
49.382291 -10.274025
47.321147 -10.293789
45.260003 -10.753559
43.198859 -11.066245
41.137715 -10.641611
39.076571 -10.003408
37.015427 -10.188595
34.954283 -10.836912
32.893139 -11.290039
30.831995 -11.510664
28.770851 -11.216747
26.709707 -10.461142
24.648563 -9.928101
22.587419 -9.480564
20.526275 -8.449248
18.465131 -6.926249
16.403987 -5.682259
14.342843 -4.144235
12.281699 -0.639848
10.220556 5.009170
8.159412 13.969613
6.098268 26.454773
4.037124 39.645753
1.975980 50.594049
-0.085164 57.695962
-2.146308 60.254768
-4.207452 59.232272
-6.268596 56.874489
-8.329740 53.467330
-10.390884 49.224292
-12.452028 45.138528
-14.513172 42.751506
-16.574316 42.456544
-18.635460 42.106424
-20.696604 39.787962
-22.757748 35.866273
-24.818892 32.242212
-26.880036 29.942462
-28.941180 28.954225
-31.002323 28.888482
-33.063467 29.162808
-35.124611 29.865046
-37.185755 31.179230
-39.246899 32.294161
-41.308043 32.589183
-43.369187 32.455165
-45.430331 32.767996
-47.491475 33.430125
-49.552619 33.970570
-51.613763 34.543147
-53.674907 35.312879
-55.736051 36.211179
-57.797195 37.213818
-59.858339 38.431706
-61.919483 39.040955
-63.980627 39.043817
-66.041771 38.130357
-68.102915 36.273939
-70.164059 33.138157
-72.225202 28.703334
-74.286346 24.106485
-76.347490 19.894855
-78.408634 15.686554
-80.469778 11.920447
-82.530922 9.188310
-84.592066 7.355558
-86.653210 7.012328
-88.714354 8.819152
-90.775498 11.712749
-92.836642 13.885250
-94.897786 14.744404
-96.958930 14.206350
-99.020074 12.489093
-101.081218 10.091818
-103.142362 7.503183
-105.203506 5.320293
-107.264650 3.372344
-109.325794 1.478536
-111.386938 -0.142423
-113.448082 -1.727330
-115.509225 -3.160214
-117.570369 -4.341347
-119.631513 -5.340742
-121.692657 -6.394934
-123.753801 -7.596732
-125.814945 -8.411931
-127.876089 -8.644963
-129.937233 -8.272803
-131.998377 -7.965569
-134.059521 -7.971930
-136.120665 -8.410485
-138.181809 -8.810585
-140.242953 -8.716105
-142.304097 -8.741347
-144.365241 -8.653740
-146.426385 -8.163973
-148.487529 -7.613460
-150.548673 -7.626637
-152.609817 -7.810477
-154.670961 -7.940434
-156.732104 -8.263985
-158.793248 -8.292597
-160.854392 -8.379947
-162.915536 -8.696560
-164.976680 -9.018236
-167.037824 -9.360841
-169.098968 -9.375989
-171.160112 -9.004712
-173.221256 -8.367938
-175.282400 -7.896284
-177.343544 -7.532233
-179.404688 -7.424542
-181.465832 -7.828036
-183.526976 -8.203731
-185.588120 -7.516770
-187.649264 -6.644622
-189.710408 -6.852086
-191.771552 -7.541917
-193.832696 -8.023950
-195.893840 -7.661486
-197.954983 -7.501346
-200.016127 -8.180148
-202.077271 -8.370571
-204.138415 -7.723616
-206.199559 -7.293540
-208.260703 -7.309133
-210.321847 -6.923943
-212.382991 -6.338954
-214.444135 -6.108237
-216.505279 -6.163934
-218.566423 -6.471389
-220.627567 -6.896807
-222.688711 -6.822891
-224.749855 -5.981089
-226.810999 -6.310344
-228.872143 -7.421585
-230.933287 -7.541749
-232.994431 -7.217897
-235.055575 -7.629373
-237.116719 -8.062105
-239.177862 -7.693774
-241.239006 -7.362160
-243.300150 -7.292333
-245.361294 -7.267879
-247.422438 -7.173015
-249.483582 -6.583272
-251.544726 -4.826817
-253.605870 -3.224031
-255.667014 -4.248844
-257.728158 -5.600550
-259.789302 -5.945631
