# BEGINHEADER
# This file contains data from the SALSA 2m radio telescope.
# DATE=2024-01-31T18:21:0015
# GLON and GLAT given in degrees
# GLON=99.81658647714082
# GLAT=-0.04693336311681489
# DATA in two columns below. Col. 1 is velocity relative to LSR [km/s]. Col. 2 is uncalibrated antenna temperature [K].
# ENDHEADER
265.80240540601403 -3.2973390641919136
263.7412614554153 -4.106910326107001
261.68011750481674 -4.253905897512159
259.6189735542181 -5.9231187222971045
257.55782960361944 -7.0242220608614305
255.49668565302082 -3.777954984654476
253.43554170242217 -4.556759119148709
251.37439775182352 -5.895426213739991
249.31325380122487 -8.778164011008055
247.25210985062623 -3.2281040789046527
245.1909659000276 0.7270414381658489
243.12982194942896 -8.676444957658559
241.0686779988303 -4.561655870286453
239.00753404823166 -5.239062292470411
236.94639009763304 -5.2944688186008255
234.8852461470344 -7.027987880839195
232.82410219643577 -6.452082685156917
230.7629582458371 -8.651438650344405
228.70181429523848 -6.436493549556877
226.64067034463983 -7.4612730076907905
224.5795263940412 -6.3985616438591295
222.51838244344253 -6.2329557737849735
220.4572384928439 -9.768503689795503
218.39609454224527 -5.325910208013726
216.33495059164665 -4.188183648913877
214.273806641048 -7.87006041517861
212.21266269044935 -6.93847314454285
210.1515187398507 -8.550106291146571
208.09037478925205 -6.797546648116729
206.02923083865343 -8.702056316057678
203.96808688805478 -4.629922513759677
201.90694293745614 -7.354853781605076
199.8457989868575 -7.2098350955894
197.78465503625884 -8.762383119226955
195.7235110856602 -8.654712997579317
193.66236713506157 -7.597728225770064
191.6012231844629 -10.118288621705506
189.54007923386428 -6.877631445193435
187.47893528326563 -6.822080687993016
185.417791332667 -8.981471205199382
183.35664738206836 -8.932198721773014
181.2955034314697 -6.056931397972984
179.23435948087106 -11.667129382434327
177.17321553027244 -7.028104817102454
175.1120715796738 -9.075403415232723
173.05092762907518 -7.432546799577211
170.9897836784765 -8.686480239487041
168.92863972787785 -7.554353673743886
166.86749577727923 -8.51088112972489
164.80635182668058 -8.46821783399978
162.74520787608196 -8.928797544251402
160.6840639254833 -7.932415256493812
158.62291997488467 -7.302383699514839
156.56177602428602 -10.087915698674111
154.5006320736874 -9.143009146578216
152.43948812308872 -8.16944229551532
150.3783441724901 -8.385020862104836
148.31720022189145 -9.219649743812134
146.25605627129283 -8.50180581185511
144.1949123206942 -7.918236281603516
142.13376837009554 -7.930648131542383
140.0726244194969 -8.683065556035697
138.01148046889827 -12.729076055894133
135.95033651829962 -8.748322312536837
133.889192567701 -8.5416426012533
131.82804861710233 -8.913849302849398
129.76690466650368 -9.47590723099086
127.70576071590506 -9.83898838451234
125.64461676530641 -7.835971351892185
123.58347281470778 -9.553808160574494
121.52232886410914 -10.225039552263768
119.4611849135105 -10.766810725383152
117.40004096291186 -10.755827088579474
115.33889701231321 -9.579692757122718
113.27775306171456 -9.761118792603092
111.21660911111591 -10.29842290415221
109.15546516051728 -9.454346880099754
107.09432120991865 -9.555880211333957
105.03317725932 -10.451949190712027
102.97203330872136 -11.263995885841723
100.91088935812272 -10.02041040674877
98.84974540752408 -11.159701311681724
96.78860145692543 -9.431720517498695
94.7274575063268 -9.518092668038157
92.66631355572817 -10.686630666079308
90.60516960512952 -10.25703107800471
88.54402565453088 -12.103974709325449
86.48288170393224 -11.284359598426649
84.4217377533336 -10.577783185022838
82.36059380273495 -9.900320787473355
80.29944985213632 -10.609482328736524
78.23830590153769 -8.62862790952491
76.17716195093904 -10.28906212727083
74.11601800034039 -11.673700082089894
72.05487404974174 -11.229647513557914
69.99373009914311 -11.691606988458512
67.93258614854446 -9.080645379581634
65.87144219794583 -10.20911469312913
63.810298247347184 -12.588746167301537
61.74915429674854 -10.74872855368152
59.68801034614991 -11.123488258879894
57.62686639555127 -12.65606806514857
55.56572244495263 -10.070984884846641
53.504578494353986 -10.427416672300673
51.443434543755345 -10.90018526567464
49.3822905931567 -10.049240556119274
47.32114664255806 -9.832072407453845
45.26000269195942 -10.856383205015328
43.19885874136078 -11.590166491607192
41.13771479076214 -11.228933071770426
39.0765708401635 -8.804332127755988
37.01542688956486 -10.087639258018122
34.954282938966216 -11.240081687601933
32.893138988367575 -11.131567324770748
30.831995037768934 -11.810994523525515
28.770851087170296 -11.87473313760304
26.709707136571655 -9.897503210849232
24.648563185973014 -9.79491877818223
22.587419235374373 -10.011796792150461
20.526275284775732 -8.839300110254463
18.46513133417709 -6.809371060981905
16.40398738357845 -4.583010736761903
14.342843432979809 -6.96314204306666
12.281699482381171 -0.23233124802312974
10.22055553178253 2.849908057538314
8.159411581183889 11.188643980544356
6.098267630585249 26.480752326960072
4.037123679986608 40.950261673565436
1.9759797293879662 52.7680467437105
-0.08516422121067445 59.77630061949379
-2.1463081718093155 63.430778986813564
-4.207452122407956 58.08443113344483
-6.268596073006597 58.391786316071524
-8.329740023605236 53.530449033826706
-10.390883974203879 49.51929739702004
-12.45202792480252 44.25547987631531
-14.51317187540116 40.61354120443415
-16.5743158259998 42.95424861014079
-18.635459776598445 43.350492109262916
-20.696603727197083 41.2544851891496
-22.757747677795724 35.133953714407994
-24.818891628394365 31.485823787719266
-26.880035578993006 29.322904734900096
-28.941179529591647 28.280852964922016
-31.002323480190288 28.96385093181031
-33.06346743078893 29.159178972719594
-35.124611381387574 28.94484885884591
-37.18575533198621 31.618981500418293
-39.24689928258485 32.722721737690215
-41.30804323318349 33.18451852686078
-43.36918718378213 31.75898526339575
-45.43033113438077 32.47630002074632
-47.49147508497941 33.94782179428351
-49.552619035578054 33.57514234215613
-51.613762986176695 34.816637145988345
-53.674906936775336 34.60694209624419
-55.73605088737398 37.25525787380103
-57.79719483797262 35.47763152723804
-59.85833878857126 40.43680293958798
-61.9194827391699 37.948018940385914
-63.98062668976854 40.5688584507065
-66.04177064036718 37.90371241090213
-68.10291459096582 37.12248183523602
-70.16405854156446 34.212715490949066
-72.22520249216309 28.588152534683132
-74.28634644276174 23.435990522306863
-76.34749039336037 20.38999357860615
-78.40863434395902 15.548556021045384
-80.46977829455767 10.838553766279894
-82.53092224515632 9.26956297509201
-84.59206619575495 6.615392582928592
-86.65321014635359 5.506290115861915
-88.71435409695223 7.881565381273545
-90.77549804755087 12.812996116638711
-92.83664199814952 14.286641173064684
-94.89778594874815 15.580575362131183
-96.9589298993468 14.953486265264702
-99.02007384994543 12.55878423285194
-101.08121780054407 10.588726042197568
-103.14236175114272 6.82418737757296
-105.20350570174135 5.227152723280792
-107.26464965234 3.7809468784699782
-109.32579360293863 0.7030888240217706
-111.38693755353728 0.40094104661038976
-113.44808150413591 -2.0885498361749497
-115.50922545473455 -3.24669972646503
-117.5703694053332 -4.355153326092713
-119.63151335593184 -5.653911464777942
-121.69265730653049 -5.556332566069845
-123.75380125712913 -8.63073015012535
-125.81494520772777 -7.907578172090874
-127.87608915832641 -9.941080697144969
-129.93723310892503 -7.410346383765264
-131.99837705952368 -8.275124431332008
-134.05952101012232 -7.516414314177309
-136.12066496072094 -8.02814234374398
-138.18180891131962 -10.159540398280702
-140.24295286191827 -7.53249628138443
-142.3040968125169 -9.443027606764106
-144.36524076311554 -8.523198447074693
-146.42638471371416 -8.770629912920379
-148.48752866431283 -6.6388431425437995
-150.54867261491145 -7.654488823969055
-152.6098165655101 -8.447836194371781
-154.67096051610872 -6.796327507315059
-156.73210446670737 -9.437757802193977
-158.79324841730602 -7.782546604570784
-160.85439236790467 -8.121634744020112
-162.91553631850329 -9.172074665170168
-164.97668026910193 -8.336727768328227
-167.03782421970058 -10.20376360255085
-169.09896817029923 -8.982497040009067
-171.16011212089785 -9.865051830326657
-173.2212560714965 -7.528855865075573
-175.28240002209512 -8.37199631870221
-177.3435439726938 -7.166680727923984
-179.40468792329244 -7.285808755143298
-181.46583187389106 -7.217200608729311
-183.5269758244897 -9.530894023543771
-185.58811977508833 -8.013036153854449
-187.649263725687 -4.715203488831975
-189.71040767628563 -7.775251889288401
-191.77155162688427 -6.512860256761685
-193.8326955774829 -9.715162401504212
-195.89383952808157 -7.249371462169757
-197.9549834786802 -6.202827140329263
-200.0161274292788 -9.072657594399585
-202.07727137987743 -9.054098666116026
-204.1384153304761 -7.483402412030444
-206.19955928107473 -6.422736639342679
-208.26070323167338 -8.20608847244673
-210.321847182272 -7.013455695621345
-212.38299113287064 -5.736130236833001
-214.4441350834693 -6.401500145106826
-216.50527903406794 -5.560792824690942
-218.5664229846666 -6.989143167568143
-220.6275669352652 -5.947760244894299
-222.68871088586388 -9.444972114530708
-224.7498548364625 -3.532654138037993
-226.81099878706115 -5.895657526164434
-228.87214273765977 -8.725062438389255
-230.93328668825842 -7.90039164213005
-232.99443063885707 -6.208521945276428
-235.05557458945572 -7.367755982702409
-237.11671854005434 -9.590001760015644
-239.17786249065298 -6.80092508099533
-241.2390064412516 -7.46561808358603
-243.30015039185028 -7.312452455771162
-245.3612943424489 -7.089890640821235
-247.42243829304755 -7.634137419688387
-249.48358224364617 -6.59455489129893
-251.54472619424482 -7.333739662417273
-253.60587014484346 2.131876012518713
-255.6670140954421 -6.486866176294238
-257.72815804604073 -5.7798050398749075
-259.7893019966394 -6.012132971551391
