283.819403 0.000000
281.758259 0.000000
279.697115 0.000000
277.635971 0.000000
275.574827 0.000000
273.513683 0.000000
271.452539 0.000000
269.391395 0.000000
267.330251 0.000000
265.269107 0.000000
263.207963 0.000000
261.146819 0.000000
259.085675 0.000000
257.024531 0.000000
254.963387 0.000000
252.902243 0.000000
250.841100 0.000000
248.779956 0.000000
246.718812 0.000000
244.657668 0.000000
242.596524 0.000000
240.535380 0.000000
238.474236 0.000000
236.413092 0.000000
234.351948 0.000000
232.290804 0.000000
230.229660 0.000000
228.168516 0.000000
226.107372 0.000000
224.046228 0.000000
221.985084 0.000000
219.923940 0.000000
217.862796 0.000000
215.801652 0.000000
213.740508 0.000000
211.679364 0.000000
209.618220 0.000000
207.557077 0.000000
205.495933 0.000000
203.434789 0.000000
201.373645 0.000000
199.312501 0.000000
197.251357 0.000000
195.190213 0.000000
193.129069 0.000000
191.067925 0.000000
189.006781 0.000000
186.945637 0.000000
184.884493 0.000000
182.823349 0.000000
180.762205 0.000000
178.701061 0.000000
176.639917 0.000000
174.578773 0.000000
172.517629 0.000000
170.456485 0.000000
168.395341 0.000000
166.334198 0.000000
164.273054 0.000000
162.211910 0.000000
160.150766 0.000000
158.089622 0.000000
156.028478 0.000000
153.967334 0.000000
151.906190 0.000000
149.845046 0.000000
147.783902 0.000000
145.722758 0.000000
143.661614 0.000000
141.600470 0.000000
139.539326 0.000000
137.478182 0.000000
135.417038 0.000000
133.355894 0.000000
131.294750 0.000000
129.233606 0.000000
127.172462 0.000000
125.111319 0.000000
123.050175 0.000000
120.989031 0.000000
118.927887 0.000000
116.866743 0.000000
114.805599 0.000000
112.744455 0.000000
110.683311 0.000000
108.622167 0.000000
106.561023 0.000000
104.499879 0.000000
102.438735 0.000000
100.377591 0.000000
98.316447 0.000000
96.255303 0.000000
94.194159 0.000000
92.133015 0.000000
90.071871 0.000000
88.010727 0.000000
85.949583 0.000000
83.888440 0.000000
81.827296 0.000000
79.766152 0.000000
77.705008 0.000001
75.643864 0.000003
73.582720 0.000009
71.521576 0.000026
69.460432 0.000070
67.399288 0.000182
65.338144 0.000456
63.277000 0.001110
61.215856 0.002609
59.154712 0.005932
57.093568 0.013046
55.032424 0.027751
52.971280 0.057092
50.910136 0.113601
48.848992 0.218623
46.787848 0.406928
44.726704 0.732563
42.665560 1.275498
40.604417 2.147934
38.543273 3.498394
36.482129 5.510911
34.420985 8.396238
32.359841 12.372366
30.298697 17.633053
28.237553 24.305747
26.176409 32.403888
24.115265 41.782265
22.054121 52.106696
19.992977 62.849496
17.931833 73.319041
15.870689 82.725319
13.809545 90.274862
11.748401 95.280037
9.687257 97.262115
7.626113 96.026744
5.564969 91.695369
3.503825 84.685549
1.442681 75.644598
-0.618462 65.351155
-2.679606 54.605362
-4.740750 44.128994
-6.801894 34.492086
-8.863038 26.074837
-10.924182 19.064721
-12.985326 13.481742
-15.046470 9.220794
-17.107614 6.099546
-19.168758 3.902427
-21.229902 2.414827
-23.291046 1.445385
-25.352190 0.837144
-27.413334 0.470143
-29.474478 0.258667
-31.535622 0.146226
-33.596766 0.100753
-35.657910 0.111888
-37.719054 0.191456
-39.780198 0.377361
-41.841341 0.739784
-43.902485 1.386560
-45.963629 2.462425
-48.024773 4.135385
-50.085917 6.564542
-52.147061 9.848819
-54.208205 13.965129
-56.269349 18.714760
-58.330493 23.702902
-60.391637 28.372434
-62.452781 32.097366
-64.513925 34.317841
-66.575069 34.677538
-68.636213 33.117252
-70.697357 29.890837
-72.758501 25.497618
-74.819645 20.556012
-76.880789 15.662312
-78.941933 11.278481
-81.003077 7.675791
-83.064220 4.937117
-85.125364 3.001245
-87.186508 1.724277
-89.247652 0.936247
-91.308796 0.480454
-93.369940 0.233019
-95.431084 0.106809
-97.492228 0.046270
-99.553372 0.018944
-101.614516 0.007330
-103.675660 0.002681
-105.736804 0.000927
-107.797948 0.000303
-109.859092 0.000093
-111.920236 0.000027
-113.981380 0.000008
-116.042524 0.000002
-118.103668 0.000000
-120.164812 0.000000
-122.225956 0.000000
-124.287100 0.000000
-126.348243 0.000000
-128.409387 0.000000
-130.470531 0.000000
-132.531675 0.000000
-134.592819 0.000000
-136.653963 0.000000
-138.715107 0.000000
-140.776251 0.000000
-142.837395 0.000000
-144.898539 0.000000
-146.959683 0.000000
-149.020827 0.000000
-151.081971 0.000000
-153.143115 0.000000
-155.204259 0.000000
-157.265403 0.000000
-159.326547 0.000000
-161.387691 0.000000
-163.448835 0.000000
-165.509979 0.000000
-167.571122 0.000000
-169.632266 0.000000
-171.693410 0.000000
-173.754554 0.000000
-175.815698 0.000000
-177.876842 0.000000
-179.937986 0.000000
-181.999130 0.000000
-184.060274 0.000000
-186.121418 0.000000
-188.182562 0.000000
-190.243706 0.000000
-192.304850 0.000000
-194.365994 0.000000
-196.427138 0.000000
-198.488282 0.000000
-200.549426 0.000000
-202.610570 0.000000
-204.671714 0.000000
-206.732858 0.000000
-208.794001 0.000000
-210.855145 0.000000
-212.916289 0.000000
-214.977433 0.000000
-217.038577 0.000000
-219.099721 0.000000
-221.160865 0.000000
-223.222009 0.000000
-225.283153 0.000000
-227.344297 0.000000
-229.405441 0.000000
-231.466585 0.000000
-233.527729 0.000000
-235.588873 0.000000
-237.650017 0.000000
-239.711161 0.000000
-241.772305 0.000000
