283.819403 -4.741155
281.758259 -6.578216
279.697115 -6.863377
277.635971 -5.706935
275.574827 -4.755988
273.513683 -4.382959
271.452539 -4.441685
269.391395 -4.520483
267.330251 -3.383631
265.269107 -0.496433
263.207963 0.095415
261.146819 -3.197803
259.085675 -5.138766
257.024531 -4.806736
254.963387 -3.904636
252.902243 -3.401017
250.841100 -3.655001
248.779956 -4.256124
246.718812 -4.546787
244.657668 -4.309792
242.596524 -4.203961
240.535380 -4.780380
238.474236 -4.961479
236.413092 -3.752201
234.351948 -3.101349
232.290804 -4.191459
230.229660 -5.432336
228.168516 -5.936265
226.107372 -5.851033
224.046228 -5.894040
221.985084 -5.800269
219.923940 -5.878332
217.862796 -6.218762
215.801652 -6.209493
213.740508 -5.697675
211.679364 -5.190574
209.618220 -4.603083
207.557077 -3.903485
205.495933 -4.061689
203.434789 -5.042309
201.373645 -5.903437
199.312501 -6.082411
197.251357 -5.978909
195.190213 -6.037313
193.129069 -6.307686
191.067925 -6.660883
189.006781 -7.100561
186.945637 -7.556077
184.884493 -7.691355
182.823349 -7.225817
180.762205 -6.343877
178.701061 -5.917311
176.639917 -6.750852
174.578773 -7.606180
172.517629 -7.548459
170.456485 -7.578704
168.395341 -7.619616
166.334198 -7.071256
164.273054 -6.921755
162.211910 -7.864669
160.150766 -8.402774
158.089622 -8.035633
156.028478 -7.544685
153.967334 -7.005960
151.906190 -6.417536
149.845046 -6.632160
147.783902 -7.483417
145.722758 -7.976430
143.661614 -7.693920
141.600470 -7.876926
139.539326 -8.804055
137.478182 -8.883447
135.417038 -8.564813
133.355894 -9.028226
131.294750 -9.252274
129.233606 -8.659704
127.172462 -8.196342
125.111319 -8.168070
123.050175 -8.045494
120.989031 -7.705356
118.927887 -7.395848
116.866743 -7.659328
114.805599 -8.337071
112.744455 -9.013340
110.683311 -9.101488
108.622167 -8.700096
106.561023 -8.826801
104.499879 -9.076441
102.438735 -9.506791
100.377591 -10.171893
98.316447 -10.229873
96.255303 -9.707820
94.194159 -9.499318
92.133015 -9.607235
90.071871 -10.239086
88.010727 -10.834799
85.949583 -10.219835
83.888440 -9.109224
81.827296 -8.433066
79.766152 -8.500470
77.705008 -8.819400
75.643864 -8.630995
73.582720 -8.543362
71.521576 -9.435123
69.460432 -10.735004
67.399288 -11.326813
65.338144 -11.121956
63.277000 -10.355504
61.215856 -9.566350
59.154712 -9.419353
57.093568 -9.530655
55.032424 -9.142362
52.971280 -8.869605
50.910136 -8.678583
48.848992 -8.066061
46.787848 -7.635361
44.726704 -7.515510
42.665560 -6.541912
40.604417 -4.547205
38.543273 -2.355125
36.482129 0.504642
34.420985 3.910414
32.359841 8.231490
30.298697 15.107405
28.237553 23.406522
26.176409 32.065002
24.115265 42.172376
22.054121 52.811752
19.992977 62.768415
17.931833 73.367400
15.870689 83.809037
13.809545 92.195150
11.748401 98.092154
9.687257 101.124405
7.626113 100.251523
5.564969 94.095170
3.503825 82.520558
1.442681 68.729281
-0.618462 56.522179
-2.679606 46.548923
-4.740750 38.919596
-6.801894 33.610499
-8.863038 30.039214
-10.924182 26.960861
-12.985326 23.695385
-15.046470 20.745000
-17.107614 17.592305
-19.168758 14.533920
-21.229902 12.066639
-23.291046 9.721712
-25.352190 6.808903
-27.413334 3.723765
-29.474478 1.699403
-31.535622 0.524914
-33.596766 -0.194073
-35.657910 -0.264101
-37.719054 0.024213
-39.780198 0.153332
-41.841341 0.599020
-43.902485 2.203403
-45.963629 4.206450
-48.024773 6.146582
-50.085917 8.505888
-52.147061 11.028731
-54.208205 14.280083
-56.269349 18.735233
-58.330493 23.172157
-60.391637 27.358695
-62.452781 30.386656
-64.513925 32.644763
-66.575069 34.430429
-68.636213 34.282628
-70.697357 31.749677
-72.758501 27.042506
-74.819645 21.521641
-76.880789 16.016887
-78.941933 10.834382
-81.003077 6.647918
-83.064220 3.358135
-85.125364 0.482289
-87.186508 -1.250255
-89.247652 -1.852315
-91.308796 -2.518401
-93.369940 -3.706737
-95.431084 -4.968355
-97.492228 -6.082512
-99.553372 -6.596459
-101.614516 -6.041813
-103.675660 -5.286155
-105.736804 -5.236154
-107.797948 -5.819748
-109.859092 -5.991485
-111.920236 -5.898539
-113.981380 -6.511922
-116.042524 -7.492368
-118.103668 -7.916302
-120.164812 -7.902152
-122.225956 -8.300878
-124.287100 -9.273222
-126.348243 -9.373949
-128.409387 -8.172741
-130.470531 -7.170007
-132.531675 -7.183460
-134.592819 -7.432238
-136.653963 -7.791147
-138.715107 -8.348749
-140.776251 -8.170102
-142.837395 -7.625580
-144.898539 -7.403167
-146.959683 -7.864323
-149.020827 -8.203387
-151.081971 -8.143371
-153.143115 -8.369691
-155.204259 -8.597946
-157.265403 -8.026118
-159.326547 -7.414823
-161.387691 -7.737089
-163.448835 -8.021417
-165.509979 -7.417569
-167.571122 -6.704470
-169.632266 -7.126313
-171.693410 -7.659077
-173.754554 -7.236299
-175.815698 -6.779633
-177.876842 -6.655093
-179.937986 -6.434149
-181.999130 -6.682788
-184.060274 -7.314173
-186.121418 -7.669983
-188.182562 -7.743838
-190.243706 -7.498428
-192.304850 -7.511399
-194.365994 -7.821437
-196.427138 -7.798762
-198.488282 -7.318938
-200.549426 -6.675169
-202.610570 -6.648444
-204.671714 -6.336643
-206.732858 -5.215071
-208.794001 -5.172869
-210.855145 -5.554698
-212.916289 -5.571157
-214.977433 -5.906913
-217.038577 -6.692416
-219.099721 -7.148627
-221.160865 -6.824393
-223.222009 -5.930248
-225.283153 -5.402977
-227.344297 -5.848181
-229.405441 -6.396007
-231.466585 -5.843205
-233.527729 -4.366184
-235.588873 -3.174274
-237.650017 -3.562716
-239.711161 -4.738080
-241.772305 -5.588694
