# BEGINHEADER
# This file contains data from the SALSA 2m radio telescope.
# DATE=2024-01-31T12:47:0039
# GLON and GLAT given in degrees
# GLON=64.88395364511223
# GLAT=0.13591630836076993
# DATA in two columns below. Col. 1 is velocity relative to LSR [km/s]. Col. 2 is uncalibrated antenna temperature [K].
# ENDHEADER
283.8194027146646 -3.157829730806222
281.75825876406594 -8.611541032021824
279.6971148134673 -7.901737272465572
277.63597086286865 -4.811945735446165
275.57482691227 -4.821427412447502
273.5136829616714 -3.854653463895382
271.4525390110727 -4.6337229389480425
269.3913950604741 -4.340124689563687
267.33025110987546 -6.0947473021882566
265.2691071592768 0.14900515931980154
263.20796320867817 6.80636079761098
261.1468192580795 -8.339636018543484
259.08567530748087 -4.891944705692373
257.0245313568823 -5.538731543057307
254.96338740628363 -3.387681427429506
252.90224345568495 -2.9223432967411016
250.8410995050863 -3.4304912567823673
248.77995555448769 -4.453507146736212
246.71881160388904 -5.077375144163553
244.6576676532904 -4.282325386242221
242.59652370269174 -3.47943790667305
240.53537975209312 -4.502491866110215
238.47423580149447 -7.064841947863757
236.41309185089585 -3.231609137201189
234.35194790029718 -0.723521565216375
232.29080394969856 -5.490608090636176
230.2296599990999 -4.935445332888736
228.1685160485013 -7.508156593896793
226.10737209790264 -4.283740601415241
224.046228147304 -7.163292335205281
221.98508419670534 -5.087001176506759
219.92394024610672 -5.772506547596876
217.86279629550808 -6.380684962414419
215.80165234490946 -6.837934554141313
213.74050839431078 -5.4105826310066805
211.67936444371213 -4.969839440213578
209.6182204931135 -5.538176122415169
207.55707654251486 -2.6470059831162898
205.49593259191622 -3.7879293844798707
203.43478864131757 -4.942255102501851
201.37364469071895 -6.762182335554443
199.3125007401203 -5.9748542686134245
197.25135678952165 -5.937747162952968
195.190212838923 -5.787246839254423
193.12906888832435 -6.418758516161901
191.0679249377257 -6.539242398265747
189.0067809871271 -7.063049024205841
186.94563703652844 -7.64788908250518
184.88449308592982 -8.215053638106733
182.82334913533114 -7.332367664496095
180.76220518473252 -6.633328406046434
178.70106123413387 -4.284180027426961
176.63991728353523 -6.791430575058489
174.5787733329366 -9.194309783707114
172.51762938233793 -6.546130072893582
170.4564854317393 -7.618032632575583
168.39534148114066 -8.326127356791025
166.33419753054204 -7.234899346686238
164.27305357994337 -4.95557879364684
162.21190962934475 -9.055549025688853
160.1507656787461 -8.93916557069594
158.08962172814748 -7.933683755138602
156.02847777754883 -7.2057620005152385
153.96733382695018 -7.937117503734562
151.90618987635153 -5.114140884104218
149.8450459257529 -6.584219955645823
147.78390197515427 -7.34121113584544
145.72275802455565 -9.205468304066132
143.66161407395697 -7.2641475916463385
141.60047012335835 -6.359854765502875
139.5393261727597 -10.389225030461102
137.47818222216105 -9.360914996397764
135.4170382715624 -6.986130139451216
133.35589432096376 -9.667037536517766
131.29475037036514 -10.104634143570005
129.2336064197665 -8.31706882223708
127.17246246916785 -7.588542032179956
125.11131851856922 -8.717539428066312
123.05017456797057 -7.784028621208631
120.98903061737194 -8.25355427567917
118.9278866667733 -6.491532461285732
116.86674271617464 -7.686329665666486
114.80559876557601 -8.295523518418168
112.74445481497736 -8.998200853150772
110.68331086437873 -10.571602018860961
108.62216691378008 -6.824814116774264
106.56102296318144 -9.874535748552105
104.49987901258281 -8.600564078950624
102.43873506198416 -9.164091480587347
100.37759111138553 -10.576520070714459
98.3164471607869 -11.23179844311164
96.25530321018826 -8.568193383991773
94.19415925958961 -10.013919650468543
92.13301530899098 -9.114439623012814
90.07187135839233 -9.505651069291822
88.0107274077937 -12.767536825995254
85.94958345719505 -9.829731081816114
83.88843950659641 -9.058030137019752
81.82729555599778 -7.876600857589937
79.76615160539912 -8.041775469786009
77.70500765480048 -9.735777700109733
75.64386370420183 -8.536195663906836
73.5827197536032 -7.709776927009142
71.52157580300455 -8.894232947884582
69.46043185240592 -11.77179805647899
67.39928790180728 -11.385568459501858
65.33814395120864 -11.650215745977121
63.27700000061 -10.371061321577036
61.21585605001136 -9.144850595132953
59.15471209941272 -8.681058245281278
57.09356814881408 -10.903467336214721
55.03242419821544 -8.372124226677293
52.9712802476168 -8.708155019668657
50.91013629701815 -9.463058734557238
48.84899234641951 -7.769083698174121
46.787848395820866 -6.994429841905587
44.726704445222225 -8.154314914872344
42.665560494623584 -7.886108775253701
40.60441654402494 -3.4060007565658967
38.54327259342631 -3.448746711541389
36.48212864282767 0.07850918633036598
34.42098469222903 4.8931663660842455
32.359840741630386 5.094966590338817
30.29869679103174 14.757873500785438
28.237552840433104 24.365411207749162
26.17640888983446 30.315572574844804
24.11526493923582 41.3003994158686
22.05412098863718 55.25216021107694
19.992977038038543 60.59294345688209
17.9318330874399 73.64574217245773
15.870689136841259 85.41885919003586
13.809545186242618 93.18909206750975
11.748401235643978 99.47111121167679
9.687257285045336 102.95022452201592
7.626113334446696 102.9508433413768
5.564969383848055 97.61412503376066
3.5038254332494145 84.3474593743185
1.4426814826507737 66.01193690392034
-0.6184624679478673 56.41886464258178
-2.679606418546508 44.82541997909223
-4.7407503691451485 37.894774878113964
-6.8018943197437896 32.59051247491747
-8.863038270342429 29.46272429744943
-10.924182220941072 28.351042358969238
-12.985326171539711 21.984014465125135
-15.046470122138354 22.04659596391455
-17.107614072736993 17.150779172253877
-19.168758023335634 14.07725210822438
-21.229901973934272 11.98611088968674
-23.291045924532916 10.034385588863282
-25.35218987513156 7.670964079094303
-27.4133338257302 2.145830024736452
-29.47447777632884 1.620350538382809
-31.535621726927484 0.4850569866905934
-33.59676567752612 -0.773986336032266
-35.65790962812476 -0.47490176760915365
-37.719053578723404 0.22098603507524672
-39.780197529322045 0.5474406107293306
-41.841341479920686 -0.9838381771202297
-43.90248543051932 2.3472946776683834
-45.96362938111797 4.759758763885204
-48.02477333171661 5.23380392604732
-50.08591728231524 8.737208242625346
-52.147061232913885 11.401527073485914
-54.208205183512526 11.705800814485686
-56.26934913411117 20.947889163443993
-58.33049308470981 21.35182778684783
-60.39163703530844 29.33559105398276
-62.45278098590708 30.713143917094353
-64.51392493650573 31.57527250080606
-66.57506888710436 36.87427909572541
-68.636212837703 34.40909323161479
-70.69735678830165 34.10409123540328
-72.75850073890028 26.631729911014475
-74.81964468949894 21.605955042741876
-76.88078864009758 16.044770215717485
-78.94193259069623 10.208795617642187
-81.00307654129486 5.664914929771804
-83.0642204918935 4.124093821865247
-85.12536444249214 -0.6724650543453183
-87.18650839309078 -2.096484090993831
-89.24765234368942 -1.558691251447842
-91.30879629428806 -1.946037356881999
-93.3699402448867 -3.924659976694438
-95.43108419548534 -5.042954005054079
-97.49222814608397 -5.923770412276693
-99.55337209668264 -8.070556671679368
-101.61451604728127 -5.588633004836578
-103.6756599978799 -5.2236935147898125
-105.73680394847855 -4.112853951699469
-107.79794789907719 -6.729714185442869
-109.85909184967583 -6.323215967083921
-111.92023580027447 -5.067942628881711
-113.98137975087313 -6.1214234445210245
-116.04252370147177 -8.268830739852588
-118.1036676520704 -8.053583643685988
-120.16481160266905 -7.9331498887207825
-122.22595555326768 -7.0820287090210705
-124.28709950386633 -10.237213043681669
-126.34824345446496 -10.57512108814122
-128.4093874050636 -7.847556646546082
-130.47053135566225 -6.052824920711044
-132.53167530626087 -7.358036822033848
-134.5928192568595 -7.951640199126026
-136.6539632074582 -6.312766073291778
-138.7151071580568 -10.285795376383488
-140.77625110865546 -7.354466397999191
-142.83739505925408 -8.291075865880003
-144.89853900985273 -6.025572069267466
-146.95968296045137 -8.453242818790484
-149.02082691105002 -8.690838105264502
-151.08197086164864 -7.635885274869869
-153.1431148122473 -8.088020803733615
-155.20425876284594 -9.535978550752077
-157.2654027134446 -8.400458705230335
-159.3265466640432 -5.812860945625383
-161.38769061464185 -8.349111061329042
-163.44883456524047 -8.407288659616631
-165.50997851583915 -8.259940545625932
-167.57112246643777 -4.865935867202262
-169.63226641703642 -7.266480641532193
-171.69341036763507 -8.950455365993731
-173.7545543182337 -6.888272899599108
-175.81569826883236 -6.08432499167134
-177.87684221943098 -7.580660311726837
-179.93798617002963 -5.678191073278317
-181.99913012062825 -6.2048754706363525
-184.06027407122693 -8.154566280501456
-186.12141802182555 -7.110031706388282
-188.1825619724242 -8.635687044975956
-190.24370592302282 -6.9852861509434225
-192.30484987362146 -7.050580100002609
-194.3659938242201 -8.53100789593903
-196.42713777481876 -7.565641332385311
-198.48828172541735 -8.127918232938343
-200.549425676016 -5.712869185001228
-202.61056962661465 -6.106335240953088
-204.6717135772133 -9.158673340760778
-206.73285752781192 -2.085601228400461
-208.79400147841056 -6.089017998670915
-210.85514542900924 -5.795424356290788
-212.91628937960786 -5.378447982275983
-214.9774333302065 -5.197921379018401
-217.03857728080513 -7.267890544604003
-219.09972123140378 -7.391641399320505
-221.16086518200242 -7.487315231558191
-223.22200913260107 -5.611254159241917
-225.2831530831997 -4.626328173424699
-227.34429703379834 -5.430275860122046
-229.40544098439696 -7.798391895922421
-231.46658493499564 -5.841406408099312
-233.52772888559426 -5.12982437058123
-235.5888728361929 -0.9819039151804937
-237.65001678679153 -3.709821043520593
-239.7111607373902 -4.918690599574121
-241.77230468798882 -5.994774789160732
