# BEGINHEADER
# This file contains data from the SALSA 2m radio telescope.
# DATE=2024-01-31T12:05:0014
# GLON and GLAT given in degrees
# GLON=41.78038479594425
# GLAT=-30.66086088838666
# DATA in two columns below. Col. 1 is velocity relative to LSR [km/s]. Col. 2 is uncalibrated antenna temperature [K].
# ENDHEADER
2384.916248193619 18.41649084929591
2382.855104243021 37.806484939297675
2380.793960292422 33.64806838012263
2378.7328163418238 36.86984964419976
2376.671672391225 36.23085364424787
2374.6105284406262 38.17384492580646
2372.5493844900275 38.57608023393619
2370.488240539429 40.34998267403289
2368.4270965888304 42.8260713105123
2366.365952638232 44.678367654790165
2364.304808687633 46.16214364664491
2362.2436647370346 48.31634394605119
2360.182520786436 50.868572515632145
2358.1213768358375 52.73516724439337
2356.0602328852387 55.32864575032111
2353.99908893464 57.37500439846565
2351.937944984041 59.35082382830352
2349.876801033443 61.36198730112628
2347.815657082844 63.417999326020436
2345.754513132246 65.09849992716642
2343.6933691816466 66.67409566937566
2341.6322252310483 69.00474949915304
2339.5710812804496 70.01776282275831
2337.5099373298513 71.5624968165248
2335.4487933792525 73.09837852284508
2333.3876494286537 74.1726035527415
2331.326505478055 74.80870179763888
2329.2653615274567 75.49527446835765
2327.204217576858 77.19898199494739
2325.1430736262596 76.90223475371198
2323.08192967566 78.64586324232985
2321.0207857250616 80.19594264573034
2318.959641774463 79.18816583620524
2316.8984978238645 80.21665202615524
2314.837353873266 81.20889187253478
2312.776209922667 81.61241896650161
2310.7150659720683 81.90824087236977
2308.65392202147 81.92305311954055
2306.592778070871 81.90608210328793
2304.531634120273 82.69363449990084
2302.4704901696737 82.48430556934142
2300.4093462190754 82.88631878814964
2298.3482022684766 83.1513870258022
2296.2870583178783 82.56969408272509
2294.2259143672795 83.75934554494559
2292.1647704166808 84.25377469553882
2290.103626466082 84.43396399092063
2288.0424825154837 84.40271994309083
2285.981338564885 83.43635913592665
2283.9201946142866 84.07964800834093
2281.8590506636874 84.20468858605751
2279.797906713089 84.60006108526437
2277.7367627624903 85.13339914565763
2275.675618811892 85.89824165709246
2273.6144748612933 85.831913829394
2271.5533309106945 85.57170337909477
2269.4921869600958 85.29730907878574
2267.4310430094974 86.02226838209725
2265.3698990588987 86.50632235491742
2263.3087551083 85.9782970658407
2261.247611157701 86.24382927534006
2259.1864672071024 86.92141283325334
2257.1253232565036 86.53729866005307
2255.0641793059053 87.00062053340096
2253.0030353553066 86.76655541841116
2250.941891404708 86.19999851176811
2248.880747454109 87.30717735131653
2246.8196035035107 86.93896685795454
2244.758459552912 87.14111019029771
2242.697315602313 87.38589905361184
2240.6361716517144 87.09688039795049
2238.575027701116 88.01061702378679
2236.5138837505174 87.37788394298342
2234.452739799919 88.19917200061349
2232.3915958493203 87.64047682419954
2230.3304518987215 88.55985152975816
2228.269307948123 87.85929261868985
2226.2081639975245 87.7839074901516
2224.1470200469257 87.75259840581344
2222.085876096327 88.88950220802673
2220.024732145728 88.64238353857282
2217.96358819513 88.80551064433969
2215.902444244531 88.55537200024118
2213.841300293933 87.99575003308875
2211.780156343334 88.56261329375614
2209.7190123927353 87.69367132446025
2207.6578684421365 89.7690910427425
2205.596724491538 93.78810454117573
2203.5355805409395 88.23642910248046
2201.4744365903407 89.48834534693536
2199.413292639742 87.96400912798784
2197.3521486891436 89.04340017841002
2195.2910047385444 89.13281323730956
2193.229860787946 89.69185608728131
2191.1687168373473 88.94938730561155
2189.1075728867486 89.5981550759099
2187.04642893615 88.83787623691599
2184.9852849855515 88.69141746912092
2182.9241410349528 89.13245618356792
2180.862997084354 89.30029301559401
2178.8018531337552 89.83786828842845
2176.740709183157 89.16690884932265
2174.679565232558 89.1012778222113
2172.61842128196 89.12149232998544
2170.557277331361 89.93517203318216
2168.4961333807623 89.53467000591907
2166.4349894301636 89.7792934826444
2164.3738454795653 88.72497295878657
2162.3127015289665 89.36487508522013
2160.2515575783677 89.48597334353732
2158.190413627769 89.44744109246118
2156.1292696771707 90.07805569222057
2154.068125726572 89.78711715887697
2152.0069817759736 90.72510771776805
2149.945837825375 91.39834379547163
2147.884693874776 89.12090388955534
2145.8235499241773 89.15453545569184
2143.762405973579 88.83613856182411
2141.7012620229802 89.60073565326113
2139.6401180723815 90.86099671589105
2137.5789741217827 90.89325456837555
2135.5178301711844 91.40449123957569
2133.456686220585 89.51611646410093
2131.395542269987 90.42074627703616
2129.334398319388 90.2055025154228
2127.2732543687894 89.98146425102517
2125.2121104181906 90.50253875694774
2123.1509664675923 92.33222161904929
2121.0898225169935 94.323031231219
2119.028678566395 91.77904355404654
2116.967534615796 90.15538716947235
2114.9063906651977 90.28655998346515
2112.845246714599 89.57834014769715
2110.7841027640006 89.23365388923494
2108.722958813402 90.52411762398188
2106.661814862803 91.30324636294615
2104.6006709122044 89.63593492053629
2102.539526961606 90.34397486490128
2100.4783830110073 89.7184354266947
2098.4172390604085 89.79407884185396
2096.3560951098098 89.70696688262508
2094.2949511592115 90.75694199584197
2092.2338072086127 90.47871066689137
2090.172663258014 89.66026709689889
2088.111519307415 89.90605319186841
2086.050375356817 89.24821641723182
2083.989231406218 89.1949165998953
2081.92808745562 89.73117358626915
2079.8669435050206 90.69567823320963
2077.8057995544223 89.66479314608121
2075.7446556038235 88.89384899411408
2073.683511653225 88.62181444515014
2071.622367702626 89.08259387243321
2069.5612237520277 88.63677074051019
2067.500079801429 89.20189652800279
2065.43893585083 89.9594460085307
2063.3777919002314 89.69964324798251
2061.316647949633 88.68370809945725
2059.2555039990343 90.97663868413045
2057.194360048436 87.14511535841332
2055.1332160978372 91.90168477047932
2053.0720721472385 86.19917676458977
2051.0109281966397 119.02856973314526
2048.9497842460414 103.46186735664641
2046.8886402954424 84.1275044746075
2044.827496344844 91.65417254956527
2042.7663523942451 87.13651065759503
2040.7052084436468 89.04130145184938
2038.6440644930478 88.45131072746307
2036.5829205424495 90.4159816018912
2034.5217765918508 87.43411692521316
2032.4606326412522 87.8110635783716
2030.3994886906535 88.49380992547027
2028.338344740055 88.54949989331357
2026.2772007894562 87.4408247184649
2024.2160568388574 89.00352738295543
2022.1549128882587 89.06662850391785
2020.0937689376603 88.3985623454275
2018.0326249870614 87.07183511788753
2015.971481036463 87.45292496251612
2013.9103370858643 86.96933659553906
2011.8491931352658 86.65713963252088
2009.788049184667 87.7567594796977
2007.7269052340685 87.929883264715
2005.6657612834697 86.93506260430055
2003.6046173328712 87.34932736472197
2001.5434733822724 88.1100375256968
1999.482329431674 86.9125673844028
1997.421185481075 86.47195195324794
1995.3600415304768 86.28979824477688
1993.2988975798778 87.22123431323584
1991.2377536292793 86.59227309875766
1989.1766096786805 86.11031650920056
1987.115465728082 86.32929835960945
1985.0543217774832 86.39838798078426
1982.9931778268847 85.2134311853157
1980.932033876286 84.70816464200402
1978.8708899256876 85.88447004156353
1976.8097459750886 85.79653390589581
1974.7486020244903 85.94052967208341
1972.6874580738915 85.91776481065347
1970.626314123293 84.53039569685656
1968.5651701726943 83.84832078202469
1966.5040262220957 83.58330699445538
1964.442882271497 84.83078724014706
1962.3817383208982 83.79530686543693
1960.3205943702994 84.46100187594973
1958.2594504197011 84.34542864764288
1956.1983064691021 84.35164223831438
1954.1371625185038 83.5363568249985
1952.076018567905 84.14672884215119
1950.0148746173065 82.82083588405214
1947.9537306667078 82.79012141181418
1945.8925867161092 83.21548180345835
1943.8314427655105 81.8490263428604
1941.770298814912 81.94258716536568
1939.7091548643132 81.98997283433799
1937.6480109137149 82.54500698101536
1935.5868669631159 81.43459256465066
1933.5257230125176 81.48817288627846
1931.4645790619188 81.31337895719824
1929.40343511132 81.51942915693492
1927.3422911607213 80.8276827524405
1925.2811472101228 80.18376189624975
1923.220003259524 80.72524321447801
1921.1588593089255 79.31125955984693
1919.0977153583267 78.19753821929615
1917.0365714077284 77.90500037404877
1914.9754274571294 77.13826481588777
1912.914283506531 76.20399670313584
1910.8531395559323 75.04148102435397
1908.7919956053338 74.08669273156968
1906.730851654735 72.73347478028185
1904.6697077041365 71.74950783873416
1902.6085637535377 70.32874432442325
1900.5474198029392 68.65087288321017
1898.4862758523402 67.15008602837996
1896.425131901742 65.86861284450433
1894.363987951143 63.61100361558027
1892.3028440005446 61.119661405405445
1890.2417000499458 59.025252123932084
1888.1805560993473 57.56115889829851
1886.1194121487486 55.570911769237
1884.05826819815 53.04070170161333
1881.9971242475513 50.41440704251155
1879.9359802969527 48.957332606567036
1877.874836346354 46.684434638112116
1875.8136923957554 44.682705307269536
1873.7525484451567 42.8210863879298
1871.6914044945584 41.05156453457242
1869.6302605439596 39.22758626944554
1867.5691165933608 38.433863161649754
1865.507972642762 36.48142120160371
1863.4468286921635 36.94397271100286
1861.3856847415648 33.89822813602322
1859.3245407909662 37.89700248558612
