# BEGINHEADER
# This file contains data from the SALSA 2m radio telescope.
# DATE=2024-01-31T11:59:0044
# GLON and GLAT given in degrees
# GLON=32.853922444564056
# GLAT=-33.31020037812501
# DATA in two columns below. Col. 1 is velocity relative to LSR [km/s]. Col. 2 is uncalibrated antenna temperature [K].
# ENDHEADER
2384.9728215812906 38.79684131615237
2382.9116776306923 78.98369003359218
2380.850533680093 69.95379882378805
2378.789389729495 76.65746798165382
2376.728245778896 75.14977812600782
2374.6671018282977 79.27015356743622
2372.605957877699 80.64669358398164
2370.5448139271 85.57415773258596
2368.4836699765015 88.30709142132235
2366.422526025903 93.88321164851034
2364.3613820753044 96.66866480034487
2362.300238124706 101.40334722443316
2360.239094174107 106.62555683592025
2358.1779502235086 109.52238015594752
2356.1168062729093 113.78400494372511
2354.055662322311 119.94244240025851
2351.9945183717123 123.22787905716746
2349.9333744211135 128.38145876174914
2347.8722304705148 131.8555743181398
2345.8110865199164 135.1515074711171
2343.7499425693177 138.11577483336185
2341.6887986187194 143.52444381190938
2339.62765466812 146.07159887477025
2337.566510717522 149.4358826556578
2335.505366766923 150.99331750583843
2333.444222816325 153.45681991161052
2331.383078865726 157.33226760449818
2329.3219349151273 159.0393080634507
2327.2607909645285 161.5925429667382
2325.19964701393 162.4770992567707
2323.1385030633314 164.10506141700142
2321.077359112733 164.33010352388857
2319.016215162134 166.37366986868375
2316.9550712115356 167.19519989981953
2314.893927260937 167.92518524392
2312.8327833103385 168.81155440177156
2310.7716393597398 169.74836673605515
2308.710495409141 169.46592650374865
2306.6493514585422 171.56512830648512
2304.588207507944 172.68929641194103
2302.527063557345 172.68450590299054
2300.465919606747 173.31280751472724
2298.4047756561476 172.3135412900015
2296.3436317055493 173.2997172109118
2294.28248775495 173.45780141335507
2292.221343804352 174.50158760722837
2290.160199853753 174.06618919543752
2288.0990559031543 174.38487275667552
2286.0379119525555 174.51563585856283
2283.976768001957 174.1865668383971
2281.9156240513585 174.84533016331122
2279.85448010076 177.59941522316475
2277.793336150161 175.76649992121196
2275.7321921995626 178.15980956041943
2273.671048248964 178.7451826698993
2271.6099042983656 178.1550075950443
2269.548760347767 178.2738670522867
2267.487616397168 178.0539020546576
2265.4264724465693 178.97308038067354
2263.365328495971 179.25503685757366
2261.304184545372 179.43314944206315
2259.243040594774 180.44831096573006
2257.1818966441747 181.60502183562534
2255.1207526935764 180.48480443327122
2253.0596087429776 180.41298773996135
2250.9984647923793 181.00176928191843
2248.9373208417805 179.85917624151844
2246.876176891182 181.52179879160445
2244.815032940583 182.95243746627736
2242.7538889899847 179.70988869012484
2240.692745039386 182.78279128690352
2238.6316010887876 183.02758470915566
2236.5704571381884 181.99770211708417
2234.50931318759 181.8560512307133
2232.4481692369914 184.1565319317267
2230.3870252863926 182.16900355447106
2228.325881335794 181.70985359371753
2226.264737385195 184.94799259458284
2224.2035934345963 181.31277821754068
2222.142449483998 182.60998245492476
2220.0813055333992 183.0735853229326
2218.020161582801 182.7998691017147
2215.9590176322017 184.11076768969565
2213.8978736816034 184.37587952340382
2211.8367297310047 185.657635167469
2209.7755857804063 184.67627782274897
2207.7144418298076 185.76478779107723
2205.653297879209 189.47476126964904
2203.59215392861 184.52185214453627
2201.5310099780118 184.3024434353016
2199.469866027413 184.72556819292475
2197.4087220768147 185.50131424910074
2195.3475781262155 185.69599637299
2193.286434175617 186.40365562568408
2191.2252902250184 185.67279665786458
2189.16414627442 186.89800409573027
2187.1030023238213 186.39803165087218
2185.0418583732226 186.08706623162027
2182.980714422624 186.02362156190037
2180.9195704720255 186.25185625744444
2178.8584265214267 186.239981201031
2176.797282570828 186.71402865147428
2174.736138620229 188.83093939193637
2172.674994669631 186.84277202154487
2170.613850719032 186.88910659468354
2168.5527067684334 186.37045735861784
2166.4915628178346 186.35676422215042
2164.430418867236 184.95902566674243
2162.369274916637 188.4212637664743
2160.308130966039 185.2014755590223
2158.24698701544 184.99769343417393
2156.1858430648413 186.11677354755466
2154.1246991142425 186.32919027531946
2152.063555163644 187.55856670970286
2150.0024112130454 185.96842800088498
2147.941267262447 187.72024716300012
2145.8801233118484 186.6974347845067
2143.8189793612496 187.49612758114446
2141.757835410651 185.4583009434487
2139.6966914600525 186.5804454063398
2137.6355475094538 187.96024569782875
2135.574403558855 189.17827720789697
2133.5132596082562 184.87945751815116
2131.452115657658 186.32642260692145
2129.390971707059 187.4138489378742
2127.329827756461 187.45138596371032
2125.268683805862 189.1140594640977
2123.2075398552633 188.61981537208828
2121.1463959046646 186.28029895918024
2119.0852519540663 188.47510723194972
2117.0241080034675 188.05678494438786
2114.9629640528688 188.4419607269575
2112.90182010227 188.32064515757276
2110.8406761516717 186.66456408386597
2108.779532201073 189.11280178669026
2106.7183882504746 188.35163457317552
2104.6572442998754 184.93375526925647
2102.5961003492766 185.47072394582221
2100.534956398678 184.8582246377962
2098.4738124480796 185.44357285207235
2096.412668497481 184.88723477389394
2094.3515245468825 187.02155661527544
2092.2903805962837 184.6591259244187
2090.229236645685 184.67731093003368
2088.168092695086 187.47100167024172
2086.106948744488 186.29723732224258
2084.045804793889 186.95973852644
2081.984660843291 185.81523625018139
2079.9235168926916 189.74275551663874
2077.8623729420933 187.44863934613062
2075.8012289914946 183.8976713415341
2073.740085040896 188.18482939590947
2071.678941090297 186.43391575089197
2069.6177971396987 186.51163621133364
2067.5566531891 185.24732877425663
2065.495509238501 186.49507468223692
2063.4343652879024 186.8297761423998
2061.373221337304 184.51284255682936
2059.3120773867054 184.82316330024378
2057.250933436107 185.31906245701583
2055.1897894855083 187.45539142015272
2053.1286455349095 178.9644479210182
2051.067501584311 222.82147400131308
2049.0063576337125 200.19666219054304
2046.9452136831135 179.93683956236057
2044.884069732515 187.58384446831744
2042.8229257819162 183.21330235596875
2040.7617818313176 185.37616552767759
2038.700637880719 183.47762083568554
2036.6394939301206 186.06929078011876
2034.5783499795218 183.31979314677545
2032.5172060289233 181.8408077553695
2030.4560620783245 183.39047245597618
2028.394918127726 181.91536009934683
2026.333774177127 183.6978327442651
2024.2726302265285 183.8915028790245
2022.2114862759297 185.02443379901518
2020.1503423253312 182.12394090929016
2018.0891983747324 182.2915456853202
2016.028054424134 181.59266075140457
2013.9669104735353 180.94290774279725
2011.9057665229368 181.47208731099383
2009.844622572338 181.93323300644394
2007.7834786217395 182.07253102883814
2005.7223346711407 182.5781019229404
2003.6611907205422 181.56059507524947
2001.6000467699434 179.56010241163153
1999.538902819345 180.5421989719626
1997.477758868746 181.37008208295475
1995.4166149181476 180.73309446417906
1993.3554709675486 181.7647842810903
1991.2943270169503 180.2901848349607
1989.2331830663516 179.43260939316102
1987.172039115753 177.5668974744259
1985.1108951651543 178.8502688631679
1983.0497512145557 179.00774555957486
1980.988607263957 177.6377230589581
1978.9274633133584 179.3942574216541
1976.8663193627597 176.95044035614208
1974.8051754121614 177.2272434527878
1972.7440314615624 177.54958818069693
1970.682887510964 175.59144475807943
1968.6217435603653 177.29806956847722
1966.5605996097668 174.87437264163805
1964.4994556591678 176.10911951339955
1962.4383117085692 176.72123964581434
1960.3771677579705 176.569380327775
1958.316023807372 174.51479764415834
1956.2548798567732 174.25703775138908
1954.1937359061749 174.47211518025216
1952.132591955576 173.77853113781015
1950.0714480049776 174.00994638281443
1948.0103040543788 173.39190621844412
1945.9491601037803 171.70464263638416
1943.8880161531815 173.29434988788623
1941.826872202583 171.4255063772918
1939.7657282519842 172.43166287283634
1937.7045843013857 172.73426513076515
1935.643440350787 170.35780129090955
1933.5822964001884 169.6303417190817
1931.5211524495894 168.5905109598559
1929.460008498991 168.05548434350513
1927.3988645483923 167.88536305001273
1925.3377205977938 166.18140900718606
1923.276576647195 165.5855691518529
1921.2154326965965 163.96511280518087
1919.1542887459977 163.37384768346396
1917.0931447953992 160.35854385438296
1915.0320008448005 160.10331743180126
1912.9708568942021 159.38220106209613
1910.9097129436032 156.33230274065838
1908.8485689930048 154.27584193627055
1906.787425042406 152.5547265634421
1904.7262810918076 150.54783537276907
1902.6651371412086 146.0117668607884
1900.60399319061 141.391326251101
1898.5428492400113 139.99228979509328
1896.4817052894127 136.20171585223923
1894.420561338814 131.8675155804731
1892.3594173882157 128.4923499004267
1890.2982734376167 123.97616548610725
1888.2371294870184 120.38348121417044
1886.1759855364196 114.27906527937726
1884.114841585821 111.19286779452901
1882.0536976352223 105.8600344112439
1879.9925536846238 101.67213193993344
1877.931409734025 97.67050369252274
1875.8702657834265 92.64778608105824
1873.8091218328277 88.88351659246345
1871.7479778822294 85.48685435257755
1869.6868339316302 81.29933449811755
1867.6256899810319 80.02486336688649
1865.5645460304331 75.56191685467982
1863.5034020798346 77.40177185038749
1861.4422581292358 70.50166121399856
1859.3811141786373 78.68201296123918
