# BEGINHEADER
# This file contains data from the SALSA 2m radio telescope.
# DATE=2024-01-31T11:17:0059
# GLON and GLAT given in degrees
# GLON=25.49015832026348
# GLAT=-25.130218113807143
# DATA in two columns below. Col. 1 is velocity relative to LSR [km/s]. Col. 2 is uncalibrated antenna temperature [K].
# ENDHEADER
2391.588414751735 17.966339600849555
2389.527270801136 36.80882503580601
2387.466126850538 32.7419949091829
2385.404982899939 35.894939370421916
2383.343838949341 35.34573435943144
2381.282694998742 37.76866627927882
2379.2215510481433 37.94584985657674
2377.1604070975445 40.060948599240426
2375.099263146946 41.39000755113481
2373.0381191963475 44.095094964047945
2370.9769752457487 45.89177010095314
2368.91583129515 47.579032401904215
2366.8546873445516 49.65793505199112
2364.793543393953 51.383262598723725
2362.7323994433546 54.07330711307498
2360.671255492756 55.89874762144802
2358.610111542157 57.848688234237514
2356.5489675915583 59.5822291529662
2354.48782364096 62.372035002547776
2352.426679690361 63.73584572207569
2350.3655357397624 65.14355541961768
2348.3043917891637 67.57465092312043
2346.2432478385654 69.1802522772865
2344.1821038879666 71.354273801924
2342.1209599373683 71.71287666410632
2340.0598159867695 73.15763034528355
2337.9986720361703 73.6404597849536
2335.9375280855716 75.12479734018277
2333.8763841349733 75.93533985852801
2331.8152401843745 76.53664233610765
2329.7540962337757 76.63444424110963
2327.692952283177 77.41960370252312
2325.6318083325787 78.45407031500646
2323.57066438198 79.4255265519972
2321.5095204313816 79.13109489761182
2319.4483764807824 78.92346305284342
2317.387232530184 78.980216425307
2315.3260885795853 80.03432422384542
2313.264944628987 80.28108777986809
2311.2038006783882 80.46287381178142
2309.1426567277895 79.80684842095951
2307.0815127771907 80.73575597239527
2305.0203688265924 81.75997804463003
2302.9592248759936 80.94146276704167
2300.8980809253953 80.56912709175089
2298.836936974796 82.34257370339586
2296.775793024198 82.2248426144977
2294.714649073599 81.20479577289554
2292.6535051230007 82.58595089995187
2290.592361172402 82.89829861555307
2288.531217221803 83.03030125028673
2286.4700732712045 82.54798511086263
2284.408929320606 82.41069446100836
2282.3477853700074 83.40775967964478
2280.286641419409 83.9078462017396
2278.22549746881 82.90775887983413
2276.1643535182116 83.88961186620661
2274.1032095676123 84.26207978788686
2272.042065617014 84.19622962404888
2269.9809216664153 84.2507214939305
2267.9197777158165 84.30670649498794
2265.8586337652177 84.59202204124851
2263.7974898146194 84.81238422895733
2261.7363458640207 85.09501071151897
2259.6752019134224 84.56486941194687
2257.614057962823 84.69308264353154
2255.552914012225 85.05552076235807
2253.491770061626 85.3169871079473
2251.430626111028 85.23452900570997
2249.369482160429 85.78037896076107
2247.3083382098303 85.79712095517513
2245.2471942592315 86.2783294622331
2243.186050308633 85.65515698431604
2241.1249063580344 85.35262366634456
2239.063762407436 85.82556948434151
2237.002618456837 86.2057430858362
2234.9414745062386 85.83409485403907
2232.88033055564 86.37776387837098
2230.8191866050415 86.35253753383775
2228.7580426544428 86.42821943028203
2226.696898703844 86.60073695082177
2224.6357547532452 85.6474795039322
2222.574610802647 86.01376825207046
2220.513466852048 86.60297683930865
2218.45232290145 86.6369813695793
2216.3911789508506 86.61303340592258
2214.3300350002523 88.23367699821186
2212.268891049653 91.07988929556231
2210.207747099055 86.19255225716375
2208.146603148456 87.2961676616837
2206.0854591978573 86.65421184660315
2204.0243152472585 86.7986641113463
2201.96317129666 87.70511218923231
2199.9020273460615 87.34171593252229
2197.840883395463 86.83385394679934
2195.779739444864 86.89447984066732
2193.7185954942656 87.79932445799648
2191.657451543667 87.06514795172752
2189.5963075930686 87.18235883531804
2187.53516364247 87.19762445462071
2185.474019691871 87.34499854577125
2183.4128757412723 87.19254913191203
2181.351731790674 87.06279053152504
2179.290587840075 87.21730195276237
2177.229443889477 87.20001623055327
2175.1682999388777 88.00451700420332
2173.1071559882794 87.51560037978949
2171.0460120376806 87.30041177180496
2168.9848680870823 87.62702669623101
2166.9237241364835 87.68540400876569
2164.862580185885 87.93145048640201
2162.801436235286 87.917683789492
2160.7402922846877 87.71937509639884
2158.679148334089 88.50205890270809
2156.6180043834906 88.38407053772967
2154.5568604328914 88.411052550881
2152.495716482293 87.70671055982228
2150.434572531694 87.32665443361745
2148.3734285810956 88.13328649026522
2146.312284630497 87.51216641280017
2144.251140679898 88.47769825002445
2142.1899967292993 88.43222354421398
2140.128852778701 87.27942268976922
2138.0677088281022 88.60634914276982
2136.0065648775035 88.00937406868324
2133.9454209269047 88.2525477737719
2131.8842769763064 88.57780390461642
2129.8231330257076 89.92923218635681
2127.7619890751093 92.3806405985363
2125.7008451245106 89.75450931212465
2123.639701173912 89.47555006384489
2121.578557223313 88.1668317034671
2119.5174132727147 88.34787722647258
2117.456269322116 88.60826339761624
2115.395125371517 87.68299238916734
2113.3339814209185 88.34182391406304
2111.27283747032 87.70717588231476
2109.2116935197214 88.1533832142182
2107.150549569123 87.54844787579827
2105.0894056185243 87.60257275036606
2103.0282616679256 87.21079370482649
2100.967117717327 88.98883897167659
2098.9059737667285 88.22207401577548
2096.8448298161297 86.46491646431414
2094.783685865531 87.17421704746505
2092.722541914932 87.37462545804962
2090.661397964334 87.61497401368753
2088.600254013735 87.02509741262614
2086.5391100631364 88.19458118964046
2084.4779661125376 88.27661154043776
2082.4168221619393 86.98766951075802
2080.35567821134 86.76375886523016
2078.294534260742 86.35516506209228
2076.233390310143 86.58456104849012
2074.1722463595447 86.75211984318544
2072.111102408946 87.2394662623577
2070.049958458347 87.2358517655717
2067.9888145077484 86.30967513464601
2065.92767055715 87.5030986316427
2063.8665266065514 85.60105751990663
2061.805382655953 88.50007985140572
2059.744238705354 84.91490702476456
2057.6830947547555 114.74688337469739
2055.6219508041568 97.87749775848435
2053.560806853558 82.98966534783035
2051.4996629029592 87.50203995389381
2049.438518952361 85.46691131350072
2047.3773750017622 86.30857015151406
2045.3162310511636 86.21399239135725
2043.2550871005649 89.02127909268887
2041.1939431499666 85.84882936571489
2039.1327991993674 85.69435269002413
2037.071655248769 86.0338041551889
2035.0105112981703 85.29619508074735
2032.9493673475718 85.93873663391848
2030.888223396973 86.28234395518515
2028.8270794463745 86.48506280597127
2026.7659354957757 85.95824391971765
2024.7047915451772 84.41198018723236
2022.6436475945784 84.99646666231513
2020.58250364398 85.21762518002481
2018.521359693381 83.87298450797915
2016.4602157427828 84.4953316836661
2014.399071792184 85.5901370496287
2012.3379278415855 84.02221245484638
2010.2767838909867 84.87160773436264
2008.215639940388 84.5720474927593
2006.1544959897892 84.46748842724386
2004.0933520391907 83.67535682908212
2002.032208088592 84.53483944832054
1999.9710641379934 85.11256960716527
1997.9099201873946 84.60734120959333
1995.8487762367963 84.19719045354081
1993.7876322861975 83.80822268447643
1991.726488335599 83.88932395269985
1989.6653443850003 83.70726897272476
1987.6042004344017 83.72265212670702
1985.543056483803 84.84197097196515
1983.4819125332044 82.36904174430697
1981.4207685826057 82.51138529625725
1979.3596246320071 82.7533145629827
1977.2984806814081 82.02982242091441
1975.2373367308098 82.43385069538948
1973.176192780211 82.32708213202426
1971.1150488296125 82.50358135765292
1969.0539048790138 82.43278581446046
1966.9927609284152 81.73743314029761
1964.9316169778165 81.40898082761503
1962.870473027218 81.66328109760585
1960.8093290766192 81.17982278008421
1958.7481851260206 81.76848715219869
1956.6870411754219 81.02375036337007
1954.6258972248236 80.32025297220791
1952.5647532742248 80.49307393908532
1950.5036093236263 81.05072706678644
1948.4424653730275 79.58622458365969
1946.3813214224288 79.66884862128879
1944.32017747183 80.11094924203803
1942.2590335212315 79.66893241329733
1940.1978895706327 78.67217753566544
1938.1367456200342 78.01349711319169
1936.0756016694354 78.57469966891168
1934.014457718837 77.67315561361777
1931.953313768238 77.28353723437338
1929.8921698176398 77.55590311390904
1927.831025867041 76.36716785009817
1925.7698819164425 76.35700728878766
1923.7087379658437 75.13723730237628
1921.6475940152452 75.36231653435868
1919.5864500646464 74.02266853736629
1917.525306114048 72.99680469670734
1915.464162163449 72.4512624756555
1913.4030182128506 71.24100354719857
1911.3418742622516 69.5717240652011
1909.2807303116533 69.03474704860187
1907.2195863610546 67.73085864818522
1905.158442410456 64.97434877171054
1903.0972984598573 63.473877891862514
1901.0361545092587 61.71511746767397
1898.97501055866 59.368645425359446
1896.9138666080614 57.86944893952734
1894.8527226574627 55.48626885401592
1892.7915787068644 53.68004910778537
1890.7304347562654 51.64674065021486
1888.669290805667 49.73833031069726
1886.6081468550683 47.1814383840001
1884.5470029044698 44.72571056469457
1882.4858589538708 43.31290089181795
1880.4247150032722 41.26975832981186
1878.3635710526735 39.955175820373626
1876.302427102075 38.299553899658314
1874.2412831514762 37.157817447860914
1872.1801392008779 35.45762913605685
1870.1189952502789 35.3587731516158
1868.0578512996806 32.78494052348309
1865.9967073490818 36.877278652452404
