# BEGINHEADER
# This file contains data from the SALSA 2m radio telescope.
# DATE=2024-01-31T11:53:0059
# GLON and GLAT given in degrees
# GLON=24.59591616699661
# GLAT=-35.30260102034131
# DATA in two columns below. Col. 1 is velocity relative to LSR [km/s]. Col. 2 is uncalibrated antenna temperature [K].
# ENDHEADER
2384.719507394342 86.01828413759344
2382.6583634437434 177.8521833432882
2380.5972194931446 156.9131179612362
2378.536075542546 174.2443327749564
2376.4749315919476 169.72479184299178
2374.413787641349 181.25109844557647
2372.3526436907505 185.24156538739163
2370.2914997401513 192.9585972352545
2368.230355789553 201.08926499057927
2366.169211838954 207.74410502954416
2364.108067888356 216.76711079637658
2362.046923937757 229.72088761108537
2359.9857799871584 240.4550361119305
2357.9246360365596 251.0589704939491
2355.8634920859613 259.4057922541266
2353.8023481353625 269.70179654650315
2351.7412041847642 279.7325484399912
2349.680060234165 287.9417345110236
2347.6189162835667 296.52060396757474
2345.557772332968 305.5656516715956
2343.4966283823696 317.3166539629266
2341.435484431771 321.6046968509303
2339.374340481172 331.9030538880526
2337.313196530573 339.8755813599858
2335.2520525799746 342.91140326290406
2333.190908629376 352.48598987103827
2331.129764678777 354.21382602403406
2329.0686207281783 354.29338032729015
2327.00747677758 363.5438898595847
2324.9463328269812 368.02664255406336
2322.885188876383 371.5306687839603
2320.824044925784 375.69174652016943
2318.7629009751854 373.74654809748523
2316.7017570245866 375.8184466862094
2314.6406130739883 382.60567098105383
2312.5794691233896 383.0324948924265
2310.518325172791 383.91389067509607
2308.457181222192 383.49619522298696
2306.3960372715937 384.0028653846111
2304.334893320995 384.98155586683777
2302.2737493703967 388.706330989713
2300.212605419798 395.37236173117907
2298.151461469199 391.8463634242951
2296.0903175186004 392.19274796010586
2294.029173568002 388.8481538494218
2291.9680296174033 395.07207560457744
2289.9068856668046 395.292326645672
2287.845741716206 396.1802161742487
2285.7845977656075 397.17554114464565
2283.7234538150087 397.8520384841247
2281.6623098644104 396.19027534083324
2279.6011659138117 397.49285260543076
2277.540021963213 400.1110050103284
2275.478878012614 399.5978665356097
2273.4177340620154 400.801112338594
2271.3565901114166 401.8150991902212
2269.295446160818 401.3967718353495
2267.234302210219 402.6443107417392
2265.173158259621 406.3263750918884
2263.112014309022 405.07898286490166
2261.0508703584237 403.32679446556506
2258.989726407825 403.7477500295909
2256.928582457226 407.2325390418585
2254.8674385066274 406.72991794707417
2252.806294556029 406.9946311095328
2250.7451506054304 405.25222241886195
2248.6840066548316 409.37087609787426
2246.622862704233 411.68503889053954
2244.5617187536345 407.9175084819735
2242.5005748030358 410.45176879306626
2240.4394308524375 409.083197807717
2238.3782869018387 412.1217907845351
2236.31714295124 413.64987694251676
2234.255999000641 411.343382266917
2232.194855050043 409.4278052668374
2230.133711099444 414.21681880917095
2228.0725671488453 414.92963020495824
2226.0114231982466 412.9818739477042
2223.9502792476483 416.50006907559975
2221.8891352970495 418.9974175095228
2219.827991346451 417.3902043906734
2217.7668473958524 417.56561706329853
2215.7057034452537 418.2450278491988
2213.644559494655 417.6102576034365
2211.5834155440566 419.09122256890487
2209.5222715934574 418.4770678647869
2207.4611276428586 420.0806165558091
2205.39998369226 421.19024091456765
2203.3388397416616 419.5325174702499
2201.277695791063 414.6176182186199
2199.2165518404645 416.49837881314113
2197.1554078898657 416.3609929938162
2195.094263939267 416.97972444998874
2193.033119988668 418.6310584937811
2190.97197603807 417.7392709605258
2188.910832087471 420.57019486678405
2186.8496881368724 416.1275840945188
2184.7885441862736 416.4356881868371
2182.7274002356753 415.25185642249534
2180.6662562850765 418.35351137050213
2178.6051123344782 427.1875159317163
2176.5439683838795 419.0264437129635
2174.4828244332807 425.0159064796288
2172.421680482682 424.52015102575797
2170.3605365320836 418.5099347326739
2168.299392581485 423.3571517956436
2166.238248630886 416.5711997741172
2164.1771046802874 422.12702680518834
2162.115960729689 417.769416232342
2160.0548167790903 419.2149150889576
2157.993672828492 421.5480294121066
2155.932528877893 418.66250332820323
2153.8713849272945 421.2831650810245
2151.8102409766957 418.73209772625125
2149.7490970260974 419.3788080107166
2147.687953075498 420.07666834058574
2145.6268091248994 419.61340944917214
2143.5656651743006 416.5770148847827
2141.5045212237023 417.25204737420336
2139.4433772731036 423.75299731344717
2137.3822333225053 418.1859065636312
2135.3210893719065 422.65703283106666
2133.2599454213077 425.6787276569551
2131.198801470709 423.0569379685131
2129.1376575201107 422.5608515617777
2127.076513569512 420.98651213233825
2125.015369618913 425.37737941214453
2122.9542256683144 419.3762675110322
2120.893081717716 414.04799947800126
2118.8319377671173 424.29358255163527
2116.770793816519 419.8622577091928
2114.7096498659203 420.8707864099851
2112.6485059153215 422.7867341557826
2110.5873619647227 419.56808414176163
2108.5262180141244 418.8856048897469
2106.4650740635257 421.9348594783982
2104.403930112927 421.48583349178017
2102.342786162328 423.0334939283633
2100.28164221173 418.11350342432104
2098.220498261131 419.1401116670541
2096.1593543105323 422.43843180265145
2094.0982103599335 418.52547382477815
2092.0370664093352 418.1383657499413
2089.9759224587365 420.7211689352784
2087.914778508138 417.4056738116703
2085.853634557539 415.9321852198258
2083.7924906069406 418.8979363526524
2081.731346656342 417.871188093386
2079.670202705743 419.55427541517986
2077.6090587551444 417.9275156951754
2075.547914804546 418.59347717537696
2073.4867708539473 413.14097992038927
2071.4256269033485 417.8382359292256
2069.3644829527498 423.6148722922819
2067.3033390021515 417.65158994736
2065.2421950515527 417.3898436723158
2063.1810511009544 417.2000899394914
2061.1199071503556 414.94788372253413
2059.058763199757 416.24994777834723
2056.997619249158 419.0792682332328
2054.9364752985593 417.58038820837214
2052.8753313479606 416.34258518153445
2050.8141873973623 431.18344305035646
2048.7530434467635 420.780792252822
2046.6918994961652 417.02626715395036
2044.6307555455662 414.8042872585172
2042.569611594968 418.4401219225213
2040.5084676443691 413.34206608674015
2038.4473236937704 412.95118547669364
2036.3861797431716 416.40573174194316
2034.325035792573 410.22760553405703
2032.2638918419743 414.07155227531433
2030.2027478913758 412.6431038098856
2028.141603940777 406.1721461647156
2026.0804599901787 414.81756154466257
2024.0193160395797 413.6950161755292
2021.9581720889814 410.92069266770636
2019.8970281383827 411.30643675877155
2017.8358841877841 413.77787035108196
2015.7747402371854 408.2886569843059
2013.7135962865868 405.4341069445975
2011.652452335988 410.7289262347487
2009.5913083853895 411.07993880952034
2007.5301644347905 409.11649060467613
2005.4690204841922 406.50051223236875
2003.4078765335933 407.12441876590515
2001.346732582995 408.53634765020144
1999.2855886323962 405.28449376177053
1997.2244446817976 404.3837781003947
1995.163300731199 407.58023681622126
1993.1021567806004 406.62813788197684
1991.0410128300016 402.84355712510614
1988.979868879403 403.50297216518237
1986.9187249288043 402.46757154842203
1984.857580978206 400.73835414583056
1982.796437027607 402.549318024711
1980.7352930770087 404.6107538416199
1978.67414912641 402.31420038269107
1976.6130051758112 398.1228298023344
1974.5518612252124 395.9292876497036
1972.4907172746139 396.07553519276934
1970.429573324015 396.12693185724765
1968.3684293734166 394.32405354869877
1966.3072854228178 401.14351594887
1964.2461414722195 396.05122050865003
1962.1849975216205 397.5172253045602
1960.1238535710222 394.80443195733545
1958.0627096204234 391.3843171367857
1956.001565669825 391.3437957627412
1953.9404217192262 391.4778933555171
1951.8792777686276 390.0052530293101
1949.8181338180289 388.45335865712707
1947.7569898674303 391.31376960351344
1945.6958459168313 387.5832062005356
1943.6347019662328 390.931751275135
1941.573558015634 384.45346881359217
1939.5124140650357 380.7512332123613
1937.451270114437 386.82481842725133
1935.3901261638384 385.1018598007479
1933.3289822132397 379.3635456501466
1931.2678382626411 379.71123674384614
1929.2066943120424 376.67020318845
1927.1455503614438 378.1244561341517
1925.084406410845 372.1376135902014
1923.0232624602465 373.93993676336476
1920.9621185096478 365.45683264418074
1918.9009745590495 368.7269694859257
1916.8398306084507 364.09039254536884
1914.7786866578522 360.9837021128237
1912.7175427072532 356.56958732892735
1910.6563987566547 353.9549260814943
1908.595254806056 347.4911100777767
1906.5341108554574 341.7825198579377
1904.4729669048586 336.77606474295254
1902.41182295426 325.10802540542926
1900.3506790036613 323.12036831640114
1898.289535053063 315.365856345278
1896.2283911024642 304.954037295172
1894.1672471518657 297.569002817872
1892.106103201267 287.0713485249947
1890.0449592506684 277.6095185007933
1887.9838153000696 269.4493882030253
1885.922671349471 258.7127035385175
1883.8615273988723 247.65922569196954
1881.8003834482736 237.39946137716188
1879.7392394976748 228.18193299320018
1877.6780955470765 218.00359617242134
1875.6169515964775 207.62683141362533
1873.5558076458792 201.79124362362577
1871.4946636952805 194.65211438695286
1869.433519744682 184.17450743703785
1867.3723757940832 179.31186012269066
1865.3112318434846 172.89557367148336
1863.2500878928859 172.1581500895814
1861.1889439422873 157.50906252807653
1859.1277999916886 177.24898031590266
