-5555.56,-4.95771,12.2708
-5550.13,-3.78472,11.802
-5544.7,7.21272,11.6317
-5539.28,-4.83778,-4.97533
-5533.85,-11.2421,-16.9995
-5528.43,11.4831,3.84187
-5523,24.5184,17.1632
-5517.58,-4.30744,-4.20712
-5512.15,-29.3814,-8.74547
-5506.73,-11.6356,24.2778
-5501.3,11.7815,50.689
-5495.88,9.12598,30.3255
-5490.45,-3.93712,6.57216
-5485.03,-11.1802,12.2352
-5479.6,-14.6116,10.4513
-5474.17,0.341792,6.29887
-5468.75,21.1682,3.51885
-5463.32,23.5361,-11.3527
-5457.9,14.388,-19.2733
-5452.47,5.94118,-13.8943
-5447.05,6.01741,-4.92063
-5441.62,11.8103,-1.65322
-5436.2,20.4211,-20.2154
-5430.77,13.5848,-34.7813
-5425.35,-6.4132,-15.0753
-5419.92,-8.73155,-0.0963548
-5414.5,-1.54904,-4.10724
-5409.07,-7.71434,2.34202
-5403.65,-15.4599,16.756
-5398.22,-19.4074,26.5592
-5392.79,-33.2245,17.1379
-5387.37,-27.5985,5.71188
-5381.94,-24.436,4.37559
-5376.52,-41.101,3.0685
-5371.09,-17.9164,15.105
-5365.67,15.2499,14.4711
-5360.24,21.0169,4.73365
-5354.82,24.9459,-1.45319
-5349.39,41.7464,-10.967
-5343.97,40.0946,-5.172
-5338.54,7.09925,7.81251
-5333.12,-15.5589,27.9125
-5327.69,1.9035,24.7842
-5322.27,36.5602,-10.2967
-5316.84,21.5743,-20.33
-5311.41,-2.57277,-16.1618
-5305.99,21.9703,-12.0059
-5300.56,27.0479,3.88286
-5295.14,-5.68325,16.4794
-5289.71,-12.5201,20.809
-5284.29,-8.33194,6.07575
-5278.86,-19.8189,-12.7198
-5273.44,-11.0668,3.09223
-5268.01,-4.00014,33.1537
-5262.59,-24.0034,27.2228
-5257.16,-40.7768,-3.07117
-5251.74,-42.029,-33.4203
-5246.31,-24.2609,-40.3331
-5240.88,1.51658,-32.0368
-5235.46,15.6557,-25.9808
-5230.03,16.7706,-1.63825
-5224.61,-1.0636,2.20736
-5219.18,-25.0992,-0.99529
-5213.76,-16.9844,9.54186
-5208.33,14.2484,0.384202
-5202.91,19.8511,-10.1972
-5197.48,-0.461312,-21.0174
-5192.06,-12.1646,-15.8903
-5186.63,-16.3295,22.1324
-5181.21,-23.7149,19.0363
-5175.78,-14.3186,-6.16038
-5170.36,21.6554,8.23406
-5164.93,35.7335,9.0264
-5159.5,5.21948,-12.0979
-5154.08,-3.94691,-16.1459
-5148.65,-4.98495,-15.1404
-5143.23,-26.5176,-20.0224
-5137.8,-23.9459,-21.2697
-5132.38,-14.2806,-15.9882
-5126.95,4.51146,3.8093
-5121.53,32.5042,18.7505
-5116.1,37.0605,17.9845
-5110.68,30.0651,21.161
-5105.25,9.70455,43.7423
-5099.83,5.33979,53.9375
-5094.4,42.4355,22.2296
-5088.98,52.4412,1.5514
-5083.55,22.1295,3.34391
-5078.12,0.0852021,5.05159
-5072.7,-6.6106,16.5133
-5067.27,0.455793,22.677
-5061.85,-8.56838,19.2574
-5056.42,-21.9133,15.4082
-5051,-9.04006,-7.73053
-5045.57,-9.42369,-31.2071
-5040.15,2.94105,-34.3547
-5034.72,47.3505,-34.1339
-5029.3,58.7191,-20.262
-5023.87,30.8105,3.8445
-5018.45,7.85745,8.92961
-5013.02,10.4228,2.54248
-5007.6,40.9826,12.5109
-5002.17,47.3462,17.1689
-4996.74,7.02326,-5.7819
-4991.32,-3.62335,-1.97511
-4985.89,19.8215,20.4689
-4980.47,31.781,7.24249
-4975.04,30.364,-8.5297
-4969.62,17.664,-15.7907
-4964.19,4.11954,-16.0929
-4958.77,0.499054,-1.89995
-4953.34,2.61705,1.74637
-4947.92,-7.65504,-2.20106
-4942.49,-24.324,8.80934
-4937.07,-29.9012,14.0124
-4931.64,-21.3099,-12.8711
-4926.21,-8.57996,-22.7359
-4920.79,-13.0931,-5.24279
-4915.36,-14.5694,1.73446
-4909.94,6.36638,10.6347
-4904.51,15.0251,14.1303
-4899.09,1.68402,-0.147825
-4893.66,-8.79262,-8.93754
-4888.24,-6.21901,-10.14
-4882.81,18.2544,-18.1323
-4877.39,37.2603,-13.577
-4871.96,33.8454,7.52428
-4866.54,24.5081,13.7463
-4861.11,15.1239,9.17284
-4855.69,0.092254,15.516
-4850.26,-19.2255,25.8741
-4844.83,-20.2729,37.0787
-4839.41,-4.01923,30.6483
-4833.98,30.9115,0.957655
-4828.56,42.2775,-5.3863
-4823.13,-8.96177,-0.601213
-4817.71,-33.7058,-17.2485
-4812.28,7.0589,-32.4548
-4806.86,26.014,-24.8552
-4801.43,11.8606,-4.80162
-4796.01,14.0039,7.39078
-4790.58,4.29423,3.88494
-4785.16,-12.4945,-11.2956
-4779.73,1.75192,-10.0499
-4774.31,12.1152,-14.1124
-4768.88,-2.88094,-39.9774
-4763.45,-19.6279,-22.1974
-4758.03,-15.8433,2.02379
-4752.6,-9.16168,-20.026
-4747.18,-11.0234,-35.5065
-4741.75,6.54854,-18.7608
-4736.33,19.5141,1.05719
-4730.9,-8.60545,0.406964
-4725.48,-26.4445,-1.63537
-4720.05,-3.8633,7.21671
-4714.63,-7.13278,26.7091
-4709.2,-30.0033,35.1603
-4703.78,-16.5358,10.0179
-4698.35,9.08194,-17.2185
-4692.92,4.64763,-14.899
-4687.5,-18.1608,1.26984
-4682.07,-17.6919,11.7628
-4676.65,-11.3284,29.7654
-4671.22,-18.6678,41.8574
-4665.8,-21.8669,36.6221
-4660.37,-19.4856,29.7904
-4654.95,-25.7991,-0.394719
-4649.52,-27.0315,-24.8241
-4644.1,-9.37711,0.560139
-4638.67,10.1126,13.4955
-4633.25,29.2649,-9.47818
-4627.82,33.2961,-30.0344
-4622.4,24.2036,-29.644
-4616.97,11.4008,-10.0403
-4611.54,-7.08717,7.74855
-4606.12,-5.03745,16.1705
-4600.69,16.4119,2.81543
-4595.27,24.114,-5.58161
-4589.84,12.1195,6.47281
-4584.42,0.834936,0.0113309
-4578.99,3.37792,-23.5942
-4573.57,12.9753,-30.5465
-4568.14,15.2013,-13.7854
-4562.72,8.6952,-11.2498
-4557.29,13.8599,-18.9745
-4551.87,27.1258,-9.96002
-4546.44,26.2943,-1.54057
-4541.02,16.2497,7.75226
-4535.59,12.9795,19.2439
-4530.16,16.5804,19.651
-4524.74,7.96445,22.2243
-4519.31,-5.49663,23.4006
-4513.89,0.76593,11.0815
-4508.46,4.35155,3.24207
-4503.04,-5.40599,-10.8773
-4497.61,-24.3505,-24.4496
-4492.19,-68.8352,-9.65165
-4486.76,-79.6868,-3.03632
-4481.34,-43.9302,-9.48355
-4475.91,-12.2727,-2.3032
-4470.49,2.88046,16.153
-4465.06,-1.73155,29.9544
-4459.63,16.1453,24.466
-4454.21,36.6846,23.1124
-4448.78,6.43263,25.7262
-4443.36,-18.0101,19.4069
-4437.93,-9.07526,18.28
-4432.51,1.91856,1.25354
-4427.08,8.39427,-29.8247
-4421.66,4.75763,-32.9633
-4416.23,-1.02952,-28.916
-4410.81,-12.3531,-37.1306
-4405.38,-14.6615,-25.7334
-4399.96,1.31655,-7.89315
-4394.53,4.62918,0.75476
-4389.11,5.12097,-1.66469
-4383.68,6.9333,-16.7204
-4378.25,3.52692,-28.9849
-4372.83,10.7907,-28.2817
-4367.4,6.59151,-16.0869
-4361.98,-7.90125,-12.0154
-4356.55,-14.5107,-2.27419
-4351.13,-18.7924,21.5207
-4345.7,-14.0188,27.6528
-4340.28,3.71034,15.9517
-4334.85,6.25769,-1.73272
-4329.43,-14.3888,-17.3091
-4324,-12.1564,-11.2507
-4318.58,-3.58862,-4.00463
-4313.15,-19.4992,-6.33604
-4307.73,-13.4352,-2.45373
-4302.3,25.5695,-18.1108
-4296.87,31.334,-39.0816
-4291.45,2.51495,-21.9521
-4286.02,-10.9078,-0.915415
-4280.6,2.7993,5.30159
-4275.17,15.3,6.64744
-4269.75,1.37149,6.71708
-4264.32,-7.92611,15.8968
-4258.9,2.38905,18.1731
-4253.47,4.65349,26.3775
-4248.05,2.7333,28.5045
-4242.62,16.2334,-0.860647
-4237.2,32.2269,2.70647
-4231.77,53.682,35.9981
-4226.35,47.522,23.5767
-4220.92,9.05052,-12.8651
-4215.49,-13.1185,-12.0314
-4210.07,-22.2799,30.9252
-4204.64,-14.7134,63.1181
-4199.22,1.75292,51.224
-4193.79,-4.6848,5.00189
-4188.37,-27.9211,-31.0328
-4182.94,-27.841,-11.6636
-4177.52,2.67831,19.6901
-4172.09,24.7547,24.0335
-4166.67,2.44764,11.1202
-4161.24,-38.4942,-10.5605
-4155.82,-58.0528,-11.6554
-4150.39,-46.2021,0.472827
-4144.96,-25.0924,1.16197
-4139.54,-10.4503,6.95343
-4134.11,7.47012,12.0489
-4128.69,15.3161,-5.19878
-4123.26,10.7801,-31.2089
-4117.84,5.75218,-25.6511
-4112.41,-2.14161,3.09278
-4106.99,-15.8111,-1.48105
-4101.56,-19.1213,-14.6453
-4096.14,-17.9759,-16.2113
-4090.71,-5.62412,-20.616
-4085.29,-0.601711,-17.4523
-4079.86,-22.6167,-14.4665
-4074.44,-17.1265,-5.8334
-4069.01,4.40646,-3.60825
-4063.58,17.1958,-7.85268
-4058.16,31.508,2.97408
-4052.73,10.5438,16.6841
-4047.31,-19.9429,24.4176
-4041.88,-11.8393,10.6325
-4036.46,-0.296163,-27.2551
-4031.03,-2.09684,-33.3475
-4025.61,-2.92645,-6.77876
-4020.18,3.2867,9.93961
-4014.76,-1.51643,-2.41549
-4009.33,-7.92024,-24.0062
-4003.91,11.2039,-3.13552
-3998.48,14.6357,32.3843
-3993.06,16.3541,31.4681
-3987.63,49.2146,1.62177
-3982.2,42.132,-32.2245
-3976.78,-0.120974,-48.2205
-3971.35,-16.8893,-32.3932
-3965.93,-30.0504,-17.0485
-3960.5,-37.0714,-8.76845
-3955.08,-18.0656,7.93006
-3949.65,2.12465,10.7799
-3944.23,-0.671035,21.8254
-3938.8,-19.734,31.2796
-3933.38,-26.6271,4.57655
-3927.95,-12.3382,-8.88443
-3922.53,-3.25641,-3.80654
-3917.1,-15.7121,5.32086
-3911.68,-31.2058,37.1839
-3906.25,-14.7987,54.6493
-3900.82,20.3225,27.8061
-3895.4,10.6591,-9.662
-3889.97,-2.89814,-14.3137
-3884.55,8.10744,-7.64737
-3879.12,-9.6433,-4.2447
-3873.7,-24.9422,18.8546
-3868.27,-15.5105,33.9441
-3862.85,-17.2149,25.324
-3857.42,-37.6175,33.7874
-3852,-43.0644,41.6611
-3846.57,-28.6632,23.9949
-3841.15,-38.6708,-3.87542
-3835.72,-41.8796,-23.1079
-3830.29,-29.0263,-0.189566
-3824.87,-32.1371,16.5709
-3819.44,-10.0709,-2.95581
-3814.02,17.9899,-17.6006
-3808.59,8.65219,-2.83609
-3803.17,-17.0274,5.26878
-3797.74,-7.9339,-13.3739
-3792.32,18.2069,-18.647
-3786.89,1.01009,-22.4789
-3781.47,-17.3481,-31.4688
-3776.04,13.4817,-29.7892
-3770.62,44.4988,-2.4162
-3765.19,14.9302,22.2864
-3759.77,-13.9803,6.12057
-3754.34,-12.4514,-16.6263
-3748.91,-31.3104,-12.038
-3743.49,-31.4154,13.043
-3738.06,-13.6132,19.5156
-3732.64,-14.4753,-4.12194
-3727.21,-14.0397,-15.1696
-3721.79,3.04673,-11.732
-3716.36,33.7668,-13.0967
-3710.94,41.5656,3.50954
-3705.51,14.0219,40.0693
-3700.09,-10.1986,53.0932
-3694.66,-5.5367,26.0284
-3689.24,10.1229,-10.7233
-3683.81,11.6249,-8.33999
-3678.39,-4.84763,36.0208
-3672.96,-22.9282,31.9116
-3667.53,-25.7382,-11.5871
-3662.11,-8.5602,-28.9686
-3656.68,-0.516645,-36.2724
-3651.26,-17.3859,-10.5194
-3645.83,-0.42094,37.5595
-3640.41,21.3744,49.4401
-3634.98,-0.406209,21.5548
-3629.56,-14.3164,-5.82737
-3624.13,-1.15831,1.1097
-3618.71,8.32202,28.7242
-3613.28,-1.43962,39.4165
-3607.86,-10.3499,7.31606
-3602.43,-23.0234,-29.6068
-3597,-27.2401,-35.8692
-3591.58,-19.9651,-29.0072
-3586.15,-9.69849,-6.82869
-3580.73,11.458,17.1111
-3575.3,3.28048,10.9705
-3569.88,-18.6966,-0.924102
-3564.45,-0.994169,-7.81451
-3559.03,73.6306,-24.4563
-3553.6,104.156,-15.9047
-3548.18,35.4967,-2.80121
-3542.75,-11.9785,-28.9971
-3537.33,-12.0393,-33.9265
-3531.9,-1.98357,-6.52646
-3526.48,8.3716,0.532736
-3521.05,7.67788,2.39442
-3515.62,-6.06016,-24.8154
-3510.2,-27.0624,-60.5135
-3504.77,-27.3089,-41.7794
-3499.35,-8.51326,-11.262
-3493.92,-24.1732,1.3433
-3488.5,-36.7438,5.70864
-3483.07,-3.50601,-5.1149
-3477.65,5.28926,-16.2834
-3472.22,-6.36844,1.59457
-3466.8,-9.2602,2.53898
-3461.37,-25.6181,12.2279
-3455.95,-27.3727,60.9757
-3450.52,-1.67206,52.8372
-3445.1,2.08578,3.38688
-3439.67,-4.75679,-4.94716
-3434.24,3.97982,6.48119
-3428.82,2.89227,-7.90323
-3423.39,8.75085,-18.7282
-3417.97,27.238,-21.4014
-3412.54,22.73,-26.5021
-3407.12,-5.98121,3.18385
-3401.69,-13.5353,23.6963
-3396.27,-0.515165,3.83088
-3390.84,11.7257,-9.91196
-3385.42,43.5358,11.8443
-3379.99,31.4143,37.7038
-3374.57,-1.88687,21.7339
-3369.14,22.512,20.4882
-3363.71,31.4232,13.7058
-3358.29,9.27945,-22.1277
-3352.86,-27.7593,-7.59799
-3347.44,-38.8436,20.5098
-3342.01,-3.43972,14.351
-3336.59,6.2946,1.06483
-3331.16,10.3882,-6.22101
-3325.74,2.31548,-7.62691
-3320.31,-38.4266,-0.987456
-3314.89,-31.7169,-3.42472
-3309.46,8.55552,-24.0405
-3304.04,-2.72614,-41.047
-3298.61,-31.8613,-34.5111
-3293.19,-16.3328,1.54839
-3287.76,13.7164,35.1922
-3282.33,12.2068,40.3513
-3276.91,-23.4253,33.8551
-3271.48,-50.4701,22.0312
-3266.06,-30.1463,5.24702
-3260.63,25.9319,3.70988
-3255.21,68.993,21.5872
-3249.78,66.2789,34.2784
-3244.36,34.6481,33.3346
-3238.93,-8.88693,28.9757
-3233.51,-14.1771,26.7276
-3228.08,23.9659,20.8161
-3222.66,22.065,15.5532
-3217.23,-22.1597,22.6494
-3211.81,-33.9099,28.8458
-3206.38,0.425579,9.44167
-3200.95,21.4251,-25.924
-3195.53,14.4723,-34.0567
-3190.1,5.41877,-19.4741
-3184.68,14.7692,-16.9988
-3179.25,26.3561,-11.5583
-3173.83,16.0903,22.6361
-3168.4,10.4113,36.779
-3162.98,7.26116,-5.46864
-3157.55,10.1726,-58.3683
-3152.13,38.2685,-51.1496
-3146.7,60.1413,-2.10438
-3141.28,32.1862,20.585
-3135.85,-0.122794,8.2284
-3130.43,-3.09157,-21.7567
-3125,-4.89933,-24.2647
-3119.57,11.3117,1.36719
-3114.15,20.4421,42.0194
-3108.72,9.6917,57.2124
-3103.3,9.75129,26.8327
-3097.87,6.47838,-3.63057
-3092.45,-26.1244,-15.4678
-3087.02,-60.1224,-18.3167
-3081.6,-16.803,-38.8066
-3076.17,39.1562,-54.1653
-3070.75,5.77387,-32.2183
-3065.32,-40.7165,-6.31437
-3059.9,-43.1174,-4.20864
-3054.47,-16.5072,18.8629
-3049.04,4.55622,53.8898
-3043.62,21.3682,56.7636
-3038.19,44.4699,23.6859
-3032.77,42.8091,-16.4352
-3027.34,16.8747,-12.5945
-3021.92,-18.2494,-5.50409
-3016.49,-32.474,-25.602
-3011.07,-46.4183,-5.13405
-3005.64,-63.7193,62.2616
-3000.22,-31.8631,84.6386
-2994.79,16.0882,39.9616
-2989.37,35.9776,6.88772
-2983.94,17.2488,15.4515
-2978.52,-3.29634,18.8098
-2973.09,8.57324,15.9395
-2967.66,40.6567,5.90335
-2962.24,30.0783,6.64474
-2956.81,-58.4898,55.6426
-2951.39,-85.5903,43.3216
-2945.96,-36.9657,-7.7291
-2940.54,-2.49535,2.97187
-2935.11,9.41972,22.1937
-2929.69,-1.92397,25.4336
-2924.26,-13.8265,12.0988
-2918.84,-34.6042,-11.7428
-2913.41,-48.2252,-14.1881
-2907.99,-39.5554,-2.76374
-2902.56,-29.7059,13.9812
-2897.14,-20.9078,23.8121
-2891.71,-35.484,10.9507
-2886.28,-47.8191,17.0962
-2880.86,-24.6645,20.7947
-2875.43,7.14073,11.4254
-2870.01,40.0645,9.89415
-2864.58,61.7469,0.694291
-2859.16,88.2311,42.1106
-2853.73,84.4841,78.9448
-2848.31,43.0818,26.4183
-2842.88,23.573,-2.27445
-2837.46,9.81091,19.6197
-2832.03,-8.01207,22.7457
-2826.61,-50.1333,26.8032
-2821.18,-70.233,6.19142
-2815.75,-26.7151,-29.9003
-2810.33,0.68604,-29.0763
-2804.9,-21.1795,-29.0427
-2799.48,-12.5308,-32.7174
-2794.05,27.3575,-24.1666
-2788.63,19.3036,-6.01773
-2783.2,-11.3285,5.40937
-2777.78,-24.2141,16.3373
-2772.35,-22.6038,34.8493
-2766.93,-62.6864,36.8949
-2761.5,-101.469,90.4428
-2756.08,-42.4896,136.828
-2750.65,27.8135,51.2033
-2745.23,47.2345,-30.8443
-2739.8,24.4893,-30.5923
-2734.37,2.9776,-4.87852
-2728.95,-14.0785,19.0403
-2723.52,-51.7011,26.3934
-2718.1,-35.5365,10.4691
-2712.67,16.2522,-10.8821
-2707.25,23.2641,10.0652
-2701.82,-6.98742,16.7218
-2696.4,-30.8654,5.79894
-2690.97,-28.7736,10.39
-2685.55,-25.3954,17.3062
-2680.12,-40.2437,30.39
-2674.7,-61.0869,26.1847
-2669.27,-63.5146,27.2896
-2663.85,19.3312,45.4841
-2658.42,129.417,50.7948
-2652.99,111.048,21.8561
-2647.57,21.2102,-29.0842
-2642.14,-22.5146,-59.5947
-2636.72,-28.5505,-53.1521
-2631.29,-35.616,-27.5154
-2625.87,-44.3524,5.7903
-2620.44,-22.3304,25.9648
-2615.02,20.2227,9.75936
-2609.59,29.035,-4.20018
-2604.17,18.9287,-7.47204
-2598.74,22.8875,-25.9376
-2593.32,20.6016,-5.60195
-2587.89,36.5252,2.67753
-2582.47,21.6301,-58.7118
-2577.04,-36.9512,-74.4732
-2571.61,-31.5848,-28.2066
-2566.19,24.0811,5.6514
-2560.76,76.8418,-16.2509
-2555.34,81.1182,-47.3267
-2549.91,43.4149,12.8286
-2544.49,3.16186,72.7567
-2539.06,-7.37482,44.5346
-2533.64,26.6959,-5.65733
-2528.21,12.9762,-37.5687
-2522.79,-3.707,-35.0649
-2517.36,18.31,-22.9127
-2511.94,14.1728,8.67719
-2506.51,17.9466,66.1019
-2501.08,56.8376,75.6032
-2495.66,80.1608,44.6064
-2490.23,42.8005,18.288
-2484.81,-14.4446,24.3992
-2479.38,-67.5009,27.717
-2473.96,-83.4815,-28.447
-2468.53,-30.2175,-51.9602
-2463.11,18.0613,-49.7113
-2457.68,63.1523,-168.751
-2452.26,105.957,-214.172
-2446.83,71.2611,-90.3808
-2441.41,43.7641,-39.2933
-2435.98,75.8556,-23.8601
-2430.56,99.0584,-33.6767
-2425.13,76.9519,-61.7839
-2419.7,19.1754,2.22855
-2414.28,15.4574,66.177
-2408.85,57.1329,68.1588
-2403.43,61.1021,31.9432
-2398,40.9637,21.8534
-2392.58,3.45728,34.7981
-2387.15,-45.5067,5.77378
-2381.73,-68.7533,-12.4303
-2376.3,-35.0102,-14.6796
-2370.88,41.1348,-34.6329
-2365.45,49.186,-0.586248
-2360.03,-42.9327,71.5397
-2354.6,-89.368,119.524
-2349.18,-46.146,109.74
-2343.75,-24.9025,47.8337
-2338.32,-74.4936,12.8422
-2332.9,-125.219,-31.2013
-2327.47,-72.7208,-86.3695
-2322.05,-14.7827,-106.675
-2316.62,8.96318,-68.3834
-2311.2,90.1157,13.1434
-2305.77,104.583,36.7295
-2300.35,86.8814,41.4572
-2294.92,97.2493,52.0889
-2289.5,73.1192,14.5352
-2284.07,82.4955,-44.7924
-2278.65,113.882,-65.3606
-2273.22,40.7116,-64.8572
-2267.79,-71.2917,-23.6827
-2262.37,-132.529,33.7209
-2256.94,-341.731,-87.8943
-2251.52,-377.324,-100.355
-2246.09,-118.216,72.1387
-2240.67,-12.2084,82.0665
-2235.24,-15.201,42.2871
-2229.82,-7.63676,26.4325
-2224.39,-47.8672,6.64095
-2218.97,-71.3067,-47.0754
-2213.54,22.2506,-25.3111
-2208.12,33.5849,139.102
-2202.69,-61.7172,132.789
-2197.27,-1.59454,-38.7254
-2191.84,99.3925,-122.428
-2186.41,33.6517,-36.5409
-2180.99,-52.8439,115.951
-2175.56,-97.5783,114.413
-2170.14,-144.157,12.642
-2164.71,-77.0226,49.8329
-2159.29,221.045,49.0121
-2153.86,412.94,-124.509
-2148.44,228.768,-100.692
-2143.01,114.969,20.462
-2137.59,27.9084,-88.8786
-2132.16,-128.523,-125.742
-2126.74,-62.7127,56.8189
-2121.31,55.8475,75.4828
-2115.89,42.6711,-162.97
-2110.46,-11.6367,-243.862
-2105.03,52.0501,-91.1527
-2099.61,207.622,4.34315
-2094.18,160.936,20.5732
-2088.76,-138.32,48.5801
-2083.33,-348.754,103.705
-2077.91,-212.427,115.465
-2072.48,-70.2611,66.7452
-2067.06,-163.185,75.6157
-2061.63,-434.845,-143.56
-2056.21,-549.498,-686.033
-2050.78,-235.475,-660.528
-2045.36,68.827,-15.0855
-2039.93,127.601,85.4889
-2034.51,224.63,-78.7302
-2029.08,-84.5656,-224.609
-2023.65,351.25,15.4787
-2018.23,-9405.32,-9635.66
-2012.8,-22962.6,-21525.5
-2007.38,-13844.2,-12275.3
-2001.95,-502.506,-613.79
-1996.53,356.513,-129.523
-1991.1,24.7974,36.8238
-1985.68,-4.17135,217.992
-1980.25,73.8295,-38.0188
-1974.83,195.843,-239.251
-1969.4,110.033,-108.177
-1963.98,113.035,-49.0554
-1958.55,-436.745,-757.287
-1953.12,-1175.14,-1084.09
-1947.7,-755.631,-281.111
-1942.27,-7.71512,137.601
-1936.85,122.457,78.1269
-1931.42,85.8023,138.13
-1926,34.8996,67.7805
-1920.57,3.04658,36.1751
-1915.15,48.735,40.3953
-1909.72,88.8532,101.31
-1904.3,8.62854,169.867
-1898.87,-55.6981,84.9082
-1893.45,-0.639448,-57.0604
-1888.02,36.2067,-44.7025
-1882.6,54.5941,55.8782
-1877.17,-8.7389,63.0672
-1871.74,-138.315,53.8307
-1866.32,-175.97,97.3744
-1860.89,-28.6222,66.9301
-1855.47,355.14,-123.08
-1850.04,410.935,-169.592
-1844.62,99.2097,-21.4552
-1839.19,23.7299,9.89643
-1833.77,94.7182,18.3288
-1828.34,84.738,47.2875
-1822.92,0.497653,25.9425
-1817.49,-118.287,-48.8529
-1812.07,-155.288,-186.434
-1806.64,-61.2453,-203.98
-1801.22,43.4235,-115.474
-1795.79,52.0145,-90.1929
-1790.36,-36.0006,-100.336
-1784.94,-84.3943,-54.0806
-1779.51,-30.6117,11.5524
-1774.09,4.8332,48.2433
-1768.66,-23.7261,85.1977
-1763.24,-42.9242,35.3223
-1757.81,-59.314,-109.457
-1752.39,-49.9054,-175.498
-1746.96,61.2724,-135.245
-1741.54,92.8441,-62.4234
-1736.11,13.4512,8.81199
-1730.69,14.4563,25.6802
-1725.26,33.0704,40.5618
-1719.83,28.2564,76.1133
-1714.41,8.44342,73.7548
-1708.98,-20.1785,45.6248
-1703.56,23.3294,43.8241
-1698.13,11.4945,79.3807
-1692.71,-60.2097,43.49
-1687.28,-33.7112,-62.5936
-1681.86,-0.570808,-45.4405
-1676.43,19.0216,24.8472
-1671.01,23.9998,-21.24
-1665.58,-35.8575,-55.8976
-1660.16,-31.4566,-21.9004
-1654.73,8.69966,-30.7988
-1649.31,-15.5458,-24.6476
-1643.88,-24.5376,38.8104
-1638.45,12.6952,30.6426
-1633.03,31.1603,-19.4261
-1627.6,7.29995,6.15735
-1622.18,28.3148,52.3273
-1616.75,66.4543,79.8098
-1611.33,11.9124,90.0209
-1605.9,-61.8343,54.7815
-1600.48,-74.978,43.0036
-1595.05,-48.5065,63.1001
-1589.63,-9.34673,22.786
-1584.2,19.6804,-37.1731
-1578.78,29.1064,-74.4101
-1573.35,23.417,-100.396
-1567.93,-7.70431,-55.1633
-1562.5,-24.4357,-7.15503
-1557.07,-85.4093,-8.782
-1551.65,-112.931,27.5779
-1546.22,-16.8107,45.2506
-1540.8,25.5881,-12.3688
-1535.37,0.475001,-14.6142
-1529.95,-21.1631,35.5936
-1524.52,-49.4966,13.4864
-1519.1,-48.1557,-16.8425
-1513.67,18.9885,22.6676
-1508.25,72.5452,89.499
-1502.82,58.2087,117.229
-1497.4,36.313,54.771
-1491.97,58.0051,-12.0814
-1486.55,56.5982,3.15987
-1481.12,-4.07116,52.4522
-1475.69,-11.3669,81.7488
-1470.27,5.21947,64.5045
-1464.84,-1.00785,13.4905
-1459.42,-30.4676,8.58052
-1453.99,-93.7289,33.1341
-1448.57,-35.4959,-42.9086
-1443.14,54.6859,-83.6095
-1437.72,37.1999,-21.271
-1432.29,2.05229,-35.2722
-1426.87,-6.07851,-66.5918
-1421.44,12.769,-2.75685
-1416.02,19.6188,66.3586
-1410.59,12.8734,93.3733
-1405.16,19.3041,88.7716
-1399.74,31.4186,20.9588
-1394.31,62.5397,-29.1189
-1388.89,87.9921,-12.2938
-1383.46,41.5661,26.0251
-1378.04,2.39096,56.8491
-1372.61,14.7565,22.1346
-1367.19,4.68153,-16.3702
-1361.76,0.359432,17.0697
-1356.34,77.6115,11.1451
-1350.91,91.4267,-21.9646
-1345.49,-6.33887,-9.86392
-1340.06,-26.4063,-14.0321
-1334.64,20.9122,-18.4683
-1329.21,25.9213,-12.2705
-1323.78,5.33678,-21.8367
-1318.36,10.5396,-44.7787
-1312.93,2.46286,-78.069
-1307.51,-39.9572,-59.6239
-1302.08,-41.6048,1.56737
-1296.66,-12.2875,37.8824
-1291.23,-22.0616,46.8316
-1285.81,-16.7768,4.21469
-1280.38,20.837,-45.6003
-1274.96,52.3076,-38.3522
-1269.53,67.3897,-18.6851
-1264.11,9.03966,-9.50215
-1258.68,54.204,1.87831
-1253.26,266.132,35.3863
-1247.83,207.626,61.6878
-1242.4,6.02971,27.1824
-1236.98,1.71809,-24.2533
-1231.55,-5.78511,-31.7911
-1226.13,-24.1963,-23.5461
-1220.7,5.89142,-19.7325
-1215.28,24.3547,8.90534
-1209.85,23.0297,9.03176
-1204.43,-17.4683,-29.6642
-1199,-36.4852,-37.7834
-1193.58,4.98705,-13.708
-1188.15,10.9987,45.4181
-1182.73,7.88438,81.3094
-1177.3,15.2648,41.9983
-1171.87,-21.0506,10.3508
-1166.45,-12.6712,9.74741
-1161.02,35.9508,29.3834
-1155.6,76.2415,85.4641
-1150.17,69.3961,88.516
-1144.75,10.3435,27.9511
-1139.32,-2.8625,4.36826
-1133.9,0.153651,2.86271
-1128.47,6.14311,-21.6435
-1123.05,34.7569,-49.4989
-1117.62,15.1179,-22.8312
-1112.2,-37.6609,17.8183
-1106.77,-51.6054,11.005
-1101.35,-7.75843,8.48773
-1095.92,22.689,17.3813
-1090.49,42.7408,36.1397
-1085.07,62.8186,42.382
-1079.64,19.1956,18.1919
-1074.22,-3.09117,10.3091
-1068.79,36.3156,-11.318
-1063.37,25.4405,-4.8255
-1057.94,126.659,-119.966
-1052.52,343.865,-322.714
-1047.09,260.371,-211.017
-1041.67,47.0538,-22.933
-1036.24,-6.20974,-4.49995
-1030.82,4.66078,-2.9965
-1025.39,7.83337,6.36634
-1019.97,-17.1884,0.441738
-1014.54,-18.7159,-27.3101
-1009.11,-2.73728,-43.9699
-1003.69,14.8286,-32.1478
-998.264,16.0362,-12.2481
-992.838,-3.88947,15.1926
-987.413,-10.3721,25.4387
-981.988,-2.19139,-4.88903
-976.562,11.8644,-38.2323
-971.137,20.5388,-50.3825
-965.712,-9.06538,-8.70286
-960.286,-73.335,7.40428
-954.861,-98.7129,-59.9132
-949.436,-37.8933,-73.3735
-944.01,39.0194,-22.1968
-938.585,59.2408,-3.20913
-933.16,31.6594,-1.78755
-927.734,-10.5721,-4.04687
-922.309,-33.3946,-34.5401
-916.884,-37.0707,-57.3469
-911.458,-13.4597,-43.2154
-906.033,3.89041,8.44922
-900.608,-15.4392,29.0234
-895.182,-23.1443,-31.2743
-889.757,-29.6934,-63.5336
-884.331,-25.5601,-22.7489
-878.906,6.92257,9.45229
-873.481,11.4097,-0.740564
-868.055,13.9463,-28.7136
-862.63,50.5878,-54.4303
-857.205,228.305,73.6055
-851.779,379.162,243.122
-846.354,206.631,159.58
-840.929,40.7226,17.7918
-835.503,31.5475,-0.609645
-830.078,6.70156,12.3585
-824.653,0.538869,30.6388
-819.227,10.1916,47.1448
-813.802,-16.548,40.9782
-808.377,-50.9673,43.1783
-802.951,-33.5584,64.3041
-797.526,-4.95136,62.883
-792.101,15.5588,43.4482
-786.675,13.4755,9.37225
-781.25,-1.8752,-23.5273
-775.825,31.3893,-1.70344
-770.399,65.7521,25.8471
-764.974,31.8887,22.9997
-759.549,-10.1096,38.0438
-754.123,-16.9234,86.3701
-748.698,-27.1345,80.9638
-743.273,-10.4186,15.2407
-737.847,-21.7028,-7.4238
-732.422,-87.6396,-0.0492706
-726.996,-63.6452,15.7612
-721.571,-4.47408,16.0617
-716.146,-4.82513,-24.3257
-710.72,17.8879,-34.0049
-705.295,49.4035,-9.06929
-699.87,15.5933,-8.59829
-694.444,-36.5759,-23.8722
-689.019,-30.2837,-29.4379
-683.594,-13.6173,-11.2588
-678.168,5.00531,13.4369
-672.743,43.6668,25.6123
-667.318,19.2397,29.0118
-661.892,-26.3728,32.0501
-656.467,-101.651,-130.154
-651.042,-176.181,-302.768
-645.616,-95.9899,-144.689
-640.191,3.23062,17.2965
-634.766,5.44505,-11.1206
-629.34,-10.7498,-52.9017
-623.915,-7.30358,-59.6706
-618.49,15.369,-29.6466
-613.064,2.08599,3.86273
-607.639,-11.5145,21.8357
-602.214,28.0163,19.4923
-596.788,41.9968,6.53594
-591.363,19.1242,16.6423
-585.937,3.5701,13.0391
-580.512,-36.6052,-30.24
-575.087,-37.6372,-42.6459
-569.661,-11.2986,-16.7033
-564.236,42.8417,-17.1377
-558.811,-192.168,-10.9639
-553.385,-921.189,36.0694
-547.96,-913.107,35.6021
-542.535,-209.898,1.62498
-537.109,15.433,-7.87877
-531.684,-0.82059,-15.7037
-526.259,-9.68854,-8.49266
-520.833,-32.9338,15.8925
-515.408,-19.9054,31.3435
-509.983,1.81157,44.8257
-504.557,8.89451,43.6034
-499.132,2.13283,37.5971
-493.707,-2.32399,36.2637
-488.281,-5.87909,16.5089
-482.856,3.75048,4.7783
-477.431,6.83115,9.22184
-472.005,-0.555512,3.53033
-466.58,28.9139,11.1283
-461.154,17.9466,14.6892
-455.729,-749.077,-602.957
-450.304,-1361.46,-1136.85
-444.878,-592.508,-528.281
-439.453,22.548,-21.527
-434.028,-4.57595,-35.8885
-428.602,1.82775,-3.27741
-423.177,-2.03535,29.0408
-417.752,7.33063,36.0523
-412.326,21.2972,8.00283
-406.901,39.047,-13.1474
-401.476,26.6155,-0.0246887
-396.05,-5.44523,5.4949
-390.625,-11.407,3.44418
-385.2,-8.03022,-1.49217
-379.774,-21.7309,-40.9908
-374.349,-32.943,-41.183
-368.924,-26.0223,-20.6694
-363.498,-13.4801,-1.40204
-358.073,-17.5166,-145.474
-352.648,-62.8775,-495.644
-347.222,-79.402,-405.176
-341.797,-21.3568,-39.9022
-336.371,11.2496,22.293
-330.946,-12.2484,16.1719
-325.521,-34.3387,17.3647
-320.095,-31.9648,-22.1025
-314.67,-11.9769,-24.4063
-309.245,2.48235,9.91579
-303.819,-10.7511,21.9039
-298.394,-28.266,-6.39458
-292.969,-23.729,-15.2095
-287.543,-14.5155,1.06304
-282.118,-9.94149,-9.06824
-276.693,-25.2278,-28.3658
-271.267,-10.5642,-14.4101
-265.842,2.09338,-12.5576
-260.417,58.6473,-0.513299
-254.991,681.223,253.943
-249.566,1054.81,399.429
-244.141,414.514,134.617
-238.715,-32.4011,-11.349
-233.29,-28.7955,10.4667
-227.865,-29.9259,-4.73367
-222.439,-16.5332,3.26806
-217.014,-2.86035,13.0803
-211.589,8.3113,17.4987
-206.163,-1.76523,25.6253
-200.738,-0.095452,21.3357
-195.312,7.36335,4.37065
-189.887,5.39232,-8.21421
-184.462,11.9689,-15.1792
-179.036,5.85636,-6.94292
-173.611,1.88068,5.59935
-168.186,3.40216,16.648
-162.76,33.9228,-17.7811
-157.335,-142.14,140.173
-151.91,-551.726,501.563
-146.484,-450.745,392.736
-141.059,-62.9362,50.2186
-135.634,3.75265,-2.3565
-130.208,-12.9291,2.79082
-124.783,-7.32791,-1.85295
-119.358,3.53946,3.67692
-113.932,11.5527,-1.36483
-108.507,3.4592,-31.1438
-103.082,-2.80548,-98.7338
-97.6562,-18.4412,-92.6084
-92.2309,-34.2575,-4.5962
-86.8055,-48.6764,44.336
-81.3802,-53.3078,49.3295
-75.9549,-34.4633,30.5348
-70.5295,-25.538,-0.609936
-65.1042,-14.6324,-15.9639
-59.6788,-36.8892,-1.61088
-54.2535,-315.099,77.6869
-48.8281,-452.639,110.038
-43.4028,-161.818,31.8402
-37.9774,-2.2462,-6.82176
-32.5521,-25.1624,-0.0273895
-27.1267,-17.2544,2.27561
-21.7014,-4.22357,16.2996
-16.276,11.8389,13.8184
-10.8507,23.8807,5.78568
-5.42535,116.362,-217.692
0,181.956,-450.357
5.42535,67.5178,-237.427
10.8507,-21.1974,-12.4271
16.276,-18.1153,1.71619
21.7014,-8.28447,14.6589
27.1267,10.8309,13.623
32.5521,18.1193,17.4595
37.9774,6.35455,-3.34685
43.4028,94.2844,135.312
48.8281,249.162,393.584
54.2535,172.698,274.77
59.6788,27.6549,24.4666
65.1042,21.6152,-1.31889
70.5295,18.7936,17.3008
75.9549,3.57958,45.9048
81.3802,4.0793,72.5154
86.8055,4.21649,65.7061
92.2309,27.8356,20.491
97.6562,77.5968,-53.8065
103.082,70.6043,-69.0745
108.507,19.1459,-24.806
113.932,-7.3622,-9.00695
119.358,-5.10029,0.186234
124.783,6.55842,3.75748
130.208,7.36172,10.9888
135.634,-1.06248,-4.3019
141.059,10.3877,79.8434
146.484,51.4213,595.625
151.91,48.4634,744.056
157.335,4.87453,199.571
162.76,-12.0503,-36.3554
168.186,-14.012,9.61225
173.611,-5.24248,2.72141
179.036,0.610233,-9.06247
184.462,1.93468,-19.2335
189.887,1.82707,-9.65453
195.312,-8.33289,-1.97103
200.738,-14.7525,15.4139
206.163,-16.531,19.6595
211.589,-18.1342,6.81398
217.014,-7.02877,11.3961
222.439,9.62281,13.8358
227.865,24.8152,17.3832
233.29,13.4431,27.5321
238.715,31.191,14.3439
244.141,-391.689,-191.111
249.566,-1036.23,-445.404
254.991,-666.434,-290.546
260.417,-41.8308,-41.1091
265.842,7.21741,-10.4874
271.267,17.6094,-3.02748
276.693,37.8515,-2.88047
282.118,13.4505,0.382713
287.543,9.70309,10.8479
292.969,27.6346,5.54279
298.394,24.7748,15.0353
303.819,-7.48208,23.2247
309.245,-8.67377,5.40847
314.67,25.5695,-9.23659
320.095,38.3472,6.30543
325.521,12.6387,36.3449
330.946,-2.42316,20.1416
336.371,-23.5785,8.22151
341.797,43.0812,-13.8675
347.222,338.576,-236.302
352.648,389.533,-312.858
358.073,113.655,-92.4775
363.498,10.6706,8.35535
368.924,33.077,3.20827
374.349,52.3053,-6.74039
379.774,44.1065,-14.3909
385.2,6.81299,4.50487
390.625,5.81295,10.4015
396.05,0.0999117,7.73526
401.476,-19.1284,-18.5064
406.901,-18.9553,-36.5818
412.326,-20.8792,-9.03756
417.752,-30.3183,20.8415
423.177,-18.7094,22.3039
428.602,0.961872,-3.62723
434.028,28.2219,-22.6373
439.453,-1.26577,-31.1483
444.878,793.19,31.5765
450.304,1769.07,127.971
455.729,957.69,86.6219
461.154,-23.1138,-1.90041
466.58,-28.5293,-12.0803
472.005,-2.05279,2.9254
477.431,-11.3199,1.8883
482.856,-6.01715,0.831896
488.281,-7.239,15.9595
493.707,-23.5191,27.7003
499.132,-27.6513,25.5635
504.557,-36.6878,25.1871
509.983,-32.4417,30.9865
515.408,-7.45427,36.3741
520.833,12.6508,34.3099
526.259,12.8688,0.621113
531.684,11.499,-10.7263
537.109,-5.62844,-16.3879
542.535,149.859,146.976
547.96,632.103,659.907
553.385,637.592,665.858
558.811,145.85,125.604
564.236,-18.913,-42.0881
569.661,19.7306,-4.16667
575.087,56.6982,-4.53185
580.512,47.338,3.67533
585.937,-11.6259,6.89958
591.363,-25.3177,-1.31331
596.788,-34.7502,-24.4719
602.214,-33.6938,-5.44018
607.639,-6.88554,23.706
613.064,-4.18383,1.32955
618.49,9.53831,-32.0024
623.915,46.7044,-37.8506
629.34,44.481,-30.5873
634.766,3.80822,-11.7818
640.191,-14.3391,10.1979
645.616,169.559,-37.4007
651.042,337.055,-95.408
656.467,163.534,-23.0121
661.892,-3.29285,41.375
667.318,-33.9932,7.50428
672.743,-49.2031,-11.9096
678.168,-12.9348,6.18875
683.594,17.6164,1.36048
689.019,42.2336,-0.139009
694.444,42.8935,8.23545
699.87,-5.24399,-17.0171
705.295,-29.238,-40.8426
710.72,10.7542,-36.887
716.146,20.3689,-14.1466
721.571,-7.93906,14.6618
726.996,34.8339,55.5493
732.422,63.0769,60.8441
737.847,20.7687,9.73582
743.273,-3.09254,18.2006
748.698,-36.7232,77.0897
754.123,-47.824,73.8854
759.549,-19.1563,34.3888
764.974,-38.9148,-5.60704
770.399,-65.2534,-27.0832
775.825,-21.3962,-23.0302
781.25,17.6923,-15.6215
786.675,-16.204,-2.61905
792.101,-41.3739,20.446
797.526,-40.1206,48.6737
802.951,-20.5294,69.5681
808.377,6.66864,66.4647
813.802,-16.5623,40.9725
819.227,-40.0807,26.8334
824.653,-21.6712,21.6653
830.078,-13.4057,4.23473
835.503,-22.2699,-22.3533
840.929,-41.6527,-15.4899
846.354,-259.492,-28.7458
851.779,-441.633,-88.5007
857.205,-215.36,-105.647
862.63,1.42054,-74.2951
868.055,9.91405,-30.3428
873.481,-7.693,-8.45855
878.906,-11.5459,1.9905
884.331,34.189,1.39137
889.757,65.4938,-25.0755
895.182,38.3736,-6.41939
900.608,-9.0553,31.6026
906.033,-8.66785,3.37537
911.458,39.702,-21.7367
916.884,66.503,-15.5004
922.309,48.0156,-1.64823
927.734,10.4161,4.43293
933.16,-21.5322,-23.2783
938.585,-40.3849,-43.4606
944.01,-12.6491,-43.0721
949.436,78.2277,-26.4576
954.861,112.627,25.4737
960.286,47.6093,56.269
965.712,12.5665,0.0368929
971.137,20.2232,-50.5101
976.562,18.0237,-35.7438
981.988,4.97255,-1.99457
987.413,-10.2101,25.5042
992.838,-7.75583,13.6305
998.264,-3.02725,-19.9503
1003.69,11.6649,-33.426
1009.11,32.5131,-29.7279
1014.54,32.4343,-6.64402
1019.97,12.0574,12.2579
1025.39,-10.0573,-0.861961
1030.82,-1.27121,-5.39325
1036.24,7.59284,1.07665
1041.67,-17.917,-49.1829
1047.09,-40.7107,-332.662
1052.52,-23.1803,-471.01
1057.94,-7.77536,-174.282
1063.37,-14.9483,-21.1436
1068.79,-18.2611,-33.3683
1074.22,-4.93768,9.56307
1079.64,-26.4453,-0.248234
1085.07,-74.629,-13.1504
1090.49,-55.85,-3.69357
1095.92,-28.3952,-3.25805
1101.35,-0.315198,11.4949
1106.77,29.4771,43.7644
1112.2,14.7134,38.9789
1117.62,4.98487,-26.9251
1123.05,9.38275,-59.7507
1128.47,10.6159,-19.8364
1133.9,-2.0991,1.95251
1139.32,-0.975359,5.13064
1144.75,-26.8575,12.921
1150.17,-111.408,15.4666
1155.6,-114.212,8.51594
1161.02,-46.2722,-3.83685
1166.45,2.34383,15.8139
1171.87,7.95227,22.0687
1177.3,-40.155,19.6072
1182.73,-62.1538,53.0122
1188.15,-39.4619,25.0307
1193.58,5.935,-13.325
1199,52.492,-1.83435
1204.43,33.1721,-9.20409
1209.85,-22.8402,-9.50086
1215.28,-23.7055,-10.5122
1220.7,9.4694,-18.2869
1226.13,33.7618,-0.129539
1231.55,26.2455,-18.8498
1236.98,15.6119,-18.6398
1242.4,-23.2199,15.3648
1247.83,-192.206,-99.8547
1253.26,-216.021,-159.416
1258.68,-40.296,-36.3021
1264.11,0.098093,-13.1148
1269.53,-35.4964,-60.2538
1274.96,-10.9852,-63.9241
1280.38,16.6877,-47.2767
1285.81,9.14079,14.6859
1291.23,-16.6622,49.0133
1296.66,-17.4765,35.7859
1302.08,28.8392,30.0286
1307.51,70.161,-15.1332
1312.93,52.4589,-57.8692
1318.36,23.523,-39.532
1323.78,11.3304,-19.415
1329.21,-10.1224,-26.8332
1334.64,-2.21385,-27.8119
1340.06,28.7427,8.24955
1345.49,11.4119,-2.69218
1350.91,-50.509,-79.3103
1356.34,-63.5711,-45.8963
1361.76,-12.1161,12.0292
1367.19,8.00406,-15.0278
1372.61,-25.9909,5.67157
1378.04,-41.2106,39.2328
1383.46,-47.9787,-10.1533
1388.89,-54.7563,-69.9679
1394.31,-24.7596,-64.3902
1399.74,-37.16,-6.74885
1405.16,-75.5522,50.4472
1410.59,-74.1229,58.2245
1416.02,-60.2091,34.106
1421.44,-7.27016,-10.8532
1426.87,50.6311,-43.6797
1432.29,23.0258,-26.7983
1437.72,-11.9833,-41.1423
1443.14,18.7422,-98.1317
1448.57,55.3405,-6.20842
1453.99,44.4064,88.9442
1459.42,15.9553,27.3368
1464.84,-8.64647,10.4043
1470.27,-48.5632,42.7749
1475.69,-48.6108,66.7013
1481.12,-33.5078,40.559
1486.55,-42.9086,-37.0435
1491.97,-33.3332,-48.9846
1497.4,-64.1685,14.1738
1502.82,-123.306,43.8926
1508.25,-114.356,13.9861
1513.67,-29.4055,3.11515
1519.1,46.3401,21.3363
1524.52,26.2364,44.0845
1529.95,-9.502,40.305
1535.37,9.81007,-10.8425
1540.8,-9.81451,-26.6723
1546.22,-19.3412,44.2281
1551.65,62.0785,98.2863
1557.07,67.5388,53.013
1562.5,22.5479,11.8276
1567.93,43.8616,-34.3293
1573.35,52.896,-88.4859
1578.78,30.752,-73.7452
1584.2,11.6657,-40.4113
1589.63,-9.10507,22.8837
1595.05,-8.94033,79.0858
1600.48,24.0618,83.0183
1605.9,6.42544,82.3603
1611.33,-71.1028,56.4806
1616.75,-103.244,11.2474
1622.18,-56.7177,17.9719
1627.6,-9.52844,-0.641764
1633.03,-8.92031,-35.6198
1638.45,-30.4186,13.2237
1643.88,-9.30913,44.9632
1649.31,28.3044,-6.93099
1654.73,15.1366,-28.1981
1660.16,37.8407,6.09758
1665.58,64.6217,-15.3007
1671.01,-2.50976,-31.9505
1676.43,-30.9433,4.66009
1681.86,31.9762,-32.2906
1687.28,67.7309,-21.6083
1692.71,13.1006,73.1092
1698.13,-63.4109,49.117
1703.56,-47.2245,15.3185
1708.98,-17.1786,46.8368
1714.41,-57.308,47.1894
1719.83,-73.1988,35.123
1725.26,-51.9654,6.20519
1730.69,-28.238,8.43053
1736.11,-15.7973,-3.00516
1741.54,-23.4236,-109.399
1746.96,49.8732,-139.851
1752.39,157.809,-91.5753
1757.81,118.702,-37.5339
1763.24,6.34007,55.2265
1768.66,-42.1161,77.7676
1774.09,-36.9893,31.3459
1779.51,13.9953,29.5747
1784.94,98.2758,19.7228
1790.36,95.5962,-47.1678
1795.79,25.237,-101.012
1801.22,48.9787,-113.23
1806.64,185.753,-104.187
1812.07,241.213,-26.2369
1817.49,119.025,47.0272
1822.92,-18.3792,18.3158
1828.34,-93.8041,-24.8482
1833.77,-80.8677,-52.6125
1839.19,-23.945,-9.36566
1844.62,-56.4619,-84.3503
1850.04,-177.794,-407.453
1855.47,-169.968,-335.237
1860.89,-25.9045,68.0281
1866.32,58.9401,192.284
1871.74,62.1018,134.805
1877.17,-37.5239,51.4373
1882.6,-78.0882,2.27111
1888.02,5.00805,-57.3076
1893.45,40.0974,-40.6015
1898.87,-18.9163,99.769
1904.3,-124.206,116.198
1909.72,-134.291,11.1536
1915.15,-63.118,-4.79622
1920.57,-27.3221,23.9056
1926,-72.1898,24.5137
1931.42,-157.674,39.759
1936.85,-142.359,-28.8656
1942.27,-90.0358,104.341
1947.7,738.832,322.691
1953.12,1598.4,36.4899
1958.55,840.224,-241.358
1963.98,-47.2341,-113.808
1969.4,-4.00598,-154.251
1974.83,25.3197,-308.147
1980.25,-26.6985,-78.6347
1985.68,-148.429,159.708
1991.1,-43.4177,9.26318
1996.53,-166.48,-340.826
2001.95,787.847,-92.4541
2007.38,18485.8,786.873
2012.8,31470.8,466.992
2018.23,13459.1,-397.834
2023.65,-263.421,-232.864
2029.08,216.858,-102.826
2034.51,-106.894,-212.675
2039.93,-151.174,-27.1431
2045.36,-39.0306,-58.6629
2050.78,628.228,-311.569
2056.21,871.835,-111.777
2061.63,412.527,198.8
2067.06,64.8582,167.751
2072.48,4.17639,96.82
2077.91,72.5986,230.623
2083.33,178.833,316.864
2088.76,65.7528,131.031
2094.18,-130.058,-96.9965
2099.61,-152.367,-141.102
2105.03,25.8782,-101.727
2110.46,177.772,-167.336
2115.89,82.5134,-146.873
2121.31,-92.6081,15.5029
2126.74,5.64204,84.436
2132.16,179.8,-1.17164
2137.59,41.6647,-83.3207
2143.01,-96.9155,-65.145
2148.44,-94.6153,-231.347
2153.86,-210.553,-376.416
2159.29,-193.053,-118.294
2164.71,20.7886,89.3512
2170.14,94.9162,109.234
2175.56,-9.28572,150.085
2180.99,-42.533,120.117
2186.41,1.17786,-49.6613
2191.84,13.5489,-157.111
2197.27,28.0479,-26.749
2202.69,-47.8474,138.393
2208.12,-120.787,76.7313
2213.54,1.5768,-33.6638
2218.97,83.9951,15.6706
2224.39,29.8196,38.0284
2229.82,-12.8678,24.3189
2235.24,-18.4404,40.9784
2240.67,-48.2264,67.5143
2246.09,34.9254,134.012
2251.52,341.137,189.922
2256.94,306.877,174.16
2262.37,71.9088,116.319
2267.79,67.7347,32.4876
2273.22,15.7683,-74.935
2278.65,-36.5166,-126.126
2284.07,-28.2269,-89.5271
2289.5,-62.6945,-40.3371
2294.92,-106.139,-30.0854
2300.35,-91.2958,-30.531
2305.77,-100.745,-46.2285
2311.2,-73.9539,-53.1451
2316.62,41.0557,-55.4173
2322.05,84.7361,-66.4664
2327.47,112.308,-11.6128
2332.9,111.749,64.5399
2338.32,44.6653,60.9855
2343.75,-15.3147,51.7075
2349.18,-43.0368,110.996
2354.6,-18.7416,148.058
2360.03,-18.81,81.2846
2365.45,-34.9739,-34.5893
2370.88,-5.53184,-53.4874
2376.3,35.3815,13.7605
2381.73,58.0918,38.8185
2387.15,28.724,35.7649
2392.58,-26.6598,22.6301
2398,-44.6475,-12.7358
2403.43,-66.1428,-19.4671
2408.85,-88.4451,9.3415
2414.28,-57.0896,36.8663
2419.7,-15.3417,-11.7173
2425.13,-12.4359,-97.8989
2430.56,-47.8629,-93.0367
2435.98,-37.9913,-69.8572
2441.41,-4.18558,-58.6664
2446.83,11.523,-114.517
2452.26,72.5573,-227.666
2457.68,71.7965,-165.259
2463.11,21.5401,-48.3058
2468.53,57.8312,-16.3862
2473.96,79.8125,37.5281
2479.38,29.3023,66.828
2484.81,-6.55852,27.5853
2490.23,-43.492,-16.5765
2495.66,-88.649,-23.5973
2501.08,-93.4043,14.9022
2506.51,-58.8281,35.0829
2511.94,-16.2227,-3.60338
2517.36,2.74536,-29.2013
2522.79,27.0247,-22.6484
2528.21,16.7631,-36.0387
2533.64,-15.2733,-22.614
2539.06,-25.6312,37.1584
2544.49,-52.8156,50.1404
2549.91,-40.1415,-20.9304
2555.34,-25.4757,-90.3935
2560.76,-43.9866,-65.0687
2566.19,-21.2483,-12.6628
2571.61,42.3142,1.65053
2577.04,78.314,-27.9031
2582.47,25.2252,-57.2593
2587.89,-28.1342,-23.4466
2593.32,-10.9281,-18.3407
2598.74,1.55392,-34.557
2604.17,-8.42567,-18.5239
2609.59,-17.9683,-23.1908
2615.02,-21.3263,-7.02746
2620.44,-1.9733,34.1894
2625.87,27.8821,34.975
2631.29,44.7338,4.94802
2636.72,57.46,-18.4015
2642.14,57.5935,-27.2289
2647.57,4.9463,-35.6553
2652.99,-95.0636,-61.4184
2658.42,-128.38,-53.362
2663.85,-45.5015,19.2899
2669.27,26.7317,63.7514
2674.7,25.7527,61.2703
2680.12,7.83823,49.8163
2685.55,6.246,30.0902
2690.97,13.4804,27.4617
2696.4,18.1745,25.6123
2701.82,-6.58939,16.8825
2707.25,-23.7241,-8.92056
2712.67,-4.13183,-19.1177
2718.1,18.2903,32.2165
2723.52,18.8563,54.9005
2728.95,-3.09923,23.4763
2734.37,1.247,-5.57771
2739.8,3.63511,-39.018
2745.23,-12.5514,-54.9994
2750.65,-55.5762,17.5117
2756.08,-64.4844,127.942
2761.5,10.1639,135.546
2766.93,19.4635,70.0856
2772.35,-7.94859,40.7704
2777.78,6.06931,28.5726
2783.2,4.39141,11.7606
2788.63,-9.70538,-17.7381
2794.05,-2.89168,-36.3881
2799.48,31.7413,-14.8303
2804.9,35.41,-6.17904
2810.33,19.7046,-21.3923
2815.75,39.9878,-2.95061
2821.18,46.2205,53.2417
2826.61,17.4438,54.1062
2832.03,-10.0371,21.9275
2837.46,-20.6863,7.298
2842.88,-15.3771,-18.0114
2848.31,-49.3419,-10.923
2853.73,-115.613,-1.89948
2859.16,-92.7207,-30.9986
2864.58,-44.8993,-42.3936
2870.01,-35.6931,-20.7139
2875.43,-13.0731,3.2585
2880.86,3.29723,32.0921
2886.28,22.5222,45.5159
2891.71,17.9181,32.5266
2897.14,-1.50144,31.6528
2902.56,11.6565,30.6927
2907.99,30.3736,25.4894
2913.41,44.5462,23.2939
2918.84,33.0494,15.591
2924.26,1.54143,18.3079
2929.69,-16.2837,19.632
2935.11,-22.1928,9.42147
2940.54,-0.269459,3.87127
2945.96,31.96,20.1187
2951.39,31.4748,90.619
2956.81,3.42147,80.6564
2962.24,-26.2523,-16.1143
2967.66,-33.3467,-23.996
2973.09,-17.2396,5.51048
2978.52,-10.6952,15.8205
2983.94,-23.1413,-0.867133
2989.37,-30.6647,-20.0375
2994.79,-39.3325,17.5701
3000.22,-35.8745,83.0179
3005.64,2.58531,89.0504
3011.07,36.957,28.5516
3016.49,41.1445,4.14174
3021.92,16.9511,8.71772
3027.34,-3.38985,-20.7817
3032.77,-19.3775,-41.5601
3038.19,-48.4426,-13.8531
3043.62,-54.8023,25.9887
3049.04,-40.7124,35.6003
3054.47,-1.22809,25.0355
3059.9,33.9396,26.9244
3065.32,33.6753,23.7418
3070.75,18.2273,-27.1868
3076.17,9.45978,-66.1634
3081.6,39.0444,-16.2428
3087.02,55.9723,28.5886
3092.45,29.5371,7.02089
3097.87,-2.13806,-7.11191
3103.3,-25.6541,12.528
3108.72,-46.7149,34.4226
3114.15,-43.894,16.0261
3119.57,-9.08668,-6.87431
3125,20.38,-14.0513
3130.43,17.3374,-13.5029
3135.85,-5.62743,6.00428
3141.28,-37.4522,-7.55079
3146.7,-41.8002,-43.2914
3152.13,8.00345,-63.3775
3157.55,33.2285,-49.0532
3162.98,-1.4244,-8.97783
3168.4,-33.0381,19.2243
3173.83,-27.2987,5.10583
3179.25,-10.9299,-26.6228
3184.68,1.18433,-22.4875
3190.1,9.62985,-17.7728
3195.53,13.2466,-34.5514
3200.95,2.59674,-33.5311
3206.38,-6.86486,6.49614
3211.81,4.35477,44.3058
3217.23,0.206725,31.686
3222.66,-26.6763,-4.13968
3228.08,-31.6994,-1.67428
3233.51,-8.36825,29.0745
3238.93,-13.7355,27.0168
3244.36,-48.0799,-0.0896835
3249.78,-71.4889,-21.3833
3255.21,-64.6251,-32.3981
3260.63,-21.2309,-15.3451
3266.06,18.0406,24.7158
3271.48,21.0011,50.9074
3276.91,-6.66696,40.6259
3282.33,-36.8112,20.5466
3287.76,-34.3134,15.787
3293.19,10.6732,12.4596
3298.61,46.8925,-2.69254
3304.04,30.4747,-27.633
3309.46,10.5457,-23.2364
3314.89,25.1942,19.5688
3320.31,28.3277,25.983
3325.74,3.63237,-7.09472
3331.16,-3.15117,-11.6913
3336.59,-5.26765,-3.60663
3342.01,-7.49468,12.7126
3347.44,13.6945,41.7366
3352.86,25.2464,13.8177
3358.29,8.69609,-22.3634
3363.71,-32.1249,-11.9693
3369.14,-30.426,-0.900163
3374.57,-13.7403,16.9448
3379.99,-48.7888,5.29968
3385.42,-39.5449,-21.7224
3390.84,-1.54933,-15.2754
3396.27,-2.2899,3.11312
3401.69,-6.72275,26.4474
3407.12,2.09083,6.44508
3412.54,2.05926,-34.8535
3417.97,-4.7267,-34.316
3423.39,6.71486,-19.5508
3428.82,3.40953,-7.69427
3434.24,-7.36506,1.89757
3439.67,6.85834,-0.254366
3445.1,-3.8531,0.987367
3450.52,-35.501,39.1694
3455.95,-22.6669,62.8772
3461.37,9.93386,26.5918
3466.8,4.89752,8.25906
3472.22,3.4734,5.57095
3477.65,7.50664,-15.3875
3483.07,6.07515,-1.24383
3488.5,22.4655,29.6306
3493.92,16.4556,17.7584
3499.35,13.9472,-2.1873
3504.77,48.6667,-11.0832
3510.2,61.5033,-24.7306
3515.62,21.5976,-13.641
3521.05,-7.18628,-3.61111
3526.48,-6.3921,-5.43215
3531.9,5.9605,-3.3169
3537.33,32.2276,-16.0412
3542.75,28.7614,-12.5386
3548.18,-23.5884,-26.6728
3553.6,-63.8755,-83.794
3559.03,-35.9767,-68.7404
3564.45,6.14357,-4.93067
3569.88,14.0912,12.3229
3575.3,-9.98055,5.61281
3580.73,-20.1286,4.34931
3586.15,11.7201,1.82502
3591.58,34.5119,-6.99713
3597,44.5117,-6.87959
3602.43,37.1283,-5.30388
3607.86,2.36299,12.4524
3613.28,-26.3455,29.354
3618.71,-25.9399,14.8815
3624.13,0.0623732,1.60289
3629.56,14.3465,5.75309
3634.98,-14.681,15.7874
3640.41,-49.7194,20.7163
3645.83,-25.7882,27.3104
3651.26,19.8138,4.51026
3656.68,25.5687,-25.7333
3662.11,26.281,-14.8919
3667.53,26.5635,9.54419
3672.96,-5.67448,38.8826
3678.39,-21.535,29.2786
3683.81,-2.56882,-14.0746
3689.24,0.167175,-14.7457
3694.66,-14.098,22.5694
3700.09,-29.5454,45.2766
3705.51,-37.9209,19.083
3710.94,-32.3378,-26.3494
3716.36,-15.1921,-32.8772
3721.79,5.95805,-10.5556
3727.21,20.637,-1.15928
3732.64,13.276,7.0903
3738.06,-3.7641,23.4949
3743.49,13.5382,31.2051
3748.91,30.8852,13.0904
3754.34,20.5063,-3.31044
3759.77,5.80487,14.1143
3765.19,-26.2214,5.66009
3770.62,-30.3313,-32.6496
3776.04,10.9954,-30.7937
3781.47,34.3393,-10.5858
3786.89,14.8885,-16.8716
3792.32,-0.143702,-26.0611
3797.74,14.9974,-4.10903
3803.17,8.58832,15.6183
3808.59,-4.25384,-8.05041
3814.02,-0.714492,-25.1576
3819.44,9.29769,4.86961
3824.87,11.6064,34.2444
3830.29,21.0115,20.027
3835.72,46.1778,12.4694
3841.15,30.5095,24.0752
3846.57,3.95036,37.1716
3852,2.03777,59.8835
3857.42,3.58908,50.4359
3862.85,-5.20817,30.175
3868.27,-12.4222,35.1919
3873.7,4.84439,30.8892
3879.12,9.88543,3.64551
3884.55,-0.519792,-11.1329
3889.97,12.0274,-8.28348
3895.4,-0.955617,-14.3544
3900.82,-33.9346,5.88488
3906.25,-27.3173,49.5915
3911.68,-3.38249,48.4253
3917.1,7.60629,14.742
3922.53,4.98688,-0.476534
3927.95,15.0471,2.17989
3933.38,15.9748,21.7889
3938.8,-7.53321,36.2091
3944.23,-14.6785,16.166
3949.65,-9.01669,6.2785
3955.08,7.48665,18.2539
3960.5,32.758,19.4445
3965.93,33.4594,8.61117
3971.35,34.6514,-11.5694
3976.78,33.5839,-34.603
3982.2,-7.92219,-52.4477
3987.63,-36.5286,-33.0207
3993.06,-33.6237,11.2757
3998.48,-33.024,13.1285
4003.91,-5.88121,-10.0384
4009.33,22.3735,-11.7669
4014.76,2.76882,-0.684151
4020.18,-9.26886,4.86683
4025.61,6.81405,-2.84334
4031.03,24.6734,-22.5316
4036.46,19.146,-19.4
4041.88,1.13055,15.8726
4047.31,-2.61617,31.4181
4052.73,-19.1744,4.6772
4058.16,-24.731,-19.7478
4063.58,-6.91507,-17.594
4069.01,-0.663159,-5.65663
4074.44,16.372,7.70089
4079.86,26.3183,5.30454
4085.29,12.5563,-12.1362
4090.71,18.3668,-10.9234
4096.14,24.1929,0.825337
4101.56,23.928,2.74796
4106.99,12.4023,9.91791
4112.41,-0.607888,3.71242
4117.84,13.681,-22.4477
4123.26,13.9249,-29.9383
4128.69,-7.40614,-14.3792
4134.11,-13.7434,3.47809
4139.54,2.68724,12.2613
4144.96,17.2428,18.2665
4150.39,32.9066,32.4349
4155.82,49.8561,31.9427
4161.24,35.0263,19.1437
4166.67,-9.48542,6.29893
4172.09,-34.5021,0.0922267
4177.52,-15.6045,12.3034
4182.94,28.1296,10.9497
4188.37,41.6419,-2.92749
4193.79,-0.104693,6.85241
4199.22,-36.8441,35.6298
4204.64,-33.2615,55.6241
4210.07,-5.45563,37.7227
4215.49,17.7943,0.458181
4220.92,2.42643,-15.5414
4226.35,-50.5623,-16.0519
4231.77,-63.622,-11.396
4237.2,-25.0624,-20.4396
4242.62,-11.0796,-11.8957
4248.05,-21.7671,18.6057
4253.47,-21.6708,15.7418
4258.9,-14.3426,11.4131
4264.32,-5.34121,16.9412
4269.75,-5.65273,3.87942
4275.17,-15.6236,-5.84649
4280.6,-5.69641,1.86912
4286.02,8.48231,6.91869
4291.45,13.4401,-17.538
4296.87,4.60854,-49.8793
4302.3,-5.8124,-30.7899
4307.73,11.369,7.56781
4313.15,18.4279,8.98742
4318.58,5.36328,-0.387822
4324,16.5601,0.35135
4329.43,22.3743,-2.45577
4334.85,-3.29776,-5.59337
4340.28,-13.75,8.89729
4345.7,-9.12494,29.6301
4351.13,-1.43141,28.535
4356.55,12.0179,8.44398
4361.98,14.0303,-3.15446
4367.4,6.43333,-16.1508
4372.83,11.884,-27.84
4378.25,17.5975,-23.3
4383.68,6.6276,-16.844
4389.11,-2.52734,-4.75481
4394.53,-3.85425,-2.67277
4399.96,4.53603,-6.5924
4405.38,28.4225,-8.32629
4410.81,34.6792,-18.1284
4416.23,20.8273,-20.0851
4421.66,19.4759,-27.0167
4427.08,14.6797,-27.2853
4432.51,-2.25088,-0.431033
4437.93,-6.1703,19.4536
4443.36,-0.525752,26.4707
4448.78,-22.4981,14.0374
4454.21,-42.4439,-8.85757
4459.63,-28.6095,6.38391
4465.06,-19.5625,22.7502
4470.49,-13.2928,9.61855
4475.91,10.4282,6.86857
4481.34,38.1885,23.6945
4486.76,59.4311,53.1709
4492.19,56.2205,40.8741
4497.61,34.5006,-0.672124
4503.04,11.4448,-4.06912
4508.46,-5.38238,-0.690702
4513.89,-8.24879,7.43928
4519.31,-12.3015,20.6513
4524.74,-21.1673,10.4542
4530.16,-25.5776,2.61787
4535.59,-22.7047,4.82658
4541.02,-17.0743,-5.7115
4546.44,-17.8444,-19.3737
4551.87,-12.5939,-26.0078
4557.29,3.21077,-23.277
4562.72,1.55993,-14.1326
4568.14,-1.35872,-20.4761
4573.57,11.8857,-30.9868
4578.99,13.9601,-19.3185
4584.42,-0.608427,-0.571655
4589.84,-13.2144,-3.76293
4595.27,-13.4689,-20.7661
4600.69,-13.7615,-9.37543
4606.12,-7.60938,15.1314
4611.54,-0.284181,10.4969
4616.97,-1.22681,-15.142
4622.4,3.18193,-38.1374
4627.82,-3.08748,-44.7342
4633.25,-14.4673,-27.1471
4638.67,-16.6491,2.68303
4644.1,6.35622,6.91682
4649.52,36.6891,0.920671
4654.95,18.8325,17.6376
4660.37,-6.67725,34.9653
4665.8,-9.7101,41.5338
4671.22,-15.6479,43.0775
4676.65,-12.5279,29.2808
4682.07,4.55535,20.7513
4687.5,12.1817,13.529
4692.92,7.00647,-13.9459
4698.35,5.42792,-18.6949
4703.78,4.93581,18.6932
4709.2,-2.8418,46.1342
4714.63,-13.4227,24.1677
4720.05,-2.23414,7.87493
4725.48,20.1586,17.1934
4730.9,5.90742,6.27062
4736.33,-14.7716,-12.7952
4741.75,8.32169,-18.0444
4747.18,32.5945,-17.8837
4752.6,20.5016,-8.04131
4758.03,9.99107,12.4613
4763.45,29.5386,-2.3325
4768.88,29.843,-26.7561
4774.31,1.08835,-18.5676
4779.73,5.72102,-8.44625
4785.16,16.8345,0.553758
4790.58,-5.78693,-0.189142
4796.01,-15.2079,-4.4113
4801.43,-5.19637,-11.6931
4806.86,-1.44709,-35.9502
4812.28,17.4673,-28.2496
4817.71,36.2278,11.0064
4823.13,6.86419,5.79289
4828.56,-26.6702,-33.243
4833.98,-22.9011,-20.784
4839.41,-18.3989,24.8385
4844.83,-11.1739,40.7548
4850.26,-4.14397,31.9675
4855.69,-10.8447,11.0972
4861.11,-17.2512,-3.90756
4866.54,-27.1786,-7.13642
4871.96,-29.573,-18.0985
4877.39,-17.3715,-35.6497
4882.81,-0.53535,-25.7238
4888.24,11.5175,-2.97398
4893.66,12.5334,-0.321234
4899.09,-1.10871,-1.27614
4904.51,-20.6239,-0.272732
4909.94,-11.9671,3.22748
4915.36,9.27549,11.3684
4920.79,13.0604,5.32401
4926.21,21.9653,-10.3947
4931.64,24.2699,5.54367
4937.07,11.7753,30.8511
4942.49,11.3777,23.2338
4947.92,7.03555,3.73432
4953.34,-3.09567,-0.561729
4958.77,0.9609,-1.71328
4964.19,8.21595,-14.4379
4969.62,-1.73719,-23.6293
4975.04,-15.9168,-27.2284
4980.47,-27.8924,-16.8671
4985.89,-28.4773,0.955
4991.32,3.97847,1.09626
4996.74,-1.03569,-9.0379
5002.17,-45.9845,-20.5391
5007.6,-38.1711,-19.4692
5013.02,-9.2637,-5.41138
5018.45,-11.8553,0.965272
5023.87,-24.8338,-18.6373
5029.3,-28.1638,-55.3649
5034.72,-10.3497,-57.4463
5040.15,21.7491,-26.7557
5045.57,28.4571,-15.9024
5051,11.873,0.718814
5056.42,5.05969,26.306
5061.85,-7.21372,19.8047
5067.27,-16.0806,15.9958
5072.7,-6.71581,16.4708
5078.12,-3.57041,3.57463
5083.55,-18.2415,-12.967
5088.98,-38.8007,-35.3127
5094.4,-45.9675,-13.4875
5099.83,-41.3092,35.0901
5105.25,-37.3667,24.7243
5110.68,-36.3266,-5.66291
5116.1,-39.1522,-12.8074
5121.53,-36.4068,-9.09134
5126.95,-5.89143,-0.393743
5132.38,21.3789,-1.58099
5137.8,32.0008,1.33356
5143.23,32.9839,4.01763
5148.65,14.1032,-7.42827
5154.08,14.0551,-8.87266
5159.5,4.6493,-12.3282
5164.93,-31.9748,-18.3295
5170.36,-21.2974,-9.11999
5175.78,14.5793,5.51511
5181.21,3.83526,30.1673
5186.63,-3.62796,27.2641
5192.06,19.7888,-2.98018
5197.48,14.9317,-14.7982
5202.91,-7.19615,-21.125
5208.33,-10.5164,-9.62138
5213.76,5.5892,18.6622
5219.18,18.7463,16.7194
5224.61,-0.768213,2.32664
5230.03,-10.9257,-12.8283
5235.46,6.78593,-29.5643
5240.88,21.1637,-24.0988
5246.31,45.4696,-12.1602
5251.74,53.4488,5.15525
5257.16,31.4658,26.1167
5262.59,-1.64396,36.2566
5268.01,-20.1531,26.6275
5273.44,5.81268,9.91195
5278.86,23.0922,4.61741
5284.29,1.77303,10.1583
5289.71,-5.44894,23.6659
5295.14,-7.35936,15.8022
5300.56,-22.1539,-15.996
5305.99,-7.464,-23.8984
5311.41,13.0778,-9.83865
5316.84,-1.39684,-29.6109
5322.27,-19.1465,-32.8037
5327.69,-18.5858,16.506
5333.12,-8.19751,30.8867
5338.54,-10.5338,0.688287
5343.97,-25.2489,-31.5724
5349.39,-22.4115,-36.8885
5354.82,-16.9351,-18.3743
5360.24,-18.4066,-11.1945
5365.67,-21.0223,-0.183783
5371.09,2.39514,23.3114
5376.52,27.4341,30.7585
5381.94,14.5383,20.1222
5387.37,15.8849,23.2803
5392.79,11.9947,35.4074
5398.22,-4.48898,32.5868
5403.65,-0.518771,22.7926
5409.07,3.92238,7.04358
5414.5,3.96743,-1.87848
5419.92,6.34788,5.99614
5425.35,15.0854,-6.38926
5430.77,14.389,-34.4564
5436.2,-0.646898,-28.7274
5441.62,-7.34709,-9.39334
5447.05,-0.910497,-7.71964
5452.47,5.37784,-14.1217
5457.9,3.0384,-23.8589
5463.32,-9.0442,-24.516
5468.75,-17.6716,-12.1734
5474.17,-4.62142,4.29359
5479.6,3.25054,17.6679
5485.03,-0.457104,16.5668
5490.45,-1.73313,7.46248
5495.88,-27.6306,15.4749
5501.3,-43.6864,28.2785
5506.73,-8.49478,25.5467
5512.15,27.2104,14.1191
5517.58,6.02102,-0.0341427
5523,-29.5596,-4.68568
5528.43,-10.929,-5.21329
5533.85,19.8957,-4.41898
5539.28,6.93597,-0.218321
5544.7,-13.2685,3.35686
5550.13,-5.47588,11.1187
