350,00	171,26
351,00	170,40
352,00	172,15
353,00	171,61
354,00	173,13
355,00	170,63
356,00	172,47
357,00	171,54
358,00	172,42
359,00	172,11
360,00	172,80
361,00	171,93
362,00	172,81
363,00	172,06
364,00	172,05
365,00	173,66
366,00	172,93
367,00	172,81
368,00	172,83
369,00	172,91
370,00	172,60
371,00	172,85
372,00	173,33
373,00	172,50
374,00	173,67
375,00	171,63
376,00	174,53
377,00	173,64
378,00	175,16
379,00	174,08
380,00	173,13
381,00	174,50
382,00	174,00
383,00	175,41
384,00	172,51
385,00	174,83
386,00	173,76
387,00	175,48
388,00	175,37
389,00	175,72
390,00	174,84
391,00	174,70
392,00	175,63
393,00	173,59
394,00	174,34
395,00	175,51
396,00	175,17
397,00	174,57
398,00	175,31
399,00	172,60
400,00	174,81
401,00	176,43
402,00	175,99
403,00	175,64
404,00	175,49
405,00	174,94
406,00	174,07
407,00	175,56
408,00	174,73
409,00	175,54
410,00	175,41
411,00	175,12
412,00	175,28
413,00	175,79
414,00	174,65
415,00	175,13
416,00	175,03
417,00	175,60
418,00	173,80
419,00	175,21
420,00	174,61
421,00	176,20
422,00	175,90
423,00	175,56
424,00	175,45
425,00	174,56
426,00	175,41
427,00	174,88
428,00	174,63
429,00	174,73
430,00	173,96
431,00	176,09
432,00	175,95
433,00	175,75
434,00	175,12
435,00	175,96
436,00	177,94
437,00	175,32
438,00	175,52
439,00	175,46
440,00	174,91
441,00	175,41
442,00	175,91
443,00	176,20
444,00	176,40
445,00	174,96
446,00	174,12
447,00	180,30
448,00	177,23
449,00	175,40
450,00	175,31
451,00	175,66
452,00	175,65
453,00	176,45
454,00	174,67
455,00	177,20
456,00	174,77
457,00	175,28
458,00	175,20
459,00	175,31
460,00	174,96
461,00	176,01
462,00	176,38
463,00	176,01
464,00	175,70
465,00	175,64
466,00	175,32
467,00	175,97
468,00	174,05
469,00	174,70
470,00	175,53
471,00	178,97
472,00	178,32
473,00	175,67
474,00	174,85
475,00	175,19
476,00	175,70
477,00	175,43
478,00	174,16
479,00	174,32
480,00	175,39
481,00	175,48
482,00	175,16
483,00	175,49
484,00	174,40
485,00	175,14
486,00	174,22
487,00	176,12
488,00	174,97
489,00	175,52
490,00	175,00
491,00	175,53
492,00	176,99
493,00	176,31
494,00	174,52
495,00	174,70
496,00	175,88
497,00	175,05
498,00	175,12
499,00	174,93
500,00	174,68
501,00	176,10
502,00	177,89
503,00	176,27
504,00	177,03
505,00	176,78
506,00	175,28
507,00	174,65
508,00	177,44
509,00	175,04
510,00	173,84
511,00	175,38
512,00	174,34
513,00	175,90
514,00	175,52
515,00	176,47
516,00	174,51
517,00	173,36
518,00	175,28
519,00	174,96
520,00	176,07
521,00	174,74
522,00	174,28
523,00	175,63
524,00	174,72
525,00	174,68
526,00	172,96
527,00	174,55
528,00	176,50
529,00	174,17
530,00	174,20
531,00	172,05
532,00	174,11
533,00	175,77
534,00	174,32
535,00	175,57
536,00	174,54
537,00	174,12
538,00	174,66
539,00	173,19
540,00	173,71
541,00	173,52
542,00	174,12
543,00	174,43
544,00	176,19
545,00	174,74
546,00	173,91
547,00	175,07
548,00	175,05
549,00	174,78
550,00	174,78
551,00	174,19
552,00	174,80
553,00	172,93
554,00	175,40
555,00	173,63
556,00	174,09
557,00	173,68
558,00	173,93
559,00	174,29
560,00	174,26
561,00	174,30
562,00	173,88
563,00	172,86
564,00	173,22
565,00	173,67
566,00	173,93
567,00	173,57
568,00	174,29
569,00	173,38
570,00	173,75
571,00	173,42
572,00	172,30
573,00	173,39
574,00	174,02
575,00	171,71
576,00	175,02
577,00	173,70
578,00	172,98
579,00	174,01
580,00	173,17
581,00	174,60
582,00	173,60
583,00	173,09
584,00	174,11
585,00	173,28
586,00	173,59
587,00	173,91
588,00	172,58
589,00	173,86
590,00	174,45
591,00	173,32
592,00	173,11
593,00	173,91
594,00	174,21
595,00	173,89
596,00	174,70
597,00	174,29
598,00	173,01
599,00	174,36
600,00	173,14
601,00	174,05
602,00	173,65
603,00	174,69
604,00	173,34
605,00	173,24
606,00	174,62
607,00	173,27
608,00	172,35
609,00	172,26
610,00	173,83
611,00	173,99
612,00	173,76
613,00	172,64
614,00	173,25
615,00	173,39
616,00	174,37
617,00	173,51
618,00	174,59
619,00	173,23
620,00	174,20
621,00	173,90
622,00	173,77
623,00	172,79
624,00	172,17
625,00	175,12
626,00	173,38
627,00	173,92
628,00	173,81
629,00	173,01
630,00	173,13
631,00	172,23
632,00	176,41
633,00	198,93
634,00	178,59
635,00	174,88
636,00	173,48
637,00	173,48
638,00	173,59
639,00	173,94
640,00	174,21
641,00	174,23
642,00	173,19
643,00	174,42
644,00	172,43
645,00	174,36
646,00	173,30
647,00	172,12
648,00	173,99
649,00	173,45
650,00	173,24
651,00	172,28
652,00	172,10
653,00	171,82
654,00	173,16
655,00	172,99
656,00	172,82
657,00	172,76
658,00	173,69
659,00	173,78
660,00	173,46
661,00	173,01
662,00	172,89
663,00	173,31
664,00	172,43
665,00	173,44
666,00	170,70
667,00	172,49
668,00	173,12
669,00	174,00
670,00	172,13
671,00	172,97
672,00	172,29
673,00	172,92
674,00	173,54
675,00	172,63
676,00	173,17
677,00	173,19
678,00	173,75
679,00	173,84
680,00	173,09
681,00	173,23
682,00	173,18
683,00	172,75
684,00	171,84
685,00	171,48
686,00	174,01
687,00	173,06
688,00	172,40
689,00	172,57
690,00	173,00
691,00	173,47
692,00	171,74
693,00	175,95
694,00	174,75
695,00	172,44
696,00	174,02
697,00	173,58
698,00	172,89
699,00	172,68
700,00	173,70
701,00	173,55
702,00	173,46
703,00	174,43
704,00	173,81
705,00	174,14
706,00	183,09
707,00	180,93
708,00	176,59
709,00	173,94
710,00	173,35
711,00	172,40
712,00	173,04
713,00	172,28
714,00	174,52
715,00	173,98
716,00	173,40
717,00	174,65
718,00	172,78
719,00	174,81
720,00	173,33
721,00	173,26
722,00	171,91
723,00	173,14
724,00	176,44
725,00	175,68
726,00	173,26
727,00	173,06
728,00	178,13
729,00	174,73
730,00	173,56
731,00	173,26
732,00	171,81
733,00	171,75
734,00	171,85
735,00	172,92
736,00	173,14
737,00	174,46
738,00	174,31
739,00	174,21
740,00	173,22
741,00	173,72
742,00	172,03
743,00	172,85
744,00	173,13
745,00	173,14
746,00	171,63
747,00	174,21
748,00	172,31
749,00	175,19
750,00	174,10
751,00	173,24
752,00	172,38
753,00	173,41
754,00	173,54
755,00	172,52
756,00	173,65
757,00	172,92
758,00	173,44
759,00	173,87
760,00	172,23
761,00	173,43
762,00	173,67
763,00	174,64
764,00	174,27
765,00	174,09
766,00	173,10
767,00	172,61
768,00	172,83
769,00	173,36
770,00	173,78
771,00	173,30
772,00	172,73
773,00	174,55
774,00	173,04
775,00	173,35
776,00	172,37
777,00	172,51
778,00	172,29
779,00	173,03
780,00	172,62
781,00	173,29
782,00	173,01
783,00	172,70
784,00	172,13
785,00	173,09
786,00	172,75
787,00	171,57
788,00	171,60
789,00	173,44
790,00	174,24
791,00	172,05
792,00	172,75
793,00	173,40
794,00	173,28
795,00	172,58
796,00	173,38
797,00	173,32
798,00	172,71
799,00	173,23
800,00	172,22
801,00	172,66
802,00	171,48
803,00	173,36
804,00	173,43
805,00	173,29
806,00	173,46
807,00	173,91
808,00	173,49
809,00	173,04
810,00	172,69
811,00	174,22
812,00	172,45
813,00	173,69
814,00	174,52
815,00	172,25
816,00	173,20
817,00	172,98
818,00	173,44
819,00	172,23
820,00	171,60
821,00	174,02
822,00	173,97
823,00	173,07
824,00	171,71
825,00	172,16
826,00	173,33
827,00	174,45
828,00	173,93
829,00	173,04
830,00	173,41
831,00	172,75
832,00	174,35
833,00	173,80
834,00	173,04
835,00	172,96
836,00	173,02
837,00	173,67
838,00	174,18
839,00	171,95
840,00	173,48
841,00	174,00
842,00	173,82
843,00	172,87
844,00	172,95
845,00	173,81
846,00	173,82
847,00	171,64
848,00	174,02
849,00	174,66
850,00	173,31
851,00	172,43
852,00	173,76
853,00	172,21
854,00	172,43
855,00	173,78
856,00	172,75
857,00	173,62
858,00	173,75
859,00	175,55
860,00	173,68
861,00	172,89
862,00	172,95
863,00	173,49
864,00	172,74
865,00	175,61
866,00	173,66
867,00	172,69
868,00	172,91
869,00	173,31
870,00	172,88
871,00	171,63
872,00	173,48
873,00	173,10
874,00	172,17
875,00	173,39
876,00	173,53
877,00	172,65
878,00	173,80
879,00	174,28
880,00	172,77
881,00	173,67
882,00	172,73
883,00	173,28
884,00	173,26
885,00	173,80
886,00	172,53
887,00	173,31
888,00	172,76
889,00	173,06
890,00	171,33
891,00	173,79
892,00	173,88
893,00	174,06
894,00	174,84
895,00	173,95
896,00	173,79
897,00	172,78
898,00	173,67
899,00	174,62
900,00	172,99
901,00	172,70
902,00	173,35
903,00	173,41
904,00	173,03
905,00	171,93
906,00	173,07
907,00	173,97
908,00	173,53
909,00	172,44
910,00	172,78
911,00	174,79
912,00	172,11
913,00	172,90
914,00	172,93
915,00	173,71
916,00	173,41
917,00	173,07
918,00	171,98
919,00	173,97
920,00	172,61
921,00	173,09
922,00	173,40
923,00	173,95
924,00	171,99
925,00	172,37
926,00	173,84
927,00	172,67
928,00	173,03
929,00	173,36
930,00	172,67
931,00	172,46
932,00	173,01
933,00	172,20
934,00	173,69
935,00	173,02
936,00	172,46
937,00	172,46
938,00	174,37
939,00	173,02
940,00	173,86
941,00	172,90
942,00	173,63
943,00	173,08
944,00	173,28
945,00	172,87
946,00	172,69
947,00	172,49
948,00	172,09
949,00	173,87
950,00	174,09
951,00	172,92
952,00	172,81
953,00	173,20
954,00	172,72
955,00	173,27
956,00	173,21
957,00	172,98
958,00	171,21
959,00	172,64
960,00	173,77
961,00	172,36
962,00	173,04
963,00	173,78
964,00	172,53
965,00	172,59
966,00	174,57
967,00	174,44
968,00	173,94
969,00	173,40
970,00	174,17
971,00	172,05
972,00	172,20
973,00	173,44
974,00	172,39
975,00	172,40
976,00	173,53
977,00	174,11
978,00	173,60
979,00	172,30
980,00	173,36
981,00	172,66
982,00	173,21
983,00	171,78
984,00	172,41
985,00	172,30
986,00	173,32
987,00	173,90
988,00	173,43
989,00	172,27
990,00	172,50
991,00	173,91
992,00	172,43
993,00	172,03
994,00	173,21
995,00	174,22
996,00	173,47
997,00	172,52
998,00	173,30
999,00	172,33
1000,00	173,40
