# BEGINHEADER
# This file contains data from the SALSA 2m radio telescope.
# DATE=2024-01-31T11:47:0044
# GLON and GLAT given in degrees
# GLON=29.31213876435332
# GLAT=-34.265053962720565
# DATA in two columns below. Col. 1 is velocity relative to LSR [km/s]. Col. 2 is uncalibrated antenna temperature [K].
# ENDHEADER
2384.8622304836995 118.55969653421283
2382.801086533101 241.58004936302342
2380.7399425825024 217.13203501056972
2378.678798631904 237.68142687223823
2376.6176546813053 231.6711477591253
2374.5565107307066 248.41733526399676
2372.495366780108 251.37207795872908
2370.4342228295095 262.56682867527786
2368.3730788789107 274.4799244173032
2366.311934928312 289.7383194131943
2364.250790977713 299.60071812077825
2362.189647027115 314.52785043718035
2360.128503076516 328.78122307176955
2358.067359125918 344.5241401114081
2356.006215175319 356.6763291943679
2353.9450712247203 371.9871062693561
2351.8839272741216 385.59416724164623
2349.8227833235233 397.6414713715755
2347.7616393729245 409.6454395787321
2345.7004954223257 422.78822554208637
2343.639351471727 434.37905120812144
2341.5782075211287 445.05722294943257
2339.51706357053 451.9057403778451
2337.4559196199316 462.9661258646057
2335.394775669333 478.38609102449976
2333.333631718734 477.55151473964247
2331.2724877681353 487.43167569599865
2329.2113438175365 494.5358508039226
2327.150199866938 498.61114056428465
2325.089055916339 503.7322096295329
2323.0279119657403 510.5276851845483
2320.966768015142 512.7715038447835
2318.905624064543 517.3779932559305
2316.844480113945 523.6014736188506
2314.783336163346 522.6209869418549
2312.7221922127474 524.9779665935964
2310.6610482621486 523.1987520086485
2308.5999043115503 529.006219701576
2306.5387603609515 534.4694702044524
2304.4776164103528 531.3200144306564
2302.416472459754 535.4630919454052
2300.3553285091557 535.7013054703292
2298.294184558557 533.8780138573086
2296.2330406079586 542.4542765273874
2294.1718966573594 540.2362741589341
2292.110752706761 538.6820998491903
2290.0496087561623 534.9144392553752
2287.988464805564 544.2679777563144
2285.9273208549653 548.415542113117
2283.8661769043665 545.1301925727387
2281.8050329537677 548.9496133868909
2279.7438890031694 551.858072245733
2277.6827450525707 548.3384975452714
2275.6216011019724 549.704897655418
2273.560457151373 553.5063169983966
2271.499313200775 550.9752646500142
2269.438169250176 551.4259110043969
2267.377025299578 551.5032714652872
2265.3158813489786 552.7931228403837
2263.25473739838 559.2362461320218
2261.193593447781 560.1743929412494
2259.1324494971827 560.733172071191
2257.071305546584 560.000041731891
2255.0101615959857 556.5757043333936
2252.9490176453864 563.1252424049941
2250.887873694788 566.1491187068002
2248.8267297441894 563.9755018447098
2246.765585793591 564.0171512535197
2244.7044418429923 569.6483804376644
2242.6432978923935 561.2340226092235
2240.582153941795 564.3031418878963
2238.5210099911965 569.8719539899654
2236.4598660405977 565.2294003026881
2234.3987220899994 571.639223189339
2232.3375781394 575.647267066172
2230.276434188802 572.3693684089676
2228.215290238203 573.0288054327616
2226.154146287605 574.2004893624693
2224.093002337006 568.0966606446722
2222.0318583864073 570.6200063327619
2219.9707144358085 573.7100207624237
2217.90957048521 570.9581793319621
2215.8484265346115 575.2779074254138
2213.787282584013 576.0420219488564
2211.726138633414 576.8844818244474
2209.6649946828156 576.5985183753484
2207.603850732217 574.8333269342752
2205.5427067816186 585.6670507766345
2203.4815628310193 572.3294297056163
2201.4204188804206 572.6459604049129
2199.359274929822 578.2528357878323
2197.2981309792235 577.8005759900295
2195.2369870286248 581.4082693878472
2193.1758430780264 575.9702849977106
2191.1146991274272 576.696717249146
2189.053555176829 583.153205105962
2186.99241122623 584.0512880710087
2184.931267275632 582.6862344761706
2182.870123325033 582.2249441585017
2180.8089793744343 579.0717321537411
2178.7478354238356 580.4256895163209
2176.6866914732373 580.8202219527776
2174.6255475226385 576.3565909647155
2172.56440357204 576.9281650024883
2170.503259621441 583.5282372047176
2168.4421156708427 585.6780419613838
2166.380971720244 586.1109575119103
2164.3198277696456 581.1711413512711
2162.258683819047 584.6936733287314
2160.197539868448 582.5619457949537
2158.1363959178493 580.1818486938198
2156.075251967251 582.0660282536039
2154.0141080166522 584.051510817267
2151.952964066054 581.9014472954881
2149.8918201154547 584.0542227380128
2147.8306761648564 576.7570879663776
2145.7695322142577 587.567139185505
2143.7083882636593 587.0558851667897
2141.64724431306 581.4263962907881
2139.5861003624614 576.1107677724306
2137.5249564118626 586.5986973365927
2135.4638124612643 590.269411163451
2133.4026685106655 585.5614894948351
2131.3415245600672 576.3127254348144
2129.280380609468 580.0831497462073
2127.2192366588697 583.6007207806797
2125.158092708271 584.9488845675928
2123.0969487576726 579.0810285235679
2121.035804807074 561.3907448818412
2118.974660856475 582.6664215976037
2116.9135169058763 587.1031692921638
2114.852372955278 585.9294111573479
2112.7912290046793 580.8590466552829
2110.730085054081 577.7540969331983
2108.6689411034818 586.3688418991316
2106.6077971528834 582.9012426871566
2104.5466532022847 583.5591432581938
2102.4855092516864 583.0234082558125
2100.4243653010876 579.2245946866859
2098.363221350489 577.6758637142065
2096.30207739989 583.204578192722
2094.240933449292 579.4345710697285
2092.179789498693 577.7852935650751
2090.1186455480943 584.2971733366398
2088.0575015974955 582.3860572144291
2085.996357646897 580.3318626465725
2083.9352136962984 576.4678795739624
2081.8740697456997 574.6088656177649
2079.812925795101 581.4461056773137
2077.7517818445026 580.8010707367284
2075.6906378939034 581.9124606486856
2073.629493943305 579.6363561882922
2071.5683499927063 574.5831411673964
2069.507206042108 577.1378486087348
2067.4460620915092 574.8373321349338
2065.3849181409105 575.176673432478
2063.3237741903117 575.2017343527
2061.2626302397134 574.8049489369561
2059.2014862891147 576.6212442958415
2057.1403423385163 572.97581796586
2055.079198387917 581.2678759159227
2053.018054437319 578.0691320867546
2050.95691048672 614.2481331301709
2048.8957665361218 588.4218808078396
2046.8346225855228 567.8656831931854
2044.7734786349242 573.5025497311794
2042.7123346843255 563.4778661491339
2040.651190733727 572.6161601036429
2038.5900467831282 570.0992022524867
2036.5289028325299 575.76608828318
2034.4677588819309 571.2313217898417
2032.4066149313323 571.5578591024935
2030.3454709807336 573.4920117382096
2028.284327030135 579.0738999288844
2026.2231830795363 568.3322374439558
2024.1620391289377 571.3645388721499
2022.100895178339 571.8278173994004
2020.0397512277405 569.3610541989941
2017.9786072771417 564.6995323607381
2015.9174633265434 566.1258995778362
2013.8563193759444 568.0483571080222
2011.795175425346 566.7221911857283
2009.7340314747473 567.688804462609
2007.6728875241488 571.8980555752594
2005.61174357355 561.6221089253343
2003.5505996229515 564.335951722776
2001.4894556723525 567.485099595141
1999.428311721754 561.530851998402
1997.3671677711552 565.5891697098039
1995.306023820557 563.090824852209
1993.244879869958 558.0133219328267
1991.1837359193596 555.4078396732051
1989.1225919687608 555.1380075491074
1987.0614480181623 552.5890561706644
1985.0003040675635 557.4436988813468
1982.939160116965 554.6904309337409
1980.8780161663663 551.1057217096633
1978.8168722157677 559.8137338312167
1976.755728265169 548.5039981323177
1974.6945843145706 550.413352116967
1972.6334403639717 552.2638423099788
1970.5722964133734 544.5125121095078
1968.5111524627744 544.6905856962594
1966.4500085121758 545.5280313765803
1964.388864561577 547.7547063003826
1962.3277206109785 541.6441672179236
1960.2665766603798 542.1215717319442
1958.2054327097812 544.4532649802574
1956.1442887591825 540.4850297530111
1954.083144808584 539.5598398860521
1952.0220008579852 538.4374643846176
1949.9608569073869 537.4338902283554
1947.899712956788 537.55082066408
1945.8385690061896 536.5717256314427
1943.7774250555908 531.4750344339454
1941.7162811049923 533.6850781973062
1939.6551371543935 534.3545250124876
1937.5939932037948 528.3612976184211
1935.532849253196 527.3347535708592
1933.4717053025975 523.1763751187311
1931.4105613519987 527.0710893623947
1929.3494174014004 520.0525500621425
1927.2882734508016 516.5871518010533
1925.227129500203 513.7323102853654
1923.1659855496043 509.56812880611955
1921.1048415990058 507.1776362375945
1919.043697648407 507.1181246480763
1916.9825536978085 501.4224145738108
1914.9214097472097 500.6450972966121
1912.8602657966112 485.07324713976413
1910.7991218460124 479.403175661513
1908.7379778954141 473.05420724745915
1906.676833944815 470.92352581938934
1904.6156899942166 464.766113328702
1902.5545460436178 445.6683498001008
1900.4934020930193 445.5269072466645
1898.4322581424206 430.4585707255056
1896.371114191822 417.22559149623896
1894.3099702412233 410.4750172672131
1892.2488262906247 395.6543787443071
1890.187682340026 384.5815637819587
1888.1265383894277 370.02365931056056
1886.0653944388287 355.6356220200931
1884.0042504882304 342.3292717342332
1881.9431065376316 328.8163487896979
1879.881962587033 315.15362395372017
1877.8208186364343 300.77374882040067
1875.7596746858355 289.88078804145914
1873.6985307352368 275.2996719660787
1871.6373867846382 263.6519268392881
1869.5762428340395 254.82825467402634
1867.5150988834412 249.50481849045076
1865.4539549328422 232.57232492326924
1863.3928109822439 237.3716530511486
1861.331667031645 217.1459535018698
1859.2705230810466 246.2963695975892
