# BEGINHEADER
# This file contains data from the SALSA 2m radio telescope.
# DATE=2024-01-31T12:01:0029
# GLON and GLAT given in degrees
# GLON=35.16955745191908
# GLAT=-32.69872123939599
# DATA in two columns below. Col. 1 is velocity relative to LSR [km/s]. Col. 2 is uncalibrated antenna temperature [K].
# ENDHEADER
2384.9749839963993 20.241424011455724
2382.9138400458005 41.45162513548637
2380.8526960952017 36.63936005043797
2378.791552144603 40.30671825559174
2376.7304081940047 39.8818904199449
2374.669264243406 42.13751485469909
2372.6081202928076 42.80981262835204
2370.546976342209 45.13669276841113
2368.48583239161 46.91419268458984
2366.4246884410113 48.68348057468076
2364.363544490413 51.27469933148335
2362.3024005398142 53.84648026506919
2360.2412565892155 55.92531133375412
2358.1801126386167 58.40439047747808
2356.1189686880184 60.86861050406323
2354.057824737419 62.922256738530734
2351.996680786821 65.56779233576626
2349.935536836222 67.61447998242653
2347.8743928856234 69.81841250615417
2345.8132489350246 71.23769109240232
2343.7521049844263 73.61211792607335
2341.6909610338275 75.79624589100189
2339.6298170832288 76.97740739416255
2337.56867313263 78.89432724652815
2335.5075291820317 80.36353106592094
2333.446385231433 82.15687294821174
2331.3852412808346 83.21544890898977
2329.324097330236 83.73690527215312
2327.262953379637 85.14567766297478
2325.2018094290383 85.71734660651398
2323.14066547844 87.37627619352504
2321.0795215278413 86.80744699050724
2319.0183775772425 87.73925588018744
2316.9572336266438 88.09349321736359
2314.8960896760454 88.51903761559629
2312.8349457254467 89.7434223429065
2310.7738017748484 88.84265576075785
2308.7126578242496 90.87064655337738
2306.651513873651 90.43716757919027
2304.590369923052 90.1298710359828
2302.529225972454 91.14720579400304
2300.468082021855 90.87967731481018
2298.4069380712563 90.9347368131441
2296.3457941206575 91.66160982690809
2294.284650170059 91.08254303079974
2292.2235062194604 91.05377124128877
2290.1623622688617 92.23308984824811
2288.101218318263 92.1415785086709
2286.040074367664 92.80194284707876
2283.9789304170654 92.37886400653011
2281.917786466467 93.03001726862928
2279.8566425158683 93.03943838428525
2277.7954985652696 93.421003099621
2275.734354614671 92.84227318366315
2273.6732106640725 93.7567837773958
2271.6120667134737 93.80095012256633
2269.5509227628754 93.56019863355581
2267.4897788122767 93.73987594247491
2265.428634861678 93.58480122986839
2263.367490911079 95.7127424815741
2261.306346960481 94.54471396729333
2259.245203009882 95.02021221228381
2257.1840590592833 95.97591263315518
2255.1229151086845 95.84441487996129
2253.0617711580862 96.1097176298684
2251.0006272074875 96.24355581580264
2248.939483256889 95.67149063905612
2246.8783393062904 95.31637493778338
2244.8171953556916 95.45865724738913
2242.756051405093 96.1217836921862
2240.6949074544946 96.19478679378552
2238.633763503896 96.81233625260381
2236.572619553297 95.78177663247406
2234.5114756026983 96.22487093441576
2232.4503316521 98.10463128449939
2230.389187701501 96.72608220332096
2228.328043750903 97.29729404382711
2226.2668998003037 97.07388647539494
2224.205755849705 97.0699667747047
2222.144611899106 97.8367484821118
2220.083467948508 97.01323691017203
2218.022323997909 97.58594270429641
2215.9611800473103 98.65876614765187
2213.9000360967116 96.96557282412135
2211.8388921461133 97.62185474524142
2209.7777481955145 97.2725931496314
2207.716604244916 98.76453029316612
2205.6554602943174 102.76860850088757
2203.5943163437187 97.69996487278934
2201.53317239312 97.82426084400642
2199.4720284425216 97.8274827117832
2197.410884491923 97.87412982054168
2195.349740541324 97.96411836805686
2193.2885965907253 98.15278161189086
2191.227452640127 98.04670926037807
2189.1663086895283 97.39087781006313
2187.10516473893 97.88914018245902
2185.0440207883307 98.2162016852643
2182.9828768377324 98.8133060974638
2180.9217328871337 99.71433239019125
2178.8605889365354 99.48279382759699
2176.7994449859366 98.41461902439734
2174.738301035338 98.52915960937028
2172.677157084739 98.13474892378021
2170.6160131341408 98.51728646416463
2168.554869183542 99.27400674582829
2166.4937252329437 98.78253522770814
2164.432581282344 99.25979886588244
2162.3714373317457 97.4252208534666
2160.310293381147 99.47195233083467
2158.2491494305486 98.42560618283407
2156.18800547995 98.81112957121861
2154.126861529351 98.51386453745762
2152.0657175787524 99.57864912790743
2150.004573628154 99.23826341445758
2147.9434296775553 97.80866925530987
2145.882285726957 99.37677804963936
2143.8211417763578 98.74430497205823
2141.7599978257595 99.08905736528523
2139.6988538751607 98.93958025873168
2137.6377099245624 99.15603316137808
2135.5765659739636 101.06036312840608
2133.515422023365 99.6976144431006
2131.454278072766 99.52738616367277
2129.393134122168 99.55334163431071
2127.331990171569 99.40794040622804
2125.2708462209707 99.72567737656598
2123.2097022703715 101.18608307766176
2121.148558319773 103.47891254994713
2119.0874143691744 99.3884106562324
2117.026270418576 99.16373763694779
2114.9651264679774 99.50856462481607
2112.9039825173786 99.44862279017282
2110.84283856678 97.80114098899226
2108.7816946161815 100.5028703881341
2106.720550665583 100.41397215267641
2104.6594067149845 98.76307711478101
2102.598262764385 99.18316230082002
2100.5371188137865 98.67060247749964
2098.4759748631877 98.40091242406088
2096.4148309125894 98.5628968891458
2094.3536869619907 98.73628836694195
2092.2925430113924 99.19066505190891
2090.2313990607936 97.79588520788305
2088.170255110195 98.4444581470834
2086.109111159596 98.41985019744226
2084.0479672089978 98.22687539761624
2081.986823258399 97.4689199973555
2079.9256793078002 100.28372101613984
2077.8645353572015 98.64761322947629
2075.803391406603 97.71732303961302
2073.7422474560044 98.77925310504962
2071.681103505406 98.00241055447229
2069.619959554807 98.73969834628372
2067.5588156042086 97.61751855447073
2065.49767165361 97.94174005922794
2063.436527703011 99.78775402902608
2061.3753837524123 97.24268832816074
2059.314239801814 99.39000906412952
2057.253095851215 97.20327344375693
2055.1919519006165 100.94757700714631
2053.1308079500177 92.52407058561116
2051.0696639994194 131.66164949349832
2049.0085200488206 114.55473208412698
2046.947376098222 93.12840887635795
2044.8862321476233 101.06716740024616
2042.8250881970248 96.36284235512046
2040.763944246426 98.37071689434518
2038.7028002958275 96.82955456775406
2036.6416563452287 99.23994347035772
2034.5805123946302 97.00984702993823
2032.5193684440314 96.07896141903323
2030.4582244934331 97.07545620302699
2028.3970805428341 97.14064506757443
2026.3359365922358 96.68755507209433
2024.2747926416369 97.15054329989358
2022.2136486910383 97.63241267162337
2020.1525047404396 96.72128702988633
2018.091360789841 97.10154267566338
2016.0302168392423 96.87463232145964
2013.9690728886437 96.35079469608925
2011.907928938045 96.70467009095057
2009.8467849874467 96.26288234824038
2007.7856410368477 96.52022194424573
2005.7244970862494 96.88087768667509
2003.6633531356506 96.28228390694241
2001.602209185052 96.48357670035529
1999.5410652344533 96.07225008204159
1997.4799212838548 96.40734290359259
1995.418777333256 95.9153581598459
1993.3576333826572 96.56432597691715
1991.2964894320585 94.1922906537515
1989.2353454814602 94.61317064424475
1987.1742015308612 94.36796156413017
1985.1130575802629 94.31718202898328
1983.051913629664 94.25717247579149
1980.9907696790656 94.7655467011223
1978.9296257284668 94.26092456489148
1976.8684817778683 93.50438093989435
1974.8073378272695 93.96470305707679
1972.746193876671 92.69421776359808
1970.6850499260722 93.78419355912247
1968.623905975474 93.38915661421407
1966.562762024875 93.62191943526467
1964.5016180742766 93.27609769137511
1962.4404741236776 91.79726856696587
1960.379330173079 92.80768859767426
1958.3181862224803 92.58825776884046
1956.2570422718818 92.31193249970643
1954.195898321283 91.36006391131258
1952.1347543706845 92.1809676767483
1950.0736104200857 92.22953362892784
1948.0124664694874 92.28307410804952
1945.9513225188884 90.87831763460579
1943.8901785682901 90.3756581113611
1941.8290346176914 91.10915323390813
1939.7678906670928 90.80314824680651
1937.706746716494 90.40255154893602
1935.6456027658955 89.89857526841855
1933.5844588152968 90.44292062358667
1931.5233148646982 89.87054658800339
1929.4621709140993 88.7329433313139
1927.401026963501 87.56592908945045
1925.339883012902 87.908916436374
1923.2787390623037 88.37127804539337
1921.217595111705 87.070290590438
1919.1564511611064 86.44523726352054
1917.0953072105076 85.45905900929017
1915.034163259909 85.58951049107714
1912.9730193093103 84.07623616451183
1910.9118753587118 82.4994372266211
1908.850731408113 82.19997548827463
1906.7895874575147 79.38494539529111
1904.7284435069157 79.17337400096888
1902.6672995563174 77.3588903550551
1900.6061556057186 76.14171196574542
1898.5450116551199 74.73190692547739
1896.4838677045211 72.2519717292952
1894.4227237539226 69.8508775494416
1892.3615798033238 68.46868614126464
1890.3004358527253 65.41261248086481
1888.2392919021265 63.28798699234108
1886.1781479515282 60.8794213958636
1884.1170040009292 57.99856441757638
1882.055860050331 55.83681241871991
1879.9947160997322 53.7470715620638
1877.9335721491336 51.05155101130563
1875.8724281985349 48.71387896361497
1873.8112842479363 47.424892041401186
1871.7501402973376 45.31769213610709
1869.688996346739 43.059329933478736
1867.62785239614 42.52500444384891
1865.5667084455417 39.958700686071765
1863.5055644949427 39.899819922557555
1861.4444205443444 36.96684670945481
1859.3832765937457 41.56076909211225
