237.858288 0.000000
235.797144 0.000000
233.736000 0.000000
231.674856 0.000000
229.613712 0.000000
227.552568 0.000000
225.491424 0.000000
223.430280 0.000000
221.369137 0.000000
219.307993 0.000000
217.246849 0.000000
215.185705 0.000000
213.124561 0.000000
211.063417 0.000000
209.002273 0.000000
206.941129 0.000000
204.879985 0.000000
202.818841 0.000000
200.757697 0.000000
198.696553 0.000000
196.635409 0.000000
194.574265 0.000000
192.513121 0.000000
190.451977 0.000000
188.390833 0.000000
186.329689 0.000000
184.268545 0.000000
182.207401 0.000000
180.146258 0.000000
178.085114 0.000000
176.023970 0.000000
173.962826 0.000000
171.901682 0.000000
169.840538 0.000000
167.779394 0.000000
165.718250 0.000000
163.657106 0.000000
161.595962 0.000000
159.534818 0.000000
157.473674 0.000000
155.412530 0.000000
153.351386 0.000000
151.290242 0.000000
149.229098 0.000000
147.167954 0.000000
145.106810 0.000000
143.045666 0.000000
140.984522 0.000000
138.923379 0.000000
136.862235 0.000000
134.801091 0.000000
132.739947 0.000000
130.678803 0.000000
128.617659 0.000000
126.556515 0.000000
124.495371 0.000000
122.434227 0.000000
120.373083 0.000000
118.311939 0.000000
116.250795 0.000000
114.189651 0.000000
112.128507 0.000000
110.067363 0.000000
108.006219 0.000000
105.945075 0.000000
103.883931 0.000000
101.822787 0.000000
99.761643 0.000000
97.700500 0.000000
95.639356 0.000000
93.578212 0.000000
91.517068 0.000000
89.455924 0.000000
87.394780 0.000000
85.333636 0.000000
83.272492 0.000000
81.211348 0.000000
79.150204 0.000000
77.089060 0.000000
75.027916 0.000000
72.966772 0.000000
70.905628 0.000000
68.844484 0.000000
66.783340 0.000000
64.722196 0.000000
62.661052 0.000000
60.599908 0.000000
58.538764 0.000000
56.477620 0.000000
54.416477 0.000000
52.355333 0.000000
50.294189 0.000000
48.233045 0.000000
46.171901 0.000000
44.110757 0.000000
42.049613 0.000000
39.988469 0.000000
37.927325 0.000000
35.866181 0.000000
33.805037 0.000000
31.743893 0.000003
29.682749 0.000018
27.621605 0.000111
25.560461 0.000608
23.499317 0.002973
21.438173 0.012948
19.377029 0.050065
17.315885 0.171546
15.254741 0.520386
13.193598 1.397038
11.132454 3.319599
9.071310 6.986200
7.010166 13.039100
4.949022 21.632313
2.887878 32.023117
0.826734 42.562068
-1.234410 51.292817
-3.295554 56.893244
-5.356698 59.307230
-7.417842 59.585170
-9.478986 59.090273
-11.540130 58.722782
-13.601274 58.695328
-15.662418 58.846946
-17.723562 59.077211
-19.784706 59.522203
-21.845850 60.410808
-23.906994 61.795406
-25.968138 63.383891
-28.029281 64.574522
-30.090425 64.652002
-32.151569 63.030490
-34.212713 59.436213
-36.273857 53.973733
-38.335001 47.076446
-40.396145 39.379649
-42.457289 31.567707
-44.518433 24.240492
-46.579577 17.827105
-48.640721 12.555113
-50.701865 8.467250
-52.763009 5.468120
-54.824153 3.381460
-56.885297 2.002348
-58.946441 1.135386
-61.007585 0.616476
-63.068729 0.320521
-65.129873 0.159575
-67.191017 0.076075
-69.252160 0.034729
-71.313304 0.015181
-73.374448 0.006355
-75.435592 0.002547
-77.496736 0.000978
-79.557880 0.000359
-81.619024 0.000126
-83.680168 0.000043
-85.741312 0.000014
-87.802456 0.000004
-89.863600 0.000001
-91.924744 0.000000
-93.985888 0.000000
-96.047032 0.000000
-98.108176 0.000000
-100.169320 0.000000
-102.230464 0.000000
-104.291608 0.000000
-106.352752 0.000000
-108.413896 0.000000
-110.475040 0.000000
-112.536183 0.000000
-114.597327 0.000000
-116.658471 0.000000
-118.719615 0.000000
-120.780759 0.000000
-122.841903 0.000000
-124.903047 0.000000
-126.964191 0.000000
-129.025335 0.000000
-131.086479 0.000000
-133.147623 0.000000
-135.208767 0.000000
-137.269911 0.000000
-139.331055 0.000000
-141.392199 0.000000
-143.453343 0.000000
-145.514487 0.000000
-147.575631 0.000000
-149.636775 0.000000
-151.697919 0.000000
-153.759062 0.000000
-155.820206 0.000000
-157.881350 0.000000
-159.942494 0.000000
-162.003638 0.000000
-164.064782 0.000000
-166.125926 0.000000
-168.187070 0.000000
-170.248214 0.000000
-172.309358 0.000000
-174.370502 0.000000
-176.431646 0.000000
-178.492790 0.000000
-180.553934 0.000000
-182.615078 0.000000
-184.676222 0.000000
-186.737366 0.000000
-188.798510 0.000000
-190.859654 0.000000
-192.920798 0.000000
-194.981941 0.000000
-197.043085 0.000000
-199.104229 0.000000
-201.165373 0.000000
-203.226517 0.000000
-205.287661 0.000000
-207.348805 0.000000
-209.409949 0.000000
-211.471093 0.000000
-213.532237 0.000000
-215.593381 0.000000
-217.654525 0.000000
-219.715669 0.000000
-221.776813 0.000000
-223.837957 0.000000
-225.899101 0.000000
-227.960245 0.000000
-230.021389 0.000000
-232.082533 0.000000
-234.143677 0.000000
-236.204820 0.000000
-238.265964 0.000000
-240.327108 0.000000
-242.388252 0.000000
-244.449396 0.000000
-246.510540 0.000000
-248.571684 0.000000
-250.632828 0.000000
-252.693972 0.000000
-254.755116 0.000000
-256.816260 0.000000
-258.877404 0.000000
-260.938548 0.000000
-262.999692 0.000000
-265.060836 0.000000
-267.121980 0.000000
-269.183124 0.000000
-271.244268 0.000000
-273.305412 0.000000
-275.366556 0.000000
-277.427700 0.000000
-279.488843 0.000000
-281.549987 0.000000
-283.611131 0.000000
-285.672275 0.000000
-287.733419 0.000000
