237.858288 -2.041272
235.797144 -3.278577
233.736000 -4.482039
231.674856 -5.093065
229.613712 -5.128103
227.552568 -4.820191
225.491424 -4.960341
223.430280 -5.284346
221.369137 -4.218305
219.307993 0.008331
217.246849 2.310671
215.185705 -1.581209
213.124561 -4.932812
211.063417 -5.354046
209.002273 -5.281801
206.941129 -5.228400
204.879985 -5.186794
202.818841 -5.398586
200.757697 -5.220853
198.696553 -4.749983
196.635409 -4.605870
194.574265 -4.941338
192.513121 -4.486174
190.451977 -2.827234
188.390833 -2.765398
186.329689 -4.955760
184.268545 -5.893332
182.207401 -5.266781
180.146258 -5.213037
178.085114 -5.575002
176.023970 -5.405998
173.962826 -5.594572
171.901682 -6.139681
169.840538 -6.161475
167.779394 -5.829942
165.718250 -5.549463
163.657106 -5.125284
161.595962 -4.164962
159.534818 -4.982647
157.473674 -6.814921
155.412530 -6.971226
153.351386 -6.284405
151.290242 -5.970208
149.229098 -6.410952
147.167954 -6.900032
145.106810 -6.820457
143.045666 -6.223864
140.984522 -5.869105
138.923379 -6.419279
136.862235 -6.869715
134.801091 -5.968177
132.739947 -5.097496
130.678803 -6.211290
128.617659 -7.522660
126.556515 -7.536937
124.495371 -7.166525
122.434227 -6.886761
120.373083 -6.747924
118.311939 -7.038731
116.250795 -7.705014
114.189651 -8.130505
112.128507 -7.982690
110.067363 -7.486097
108.006219 -7.202238
105.945075 -6.988813
103.883931 -7.231988
101.822787 -8.166754
99.761643 -8.760786
97.700500 -9.105418
95.639356 -9.346524
93.578212 -9.173026
91.517068 -8.950994
89.455924 -9.171757
87.394780 -9.193329
85.333636 -8.909639
83.272492 -8.400005
81.211348 -8.234897
79.150204 -8.498578
77.089060 -8.284427
75.027916 -8.292176
72.966772 -8.672387
70.905628 -9.017891
68.844484 -9.196448
66.783340 -8.943184
64.722196 -8.674419
62.661052 -8.978888
60.599908 -9.370962
58.538764 -9.313824
56.477620 -9.236355
54.416477 -9.130221
52.355333 -8.428520
50.294189 -8.000649
48.233045 -8.229118
46.171901 -8.800573
44.110757 -9.451596
42.049613 -9.390113
39.988469 -8.959515
37.927325 -8.191142
35.866181 -7.218978
33.805037 -7.130516
31.743893 -8.126813
29.682749 -8.959934
27.621605 -9.158605
25.560461 -9.022476
23.499317 -8.678348
21.438173 -8.208264
19.377029 -7.658482
17.315885 -6.830409
15.254741 -5.013946
13.193598 -2.393950
11.132454 0.789320
9.071310 5.957326
7.010166 14.141856
4.949022 24.629409
2.887878 33.798572
0.826734 40.991163
-1.234410 48.883224
-3.295554 56.465450
-5.356698 60.529551
-7.417842 61.069005
-9.478986 59.538036
-11.540130 57.767021
-13.601274 57.216933
-15.662418 58.371732
-17.723562 60.210163
-19.784706 60.924492
-21.845850 60.765861
-23.906994 60.851428
-25.968138 61.987645
-28.029281 64.205622
-30.090425 65.224859
-32.151569 63.711360
-34.212713 60.304398
-36.273857 54.690531
-38.335001 46.766588
-40.396145 38.011794
-42.457289 30.176774
-44.518433 23.862781
-46.579577 18.215421
-48.640721 13.509832
-50.701865 10.167378
-52.763009 6.934059
-54.824153 3.755376
-56.885297 1.608025
-58.946441 0.458602
-61.007585 -0.874503
-63.068729 -2.566352
-65.129873 -4.004557
-67.191017 -5.221629
-69.252160 -5.728025
-71.313304 -5.185452
-73.374448 -5.527091
-75.435592 -6.817941
-77.496736 -7.443101
-79.557880 -7.705340
-81.619024 -7.829217
-83.680168 -7.630166
-85.741312 -6.968045
-87.802456 -6.643975
-89.863600 -7.506520
-91.924744 -8.628197
-93.985888 -9.034180
-96.047032 -9.078246
-98.108176 -9.065790
-100.169320 -8.726536
-102.230464 -8.427646
-104.291608 -8.765625
-106.352752 -9.191095
-108.413896 -9.236411
-110.475040 -8.936807
-112.536183 -8.437991
-114.597327 -8.257416
-116.658471 -8.684140
-118.719615 -9.562122
-120.780759 -10.298989
-122.841903 -10.291783
-124.903047 -9.837183
-126.964191 -9.219509
-129.025335 -8.587632
-131.086479 -8.648501
-133.147623 -8.829644
-135.208767 -8.370743
-137.269911 -8.148066
-139.331055 -8.310269
-141.392199 -8.424730
-143.453343 -8.475359
-145.514487 -8.596078
-147.575631 -8.530876
-149.636775 -8.402817
-151.697919 -8.448753
-153.759062 -8.165986
-155.820206 -8.048254
-157.881350 -8.486955
-159.942494 -8.991732
-162.003638 -8.755729
-164.064782 -7.829935
-166.125926 -6.874369
-168.187070 -6.523038
-170.248214 -7.313604
-172.309358 -7.581080
-174.370502 -7.171977
-176.431646 -7.157694
-178.492790 -7.383992
-180.553934 -7.841480
-182.615078 -8.016236
-184.676222 -7.788802
-186.737366 -8.027468
-188.798510 -8.183789
-190.859654 -7.458450
-192.920798 -6.542667
-194.981941 -6.415984
-197.043085 -6.841678
-199.104229 -6.870871
-201.165373 -6.397386
-203.226517 -5.901948
-205.287661 -6.143805
-207.348805 -7.136185
-209.409949 -7.353874
-211.471093 -6.812714
-213.532237 -6.923554
-215.593381 -7.250578
-217.654525 -6.859569
-219.715669 -6.725052
-221.776813 -6.916813
-223.837957 -6.520280
-225.899101 -6.468164
-227.960245 -7.274396
-230.021389 -7.604128
-232.082533 -6.896052
-234.143677 -5.876611
-236.204820 -5.367623
-238.265964 -5.606361
-240.327108 -5.816904
-242.388252 -5.757168
-244.449396 -5.951426
-246.510540 -6.292327
-248.571684 -6.476617
-250.632828 -5.073015
-252.693972 -2.895919
-254.755116 -3.422723
-256.816260 -4.989785
-258.877404 -5.392436
-260.938548 -5.627918
-262.999692 -5.965993
-265.060836 -5.915597
-267.121980 -5.461123
-269.183124 -5.362164
-271.244268 -5.122547
-273.305412 -4.971791
-275.366556 -5.078443
-277.427700 -4.487611
-279.488843 -1.583462
-281.549987 0.809675
-283.611131 -2.079571
-285.672275 -5.583241
-287.733419 -6.602470
