# BEGINHEADER
# This file contains data from the SALSA 2m radio telescope.
# DATE=2024-01-31T18:31:0047
# GLON and GLAT given in degrees
# GLON=159.7962724073322
# GLAT=-0.25696416391604615
# DATA in two columns below. Col. 1 is velocity relative to LSR [km/s]. Col. 2 is uncalibrated antenna temperature [K].
# ENDHEADER
237.85828814212437 -1.3385470459433424
235.79714419152575 -3.298938081418701
233.7360002409271 -5.279618047744688
231.67485629032848 -4.701778906574311
229.6137123397298 -6.408629891222582
227.55256838913118 -3.3072724170772054
225.49142443853253 -5.807420413783896
223.43028048793389 -4.282485235638218
221.36913653733524 -8.069964125056737
219.3079925867366 -1.23547768759119
217.24684863613797 12.934845802825672
215.18570468553932 -7.260728260600918
213.1245607349407 -5.832145565774366
211.06341678434202 -5.130835335569289
209.0022728337434 -5.0503767884696185
206.94112888314476 -5.938217470631759
204.87998493254614 -3.955454357027353
202.8188409819475 -6.5514812952797845
200.75769703134884 -4.967672311330733
198.6965530807502 -4.903958149521886
196.63540913015154 -3.7502139962816146
194.5742651795529 -5.245748840014079
192.51312122895428 -6.452554108738797
190.4519772783556 -1.749571715799071
188.39083332775698 0.7588900738935348
186.32968937715833 -7.7800488932359535
184.26854542655968 -6.865220033935137
182.20740147596106 -4.2563911191128945
180.1462575253624 -4.486076859963763
178.08511357476377 -7.123760002211627
176.02396962416512 -4.471031442191435
173.9628256735665 -5.022029078551008
171.90168172296785 -7.333161567142339
169.8405377723692 -5.538925574787249
167.77939382177055 -6.806318310843803
165.71824987117193 -3.7370614635021515
163.6571059205733 -8.24998651504813
161.59596196997467 -1.2148081487078943
159.534818019376 -3.6661062163432994
157.47367406877737 -9.935818302019536
155.41253011817872 -6.077094730879835
153.3513861675801 -6.839572193101206
151.29024221698143 -4.662839710350049
149.2290982663828 -6.885512138080154
147.16795431578416 -7.098799189458307
145.1068103651855 -7.258566426069714
143.0456664145869 -6.3101977164512295
140.9845224639882 -4.765614562559247
138.9233785133896 -6.405184652089753
136.86223456279095 -8.073674408859246
134.80109061219233 -6.923685874590594
132.73994666159368 -1.9592241789152496
130.67880271099503 -6.846800424560953
128.61765876039638 -9.01277835482767
126.55651480979775 -7.061686274583948
124.4953708591991 -7.277794412452636
122.43422690860046 -6.8255107423510415
120.37308295800183 -6.591965603546085
118.31193900740318 -6.445719428201616
116.25079505680455 -8.224567822654524
114.1896511062059 -8.164526103925263
112.12850715560727 -8.721831940683478
110.06736320500862 -6.67247110602288
108.00621925440998 -7.54308089448514
105.94507530381135 -7.1129638318833255
103.8839313532127 -5.655484616254679
101.82278740261407 -9.625380854463664
99.76164345201542 -8.244171489608993
97.7004995014168 -9.293949013669629
95.63935555081815 -9.4740776613386
93.57821160021952 -9.811195616141966
91.51706764962087 -7.571037156426054
89.45592369902224 -10.273579694135824
87.39477974842357 -8.785422948207513
85.33363579782494 -9.330496956228957
83.2724918472263 -8.522774545217251
81.21134789662766 -6.710911149402231
79.15020394602902 -10.466842833316312
77.08905999543038 -7.04508386585149
75.02791604483174 -8.359919958080225
72.9667720942331 -8.826445019082879
70.90562814363446 -8.822023044154664
68.84448419303583 -9.71485345097651
66.78334024243718 -9.10768121264573
64.72219629183854 -7.900778227420849
62.6610523412399 -8.99245513556672
60.59990839064126 -9.914656079626639
58.53876444004261 -9.365749526496334
56.47762048944397 -8.466661357091917
54.41647653884533 -10.610685788166492
52.35533258824669 -7.682426743061418
50.294188637648055 -7.386973343817988
48.233044687049414 -8.773303094125474
46.17190073645077 -7.583700138035156
44.11075678585213 -11.186064619255506
42.04961283525349 -8.673486323523575
39.98846888465484 -9.425324909273787
37.92732493405621 -8.571817469675388
35.86618098345757 -6.680707974463878
33.80503703285893 -5.835189690767917
31.743893082260286 -8.8206886395208
29.682749131661645 -9.337971541939835
27.621605181063007 -9.15362443166302
25.560461230464362 -9.267577869802867
23.49931727986572 -8.58360659056213
21.43817332926708 -8.437662116977709
19.377029378668443 -7.3823573007889705
17.3158854280698 -7.592723052590744
15.25474147747116 -5.98331708662636
13.193597526872518 -1.2323862690937741
11.132453576273878 -1.4869629967998315
9.071309625675235 5.5179265691441985
7.010165675076596 10.73517079357561
4.949021724477955 26.810109585376562
2.8878777738793144 35.99004019809045
0.8267338232806738 39.18003406807313
-1.234410127317967 48.04557754139271
-3.295554077916608 60.1815304104371
-5.356698028515249 61.56365135290277
-7.41784197911389 62.69697034108537
-9.478985929712529 59.3294286664688
-11.540129880311172 57.03215797689191
-13.601273830909811 56.285825858470005
-15.662417781508452 57.23474347070828
-17.723561732107093 61.93432695012697
-19.784705682705734 61.23818372592034
-21.845849633304372 60.330502402348145
-23.906993583903017 60.880595371467464
-25.968137534501658 60.08924572255858
-28.029281485100295 65.37895463972428
-30.090425435698936 67.35120651881935
-32.15156938629758 63.76836763092107
-34.212713336896215 61.62288308605005
-36.273857287494856 56.415404648782754
-38.335001238093504 46.93814808078392
-40.396145188692145 37.70259345313932
-42.457289139290786 28.495473271757735
-44.51843308988943 24.23708408773548
-46.57957704048806 18.075232097086907
-48.6407209910867 11.538923095079538
-50.70186494168534 11.211986860940781
-52.763008892283985 6.767566954036837
-54.824152842882626 3.253026846564361
-56.885296793481274 0.41992464290998205
-58.94644074407991 1.152911929763321
-61.00758469467855 -0.5207657053942935
-63.06872864527719 -3.062516729037927
-65.12987259587582 -4.079206666266389
-67.19101654647447 -4.82081513626637
-69.25216049707312 -7.963385487636991
-71.31330444767175 -3.649587880375354
-73.3744483982704 -4.223206544382639
-75.43559234886904 -8.733740544861991
-77.49673629946768 -6.598202092820459
-79.55788025006632 -8.289428177657754
-81.61902420066495 -7.5709228128516415
-83.6801681512636 -8.2839034749978
-85.74131210186223 -7.016156175294744
-87.80245605246088 -5.244096957330593
-89.86360000305952 -7.520922341378051
-91.92474395365817 -9.464323992072421
-93.9858879042568 -9.076270834559594
-96.04703185485543 -8.85443584502838
-98.10817580545408 -9.434323742941837
-100.16931975605273 -9.0350286127984
-102.23046370665136 -7.388831996590787
-104.29160765725003 -9.047732297337413
-106.35275160784866 -9.490907204364504
-108.41389555844731 -9.229874978684705
-110.47503950904594 -9.354445182736317
-112.53618345964459 -8.065875092880477
-114.59732741024322 -7.922069153117052
-116.65847136084186 -8.425468089818782
-118.7196153114405 -9.419341165665582
-120.78075926203914 -11.131513717021805
-122.84190321263779 -10.439389519224068
-124.90304716323642 -9.572594391647316
-126.96419111383507 -9.918223031908946
-129.0253350644337 -7.60190065404259
-131.08647901503235 -8.259033637255415
-133.147622965631 -10.343250420872879
-135.20876691622962 -7.309490746079898
-137.26991086682827 -8.195638291745388
-139.33105481742692 -8.306581032449024
-141.39219876802557 -8.636958279968281
-143.45334271862419 -8.1851661154562
-145.51448666922283 -8.72633702751976
-147.57563061982145 -9.058951667536544
-149.63677457042013 -7.295823453877432
-151.69791852101875 -9.709721463208247
-153.7590624716174 -7.527759593346774
-155.82020642221602 -7.807251359974379
-157.88135037281467 -8.251727877138006
-159.9424943234133 -9.520681459368035
-162.00363827401196 -9.627750941497318
-164.0647822246106 -6.948793192675159
-166.12592617520923 -7.970835185602642
-168.1870701258079 -3.828873649420548
-170.24821407640653 -9.012689305776167
-172.30935802700517 -8.133212488171884
-174.3705019776038 -6.028940645756504
-176.43164592820244 -7.834626860735807
-178.4927898788011 -6.699778472293992
-180.55393382939974 -7.994353124151603
-182.61507777999836 -9.037049608400801
-184.676221730597 -6.592971629061686
-186.73736568119563 -8.198283746939138
-188.7985096317943 -9.103508901394209
-190.85965358239292 -7.54968757654101
-192.92079753299157 -5.884268965527382
-194.9819414835902 -5.788721186598408
-197.04308543418884 -7.533918120677887
-199.10422938478746 -7.06533879217559
-201.1653733353861 -6.429961848291202
-203.22651728598476 -5.773658226635888
-205.2876612365834 -4.708862834156481
-207.34880518718205 -8.344446205426653
-209.40994913778067 -8.20913168326819
-211.47109308837932 -5.752272708136857
-213.53223703897794 -6.435586280725
-215.59338098957662 -8.781939382120775
-217.65452494017524 -6.130445107597421
-219.71566889077388 -5.9379160383990435
-221.7768128413725 -8.346023122718844
-223.83795679197118 -6.026780208765965
-225.8991007425698 -5.271154408032624
-227.96024469316845 -8.03637635881719
-230.02138864376707 -8.396675343714202
-232.08253259436572 -6.888087297515665
-234.14367654496436 -5.739827221920501
-236.204820495563 -4.499070088986709
-238.26596444616163 -5.780797564313054
-240.32710839676028 -6.533493210714992
-242.38825234735893 -4.799674513332137
-244.44939629795758 -6.574667106428457
-246.51054024855623 -5.649927054658357
-248.57168419915484 -7.132591147878982
-250.6328281497535 -8.167310844247325
-252.6939721003521 1.9789949794237438
-254.7551160509508 -3.7313390744522827
-256.81626000154944 -6.960593739477287
-258.87740395214803 -4.203364509126311
-260.9385479027467 -6.258152745927069
-262.9996918533453 -5.353390357272299
-265.060835803944 -7.601923833790617
-267.12197975454256 -3.4677199438431567
-269.18312370514127 -6.870075236215202
-271.2442676557399 -4.371811222599656
-273.3054116063385 -4.925113451724324
-275.36655555693716 -5.14708982188817
-277.42769950753586 -5.431699910678946
-279.48884345813445 -5.527989060680838
-281.5499874087331 10.646799251778946
-283.61113135933175 -5.711277970403263
-285.6722753099304 -6.8704865320083925
-287.73341926052905 -6.688040448414916
