# BEGINHEADER
# This file contains data from the SALSA 2m radio telescope.
# DATE=2024-01-31T11:56:0017
# GLON and GLAT given in degrees
# GLON=28.305231414668032
# GLAT=-34.52326086976344
# DATA in two columns below. Col. 1 is velocity relative to LSR [km/s]. Col. 2 is uncalibrated antenna temperature [K].
# ENDHEADER
2384.8245420052717 126.1762831659116
2382.763398054673 260.84556149090236
2380.702254104074 232.67033458268153
2378.6411101534754 253.93391535884984
2376.579966202877 250.0720421360241
2374.5188222522784 262.56756632288955
2372.4576783016796 269.9946104366732
2370.396534351081 281.3975246041497
2368.3353904004825 291.78351598451974
2366.274246449884 307.8706464225008
2364.2131024992855 317.9225198369568
2362.1519585486863 334.80411583860666
2360.090814598088 348.57048244216253
2358.0296706474887 368.0426659956646
2355.9685266968904 379.8367810885951
2353.9073827462917 396.50593120299357
2351.846238795693 409.9197056162707
2349.785094845094 423.36762121251854
2347.723950894496 440.9938898560172
2345.662806943897 452.92630354645877
2343.6016629932988 463.4109955231172
2341.5405190426995 475.066596502826
2339.4793750921012 485.6647520763538
2337.4182311415025 497.29389627374076
2335.357087190904 499.12577057079966
2333.2959432403054 514.8798442199887
2331.2347992897066 520.4110561285423
2329.173655339108 524.1562181235901
2327.1125113885096 534.1214759115405
2325.051367437911 538.0256955786864
2322.9902234873125 547.4186963621137
2320.9290795367133 547.0702393418602
2318.867935586115 549.0655030408025
2316.806791635516 550.5199560212097
2314.745647684918 554.7150376523575
2312.684503734319 557.0365000203823
2310.6233597837204 558.9348579017657
2308.5622158331216 568.0911016075822
2306.5010718825233 560.7805954288043
2304.4399279319246 568.9463413341593
2302.3787839813263 571.8833839774788
2300.317640030727 569.3014387468911
2298.2564960801287 575.7407486596289
2296.19535212953 571.9702417627875
2294.134208178931 575.3514687878359
2292.0730642283324 574.513885442891
2290.0119202777337 582.4113484619543
2287.950776327135 582.022721094452
2285.8896323765366 578.0896713649513
2283.828488425938 582.8890708851992
2281.7673444753395 587.3911034322379
2279.7062005247403 585.1211187625117
2277.645056574142 584.5074030035175
2275.5839126235433 586.5397674604277
2273.522768672945 590.5511026634404
2271.461624722346 585.0738375131218
2269.4004807717474 585.9724262228801
2267.3393368211487 595.1824647709215
2265.2781928705504 594.4436362499829
2263.2170489199516 593.2532857795686
2261.1559049693533 599.7335278264127
2259.094761018754 598.3542060366691
2257.0336170681558 592.672868850578
2254.972473117557 597.8430732396433
2252.9113291669587 604.2963750253683
2250.85018521636 601.7177911887206
2248.789041265761 600.4079543779957
2246.7278973151624 606.3111050569546
2244.666753364564 600.1656295511074
2242.6056094139653 600.9180550444007
2240.544465463367 604.3858416502775
2238.483321512768 603.0561865551182
2236.4221775621695 599.2421519810792
2234.3610336115707 606.5128032674767
2232.2998896609724 606.3491610933671
2230.238745710373 605.9509415089848
2228.1776017597745 608.0552802912148
2226.1164578091757 612.6543718491188
2224.0553138585774 614.1114202804737
2221.9941699079786 615.1952505378565
2219.9330259573803 611.694356964948
2217.871882006781 604.5160388279382
2215.810738056183 616.6279064268455
2213.749594105584 607.6468211467595
2211.6884501549857 603.5603760684808
2209.627306204387 613.9188722535363
2207.566162253788 614.0246760087475
2205.5050183031894 623.1252092044173
2203.443874352591 617.0375411648334
2201.3827304019924 616.3931137024917
2199.321586451394 611.7916922939588
2197.260442500795 611.9774380194569
2195.1992985501965 613.9749933491008
2193.138154599598 616.8656815023717
2191.0770106489995 619.2972927032375
2189.0158666984007 619.1278135965716
2186.954722747802 615.5595684660403
2184.893578797203 615.9332249075775
2182.832434846605 621.0572008787669
2180.771290896006 616.3164773594457
2178.710146945408 614.1297117684342
2176.6490029948086 616.304390407657
2174.5878590442103 620.0065830803077
2172.5267150936115 613.0042204537041
2170.465571143013 615.6513047477174
2168.404427192414 617.1303883069991
2166.3432832418152 624.369280535623
2164.2821392912165 624.2975853146055
2162.220995340618 608.8172659417793
2160.1598513900194 607.3164666889668
2158.0987074394207 621.4068821443757
2156.037563488822 619.2548858348025
2153.9764195382236 622.0559649589737
2151.915275587625 617.1507335679966
2149.8541316370265 611.1183562882779
2147.7929876864278 618.7012681062105
2145.731843735829 623.3125352501385
2143.67069978523 621.2320828280543
2141.609555834632 619.9479638171899
2139.548411884033 616.7193197873513
2137.4872679334344 617.994014167516
2135.4261239828356 623.1359421813806
2133.3649800322373 616.4140648245792
2131.3038360816386 620.0278391897115
2129.2426921310403 618.6665823187844
2127.1815481804415 618.2138193256701
2125.1204042298427 620.8221711737175
2123.059260279244 623.283420068462
2120.9981163286457 587.4558860841828
2118.936972378047 616.3356053777325
2116.875828427448 621.0674723299915
2114.8146844768494 617.0494652082508
2112.753540526251 614.1316720038548
2110.6923965756523 623.4649114451263
2108.631252625054 617.645728037177
2106.570108674455 620.0630475883255
2104.508964723856 614.6008957540032
2102.4478207732573 616.8984783879353
2100.386676822659 617.1247091062996
2098.32553287206 619.7658020331027
2096.264388921462 614.939255686557
2094.203244970863 619.5121587714331
2092.1421010202644 618.3827259633223
2090.0809570696656 618.5705207842816
2088.0198131190673 617.8453369108599
2085.9586691684685 619.0482558330837
2083.89752521787 612.4584286840754
2081.836381267271 614.8448423289657
2079.7752373166727 614.7355089355638
2077.714093366074 620.2383878265263
2075.6529494154756 614.6905517442692
2073.5918054648764 613.2626924650876
2071.530661514278 610.1810985660283
2069.4695175636793 612.0585099477462
2067.4083736130806 613.8473803080392
2065.347229662482 616.8985318810721
2063.2860857118835 611.5964841354033
2061.2249417612848 610.1237447700497
2059.1637978106864 609.7656518735081
2057.1026538600877 604.9060736490894
2055.041509909489 610.3544643391858
2052.98036595889 617.2375956069404
2050.919222008292 643.0854463838093
2048.858078057693 624.8351711756754
2046.7969341070943 611.6303090276064
2044.7357901564956 608.5508561858601
2042.674646205897 603.4036268404463
2040.6135022552983 606.3289528809361
2038.5523583047 606.8061486403519
2036.4912143541012 608.8691241898177
2034.4300704035027 608.6678360917558
2032.368926452904 611.0816811284021
2030.3077825023054 610.928544382522
2028.2466385517064 602.1953684273391
2026.1854946011078 604.2373143882928
2024.124350650509 602.2448642179525
2022.0632066999106 604.8999044941461
2020.0020627493118 605.5445877503001
2017.9409187987135 607.4612640404245
2015.8797748481147 606.8267465980346
2013.8186308975162 600.1198697736595
2011.7574869469174 599.0233787144695
2009.696342996319 601.7411060333413
2007.6351990457201 601.7117367230377
2005.5740550951216 594.4217134019945
2003.5129111445228 592.6408784152571
2001.4517671939243 596.3731671989423
1999.3906232433255 594.8052933301717
1997.3294792927272 595.4535465626792
1995.2683353421282 591.8869668124659
1993.2071913915297 594.9083613628208
1991.146047440931 594.8196136205928
1989.0849034903324 593.7947158721756
1987.0237595397336 593.4839316944501
1984.962615589135 592.0407728630809
1982.9014716385363 589.4053617087246
1980.8403276879378 586.5827759518526
1978.779183737339 585.2917238048085
1976.7180397867407 588.6904177221361
1974.6568958361418 591.4521265674929
1972.5957518855435 586.0627326538838
1970.5346079349447 589.5699088448306
1968.4734639843462 585.9459400465039
1966.4123200337474 579.147543138596
1964.3511760831486 588.3869889153788
1962.2900321325499 576.5226436403246
1960.2288881819513 575.6927172845374
1958.1677442313526 575.9322082437237
1956.1066002807543 577.0091104502178
1954.0454563301553 575.6516807896642
1951.984312379557 574.8293475240821
1949.9231684289582 575.286787522186
1947.8620244783597 569.1951770903812
1945.800880527761 567.4289219205949
1943.7397365771624 576.1360532237369
1941.6785926265636 564.150072616584
1939.617448675965 561.25837193411
1937.5563047253663 567.7966273246319
1935.495160774768 564.6911101806185
1933.4340168241688 558.8343083406891
1931.3728728735705 560.0664056703323
1929.3117289229717 557.3518445970947
1927.2505849723732 552.1415773136607
1925.1894410217744 550.8207594808583
1923.128297071176 550.19934933705
1921.0671531205771 547.4040253062343
1919.0060091699786 544.0469342038996
1916.9448652193798 534.2834378767674
1914.8837212687815 529.279877185757
1912.8225773181825 522.5992427582112
1910.7614333675842 521.8999984821121
1908.7002894169855 511.4578356494594
1906.639145466387 503.009609476411
1904.5780015157882 497.9030100569423
1902.5168575651894 485.46835480241936
1900.4557136145906 475.19144631280943
1898.3945696639921 460.9214511922989
1896.3334257133934 452.4083195490479
1894.272281762795 437.40887659684
1892.211137812196 421.9739446547035
1890.1499938615977 408.05350229757204
1888.088849910999 398.4328051178878
1886.0277059604005 383.558689704482
1883.9665620098017 366.8507950901286
1881.9054180592032 352.16200538240594
1879.8442741086044 337.6618149164123
1877.7831301580059 323.7281483303451
1875.721986207407 306.9486986016662
1873.6608422568088 291.7646680326158
1871.5996983062096 284.14115172279566
1869.5385543556113 269.11863350822057
1867.4774104050125 267.53642271844245
1865.416266454414 251.73284525934343
1863.3551225038152 254.25919660280775
1861.2939785532167 234.07648217610742
1859.232834602618 261.6139076786498
