0,-4.20553
0.00012207,-9.09783
0.000244141,-7.41633
0.000366211,-9.3323
0.000488281,-13.1974
0.000610352,-10.6986
0.000732422,-7.48172
0.000854492,-4.99342
0.000976563,-2.47858
0.00109863,-3.0717
0.0012207,3.63234
0.00134277,1.12618
0.00146484,-1.15633
0.00158691,0.686877
0.00170898,-1.68432
0.00183105,-2.96027
0.00195313,-2.67721
0.0020752,2.0526
0.00219727,2.11273
0.00231934,1.583
0.00244141,0.58917
0.00256348,0.743489
0.00268555,0.618969
0.00280762,2.1952
0.00292969,5.31275
0.00305176,4.81384
0.00317383,1.38725
0.0032959,-1.13951
0.00341797,1.78452
0.00354004,-0.829916
0.00366211,1.35113
0.00378418,-2.45421
0.00390625,1.07267
0.00402832,5.60305
0.00415039,4.61877
0.00427246,-2.38353
0.00439453,-3.29705
0.0045166,0.396479
0.00463867,6.00232
0.00476074,3.01345
0.00488281,-0.72982
0.00500488,-2.64302
0.00512695,-1.21399
0.00524902,-1.87985
0.00537109,-8.32992
0.00549316,-8.17049
0.00561523,-0.513936
0.0057373,0.906061
0.00585938,-6.66813
0.00598145,-4.03917
0.00610352,5.02898
0.00622559,4.06138
0.00634766,-0.330604
0.00646973,-0.930793
0.0065918,9.41883
0.00671387,7.16211
0.00683594,7.24493
0.00695801,9.89972
0.00708008,11.6828
0.00720215,12.7162
0.00732422,11.1232
0.00744629,5.60088
0.00756836,3.92869
0.00769043,3.21125
0.0078125,2.37638
0.00793457,-1.81022
0.00805664,-5.33642
0.00817871,-1.06624
0.00830078,-2.01205
0.00842285,-1.35976
0.00854492,-3.18937
0.00866699,-2.89123
0.00878906,0.648419
0.00891113,-0.79501
0.0090332,-5.44198
0.00915527,-1.73386
0.00927734,-0.792685
0.00939941,-3.05032
0.00952148,-5.97749
0.00964355,-1.46364
0.00976563,6.57995
0.0098877,2.92157
0.0100098,-5.48719
0.0101318,-1.31214
0.0102539,5.65126
0.010376,12.7466
0.010498,11.5421
0.0106201,10.6014
0.0107422,5.62923
0.0108643,6.58035
0.0109863,4.48881
0.0111084,-0.405045
0.0112305,0.260132
0.0113525,0.952885
0.0114746,-3.37511
0.0115967,-4.32285
0.0117188,1.75624
0.0118408,2.07092
0.0119629,-1.03445
0.012085,-5.71262
0.012207,-4.1584
0.0123291,2.69316
0.0124512,-5.20932
0.0125732,-5.97629
0.0126953,-2.57101
0.0128174,0.228311
0.0129395,-2.8511
0.0130615,-5.12698
0.0131836,-5.26425
0.0133057,-1.0234
0.0134277,0.170399
0.0135498,-1.81582
0.0136719,-5.07366
0.0137939,-1.55743
0.013916,4.27167
0.0140381,-6.50016
0.0141602,-11.4065
0.0142822,0.112826
0.0144043,7.80555
0.0145264,0
0.0146484,-8.18406
0.0147705,-0.590025
0.0148926,4.07001
0.0150146,0.308458
0.0151367,-3.3337
0.0152588,2.23895
0.0153809,7.52113
0.0155029,3.37981
0.015625,-0.725531
0.0157471,-0.139389
0.0158691,0.891219
0.0159912,0.194764
0.0161133,-1.63998
0.0162354,0.249922
0.0163574,0.221936
0.0164795,-1.96776
0.0166016,-6.67278
0.0167236,-6.63861
0.0168457,-7.2677
0.0169678,-10.325
0.0170898,-9.04622
0.0172119,-10.3324
0.017334,-11.9463
0.0174561,-9.23975
0.0175781,-1.73076
0.0177002,2.00353
0.0178223,-0.795145
0.0179443,-0.821761
0.0180664,0.492575
0.0181885,4.37418
0.0183105,2.34882
0.0184326,0.463849
0.0185547,0.245328
0.0186768,2.85936
0.0187988,1.25145
0.0189209,0.815366
0.019043,3.77418
0.019165,3.06522
0.0192871,1.40917
0.0194092,-1.51608
0.0195313,-1.94735
0.0196533,0.729543
0.0197754,-2.80735
0.0198975,0.485413
0.0200195,2.77493
0.0201416,-2.7453
0.0202637,-8.79253
0.0203857,-10.4494
0.0205078,-10.0903
0.0206299,-12.0644
0.020752,-8.81182
0.020874,-7.1175
0.0209961,-1.41676
0.0211182,1.57561
0.0212402,-1.414
0.0213623,-0.799596
0.0214844,2.84911
0.0216064,0.691631
0.0217285,-0.797257
0.0218506,-5.07091
0.0219727,-1.1405
0.0220947,4.47807
0.0222168,-0.794148
0.0223389,-2.72392
0.0224609,4.12151
0.022583,3.45764
0.0227051,-3.74431
0.0228271,-2.29181
0.0229492,3.28962
0.0230713,2.52396
0.0231934,-0.630375
0.0233154,2.0992
0.0234375,1.78258
0.0235596,-1.15231
0.0236816,-3.45354
0.0238037,0.601166
0.0239258,1.56673
0.0240479,2.63475
0.0241699,0.286673
0.024292,0.546751
0.0244141,-3.12124
0.0245361,-2.67645
0.0246582,3.24495
0.0247803,2.20441
0.0249023,-2.33181
0.0250244,-4.06374
0.0251465,-0.413734
0.0252686,-1.18833
0.0253906,-4.90351
0.0255127,-7.65748
0.0256348,-1.8803
0.0257568,2.44458
0.0258789,-2.95634
0.026001,-2.33708
0.026123,2.61703
0.0262451,0.48701
0.0263672,-1.28036
0.0264893,0.613971
0.0266113,7.94827
0.0267334,5.92347
0.0268555,3.82609
0.0269775,9.98909
0.0270996,12.2451
0.0272217,8.39278
0.0273438,7.03797
0.0274658,6.92957
0.0275879,1.80044
0.02771,-2.38135
0.027832,0.556793
0.0279541,-1.54233
0.0280762,-0.732522
0.0281982,-3.20481
0.0283203,-2.72269
0.0284424,-1.7378
0.0285645,-1.48449
0.0286865,-1.20655
0.0288086,-3.03853
0.0289307,-5.44395
0.0290527,-1.0777
0.0291748,-1.15176
0.0292969,-3.25181
0.0294189,-1.34943
0.029541,-2.47155
0.0296631,1.42162
0.0297852,-1.29565
0.0299072,-3.08662
0.0300293,1.24339
0.0301514,2.73279
0.0302734,5.63397
0.0303955,9.39732
0.0305176,10.4781
0.0306396,8.93354
0.0307617,5.68617
0.0308838,2.14876
0.0310059,4.36734
0.0311279,-1.62691
0.03125,0.788035
0.0313721,0.467439
0.0314941,-6.56234
0.0316162,-2.87283
0.0317383,3.65499
0.0318604,2.57315
0.0319824,-4.823
0.0321045,-2.76379
0.0322266,0.879641
0.0323486,1.02525
0.0324707,-2.43868
0.0325928,-2.8992
0.0327148,1.26564
0.0328369,-0.53494
0.032959,-3.57088
0.0330811,-3.32472
0.0332031,-4.00031
0.0333252,-6.05516
0.0334473,1.08887
0.0335693,0.652682
0.0336914,-2.43913
0.0338135,-4.14971
0.0339355,-0.578465
0.0340576,-4.67136
0.0341797,-7.91431
0.0343018,-1.12951
0.0344238,4.70571
0.0345459,2.42251
0.034668,-7.30837
0.03479,-3.01625
0.0349121,6.36142
0.0350342,2.69977
0.0351563,-3.67574
0.0352783,2.28913
0.0354004,9.26671
0.0355225,4.64073
0.0356445,-4.49355
0.0357666,0.0950085
0.0358887,3.13223
0.0360107,-1.25641
0.0361328,-8.69155
0.0362549,-1.32494
0.036377,5.88549
0.036499,-2.43218
0.0366211,-13.4229
0.0367432,-5.96254
0.0368652,-2.68405
0.0369873,-8.67938
0.0371094,-13.7231
0.0372314,-10.024
0.0373535,-4.6436
0.0374756,-1.64008
0.0375977,-2.13002
0.0377197,-4.02204
0.0378418,1.72872
0.0379639,4.36426
0.0380859,1.63209
0.038208,-1.23452
0.0383301,1.1635
0.0384521,2.34798
0.0385742,0.65029
0.0386963,-0.974483
0.0388184,1.11261
0.0389404,3.70507
0.0390625,1.80446
0.0391846,1.08624
0.0393066,1.40843
0.0394287,-2.35277
0.0395508,0.0691317
0.0396729,-0.552514
0.0397949,-1.40294
0.039917,-0.620365
0.0400391,-0.96407
0.0401611,-0.183453
0.0402832,-5.61277
0.0404053,-8.28506
0.0405273,-9.23729
0.0406494,-9.18259
0.0407715,-4.90629
0.0408936,-3.53364
0.0410156,-2.14089
0.0411377,0.341298
0.0412598,1.68209
0.0413818,1.27169
0.0415039,1.40657
0.041626,0
0.041748,-0.38492
0.0418701,-0.316684
0.0419922,-0.587553
0.0421143,0.880469
0.0422363,0.969826
0.0423584,-0.495706
0.0424805,-2.13846
0.0426025,1.10192
0.0427246,-1.10084
0.0428467,-1.05488
0.0429688,2.9149
0.0430908,2.26244
0.0432129,0.402815
0.043335,3.10759
0.043457,1.4071
0.0435791,-4.44031
0.0437012,-0.802488
0.0438232,6.34683
0.0439453,0.934409
0.0440674,-3.86735
0.0441895,2.70894
0.0443115,6.85447
0.0444336,-3.47929
0.0445557,-6.24333
0.0446777,2.63203
0.0447998,6.91613
0.0449219,-3.02423
0.0450439,-5.2707
0.045166,0.0220315
0.0452881,1.60674
0.0454102,-5.87097
0.0455322,-5.73343
0.0456543,0.416969
0.0457764,1.40316
0.0458984,-3.17592
0.0460205,-2.80084
0.0461426,2.95112
0.0462646,3.8218
0.0463867,-0.501803
0.0465088,-1.63472
0.0466309,4.39854
0.0467529,5.09037
0.046875,6.73707
0.0469971,6.49167
0.0471191,6.07322
0.0472412,10.5744
0.0473633,7.10046
0.0474854,1.51386
0.0476074,-1.81486
0.0477295,2.59013
0.0478516,2.00539
0.0479736,-3.94224
0.0480957,-6.69311
0.0482178,-2.36503
0.0483398,-0.408106
0.0484619,-3.71229
0.048584,-5.16641
0.0487061,2.31298
0.0488281,1.9042
0.0489502,-5.32229
0.0490723,-7.19623
0.0491943,1.91997
0.0493164,3.55912
0.0494385,-3.23628
0.0495605,-4.95604
0.0496826,5.26995
0.0498047,4.07597
0.0499268,-5.17483
0.0500488,-4.19515
0.0501709,5.33407
0.050293,10.2559
0.050415,5.04903
0.0505371,3.18686
0.0506592,9.44582
0.0507813,9.1417
0.0509033,0.168346
0.0510254,-0.946023
0.0511475,-1.23913
0.0512695,2.14013
0.0513916,-1.71882
0.0515137,-5.38178
0.0516357,-1.1297
0.0517578,3.36489
0.0518799,0.41759
0.052002,-6.82094
0.052124,-0.541808
0.0522461,2.04021
0.0523682,-1.16469
0.0524902,-2.55567
0.0526123,-0.269848
0.0527344,1.09908
0.0528564,-2.21672
0.0529785,-1.82132
0.0531006,-1.57142
0.0532227,-1.38398
0.0533447,-2.20808
0.0534668,-0.391706
0.0535889,-0.741456
0.0537109,-2.20162
0.053833,-1.11001
0.0539551,-1.60179
0.0540771,-5.41614
0.0541992,-2.8489
0.0543213,-1.679
0.0544434,4.13205
0.0545654,0.347407
0.0546875,-6.36972
0.0548096,-0.979
0.0549316,3.52504
0.0550537,2.52415
0.0551758,-0.162689
0.0552979,2.53954
0.0554199,5.27709
0.055542,4.5217
0.0556641,-1.68132
0.0557861,0.222608
0.0559082,1.9813
0.0560303,-0.34336
0.0561523,-3.34953
0.0562744,-2.03598
0.0563965,1.77219
0.0565186,-3.11843
0.0566406,-7.03474
0.0567627,-3.31314
0.0568848,-4.59375
0.0570068,-7.83582
0.0571289,-6.64693
0.057251,-7.32049
0.057373,-6.1544
0.0574951,-0.419209
0.0576172,0.199428
0.0577393,-3.12797
0.0578613,-0.378175
0.0579834,3.99678
0.0581055,1.74813
0.0582275,-0.754136
0.0583496,-1.82402
0.0584717,4.17927
0.0585938,5.24372
0.0587158,-0.494208
0.0588379,-3.12035
0.05896,2.36757
0.059082,4.19833
0.0592041,1.26024
0.0593262,-3.12785
0.0594482,0.432362
0.0595703,0.0981682
0.0596924,-2.54988
0.0598145,0.195953
0.0599365,0.352372
0.0600586,-0.293356
0.0601807,-0.547064
0.0603027,-4.48936
0.0604248,-9.82795
0.0605469,-7.83131
0.0606689,-6.14994
0.060791,-5.56065
0.0609131,-4.83654
0.0610352,-3.1436
0.0611572,0.504035
0.0612793,1.91734
0.0614014,-1.14154
0.0615234,-1.33372
0.0616455,1.44828
0.0617676,-0.135041
0.0618896,-0.616727
0.0620117,-0.250301
0.0621338,0.307762
0.0622559,1.44122
0.0623779,0.614323
0.0625,1.59184
0.0626221,0.153281
0.0627441,-1.97157
0.0628662,-0.382455
0.0629883,2.02503
0.0631104,2.06122
0.0632324,-1.48721
0.0633545,1.71434
0.0634766,-1.27498
0.0635986,-0.855495
0.0637207,1.5194
0.0638428,0.853826
0.0639648,-0.360152
0.0640869,0.473422
0.064209,2.76209
0.0643311,3.51539
0.0644531,-2.58676
0.0645752,-1.64109
0.0646973,3.29781
0.0648193,2.91807
0.0649414,-2.68953
0.0650635,-4.75375
0.0651855,-1.16381
0.0653076,-0.26254
0.0654297,-3.80312
0.0655518,-4.51062
0.0656738,-1.36495
0.0657959,0.803229
0.065918,-2.46332
0.06604,-1.97619
0.0661621,0.726379
0.0662842,1.76766
0.0664063,0.669195
0.0665283,3.26843
0.0666504,5.99246
0.0667725,3.00257
0.0668945,6.31406
0.0670166,7.14031
0.0671387,6.02453
0.0672607,7.40331
0.0673828,5.73612
0.0675049,1.25297
0.067627,-0.644284
0.067749,2.85047
0.0678711,1.34117
0.0679932,-2.88162
0.0681152,-4.45573
0.0682373,-2.56458
0.0683594,0.915029
0.0684814,-0.87757
0.0686035,-5.82649
0.0687256,-2.42686
0.0688477,2.66147
0.0689697,-2.11253
0.0690918,-3.63873
0.0692139,-2.87179
0.0693359,0.617378
0.069458,-0.0907022
0.0695801,-2.02975
0.0697021,-0.0905252
0.0698242,2.98442
0.0699463,-0.831207
0.0700684,-3.12301
0.0701904,1.13617
0.0703125,9.27868
0.0704346,7.55969
0.0705566,2.87707
0.0706787,2.42516
0.0708008,6.60435
0.0709229,3.04795
0.0710449,-1.89863
0.071167,-3.41777
0.0712891,1.35862
0.0714111,0.910819
0.0715332,-3.71109
0.0716553,-2.74495
0.0717773,1.70947
0.0718994,1.81454
0.0720215,-4.51414
0.0721436,-3.87056
0.0722656,0.833664
0.0723877,2.42767
0.0725098,-3.48747
0.0726318,-3.60787
0.0727539,-0.689067
0.072876,1.72981
0.072998,-1.32254
0.0731201,-3.25909
0.0732422,-3.67829
0.0733643,-0.210988
0.0734863,-0.0526953
0.0736084,-1.57932
0.0737305,-3.40099
0.0738525,-0.945743
0.0739746,1.20727
0.0740967,-3.56584
0.0742188,-3.38773
0.0743408,2.45981
0.0744629,4.68825
0.074585,-1.61926
0.074707,-6.22721
0.0748291,-1.45971
0.0749512,4.91302
0.0750732,0.260153
0.0751953,-2.46038
0.0753174,1.54057
0.0754395,6.22542
0.0755615,2.67777
0.0756836,-2.83049
0.0758057,-2.3277
0.0759277,1.58474
0.0760498,0.258129
0.0761719,-3.30082
0.0762939,-3.6411
0.076416,2.16194
0.0765381,-2.15983
0.0766602,-6.31904
0.0767822,-5.23507
0.0769043,-4.32411
0.0770264,-3.34664
0.0771484,-7.24965
0.0772705,-9.10009
0.0773926,-3.60924
0.0775146,0.799381
0.0776367,-0.730635
0.0777588,-3.29313
0.0778809,-0.898793
0.0780029,3.64249
0.078125,4.16361
0.0782471,-1.26816
0.0783691,-3.09128
0.0784912,3.8308
0.0786133,4.60258
0.0787354,-1.7685
0.0788574,-2.18743
0.0789795,3.56371
0.0791016,2.68697
0.0792236,-1.27506
0.0793457,0.167608
0.0794678,-0.820477
0.0795898,-0.501842
0.0797119,-0.718605
0.079834,-2.27058
0.0799561,0.416979
0.0800781,1.79959
0.0802002,-2.53028
0.0803223,-7.38387
0.0804443,-8.50643
0.0805664,-5.77607
0.0806885,-5.47196
0.0808105,-3.19714
0.0809326,-0.661974
0.0810547,0.0165332
0.0811768,3.05565
0.0812988,0.561032
0.0814209,-0.659393
0.081543,1.67981
0.081665,-0.970707
0.0817871,-0.394478
0.0819092,-2.11825
0.0820313,2.60832
0.0821533,1.67163
0.0822754,-0.720391
0.0823975,-1.22674
0.0825195,2.30402
0.0826416,1.95895
0.0827637,-1.77765
0.0828857,-0.977566
0.0830078,2.05089
0.0831299,2.94324
0.083252,0.8285
0.083374,-0.21098
0.0834961,-0.502615
0.0836182,1.08524
0.0837402,-0.145636
0.0838623,0.0484982
0.0839844,2.26103
0.0841064,3.53344
0.0842285,0.225662
0.0843506,-1.69081
0.0844727,-2.47743
0.0845947,1.70358
0.0847168,3.00244
0.0848389,-1.6361
0.0849609,-3.58949
0.085083,-1.4408
0.0852051,-1.00757
0.0853271,-4.47374
0.0854492,-3.68723
0.0855713,-1.00463
0.0856934,1.81612
0.0858154,-0.413799
0.0859375,-1.16069
0.0860596,1.54078
0.0861816,1.68209
0.0863037,-1.63289
0.0864258,-0.72854
0.0865479,4.54102
0.0866699,2.65556
0.086792,2.16343
0.0869141,5.60051
0.0870361,4.96461
0.0871582,4.77082
0.0872803,5.91445
0.0874023,3.55149
0.0875244,2.55898
0.0876465,0.0313678
0.0877686,2.16227
0.0878906,0.0782666
0.0880127,-2.81485
0.0881348,-4.1869
0.0882568,-2.30991
0.0883789,0.0311846
0.088501,-1.37078
0.088623,-3.81266
0.0887451,-3.14043
0.0888672,-0.217441
0.0889893,-1.38095
0.0891113,-2.89872
0.0892334,-3.19013
0.0893555,1.40786
0.0894775,1.70014
0.0895996,-1.79113
0.0897217,-0.879264
0.0898438,2.11126
0.0899658,1.35481
0.0900879,-1.49191
0.09021,0.353408
0.090332,6.9231
0.0904541,9.09399
0.0905762,2.69642
0.0906982,3.03052
0.0908203,4.38843
0.0909424,3.03988
0.0910645,-0.503609
0.0911865,-2.34788
0.0913086,1.64496
0.0914307,0.68473
0.0915527,-4.33239
0.0916748,-1.5794
0.0917969,3.50466
0.0919189,1.06098
0.092041,-3.02842
0.0921631,-3.40365
0.0922852,0.453377
0.0924072,1.28331
0.0925293,-0.437409
0.0926514,-3.07394
0.0927734,-1.8817
0.0928955,-0.496285
0.0930176,0.165267
0.0931396,-1.74111
0.0932617,-2.23425
0.0933838,-2.15717
0.0935059,2.37955
0.0936279,1.59977
0.09375,-3.25616
0.0938721,-3.23806
0.0939941,0.611201
0.0941162,-2.23392
0.0942383,-3.31785
0.0943604,-0.282411
0.0944824,3.01439
0.0946045,-2.03236
0.0947266,-4.57946
0.0948486,1.45097
0.0949707,2.32224
0.0950928,-0.177323
0.0952148,-0.944799
0.0953369,2.89062
0.095459,4.67057
0.0955811,-0.250228
0.0957031,-0.970525
0.0958252,0.411336
0.0959473,0.0733812
0.0960693,-2.36057
0.0961914,-0.703085
0.0963135,-0.248766
0.0964355,-2.36828
0.0965576,-4.64431
0.0966797,-3.92484
0.0968018,-1.90949
0.0969238,-6.69853
0.0970459,-6.82292
0.097168,-4.57809
0.09729,-5.24151
0.0974121,-5.39595
0.0975342,-0.144911
0.0976563,0.608032
0.0977783,-1.56198
0.0979004,-2.21065
0.0980225,2.23736
0.0981445,4.13868
0.0982666,-0.677102
0.0983887,-2.01493
0.0985107,2.17113
0.0986328,3.10269
0.0987549,0.631412
0.098877,-1.64867
0.098999,0.873658
0.0991211,3.36245
0.0992432,0.686127
0.0993652,-2.64187
0.0994873,0.813186
0.0996094,0.869403
0.0997314,-1.52353
0.0998535,-1.72119
0.0999756,-0.18474
0.100098,-0.525287
0.10022,-3.34721
0.100342,-7.46719
0.100464,-6.96446
0.100586,-3.74752
0.100708,-4.28072
0.10083,-5.39155
0.100952,-3.45455
0.101074,0.619804
0.101196,2.35014
0.101318,-1.85578
0.10144,-1.41857
0.101563,3.97092
0.101685,1.24759
0.101807,-3.375
0.101929,-1.21717
0.102051,3.04695
0.102173,0.865718
0.102295,-2.32958
0.102417,-0.641053
0.102539,1.90736
0.102661,0.751073
0.102783,-1.98701
0.102905,-1.47145
0.103027,1.56709
0.103149,1.80109
0.103271,1.06576
0.103394,-0.898787
0.103516,0
0.103638,2.04248
0.10376,0.041361
0.103882,-3.78774
0.104004,1.14209
0.104126,3.95905
0.104248,1.18106
0.10437,-2.67538
0.104492,-2.09709
0.104614,4.69674
0.104736,2.77699
0.104858,-2.91094
0.10498,-1.59741
0.105103,-0.259155
0.105225,-0.272528
0.105347,-4.02948
0.105469,-3.98475
0.105591,0.190212
0.105713,1.84597
0.105835,-1.85773
0.105957,-3.25123
0.106079,1.00149
0.106201,1.91989
0.106323,-0.391708
0.106445,0.33735
0.106567,4.82614
0.106689,3.67667
0.106812,1.22436
0.106934,4.18027
0.107056,5.14303
0.107178,5.40631
0.1073,4.44949
0.107422,2.00835
0.107544,1.27071
0.107666,0.962126
0.107788,1.84227
0.10791,-1.05361
0.108032,-4.0904
0.108154,-2.00993
0.108276,1.95477
0.108398,0.371974
0.108521,-3.96828
0.108643,-2.17445
0.108765,2.82138
0.108887,-0.330825
0.109009,-2.36639
0.109131,-1.06978
0.109253,1.12151
0.109375,0.527256
0.109497,-3.27897
0.109619,-2.4338
0.109741,3.37771
0.109863,2.66539
0.109985,-1.84953
0.110107,-4.4686
0.110229,5.49848
0.110352,8.40969
0.110474,1.39807
0.110596,-0.678772
0.110718,5.49008
0.11084,7.1132
0.110962,1.19739
0.111084,-4.69387
0.111206,-0.922271
0.111328,5.09998
0.11145,-1.21865
0.111572,-6.15207
0.111694,-0.828101
0.111816,4.93791
0.111938,-0.284104
0.112061,-4.85086
0.112183,-1.28886
0.112305,3.59242
0.112427,0.578857
0.112549,-3.90668
0.112671,-1.96427
0.112793,3.00125
0.112915,-1.5376
0.113037,-5.05633
0.113159,-2.0845
0.113281,3.05343
0.113403,-0.357375
0.113525,-2.26967
0.113647,-1.93625
0.11377,2.16343
0.113892,1.08066
0.114014,-4.52163
0.114136,-2.29668
0.114258,1.53385
0.11438,2.1149
0.114502,0.619933
0.114624,-2.23717
0.114746,-1.88143
0.114868,2.30849
0.11499,3.1632
0.115112,-1.83815
0.115234,-0.616311
0.115356,4.87542
0.115479,3.33916
0.115601,-0.840246
0.115723,-2.04219
0.115845,1.77735
0.115967,0.925318
0.116089,-3.71015
0.116211,-3.25726
0.116333,2.96732
0.116455,0.0124556
0.116577,-4.23075
0.116699,-5.08438
0.116821,-1.08046
0.116943,-1.53847
0.117065,-6.02391
0.117188,-7.16963
0.11731,-4.61427
0.117432,0.0247171
0.117554,-0.79018
0.117676,-2.22021
0.117798,-2.92043
0.11792,3.04068
0.118042,4.04618
0.118164,0.147437
0.118286,-1.12925
0.118408,1.50828
0.11853,2.6706
0.118652,-0.83222
0.118774,-2.31082
0.118896,1.75891
0.119019,3.38015
0.119141,-0.195053
0.119263,-2.55757
0.119385,-0.133837
0.119507,2.2487
0.119629,-0.570734
0.119751,-4.29453
0.119873,1.04228
0.119995,2.95429
0.120117,-1.99583
0.120239,-5.0995
0.120361,-3.48891
0.120483,-3.5458
0.120605,-6.10873
0.120728,-5.83796
0.12085,-2.39303
0.120972,0.672758
0.121094,0.0360054
0.121216,-1.15105
0.121338,-0.730682
0.12146,2.57284
0.121582,0.729256
0.121704,-1.9826
0.121826,-1.921
0.121948,0.500642
0.12207,2.16733
0.122192,0.118968
0.122314,-1.22417
0.122437,0.427449
0.122559,1.79116
0.122681,-0.675473
0.122803,-1.61008
0.122925,1.20638
0.123047,2.41041
0.123169,1.38109
0.123291,-0.695768
0.123413,-0.0706871
0.123535,0.741489
0.123657,0.364504
0.123779,-1.65629
0.123901,-0.398998
0.124023,2.98957
0.124146,0.925275
0.124268,-1.61473
0.12439,-0.315616
0.124512,0.817466
0.124634,0.921668
0.124756,0.256417
0.124878,-1.42056
0.125,-1.34938
0.125122,0.0232424
0.125244,-1.21903
0.125366,-3.46796
0.125488,-1.27459
0.12561,-0.0115759
0.125732,-0.624488
0.125854,-1.15533
0.125977,-0.807942
0.126099,0.807153
0.126221,2.10807
0.126343,-0.471839
0.126465,-0.666828
0.126587,3.641
0.126709,3.76367
0.126831,2.92317
0.126953,2.27899
0.127075,4.9082
0.127197,6.19498
0.127319,4.49897
0.127441,1.02668
0.127563,-0.60401
0.127686,2.39091
0.127808,1.63788
0.12793,-2.3408
0.128052,-2.72448
0.128174,0.396932
0.128296,0.215267
0.128418,-1.65254
0.12854,-2.61209
0.128662,0.960219
0.128784,1.264
0.128906,-0.913247
0.129028,-3.39036
0.12915,-1.11401
0.129272,1.01175
0.129395,-1.38138
0.129517,-3.14153
0.129639,0.694945
0.129761,2.39634
0.129883,-0.783084
0.130005,-2.24638
0.130127,-0.167476
0.130249,4.22744
0.130371,3.42099
0.130493,2.74971
0.130615,2.46899
0.130737,2.03326
0.130859,2.46417
0.130981,0.576629
0.131104,-1.97192
0.131226,-1.0514
0.131348,0.597056
0.13147,-1.27027
0.131592,-2.01941
0.131714,-0.507115
0.131836,0.947159
0.131958,-0.451112
0.13208,-1.61582
0.132202,0.0878501
0.132324,0.383969
0.132446,-0.273996
0.132568,-0.558406
0.13269,-0.896953
0.132813,-0.513605
0.132935,-0.895203
0.133057,-1.59234
0.133179,-2.62589
0.133301,-1.19737
0.133423,1.41369
0.133545,0.695292
0.133667,-2.9521
0.133789,-1.13849
0.133911,0.45495
0.134033,-0.303004
0.134155,-2.99465
0.134277,-1.85768
0.134399,1.75876
0.134521,1.06716
0.134644,-3.61834
0.134766,-2.2485
0.134888,2.53649
0.13501,1.2348
0.135132,-1.80212
0.135254,0.0750147
0.135376,4.57144
0.135498,2.66318
0.13562,-1.31426
0.135742,-0.448334
0.135864,1.65295
0.135986,0.22373
0.136108,-3.27817
0.13623,-1.08457
0.136353,0.40366
0.136475,-0.530613
0.136597,-4.48461
0.136719,-2.6373
0.136841,-2.70879
0.136963,-3.79495
0.137085,-3.94965
0.137207,-5.62329
0.137329,-4.26869
0.137451,-2.04276
0.137573,-0.673242
0.137695,0.24171
0.137817,-0.136485
0.137939,0.199284
0.138062,2.69295
0.138184,2.5961
0.138306,0.250991
0.138428,-0.710446
0.13855,1.44038
0.138672,2.51299
0.138794,0.718785
0.138916,-0.634827
0.139038,0.696589
0.13916,1.39182
0.139282,0.985773
0.139404,-0.767116
0.139526,-1.11848
0.139648,0.227617
0.139771,0.465125
0.139893,-0.216846
0.140015,-1.11412
0.140137,0.226729
0.140259,-1.35905
0.140381,-4.47431
0.140503,-5.94964
0.140625,-3.04891
0.140747,-1.21017
0.140869,-1.91594
0.140991,-2.89669
0.141113,0.828279
0.141235,0.766177
0.141357,-1.01037
0.141479,0.163132
0.141602,1.18155
0.141724,0.213693
0.141846,-1.4334
0.141968,-1.08669
0.14209,1.09578
0.142212,0.354767
0.142334,-0.880988
0.142456,-0.364191
0.142578,1.33406
0.1427,0.69667
0.142822,-0.978421
0.142944,-0.141078
0.143066,0.442954
0.143188,2.12209
0.143311,-0.210997
0.143433,-0.511922
0.143555,0.250697
0.143677,1.65299
0.143799,0.350291
0.143921,-1.26982
0.144043,0.559372
0.144165,1.82616
0.144287,-0.418711
0.144409,-0.846563
0.144531,-0.606941
0.144653,1.66994
0.144775,0.804365
0.144897,-2.09328
0.14502,-1.4371
0.145142,-0.7129
0.145264,-1.61235
0.145386,-2.57922
0.145508,-1.27354
0.14563,0.404374
0.145752,-1.44841
0.145874,-1.81121
0.145996,-0.708043
0.146118,2.9866
0.14624,1.61943
0.146362,-1.41194
0.146484,0.303663
0.146606,4.58965
0.146729,2.23881
0.146851,1.59201
0.146973,2.79062
0.147095,3.64571
0.147217,4.46991
0.147339,2.56842
0.147461,1.4579
0.147583,1.67981
0.147705,1.38716
0.147827,-0.232582
0.147949,-2.41069
0.148071,-2.06981
0.148193,-0.33819
0.148315,-0.405432
0.148438,-2.47844
0.14856,-1.58003
0.148682,1.02024
0.148804,0.442314
0.148926,-2.01729
0.149048,-2.9558
0.14917,1.78325
0.149292,1.47502
0.149414,-2.11468
0.149536,-2.8678
0.149658,0.888151
0.14978,2.67139
0.149902,-1.14376
0.150024,-2.35195
0.150146,1.06543
0.150269,4.6377
0.150391,4.22492
0.150513,1.03386
0.150635,4.65256
0.150757,4.60069
0.150879,2.2319
0.151001,-0.869213
0.151123,-1.50076
0.151245,1.47101
0.151367,0.0753626
0.151489,-3.13391
0.151611,-1.71115
0.151733,2.01945
0.151855,1.54829
0.151978,-1.37804
0.1521,-1.58273
0.152222,0.523944
0.152344,0.934702
0.152466,-0.345502
0.152588,-1.4273
0.15271,-1.31407
0.152832,0.605188
0.152954,-0.390663
0.153076,-2.23947
0.153198,-2.40439
0.15332,-0.278228
0.153442,1.41758
0.153564,-0.8238
0.153687,-1.27611
0.153809,-0.73905
0.153931,-0.913681
0.154053,-1.927
0.154175,-1.04085
0.154297,-0.460105
0.154419,0.772222
0.154541,0.358182
0.154663,-1.82586
0.154785,-1.71409
0.154907,0.274719
0.155029,0.494011
0.155151,-0.374716
0.155273,0.319567
0.155396,2.67262
0.155518,1.69496
0.15564,-0.910378
0.155762,0.336511
0.155884,1.76269
0.156006,0
0.156128,-1.95875
0.15625,-0.80629
0.156372,-0.090506
0.156494,-0.958427
0.156616,-3.00797
0.156738,-2.77943
0.15686,-3.34468
0.156982,-2.26964
0.157104,-2.18645
0.157227,-4.56638
0.157349,-3.63697
0.157471,-1.66868
0.157593,0.896264
0.157715,0.250709
0.157837,-2.79089
0.157959,0.509376
0.158081,3.28539
0.158203,2.10488
0.158325,-1.63949
0.158447,0.142425
0.158569,2.76569
0.158691,-0.897306
0.158813,-2.09463
0.158936,1.3123
0.159058,3.27754
0.15918,-0.0176992
0.159302,-1.28194
0.159424,0.326796
0.159546,1.77356
0.159668,0.158671
0.15979,-2.12236
0.159912,-0.527873
0.160034,1.01956
0.160156,0.158053
0.160278,-3.63167
0.1604,-4.5483
0.160522,-3.10803
0.160645,-2.49275
0.160767,-2.35051
0.160889,-3.32591
0.161011,-0.723834
0.161133,0.113261
0.161255,0.0348155
0.161377,0.426074
0.161499,0.0694951
0.161621,0.286388
0.161743,-0.0520197
0.161865,-0.892132
0.161987,0.562447
0.162109,0.423584
0.162231,0.0259084
0.162354,0.284714
0.162476,0.0948122
0.162598,-0.499431
0.16272,0.670993
0.162842,0.730496
0.162964,0.0429285
0.163086,0.0257319
0.163208,1.52527
0.16333,0.761891
0.163452,-0.0342089
0.163574,-1.39265
0.163696,1.33154
0.163818,0.869774
0.16394,0.289642
0.164063,1.65105
0.164185,0.671678
0.164307,-0.73048
0.164429,-2.67298
0.164551,-0.228889
0.164673,2.95572
0.164795,0.583798
0.164917,-3.12745
0.165039,-1.54531
0.165161,1.2148
0.165283,-0.505671
0.165405,-2.49221
0.165527,-2.37202
0.165649,0.621836
0.165771,0.881474
0.165894,-1.71929
0.166016,-0.804347
0.166138,1.38949
0.16626,2.05712
0.166382,-1.25312
0.166504,0.567524
0.166626,4.14389
0.166748,2.54055
0.16687,1.47291
0.166992,2.07835
0.167114,4.64266
0.167236,4.74599
0.167358,1.061
0.16748,-0.273273
0.167603,0.934839
0.167725,1.44635
0.167847,-0.627515
0.167969,-2.38388
0.168091,-0.700456
0.168213,0.296374
0.168335,-0.296085
0.168457,-1.25713
0.168579,-1.40366
0.168701,0.229615
0.168823,0.679979
0.168945,-0.43378
0.169067,-1.51266
0.169189,-0.0326741
0.169312,0.0163212
0.169434,-1.01092
0.169556,-0.358365
0.169678,-0.0162735
0.1698,0.707202
0.169922,-1.08819
0.170044,0.300177
0.170166,1.24006
0.170288,3.19025
0.17041,2.80694
0.170532,2.22235
0.170654,3.14055
0.170776,3.05683
0.170898,0.983031
0.171021,-0.67618
0.171143,0.0241257
0.171265,1.20511
0.171387,-1.04341
0.171509,-2.07676
0.171631,-0.480633
0.171753,0.960329
0.171875,-0.663579
0.171997,-1.03833
0.172119,-0.279276
0.172241,-0.382634
0.172363,-1.26624
0.172485,0.143208
0.172607,0.540479
0.172729,-0.293797
0.172852,-1.34063
0.172974,-0.705322
0.173096,-0.0554206
0.173218,-1.35253
0.17334,-1.84902
0.173462,0.836772
0.173584,1.64825
0.173706,-1.85937
0.173828,-1.89691
0.17395,0.259489
0.174072,0.0864118
0.174194,-1.17719
0.174316,-1.89735
0.174438,1.00258
0.174561,1.22852
0.174683,-1.63383
0.174805,-1.78062
0.174927,1.20933
0.175049,2.12789
0.175171,0.147951
0.175293,-0.482315
0.175415,1.44553
0.175537,1.12579
0.175659,0.279235
0.175781,-0.550175
0.175903,-0.309655
0.176025,-0.425361
0.176147,-1.03532
0.17627,0.401374
0.176392,0.0462673
0.176514,-1.77955
0.176636,-2.38581
0.176758,-1.33782
0.17688,-3.15695
0.177002,-2.78553
0.177124,-2.56816
0.177246,-3.26259
0.177368,-2.35657
0.17749,-1.10834
0.177612,0.0763627
0.177734,-0.472986
0.177856,0.236262
0.177979,0.433994
0.178101,0.981238
0.178223,1.22345
0.178345,0.296075
0.178467,0.128932
0.178589,0.848606
0.178711,0.257361
0.178833,0.279796
0.178955,0.634593
0.179077,1.38116
0.179199,1.10083
0.179321,-0.0753258
0.179443,-1.17393
0.179565,0.0977324
0.179688,0.548269
0.17981,-0.915392
0.179932,-0.854531
0.180054,-0.307031
0.180176,-0.1197
0.180298,-3.17643
0.18042,-4.5472
0.180542,-2.80472
0.180664,-1.76615
0.180786,-2.79181
0.180908,-2.32795
0.18103,-0.26006
0.181152,1.86318
0.181274,0.185395
0.181396,-1.00756
0.181519,0.61431
0.181641,2.32914
0.181763,-0.0590951
0.181885,-1.57925
0.182007,-0.110587
0.182129,0.567126
0.182251,-0.596005
0.182373,-1.1835
0.182495,0.484686
0.182617,1.26922
0.182739,0.0219882
0.182861,-1.47177
0.182983,-0.694934
0.183105,1.79776
0.183228,1.83251
0.18335,-0.386566
0.183472,-1.47918
0.183594,0.349414
0.183716,1.61446
0.183838,-0.581221
0.18396,-1.32825
0.184082,1.95054
0.184204,2.60784
0.184326,-0.919091
0.184448,-2.98594
0.18457,1.14843
0.184692,3.13164
0.184814,-0.490193
0.184937,-2.30454
0.185059,-0.424485
0.185181,0.560635
0.185303,-2.37678
0.185425,-2.91249
0.185547,-0.143332
0.185669,0.880632
0.185791,-1.48059
0.185913,-1.3148
0.186035,1.05652
0.186157,1.06975
0.186279,-0.548605
0.186401,-0.918194
0.186523,1.47194
0.186646,3.04047
0.186768,1.38391
0.18689,1.52436
0.187012,2.56409
0.187134,2.76679
0.187256,3.07514
0.187378,1.65966
0.1875,0.0423331
0.187622,0.45816
0.187744,0.788674
0.187866,-0.175871
0.187988,-1.34235
0.18811,-0.603817
0.188232,0.813656
0.188354,-0.693736
0.188477,-2.06517
0.188599,-0.286744
0.188721,0.810484
0.188843,-0.565389
0.188965,-0.885609
0.189087,-0.160229
0.189209,0.194871
0.189331,0.0278116
0.189453,-0.805749
0.189575,0.277573
0.189697,0.2981
0.189819,-0.242403
0.189941,-0.103786
0.190063,0.0138246
0.190186,1.35348
0.190308,2.32489
0.19043,3.0394
0.190552,2.18265
0.190674,1.60959
0.190796,1.47746
0.190918,0.940531
0.19104,0.13717
0.191162,-0.657772
0.191284,0.30803
0.191406,0.170961
0.191528,-0.792483
0.19165,-1.59024
0.191772,0.163642
0.191895,0.401894
0.192017,-0.27901
0.192139,-1.05376
0.192261,-0.489012
0.192383,0.379972
0.192505,-0.230472
0.192627,-1.33408
0.192749,-0.216491
0.192871,-0.148693
0.192993,0.141795
0.193115,-1.09278
0.193237,-1.80605
0.193359,-0.14138
0.193481,1.04923
0.193604,-0.107508
0.193726,-1.16801
0.193848,-1.33453
0.19397,-0.0669961
0.194092,-0.50198
0.194214,-1.35068
0.194336,-0.941882
0.194458,1.34137
0.19458,0.28668
0.194702,-1.27215
0.194824,-0.90494
0.194946,0.405496
0.195068,1.45438
0.19519,0.318456
0.195313,-0.463962
0.195435,1.97322
0.195557,0.357215
0.195679,-0.687298
0.195801,-0.389529
0.195923,0.97617
0.196045,0.0724823
0.196167,-1.98803
0.196289,-0.756292
0.196411,0.486182
0.196533,-1.65403
0.196655,-2.4065
0.196777,-2.0242
0.196899,-2.13348
0.197021,-2.05948
0.197144,-2.65185
0.197266,-3.11255
0.197388,-1.83833
0.19751,-0.247476
0.197632,0.104099
0.197754,-0.454988
0.197876,0.12987
0.197998,1.72558
0.19812,0.174982
0.198242,-0.252505
0.198364,0.219918
0.198486,0.807732
0.198608,1.47832
0.19873,-0.141883
0.198853,-0.856913
0.198975,0.46344
0.199097,1.46613
0.199219,0.565321
0.199341,-0.263131
0.199463,-0.352636
0.199585,0.473993
0.199707,-0.0127981
0.199829,-0.389962
0.199951,-0.823868
0.200073,0.236073
0.200195,-0.344202
0.200317,-2.84645
0.200439,-2.89456
0.200562,-2.98071
0.200684,-2.04446
0.200806,-1.58577
0.200928,-0.652698
0.20105,-0.481132
0.201172,0.543908
0.201294,0.587605
0.201416,-0.157804
0.201538,-0.384667
0.20166,-0.163796
0.201782,-0.245454
0.201904,-0.528155
0.202026,0.326634
0.202148,0.307489
0.202271,0.162998
0.202393,0.382046
0.202515,0.437985
0.202637,-0.168772
0.202759,-0.46211
0.202881,-0.218352
0.203003,0.666882
0.203125,0.305096
0.203247,0.0311019
0.203369,0.341787
0.203491,0.117957
0.203613,0.452759
0.203735,0.117726
0.203857,-0.179512
0.203979,-0.0494723
0.204102,1.76073
0.204224,0.808528
0.204346,-1.32568
0.204468,-1.97118
0.20459,1.30463
0.204712,2.0534
0.204834,-0.730887
0.204956,-2.04326
0.205078,-0.392315
0.2052,0.532783
0.205322,-1.4989
0.205444,-2.41424
0.205566,-0.464058
0.205688,1.31761
0.205811,-0.591129
0.205933,-1.54639
0.206055,0.717702
0.206177,1.16057
0.206299,0.17604
0.206421,-1.14011
0.206543,1.53886
0.206665,1.59183
0.206787,1.88657
0.206909,1.87868
0.207031,1.4363
0.207153,2.69496
0.207275,3.02963
0.207397,1.23353
0.20752,0.252477
0.207642,0.42639
0.207764,1.31992
0.207886,-0.773197
0.208008,-2.38918
0.20813,-1.28016
0.208252,0.0418337
0.208374,-0.101497
0.208496,-1.18695
0.208618,-1.19175
0.20874,-0.0238118
0.208862,0.344934
0.208984,-0.463423
0.209106,-1.36517
0.209229,-0.302416
0.209351,-0.0947831
0.209473,-0.28999
0.209595,-0.159634
0.209717,1.09863
0.209839,0.34815
0.209961,-0.607194
0.210083,-0.553598
0.210205,1.4709
0.210327,2.89778
0.210449,2.05524
0.210571,0.545573
0.210693,1.37725
0.210815,2.30099
0.210938,1.14645
0.21106,-1.33816
0.211182,-0.63632
0.211304,1.29473
0.211426,-0.0757433
0.211548,-2.02561
0.21167,-0.848996
0.211792,1.07473
0.211914,0.760284
0.212036,-1.59446
0.212158,-1.03683
0.21228,0.248829
0.212402,0.086716
0.212524,-0.583318
0.212646,-0.963555
0.212769,0.23633
0.212891,-0.264892
0.213013,-0.719114
0.213135,-0.316101
0.213257,-0.757902
0.213379,-0.16061
0.213501,0.229219
0.213623,0.440816
0.213745,-0.640562
0.213867,-0.354251
0.213989,-1.10738
0.214111,-1.84193
0.214233,-1.21346
0.214355,1.21797
0.214478,1.22815
0.2146,-0.664599
0.214722,-1.48112
0.214844,0.515902
0.214966,1.43858
0.215088,-0.130138
0.21521,-0.158275
0.215332,1.57555
0.215454,1.87867
0.215576,-0.371985
0.215698,-1.09234
0.21582,0.714392
0.215942,0.63502
0.216064,-1.13406
0.216187,-1.32365
0.216309,-0.168096
0.216431,-1.09716
0.216553,-1.69446
0.216675,-0.614549
0.216797,-1.28929
0.216919,-3.31767
0.217041,-2.28389
0.217163,-0.762409
0.217285,-2.14601
0.217407,-2.55492
0.217529,-0.227499
0.217651,0.726177
0.217773,-0.620248
0.217896,-0.63624
0.218018,1.13859
0.21814,0.756476
0.218262,-0.794352
0.218384,-0.556606
0.218506,1.32134
0.218628,0.643523
0.21875,-1.07699
0.218872,-0.268984
0.218994,1.38748
0.219116,0.35064
0.219238,-0.700596
0.21936,-0.14217
0.219482,0.551735
0.219604,0.311071
0.219727,-0.763289
0.219849,-0.239657
0.219971,-0.293837
0.220093,0.690387
0.220215,-1.81389
0.220337,-2.78329
0.220459,-2.20603
0.220581,-1.39705
0.220703,-1.28208
0.220825,-1.94016
0.220947,-0.901647
0.221069,0.0701196
0.221191,1.01844
0.221313,-0.183032
0.221436,-0.688388
0.221558,0.338485
0.22168,0.526019
0.221802,-0.879417
0.221924,-0.787489
0.222046,0.567295
0.222168,0.0962391
0.22229,-0.165583
0.222412,-0.277481
0.222534,0.719681
0.222656,0.0266289
0.222778,-0.877894
0.2229,-0.1382
0.223022,0.748737
0.223145,1.53845
0.223267,-0.111296
0.223389,-0.492403
0.223511,-0.507791
0.223633,0.243079
0.223755,0.448729
0.223877,-0.759458
0.223999,-0.421509
0.224121,0.868514
0.224243,0.157758
0.224365,-1.15576
0.224487,-0.823987
0.224609,1.72501
0.224731,0.906189
0.224854,-1.71118
0.224976,-1.41675
0.225098,0.386484
0.22522,-0.166965
0.225342,-1.97035
0.225464,-1.92156
0.225586,0.416192
0.225708,0.098749
0.22583,-1.03845
0.225952,-0.601713
0.226074,0.285016
0.226196,1.00435
0.226318,-0.0206881
0.22644,-0.428857
0.226563,1.4505
0.226685,1.50581
0.226807,1.43221
0.226929,1.21979
0.227051,1.51169
0.227173,2.23963
0.227295,2.09889
0.227417,0.635717
0.227539,0.240722
0.227661,0.521908
0.227783,0.582739
0.227905,-0.857936
0.228027,-1.34687
0.228149,-0.38226
0.228271,0.361519
0.228394,-0.818983
0.228516,-1.54997
0.228638,-0.406154
0.22876,0.152159
0.228882,-0.501635
0.229004,-1.15921
0.229126,-0.47537
0.229248,0.419332
0.22937,-0.388639
0.229492,-0.231948
0.229614,-0.196459
0.229736,1.04173
0.229858,-0.246352
0.22998,-0.773493
0.230103,0.607151
0.230225,1.37854
0.230347,1.68769
0.230469,1.34083
0.230591,1.75437
0.230713,1.23835
0.230835,0.97275
0.230957,0.528261
0.231079,-0.682086
0.231201,-0.487439
0.231323,0.477025
0.231445,0.029785
0.231567,-0.927393
0.231689,-0.277451
0.231812,1.15327
0.231934,0.153289
0.232056,-1.21524
0.232178,-0.587284
0.2323,0.798716
0.232422,0.216723
0.232544,-1.05304
0.232666,-0.884866
0.232788,0.0884002
0.23291,0.250223
0.233032,-0.607791
0.233154,-1.8118
0.233276,-0.714229
0.233398,0.630449
0.233521,0.781189
0.233643,-1.08772
0.233765,-0.916106
0.233887,0.443001
0.234009,-0.695466
0.234131,-1.51104
0.234253,-0.461121
0.234375,1.25593
0.234497,0.697599
0.234619,-0.638841
0.234741,-0.836452
0.234863,0.618274
0.234985,1.26912
0.235107,-0.313355
0.235229,-0.443084
0.235352,1.16918
0.235474,1.09113
0.235596,-0.39857
0.235718,-0.801159
0.23584,0.254012
0.235962,0.627228
0.236084,-1.31541
0.236206,-0.769363
0.236328,0.353275
0.23645,0.662937
0.236572,-2.1441
0.236694,-1.48037
0.236816,-0.955831
0.236938,-1.31595
0.237061,-1.80826
0.237183,-2.63151
0.237305,-1.59158
0.237427,-0.425899
0.237549,0.0283656
0.237671,-0.552589
0.237793,-0.632262
0.237915,0.895615
0.238037,1.60582
0.238159,0.456343
0.238281,-0.714396
0.238403,0.469539
0.238525,1.13987
0.238647,0.773227
0.23877,-1.37172
0.238892,0.0654792
0.239014,1.79892
0.239136,0.970935
0.239258,-1.10989
0.23938,-0.125789
0.239502,0.488702
0.239624,-0.176691
0.239746,-0.83614
0.239868,-0.171705
0.23999,0.088087
0.240112,0.0972643
0.240234,-1.60561
0.240356,-2.34828
0.240479,-1.69945
0.240601,-1.71164
0.240723,-1.83441
0.240845,-0.824218
0.240967,-0.308205
0.241089,0.66636
0.241211,-0.316786
0.241333,-0.362343
0.241455,0.32075
0.241577,0.86518
0.241699,-0.274392
0.241821,-1.30666
0.241943,0.0410785
0.242065,1.17187
0.242188,0.0318876
0.24231,-1.09222
0.242432,0.0227324
0.242554,0.935662
0.242676,0.276794
0.242798,-0.480518
0.24292,-0.348714
0.243042,1.15823
0.243164,0.745787
0.243286,-0.546377
0.243408,-0.0676665
0.24353,0.148721
0.243652,0.499755
0.243774,-0.238389
0.243896,-0.287585
0.244019,1.18064
0.244141,0.89695
0.244263,-1.21866
0.244385,-0.975767
0.244507,0.152035
0.244629,1.12128
0.244751,0.111573
0.244873,-1.11018
0.244995,-0.298431
0.245117,0.355988
0.245239,-0.537906
0.245361,-1.5855
0.245483,-0.953918
0.245605,0.961852
0.245728,0.0354254
0.24585,-1.20771
0.245972,-0.353563
0.246094,1.00225
0.246216,0.141149
0.246338,-0.810815
0.24646,0.0836438
0.246582,1.82517
0.246704,0.729356
0.246826,0.649635
0.246948,1.30677
0.24707,2.27367
0.247192,2.04824
0.247314,0.773899
0.247437,0.388756
0.247559,0.846573
0.247681,1.055
0.247803,-0.152434
0.247925,-1.16607
0.248047,-0.352088
0.248169,-0.269237
0.248291,-0.472873
0.248413,-0.758459
0.248535,-0.575866
0.248657,0.445536
0.248779,0.168534
0.248901,-0.936822
0.249023,-0.789268
0.249146,-0.249906
0.249268,0.550979
0.24939,-0.559042
0.249512,-0.902186
0.249634,0.115882
0.249756,0.613147
0.249878,-0.038552
0.25,-0.795964
0.250122,0.145357
0.250244,1.60591
0.250366,1.75368
0.250488,1.01878
0.25061,1.54159
0.250732,1.23377
0.250854,0.641784
0.250977,0.0424607
0.251099,0.48358
0.251221,0.606004
0.251343,-0.17358
0.251465,-0.926265
0.251587,-0.181692
0.251709,0.696509
0.251831,0.535578
0.251953,-0.947932
0.252075,-0.917544
0.252197,0.487758
0.252319,0.247842
0.252441,-0.814142
0.252563,-0.729497
0.252686,0.0753915
0.252808,0.142267
0.25293,-0.3386
0.253052,-0.985575
0.253174,-0.592436
0.253296,-0.283425
0.253418,0.412231
0.25354,-0.207994
0.253662,-0.752204
0.253784,0.053973
0.253906,0.364999
0.254028,-1.1478
0.25415,-0.890019
0.254272,0.0289491
0.254395,0.578416
0.254517,-0.156845
0.254639,-1.12159
0.254761,-0.181256
0.254883,0.530891
0.255005,0.234351
0.255127,-0.213585
0.255249,0.020517
0.255371,1.50448
0.255493,0.298963
0.255615,-0.417322
0.255737,0.0858354
0.255859,0.792181
0.255981,-0.0203971
0.256104,-1.21041
0.256226,-0.150644
0.256348,0.724013
0.25647,-0.751751
0.256592,-2.25305
0.256714,-0.709728
0.256836,-0.37275
0.256958,-1.50169
0.25708,-2.24831
0.257202,-1.25233
0.257324,-0.895956
0.257446,-0.568497
0.257568,-0.861984
0.25769,-0.265586
0.257813,0.301508
0.257935,0.353424
0.258057,0.104319
0.258179,0.244509
0.258301,0.28031
0.258423,0.148019
0.258545,0
0.258667,-0.00798543
0.258789,0.287195
0.258911,0.430372
0.259033,0.111469
0.259155,0.02784
0.259277,0.0158931
0.259399,0.341367
0.259521,-0.222069
0.259644,-0.653671
0.259766,-0.419524
0.259888,0.043493
0.26001,0.0237003
0.260132,-0.422243
0.260254,-1.09203
0.260376,-1.39029
0.260498,-1.7942
0.26062,-1.47799
0.260742,-1.37837
0.260864,-0.564933
0.260986,-0.188127
0.261108,0.140958
0.26123,0.00391166
0.261353,-0.410324
0.261475,0.249858
0.261597,0.756643
0.261719,0.105203
0.261841,-0.529395
0.261963,-0.0116664
0.262085,0.489512
0.262207,-0.151368
0.262329,-0.488557
0.262451,0.0154946
0.262573,0.220583
0.262695,-0.231966
0.262817,0.0386232
0.262939,0.285533
0.263062,0.0693861
0.263184,0.423612
0.263306,0.307781
0.263428,-0.626492
0.26355,-0.126712
0.263672,0.79789
0.263794,0.0958066
0.263916,-0.478565
0.264038,0.401603
0.26416,0.649579
0.264282,0.125972
0.264404,-0.613989
0.264526,0.0152395
0.264648,1.18752
0.264771,0.338417
0.264893,-0.62679
0.265015,-0.470583
0.265137,0.0985743
0.265259,-0.223469
0.265381,-1.25626
0.265503,-0.907254
0.265625,-0.049095
0.265747,0.516881
0.265869,-0.312841
0.265991,-0.410438
0.266113,0.0902835
0.266235,0.503591
0.266357,0.0225268
0.266479,0.450097
0.266602,0.918051
0.266724,0.748698
0.266846,1.25658
0.266968,1.33755
0.26709,0.996588
0.267212,1.5997
0.267334,1.38207
0.267456,0.375884
0.267578,-0.00371802
0.2677,0.104002
0.267822,0.256041
0.267944,-0.663573
0.268066,-1.45547
0.268188,-0.469884
0.268311,0.110888
0.268433,-0.461582
0.268555,-0.929641
0.268677,-0.0995072
0.268799,0.651688
0.268921,-0.562774
0.269043,-0.474033
0.269165,0.37078
0.269287,-0.00733504
0.269409,-0.538596
0.269531,-0.435581
0.269653,0.753295
0.269775,0.394546
0.269897,-0.485402
0.27002,-0.167719
0.270142,0.560947
0.270264,0.87335
0.270386,0.84705
0.270508,1.22757
0.27063,1.24451
0.270752,0.677833
0.270874,0.514215
0.270996,0.278563
0.271118,-0.285519
0.27124,-0.0649915
0.271362,0.0144285
0.271484,-0.263063
0.271606,-0.334807
0.271729,0.23018
0.271851,0.0143722
0.271973,-0.132813
0.272095,-0.405223
0.272217,0.247195
0.272339,0.139583
0.272461,-0.185929
0.272583,-0.339346
0.272705,0.103489
0.272827,-0.317293
0.272949,-0.306299
0.273071,-0.807697
0.273193,-0.572301
0.273315,-0.216623
0.273438,0.152552
0.27356,-0.00708854
0.273682,-0.226611
0.273804,-0.0565976
0.273926,-0.459407
0.274048,-0.321271
0.27417,-0.553739
0.274292,-0.20789
0.274414,0.58434
0.274536,0.312985
0.274658,-0.881826
0.27478,-0.270256
0.274902,0.638164
0.275024,0.672571
0.275146,-0.370953
0.275269,0.0139845
0.275391,1.25738
0.275513,0.97003
0.275635,-0.425281
0.275757,-0.22288
0.275879,0.236579
0.276001,0.354523
0.276123,-0.53821
0.276245,-0.527277
0.276367,0.22526
0.276489,-0.637038
0.276611,-1.41464
0.276733,-0.93296
0.276855,-0.994186
0.276978,-0.913896
0.2771,-1.56417
0.277222,-1.89651
0.277344,-1.14161
0.277466,-0.212984
0.277588,-0.40496
0.27771,-0.695989
0.277832,-0.301415
0.277954,0.732271
0.278076,0.953758
0.278198,0.0307363
0.27832,-0.504949
0.278442,0.310172
0.278564,0.871721
0.278687,0.0238128
0.278809,-0.305866
0.278931,0.315753
0.279053,0.93616
0.279175,0.0881029
0.279297,-0.836161
0.279419,-0.50053
0.279541,0.736548
0.279663,0.0202522
0.279785,-0.630577
0.279907,-0.505316
0.280029,0.454341
0.280151,0.0369842
0.280273,-1.50816
0.280396,-2.01674
0.280518,-1.26384
0.28064,-0.907605
0.280762,-1.0807
0.280884,-0.845668
0.281006,0.337269
0.281128,0.483726
0.28125,0.0933179
0.281372,-0.406202
0.281494,0.362564
0.281616,0.564915
0.281738,-0.268903
0.28186,-0.729641
0.281982,0.115966
0.282104,0.489891
0.282227,-0.109126
0.282349,-0.53849
0.282471,-0.0726087
0.282593,0.860562
0.282715,0.217401
0.282837,-0.549553
0.282959,-0.184101
0.283081,0.932746
0.283203,0.764499
0.283325,-0.216342
0.283447,-0.330746
0.283569,0.350052
0.283691,0.624249
0.283813,-0.264475
0.283936,-0.420791
0.284058,0.606129
0.28418,1.21433
0.284302,-0.452084
0.284424,-1.29319
0.284546,0.473924
0.284668,1.56956
0.28479,-0.249458
0.284912,-1.39819
0.285034,-0.139036
0.285156,0.720344
0.285278,-0.758366
0.2854,-1.7635
0.285522,-0.264105
0.285645,0.830154
0.285767,-0.22823
0.285889,-1.2428
0.286011,0.336865
0.286133,1.26922
0.286255,-0.0256158
0.286377,-0.598185
0.286499,0.709452
0.286621,1.43987
0.286743,0.50394
0.286865,0.640462
0.286987,1.15234
0.287109,1.11942
0.287231,1.49004
0.287354,0.771272
0.287476,0.199764
0.287598,0.0126711
0.28772,0.53483
0.287842,-0.196018
0.287964,-0.931757
0.288086,-0.621617
0.288208,0.122941
0.28833,-0.412553
0.288452,-0.525413
0.288574,-0.427463
0.288696,-0.0345405
0.288818,-0.216452
0.28894,-0.905702
0.289063,-0.341264
0.289185,0.481682
0.289307,-0.378095
0.289429,-0.621218
0.289551,0.302509
0.289673,0.850561
0.289795,-0.258343
0.289917,-0.786711
0.290039,0.441122
0.290161,1.29725
0.290283,0.682095
0.290405,0.415052
0.290527,1.37391
0.290649,1.65079
0.290771,0.247068
0.290894,0.0308533
0.291016,0.348302
0.291138,0.0523483
0.29126,0.104594
0.291382,-0.433336
0.291504,-0.346944
0.291626,-0.177904
0.291748,-0.0766078
0.29187,0.195925
0.291992,-0.504625
0.292114,-0.461357
0.292236,0.0366284
0.292358,0.131124
0.29248,-0.11881
0.292603,-0.380429
0.292725,0.164185
0.292847,-0.258187
0.292969,-0.373247
0.293091,-0.418357
0.293213,-0.230174
0.293335,0.0847183
0.293457,-0.199498
0.293579,-0.0181186
0.293701,-0.310731
0.293823,-0.195901
0.293945,-0.201732
0.294067,-0.577532
0.294189,-0.453761
0.294312,0.0960675
0.294434,0.506861
0.294556,-0.296629
0.294678,-0.895005
0.2948,0.140549
0.294922,0.836496
0.295044,0.471562
0.295166,-0.497937
0.295288,0.291917
0.29541,0.803477
0.295532,0.365671
0.295654,-0.00891007
0.295776,0.225502
0.295898,0.246032
0.296021,-0.0414588
0.296143,-0.701154
0.296265,-0.147778
0.296387,-0.064959
0.296509,-0.188787
0.296631,-1.14046
0.296753,-0.680074
0.296875,-0.938233
0.296997,-1.21058
0.297119,-1.23875
0.297241,-1.36071
0.297363,-1.03711
0.297485,-0.307319
0.297607,0.488306
0.297729,-0.493671
0.297852,-0.323929
0.297974,0.591833
0.298096,0.771836
0.298218,0.0581949
0.29834,-0.389525
0.298462,0.223613
0.298584,0.655678
0.298706,-0.115936
0.298828,-0.25481
0.29895,0.512016
0.299072,0.687801
0.299194,-0.0606291
0.299316,-0.790293
0.299438,0.0806811
0.299561,0.498007
0.299683,-0.296212
0.299805,-0.367749
0.299927,-0.0688856
0.300049,0.0659509
0.300171,-0.246358
0.300293,-1.07319
0.300415,-1.11503
0.300537,-0.714063
0.300659,-0.895988
0.300781,-0.812444
0.300903,-0.489838
0.301025,0.00569023
0.301147,0.574153
0.30127,0.0511122
0.301392,-0.280843
0.301514,0.221054
0.301636,0.390714
0.301758,0.0791979
0.30188,-0.341914
0.302002,-0.242776
0.302124,-0.301764
0.302246,0.631113
0.302368,0.227992
0.30249,-0.17153
0.302612,-0.418575
0.302734,-0.0364843
0.302856,0.549534
0.302979,0.0224081
0.303101,0.00559655
0.303223,0.103435
0.303345,0.273696
0.303467,-0.159035
0.303589,-0.142156
0.303711,0.261757
0.303833,0.244809
0.303955,0.305713
0.304077,0.43591
0.304199,0.155332
0.304321,-0.152409
0.304443,-0.492771
0.304565,0.0995642
0.304688,1.08861
0.30481,0.060726
0.304932,-0.929305
0.305054,-0.267224
0.305176,0.448609
0.305298,-0.533406
0.30542,-1.10972
0.305542,-0.277159
0.305664,0.594899
0.305786,-0.282096
0.305908,-0.580058
0.30603,-0.131206
0.306152,0.789196
0.306274,0.0518343
0.306396,-0.915753
0.306519,0.60446
0.306641,1.15878
0.306763,0.423927
0.306885,0.352928
0.307007,1.03876
0.307129,1.58508
0.307251,1.21269
0.307373,0.259608
0.307495,-0.0972578
0.307617,0.23481
0.307739,0.520393
0.307861,-0.204721
0.307983,-0.47632
0.308105,-0.0322614
0.308228,0.201437
0.30835,-0.517858
0.308472,-0.930162
0.308594,-0.401695
0.308716,0.500291
0.308838,-0.10691
0.30896,-1.06805
0.309082,-0.418801
0.309204,0.511665
0.309326,0.0372725
0.309448,-0.659611
0.30957,0.114256
0.309692,0.918468
0.309814,0.0556908
0.309937,-0.596104
0.310059,0.0741095
0.310181,1.0894
0.310303,1.11211
0.310425,0.717814
0.310547,0.580018
0.310669,0.929758
0.310791,0.799916
0.310913,-0.039431
0.311035,-0.168075
0.311157,-0.0655901
0.311279,0.217547
0.311401,-0.374444
0.311523,-0.601664
0.311646,-0.0522676
0.311768,0.527387
0.31189,-0.234745
0.312012,-0.620164
0.312134,-0.0780956
0.312256,0.530532
0.312378,0.023383
0.3125,-0.42827
0.312622,-0.108908
0.312744,0.108801
0.312866,-0.351965
0.312988,-0.762709
0.31311,-0.250544
0.313232,0.141923
0.313354,-0.14694
0.313477,-0.188002
0.313599,-0.159517
0.313721,-0.141369
0.313843,-0.223402
0.313965,-0.684944
0.314087,-0.466435
0.314209,0.00768098
0.314331,0.342749
0.314453,0.288753
0.314575,-0.428877
0.314697,-0.436109
0.314819,0.583459
0.314941,0.244356
0.315063,-0.462805
0.315186,0.137182
0.315308,0.791832
0.31543,0.507089
0.315552,-0.167176
0.315674,-0.192318
0.315796,0.34634
0.315918,-0.0126278
0.31604,-0.176617
0.316162,-0.247022
0.316284,-0.236708
0.316406,0.218867
0.316528,-0.864562
0.31665,-0.775839
0.316772,-0.408862
0.316895,-0.919668
0.317017,-0.943805
0.317139,-1.03542
0.317261,-1.0519
0.317383,-0.851183
0.317505,-0.246876
0.317627,0.269057
0.317749,-0.0572432
0.317871,-0.164103
0.317993,0.454568
0.318115,0.402012
0.318237,0.235518
0.318359,0.156033
0.318481,0.462693
0.318604,0.358423
0.318726,-0.172863
0.318848,-0.140622
0.31897,0.342586
0.319092,0.573703
0.319214,-0.0713354
0.319336,-0.28752
0.319458,0.0564659
0.31958,0.414497
0.319702,-0.382239
0.319824,-0.482228
0.319946,0.0489094
0.320068,0.542364
0.32019,-0.410037
0.320313,-1.64099
0.320435,-0.789243
0.320557,-0.284726
0.320679,-1.06
0.320801,-1.14883
0.320923,-0.0752196
0.321045,0.579353
0.321167,0.116242
0.321289,-0.358062
0.321411,0.0773433
0.321533,0.439461
0.321655,-0.0144736
0.321777,-0.694054
0.321899,-0.192604
0.322021,0.360781
0.322144,0.00240285
0.322266,-0.230449
0.322388,-0.103121
0.32251,0.301874
0.322632,0.189086
0.322754,-0.150643
0.322876,0.0382211
0.322998,0.53696
0.32312,0.174044
0.323242,0.138146
0.323364,0.187981
0.323486,-0.171157
0.323608,-0.220862
0.32373,0.135235
0.323853,0.0142214
0.323975,0.104188
0.324097,0.484949
0.324219,0.0850787
0.324341,-0.127493
0.324463,0.1085
0.324585,0.106037
0.324707,0.2307
0.324829,-0.239882
0.324951,-0.404112
0.325073,0.0586799
0.325195,-0.154764
0.325317,-0.51069
0.325439,-0.418919
0.325562,-0.22679
0.325684,-0.0210218
0.325806,0.0116674
0.325928,-0.195821
0.32605,-0.0326051
0.326172,-0.0651464
0.326294,0.216168
0.326416,0.111462
0.326538,0.410613
0.32666,0.500599
0.326782,0.541786
0.326904,1.15422
0.327026,1.0052
0.327148,0.373985
0.327271,1.03091
0.327393,0.781072
0.327515,-0.0805629
0.327637,-0.112678
0.327759,0.372164
0.327881,0.128524
0.328003,-0.65804
0.328125,-0.462698
0.328247,-0.123571
0.328369,0.214895
0.328491,-0.150736
0.328613,-0.559005
0.328735,-0.0661034
0.328857,-0.0500985
0.328979,-0.325322
0.329102,-0.540917
0.329224,-0.0726573
0.329346,0.102075
0.329468,-0.251538
0.32959,0.113195
0.329712,0.298543
0.329834,0.203353
0.329956,-0.243786
0.330078,-0.060887
0.3302,0.538436
0.330322,1.02181
0.330444,0.573361
0.330566,0.765982
0.330688,0.644053
0.330811,0.441654
0.330933,-0.0447942
0.331055,-0.107401
0.331177,0.0536482
0.331299,0.301476
0.331421,-0.428348
0.331543,-0.447989
0.331665,0.111331
0.331787,0.200201
0.331909,-0.0200005
0.332031,-0.60609
0.332153,-0.330474
0.332275,0.261462
0.332397,-0.0199225
0.33252,-0.495366
0.332642,-0.309302
0.332764,0.132428
0.332886,0.00881995
0.333008,-0.165213
0.33313,-0.613991
0.333252,-0.463891
0.333374,0.235014
0.333496,0.368633
0.333618,-0.396771
0.33374,-0.549681
0.333862,0.183777
0.333984,0.257912
0.334106,-0.556807
0.334229,-0.499547
0.334351,0.603665
0.334473,0.685809
0.334595,-0.815642
0.334717,-0.63232
0.334839,0.725048
0.334961,0.446749
0.335083,-0.530809
0.335205,-0.173156
0.335327,1.02062
0.335449,0.859771
0.335571,-0.47047
0.335693,-0.452763
0.335815,0.443705
0.335938,0.395932
0.33606,-0.369749
0.336182,-0.425226
0.336304,0.120149
0.336426,0.167186
0.336548,-0.807279
0.33667,-0.834301
0.336792,-0.617635
0.336914,-0.467578
0.337036,-0.47992
0.337158,-0.97595
0.33728,-1.30071
0.337402,-0.0595486
0.337524,0.412184
0.337646,-0.365085
0.337769,-0.301113
0.337891,0.13558
0.338013,0.689939
0.338135,0.224117
0.338257,-0.371756
0.338379,0.0211018
0.338501,0.754709
0.338623,0.237986
0.338745,-0.498651
0.338867,-0.212298
0.338989,0.617373
0.339111,0.457333
0.339233,-0.425449
0.339355,-0.0942194
0.339478,0.405794
0.3396,0.0229865
0.339722,-0.490595
0.339844,0.164763
0.339966,0.218774
0.340088,-0.154033
0.34021,-0.58434
0.340332,-0.837221
0.340454,-0.931874
0.340576,-0.669714
0.340698,-0.633846
0.34082,-0.639436
0.340942,-0.370056
0.341064,-0.024784
0.341187,0.208395
0.341309,-0.307134
0.341431,-0.148269
0.341553,0.185155
0.341675,-0.0945426
0.341797,-0.190954
0.341919,-0.198973
0.342041,0.0512315
0.342163,-0.0696069
0.342285,-0.0593126
0.342407,0.0817306
0.342529,0.0489905
0.342651,0.050982
0.342773,-0.230214
0.342896,0.0936238
0.343018,0.243998
0.34314,0.154381
0.343262,-0.00405869
0.343384,-0.194627
0.343506,-0.0445585
0.343628,0.222575
0.34375,0.171822
0.343872,-0.0686617
0.343994,0.104909
0.344116,0.425275
0.344238,0.094637
0.34436,-0.0603477
0.344482,-0.243165
0.344604,0.0923525
0.344727,0.266759
0.344849,-0.0561049
0.344971,-0.38034
0.345093,-0.0579952
0.345215,-0.0919027
0.345337,-0.528922
0.345459,-0.58025
0.345581,0.0796816
0.345703,-0.00995047
0.345825,-0.21472
0.345947,-0.125131
0.346069,0.0992137
0.346191,0.140746
0.346313,-0.124765
0.346436,0.148385
0.346558,0.537618
0.34668,0.290267
0.346802,0.506979
0.346924,0.880928
0.347046,0.645777
0.347168,0.586139
0.34729,0.90979
0.347412,0.372984
0.347534,-0.0764851
0.347656,0.0274294
0.347778,0.275983
0.3479,0.0097771
0.348022,-0.337957
0.348145,-0.265418
0.348267,-0.218366
0.348389,-0.0564861
0.348511,-0.114808
0.348633,-0.237167
0.348755,-0.233052
0.348877,-0.141635
0.348999,-0.174448
0.349121,-0.0697109
0.349243,-0.435268
0.349365,-0.200994
0.349487,0.0193075
0.349609,-0.0327907
0.349731,-0.00385398
0.349854,0.036577
0.349976,-0.234633
0.350098,0.122966
0.35022,0.721721
0.350342,0.713346
0.350464,0.588128
0.350586,0.570329
0.350708,0.541092
0.35083,0.31517
0.350952,-0.0133578
0.351074,-0.200171
0.351196,-0.0609451
0.351318,-0.070399
0.35144,-0.176776
0.351563,-0.112039
0.351685,0.0626046
0.351807,0.0113715
0.351929,-0.126858
0.352051,-0.0605299
0.352173,0.120942
0.352295,-0.0358695
0.352417,-0.311194
0.352539,-0.22045
0.352661,0.222117
0.352783,-0.00752202
0.352905,-0.231077
0.353027,-0.232728
0.353149,-0.371251
0.353271,-0.329679
0.353394,0.0973101
0.353516,0.11778
0.353638,-0.282022
0.35376,-0.270552
0.353882,-0.22555
0.354004,-0.286784
0.354126,-0.411152
0.354248,-0.131961
0.35437,0.168967
0.354492,0.144688
0.354614,-0.366926
0.354736,-0.225865
0.354858,0.255237
0.35498,0.210642
0.355103,-0.0276891
0.355225,0.241582
0.355347,0.410841
0.355469,0.461975
0.355591,-0.102969
0.355713,0.0826626
0.355835,0.324822
0.355957,-0.168669
0.356079,-0.172168
0.356201,-0.0274468
0.356323,0.0530119
0.356445,-0.231929
0.356567,-0.956002
0.356689,-0.411919
0.356812,-0.387846
0.356934,-0.834964
0.357056,-0.737831
0.357178,-0.639072
0.3573,-0.580407
0.357422,-0.405888
0.357544,-0.23533
0.357666,0.00542541
0.357788,-0.0614278
0.35791,0.207568
0.358032,0.407518
0.358154,0.104482
0.358276,0.0107979
0.358398,0.100682
0.358521,0.113157
0.358643,0.00897197
0.358765,0.0788762
0.358887,0.338479
0.359009,0.186071
0.359131,-0.0804329
0.359253,-0.0339274
0.359375,0.249747
0.359497,0.0302969
0.359619,-0.204749
0.359741,-0.120951
0.359863,-0.0639704
0.359985,-0.0532566
0.360107,-0.317454
0.360229,-0.426993
0.360352,-0.992985
0.360474,-0.797503
0.360596,-0.704863
0.360718,-0.642405
0.36084,-0.398467
0.360962,-0.23779
0.361084,0.0598293
0.361206,0.0615289
0.361328,-0.0526876
0.36145,0.159663
0.361572,0.306744
0.361694,-0.274925
0.361816,-0.279905
0.361938,0.342549
0.362061,0.302057
0.362183,-0.209315
0.362305,-0.273586
0.362427,0.142752
0.362549,0.253921
0.362671,-0.118149
0.362793,-0.041659
0.362915,0.289594
0.363037,0.109141
0.363159,0.292491
0.363281,0.165986
0.363403,-0.316103
0.363525,-0.0897338
0.363647,0.0758545
0.36377,-0.0327234
0.363892,-0.0980743
0.364014,0.202833
0.364136,0.303952
0.364258,-0.121805
0.36438,-0.601577
0.364502,-0.131841
0.364624,0.648299
0.364746,0.276839
0.364868,-0.525822
0.36499,-0.414448
0.365112,0.132903
0.365234,-0.0953242
0.365356,-0.734641
0.365479,-0.332984
0.365601,0.207063
0.365723,-0.123777
0.365845,-0.459054
0.365967,0.116767
0.366089,0.51733
0.366211,0.0726258
0.366333,-0.286845
0.366455,0.182053
0.366577,0.705609
0.366699,0.336477
0.366821,0.236985
0.366943,0.527239
0.367065,0.652534
0.367188,0.725634
0.36731,0.465425
0.367432,0.195689
0.367554,0.208866
0.367676,0.198646
0.367798,0.12174
0.36792,-0.299887
0.368042,-0.307916
0.368164,-0.0199534
0.368286,0.0581407
0.368408,-0.142721
0.36853,-0.381322
0.368652,0.0231883
0.368774,0.132375
0.368896,-0.287635
0.369019,-0.389744
0.369141,-0.00329968
0.369263,0.240642
0.369385,-0.210768
0.369507,-0.361904
0.369629,0.220218
0.369751,0.426871
0.369873,-0.121375
0.369995,-0.54074
0.370117,0.0343772
0.370239,0.907652
0.370361,0.767892
0.370483,0.318283
0.370605,0.342431
0.370728,0.750985
0.37085,0.423135
0.370972,-0.165837
0.371094,-0.352466
0.371216,0.163891
0.371338,0.175079
0.37146,-0.288274
0.371582,-0.15694
0.371704,0.171334
0.371826,0.242217
0.371948,-0.212943
0.37207,-0.378733
0.372192,0.161005
0.372314,0.154414
0.372437,-0.138195
0.372559,-0.353176
0.372681,0.0352831
0.372803,0.0672929
0.372925,-0.214487
0.373047,-0.372587
0.373169,-0.337078
0.373291,0.0271314
0.373413,0.196112
0.373535,-0.0876069
0.373657,-0.30712
0.373779,-0.0158975
0.373901,0.11435
0.374023,-0.460126
0.374146,-0.481868
0.374268,0.0285038
0.37439,0.357532
0.374512,0.0395114
0.374634,-0.557357
0.374756,0.0378569
0.374878,0.43493
0.375,0.0236144
0.375122,-0.242205
0.375244,0.186976
0.375366,0.488173
0.375488,0.269723
0.37561,-0.0140996
0.375732,-0.187812
0.375854,0.0390892
0.375977,0.109343
0.376099,-0.0967522
0.376221,-0.1559
0.376343,-0.0513966
0.376465,-0.160263
0.376587,-0.303115
0.376709,-0.293501
0.376831,-0.516617
0.376953,-0.697449
0.377075,-0.693672
0.377197,-0.603277
0.377319,-0.431154
0.377441,-0.430733
0.377563,-0.0678629
0.377686,0.180277
0.377808,-0.18318
0.37793,-0.0169161
0.378052,0.414808
0.378174,0.162692
0.378296,-0.177866
0.378418,-0.027573
0.37854,0.304537
0.378662,-0.0412787
0.378784,-0.241321
0.378906,0.129698
0.379028,0.355178
0.37915,0.0700525
0.379272,-0.149097
0.379395,-0.0471172
0.379517,0.211061
0.379639,-0.0606778
0.379761,-0.365227
0.379883,-0.0257377
0.380005,0.210238
0.380127,-0.0559081
0.380249,-0.599293
0.380371,-0.794759
0.380493,-0.560459
0.380615,-0.401872
0.380737,-0.383436
0.380859,-0.331987
0.380981,-0.280638
0.381104,0.112445
0.381226,-0.0449342
0.381348,0.101752
0.38147,0.109127
0.381592,0.0627239
0.381714,-0.0835502
0.381836,0.0730351
0.381958,0.116146
0.38208,-0.0446281
0.382202,-0.0743076
0.382324,0.0757198
0.382446,0.105311
0.382568,-0.0311179
0.38269,-0.0370089
0.382813,0.119792
0.382935,0.158089
0.383057,-0.20812
0.383179,0.0206442
0.383301,0.329985
0.383423,0.154529
0.383545,-0.32346
0.383667,-0.0940056
0.383789,0.33897
0.383911,0.280001
0.384033,-0.070298
0.384155,0.0541351
0.384277,0.143245
0.384399,-0.162088
0.384521,-0.0758592
0.384644,0.278365
0.384766,0.209662
0.384888,-0.24873
0.38501,-0.187456
0.385132,-0.127752
0.385254,-0.263956
0.385376,-0.550579
0.385498,-0.188172
0.38562,0.296443
0.385742,-0.0606755
0.385864,-0.251124
0.385986,-0.0922775
0.386108,0.172851
0.38623,0.0518048
0.386353,-0.192641
0.386475,0.120642
0.386597,0.367312
0.386719,0.417123
0.386841,0.4339
0.386963,0.563662
0.387085,0.397323
0.387207,0.603969
0.387329,0.385136
0.387451,0.122553
0.387573,0.138094
0.387695,0.170671
0.387817,-0.021313
0.387939,-0.3279
0.388062,-0.170172
0.388184,-0.0595019
0.388306,0.0382139
0.388428,-0.199367
0.38855,-0.183634
0.388672,0.0536252
0.388794,0.00281962
0.388916,-0.126759
0.389038,-0.268749
0.38916,-0.0238967
0.389282,0.0786416
0.389404,-0.0364765
0.389526,-0.0602677
0.389648,0.116217
0.389771,0.320334
0.389893,0.0503091
0.390015,-0.152176
0.390137,0.200844
0.390259,0.565715
0.390381,0.523402
0.390503,0.207209
0.390625,0.398732
0.390747,0.395567
0.390869,0.174712
0.390991,0.0720328
0.391113,0.0318296
0.391235,0.196321
0.391357,0.120164
0.391479,-0.204217
0.391602,-0.32119
0.391724,0.118435
0.391846,0.332946
0.391968,-0.197923
0.39209,-0.314445
0.392212,0.0342946
0.392334,0.142526
0.392456,-0.234117
0.392578,-0.158661
0.3927,-0.0806197
0.392822,0.0300322
0.392944,-0.147287
0.393066,-0.171667
0.393188,-0.225944
0.393311,-0.0870259
0.393433,0.0326029
0.393555,-0.0610707
0.393677,-0.176254
0.393799,-0.146284
0.393921,-0.0703641
0.394043,-0.224405
0.394165,-0.0931856
0.394287,-0.0175396
0.394409,0.297882
0.394531,-0.0377038
0.394653,-0.309408
0.394775,-0.0524136
0.394897,0.346398
0.39502,0.0657245
0.395142,-0.211721
0.395264,0.388223
0.395386,0.513559
0.395508,0.0561156
0.39563,-0.110787
0.395752,0.0546727
0.395874,0.190501
0.395996,-0.146397
0.396118,-0.263257
0.39624,-0.0783686
0.396362,0.157911
0.396484,-0.267789
0.396606,-0.496648
0.396729,-0.288436
0.396851,-0.399187
0.396973,-0.63517
0.397095,-0.5145
0.397217,-0.531131
0.397339,-0.416064
0.397461,-0.185468
0.397583,-0.20894
0.397705,0.00787684
0.397827,0.0931182
0.397949,0.136265
0.398071,0.188491
0.398193,0.162153
0.398315,-0.00522564
0.398438,0.112242
0.39856,0.0508506
0.398682,-0.173244
0.398804,-0.00390396
0.398926,0.288611
0.399048,0.211701
0.39917,-0.136239
0.399292,-0.0777747
0.399414,0.126908
0.399536,0.150071
0.399658,-0.204208
0.39978,-0.251782
0.399902,-0.00773959
0.400024,0.0451035
0.400146,-0.168651
0.400269,-0.514463
0.400391,-0.612898
0.400513,-0.34145
0.400635,-0.48731
0.400757,-0.563703
0.400879,-0.218862
0.401001,-0.0102291
0.401123,0.0383219
0.401245,-0.102092
0.401367,-0.0458965
0.401489,0.219069
0.401611,0.138693
0.401733,-0.106779
0.401855,-0.0304784
0.401978,0.159855
0.4021,0.179979
0.402222,-0.141816
0.402344,-0.0543942
0.402466,0.0568686
0.402588,0.0580756
0.40271,-0.0655866
0.402832,0.0705628
0.402954,0.0793056
0.403076,-0.0666523
0.403198,0.08292
0.40332,0.115473
0.403442,-0.125391
0.403564,-0.056371
0.403687,0.100117
0.403809,0.092518
0.403931,0.00874317
0.404053,0.0324429
0.404175,0.276742
0.404297,-0.00498148
0.404419,-0.202797
0.404541,-0.0720905
0.404663,0.199918
0.404785,-0.00248103
0.404907,-0.218117
0.405029,-0.308285
0.405151,0.0383434
0.405273,-0.206358
0.405396,-0.418486
0.405518,-0.226921
0.40564,0.10719
0.405762,0.0233863
0.405884,-0.191827
0.406006,0.0442245
0.406128,0.238088
0.40625,0.136093
0.406372,-0.0489946
0.406494,0.265536
0.406616,0.49388
0.406738,0.205175
0.40686,0.290381
0.406982,0.492435
0.407104,0.515091
0.407227,0.418483
0.407349,0.352447
0.407471,0.133556
0.407593,0.0278981
0.407715,0.0811891
0.407837,0.0484238
0.407959,-0.252767
0.408081,-0.275477
0.408203,-0.141225
0.408325,0.0542644
0.408447,-0.206003
0.408569,-0.123963
0.408691,-0.0841643
0.408813,-0.0324317
0.408936,-0.1296
0.409058,-0.113889
0.40918,0.0107789
0.409302,-0.0610211
0.409424,-0.141048
0.409546,-0.105086
0.409668,-0.0274388
0.40979,0.160897
0.409912,0.116685
0.410034,-0.108245
0.410156,0.0808071
0.410278,0.495054
0.4104,0.443572
0.410522,0.181284
0.410645,0.326703
0.410767,0.38906
0.410889,0.167758
0.411011,-0.140449
0.411133,-0.294773
0.411255,0.162556
0.411377,0.0741379
0.411499,-0.315072
0.411621,-0.214933
0.411743,0.251097
0.411865,0.135976
0.411987,-0.120619
0.412109,-0.27727
0.412231,0.0888269
0.412354,0.0922431
0.412476,-0.0828211
0.412598,-0.252882
0.41272,-0.0232844
0.412842,-0.131428
0.412964,-0.0755265
0.413086,-0.136976
0.413208,-0.266726
0.41333,-0.048659
0.413452,0.195603
0.413574,-0.0913466
0.413696,-0.283014
0.413818,-0.1431
0.41394,-0.0576452
0.414063,-0.149731
0.414185,-0.220926
0.414307,-0.0609252
0.414429,0.297438
0.414551,0.0608063
0.414673,-0.280811
0.414795,-0.0103054
0.414917,0.268824
0.415039,0.0948537
0.415161,-0.147279
0.415283,0.147136
0.415405,0.421605
0.415527,0.240194
0.415649,-0.209254
0.415771,-0.0772574
0.415894,0.102153
0.416016,-0.124731
0.416138,-0.257149
0.41626,-0.0192391
0.416382,0.0712281
0.416504,-0.364829
0.416626,-0.390426
0.416748,-0.160076
0.41687,-0.329976
0.416992,-0.360031
0.417114,-0.586728
0.417236,-0.45253
0.417358,-0.243432
0.41748,0.0593977
0.417603,0.0167943
0.417725,-0.170016
0.417847,-0.0178789
0.417969,0.219919
0.418091,0.245356
0.418213,-0.0445665
0.418335,-0.209258
0.418457,0.196822
0.418579,0.253286
0.418701,-0.12097
0.418823,-0.100895
0.418945,0.285775
0.419067,0.236807
0.419189,-0.0475362
0.419312,-0.077309
0.419434,0.0308934
0.419556,0.0661356
0.419678,-0.196011
0.4198,-0.223322
0.419922,-0.0593479
0.420044,-0.0109796
0.420166,-0.248994
0.420288,-0.593934
0.42041,-0.43571
0.420532,-0.297481
0.420654,-0.375859
0.420776,-0.396232
0.420898,-0.138491
0.421021,0.0893322
0.421143,0.190462
0.421265,0.00217459
0.421387,-0.0716912
0.421509,0.0531734
0.421631,0.09757
0.421753,-0.0866442
0.421875,-0.189349
0.421997,0.0583707
0.422119,0.195459
0.422241,0.225476
0.422363,-0.286689
0.422485,-0.216422
0.422607,0.300113
0.422729,0.114985
0.422852,-0.239407
0.422974,-0.0536264
0.423096,0.268942
0.423218,0.142368
0.42334,-0.132604
0.423462,-0.179482
0.423584,0.105663
0.423706,0.108759
0.423828,-0.175761
0.42395,0.00106418
0.424072,0.241333
0.424194,0.0191179
0.424316,-0.0509313
0.424438,-0.191866
0.424561,0.159909
0.424683,0.135419
0.424805,-0.0433342
0.424927,-0.254472
0.425049,-0.12342
0.425171,0.0832533
0.425293,-0.12739
0.425415,-0.349192
0.425537,-0.0830098
0.425659,0.161659
0.425781,-0.0220228
0.425903,-0.0827669
0.426025,0.0324465
0.426147,0.144298
0.42627,0.10864
0.426392,-0.0699211
0.426514,0.191835
0.426636,0.241642
0.426758,0.255974
0.42688,0.377349
0.427002,0.275206
0.427124,0.3901
0.427246,0.471602
0.427368,0.127364
0.42749,0.0786194
0.427612,0.0692416
0.427734,0.119764
0.427856,-0.0381633
0.427979,-0.288521
0.428101,-0.0545597
0.428223,0.0935865
0.428345,-0.132537
0.428467,-0.235049
0.428589,-0.0953635
0.428711,0.0932216
0.428833,-0.110529
0.428955,-0.202438
0.429077,-0.0541351
0.429199,-0.0346943
0.429321,-0.114175
0.429443,-0.0621241
0.429565,0.00406974
0.429688,0.109776
0.42981,-0.00101545
0.429932,-0.0071012
0.430054,0.12263
0.430176,0.159972
0.430298,0.359079
0.43042,0.42138
0.430542,0.412892
0.430664,0.287431
0.430786,0.176321
0.430908,0.137899
0.43103,0.0321786
0.431152,-0.0421932
0.431274,0.0812931
0.431396,-0.011029
0.431519,-0.124206
0.431641,-0.0060041
0.431763,0.0419876
0.431885,0.0179771
0.432007,-0.11574
0.432129,-0.183408
0.432251,0
0.432373,0.060685
0.432495,-0.134172
0.432617,-0.162835
0.432739,0.067451
0.432861,-0.0168463
0.432983,-0.189088
0.433105,-0.250223
0.433228,-0.0474268
0.43335,0.073045
0.433472,-0.0522649
0.433594,-0.183241
0.433716,-0.108263
0.433838,0.180917
0.43396,-0.149308
0.434082,-0.439635
0.434204,-0.0303915
0.434326,0.318309
0.434448,0.146769
0.43457,-0.340171
0.434692,-0.200192
0.434814,0.220484
0.434937,0.222218
0.435059,-0.128527
0.435181,-0.113811
0.435303,0.347901
0.435425,0.229119
0.435547,-0.0611034
0.435669,-0.115305
0.435791,0.134552
0.435913,0.130553
0.436035,-0.266647
0.436157,-0.187243
0.436279,0.0858163
0.436401,-0.00866959
0.436523,-0.309876
0.436646,-0.312458
0.436768,-0.193054
0.43689,-0.393408
0.437012,-0.382479
0.437134,-0.379233
0.437256,-0.359729
0.437378,-0.186379
0.4375,-0.0276909
0.437622,-0.0543738
0.437744,-0.121983
0.437866,0.0171372
0.437988,0.199738
0.43811,0.164386
0.438232,0.0199349
0.438354,-0.0531078
0.438477,0.182853
0.438599,0.106955
0.438721,-0.145619
0.438843,-0.0236164
0.438965,0.27557
0.439087,0.24136
0.439209,-0.125272
0.439331,-0.0668091
0.439453,0.0940054
0.439575,-0.0122088
0.439697,-0.327439
0.439819,-0.0759216
0.439941,0.0795931
0.440063,0
0.440186,-0.22336
0.440308,-0.493901
0.44043,-0.392683
0.440552,-0.219911
0.440674,-0.260657
0.440796,-0.312483
0.440918,-0.146798
0.44104,0.175429
0.441162,0.196585
0.441284,-0.119504
0.441406,-0.071262
0.441528,0.174745
0.44165,-0.0166261
0.441772,-0.245458
0.441895,-0.118
0.442017,0.217349
0.442139,0.0542843
0.442261,-0.0937559
0.442383,-0.150598
0.442505,0.11926
0.442627,0.0384924
0.442749,-0.148326
0.442871,-0.0640289
0.442993,0.14895
0.443115,0.150631
0.443237,-0.0884661
0.443359,-0.0719794
0.443481,0.0446019
0.443604,0.00363742
0.443726,-0.169883
0.443848,0.0580851
0.44397,0.232114
0.444092,0.0317033
0.444214,-0.047961
0.444336,-0.0506263
0.444458,0.0334169
0.44458,0.118198
0.444702,0.0784215
0.444824,-0.149486
0.444946,0.0152938
0.445068,-0.0278616
0.44519,-0.151742
0.445313,-0.322025
0.445435,-0.10664
0.445557,0.17547
0.445679,-0.0849663
0.445801,-0.190317
0.445923,0.0499877
0.446045,0.255045
0.446167,0.0436539
0.446289,-0.137954
0.446411,-0.0160048
0.446533,0.333997
0.446655,0.220081
0.446777,0.164899
0.446899,0.32062
0.447021,0.359239
0.447144,0.339441
0.447266,0.251683
0.447388,0.14204
0.44751,0.0652218
0.447632,0.0510699
0.447754,-0.0457421
0.447876,-0.127426
0.447998,-0.0948175
0.44812,-0.00789375
0.448242,-0.114786
0.448364,-0.161068
0.448486,-0.0953224
0.448608,0.0497988
0.44873,0.0802986
0.448853,-0.117714
0.448975,-0.227359
0.449097,0.0252375
0.449219,0.0860714
0.449341,-0.168501
0.449463,-0.110199
0.449585,0.0182042
0.449707,0.0900659
0.449829,-0.00778656
0.449951,0.0449451
0.450073,0.0397203
0.450195,0.108693
0.450317,0.313695
0.450439,0.497634
0.450562,0.36125
0.450684,0.124595
0.450806,0.117606
0.450928,0.144077
0.45105,-0.0205624
0.451172,-0.0453642
0.451294,-0.0162468
0.451416,-0.133264
0.451538,-0.0776617
0.45166,0.0161992
0.451782,0.115839
0.451904,0.0255279
0.452026,-0.17512
0.452148,-0.0679415
0.452271,0.0916314
0.452393,0.0728946
0.452515,-0.125324
0.452637,-0.0905174
0.452759,0.0371858
0.452881,0.000844304
0.453003,-0.177975
0.453125,-0.176958
0.453247,-0.0471429
0.453369,-0.05803
0.453491,0.126869
0.453613,-0.0881343
0.453735,-0.135007
0.453857,-0.0251321
0.453979,-0.134744
0.454102,-0.162204
0.454224,-0.0776815
0.454346,0.115157
0.454468,0.0942031
0.45459,-0.0574661
0.454712,-0.21716
0.454834,0.0415609
0.454956,0.130374
0.455078,0.0497757
0.4552,0.0240348
0.455322,0.167251
0.455444,0.165434
0.455566,0.0735461
0.455688,-0.038801
0.455811,-0.0173197
0.455933,0.0362535
0.456055,0.0279867
0.456177,-0.150487
0.456299,-0.157734
0.456421,-0.0320085
0.456543,-0.104951
0.456665,-0.13188
0.456787,-0.381342
0.456909,-0.343363
0.457031,-0.128227
0.457153,-0.30516
0.457275,-0.40757
0.457397,-0.199514
0.45752,0.0772872
0.457642,-0.0414505
0.457764,-0.246836
0.457886,0.0438031
0.458008,0.229337
0.45813,0.106865
0.458252,-0.119702
0.458374,0.0412083
0.458496,0.259924
0.458618,0.0282251
0.45874,-0.22558
0.458862,0.0418525
0.458984,0.18172
0.459106,0.0763122
0.459229,-0.170933
0.459351,0.157939
0.459473,0.122543
0.459595,-0.0368071
0.459717,-0.199843
0.459839,0.0231592
0.459961,0.0901529
0.460083,-0.0302873
0.460205,-0.390962
0.460327,-0.262508
0.460449,-0.238411
0.460571,-0.323922
0.460693,-0.351367
0.460815,-0.152929
0.460938,0.0482879
0.46106,-0.0514041
0.461182,-0.0481937
0.461304,0.0157858
0.461426,0.0954108
0.461548,0.0653832
0.46167,-0.108603
0.461792,-0.17847
0.461914,0.0510539
0.462036,0.142811
0.462158,-0.0250852
0.46228,-0.0140966
0.462402,0.0344248
0.462524,0.0773803
0.462646,-0.0679345
0.462769,-0.0343241
0.462891,0.0381873
0.463013,0.09265
0.463135,0.0420018
0.463257,0.0155411
0.463379,0.0667613
0.463501,-0.00542876
0.463623,-0.0759284
0.463745,0.0263168
0.463867,0.054902
0.463989,0.102744
0.464111,0.100329
0.464233,-0.0778715
0.464355,-0.113997
0.464478,0.0454006
0.4646,0.212944
0.464722,-0.098304
0.464844,-0.197183
0.464966,0.0022995
0.465088,-0.0183781
0.46521,-0.233327
0.465332,-0.220107
0.465454,0.0244324
0.465576,0.065598
0.465698,-0.14326
0.46582,-0.0746054
0.465942,0.031182
0.466064,0.131444
0.466187,-0.0235306
0.466309,-0.0326074
0.466431,0.117424
0.466553,0.180883
0.466675,0.133828
0.466797,0.284769
0.466919,0.267889
0.467041,0.194501
0.467163,0.29448
0.467285,0.256572
0.467407,0.140563
0.467529,-0.0473093
0.467651,-0.0577661
0.467773,0.095933
0.467896,-0.073377
0.468018,-0.153343
0.46814,-0.12106
0.468262,-0.0261294
0.468384,-0.034308
0.468506,-0.216078
0.468628,-0.0870914
0.46875,0.0684153
0.468872,-0.036403
0.468994,-0.092032
0.469116,-0.0378149
0.469238,0.00962968
0.46936,0.0495815
0.469482,-0.0243969
0.469604,0.0251116
0.469727,0.0479607
0.469849,0.00221141
0.469971,0.0228289
0.470093,0.0728342
0.470215,0.199915
0.470337,0.294439
0.470459,0.283149
0.470581,0.296796
0.470703,0.136906
0.470825,0.11995
0.470947,0.0409184
0.471069,-0.0204393
0.471191,0.0940746
0.471313,0.0568268
0.471436,-0.089524
0.471558,-0.0814383
0.47168,0.0595662
0.471802,0.0551539
0.471924,-0.093525
0.472046,-0.165139
0.472168,0.0108538
0.47229,0.0708422
0.472412,-0.0491078
0.472534,-0.0973983
0.472656,0.0187399
0.472778,-0.00288025
0.4729,0.00143872
0.473022,-0.0323395
0.473145,-0.11918
0.473267,-0.121933
0.473389,0.0709388
0.473511,0.0959245
0.473633,-0.171637
0.473755,-0.165754
0.473877,0.0421119
0.473999,-0.0663149
0.474121,-0.262864
0.474243,-0.0939407
0.474365,0.233201
0.474487,0.173309
0.474609,-0.324992
0.474731,-0.228974
0.474854,0.230875
0.474976,0.249045
0.475098,-0.147726
0.47522,-0.124986
0.475342,0.345668
0.475464,0.171256
0.475586,-0.132365
0.475708,-0.0872192
0.47583,0.166539
0.475952,0.101089
0.476074,-0.261594
0.476196,-0.184969
0.476318,0.0755951
0.47644,0.0377607
0.476563,-0.315762
0.476685,-0.309871
0.476807,-0.0522919
0.476929,-0.084282
0.477051,-0.372288
0.477173,-0.494973
0.477295,-0.0993146
0.477417,-0.0069383
0.477539,-0.031885
0.477661,-0.182814
0.477783,0.0712554
0.477905,0.160341
0.478027,0.0579978
0.478149,0.00965687
0.478271,0.00689103
0.478394,0.0950034
0.478516,0.0577717
0.478638,-0.0625249
0.47876,-0.00480492
0.478882,0.0665174
0.479004,0.115778
0.479126,0.0691252
0.479248,-0.052648
0.47937,-0.0478151
0.479492,0.0245666
0.479614,-0.0640836
0.479736,-0.0796857
0.479858,0.0387834
0.47998,0.00339873
0.480103,-0.0787735
0.480225,-0.169605
0.480347,-0.328035
0.480469,-0.28438
0.480591,-0.209695
0.480713,-0.138534
0.480835,-0.137723
0.480957,-0.0586777
0.481079,0.0848985
0.481201,0.0222136
0.481323,-0.0806979
0.481445,-0.00335913
0.481567,0.0610765
0.481689,0.0368784
0.481812,-0.0971299
0.481934,-0.0140534
0.482056,0.0508101
0.482178,0.0487568
0.4823,-0.0360315
0.482422,-0.00666598
0.482544,0.0905689
0.482666,-0.00532238
0.482788,0.0272506
0.48291,-0.00663999
0.483032,0.00199005
0.483154,0.179593
0.483276,0.0529646
0.483398,-0.0436531
0.483521,0.0145368
0.483643,0.0772341
0.483765,0.0600123
0.483887,0.0500712
0.484009,0.094121
0.484131,0.0756179
0.484253,0.0328452
0.484375,-0.102377
0.484497,-0.0472049
0.484619,0.199115
0.484741,0.139375
0.484863,-0.142508
0.484985,-0.165879
0.485107,0.00456701
0.485229,0.0169466
0.485352,-0.195998
0.485474,-0.163281
0.485596,-0.0298948
0.485718,-0.010388
0.48584,-0.135561
0.485962,-0.0531348
0.486084,0.106813
0.486206,0.0711393
0.486328,-0.0122757
0.48645,-0.00193638
0.486572,0.15218
0.486694,0.143012
0.486816,0.243913
0.486938,0.16395
0.487061,0.11112
0.487183,0.259883
0.487305,0.258989
0.487427,0.0486731
0.487549,-0.0262322
0.487671,0.0466606
0.487793,0.109194
0.487915,-0.103346
0.488037,-0.12109
0.488159,-0.0649428
0.488281,0.0190822
0.488403,-0.12709
0.488525,-0.0888764
0.488647,0.0215632
0.48877,-0.0411835
0.488892,-0.111403
0.489014,-0.111295
0.489136,0.00126348
0.489258,0.0675301
0.48938,-0.0800743
0.489502,-0.0258255
0.489624,0.152285
0.489746,0.00817261
0.489868,-0.0464756
0.48999,-0.010039
0.490112,0.114709
0.490234,0.247353
0.490356,0.221462
0.490479,0.215621
0.490601,0.194182
0.490723,0.134734
0.490845,0.151428
0.490967,0.0510493
0.491089,-0.114438
0.491211,-0.0366589
0.491333,-0.0248293
0.491455,-0.0291459
0.491577,-0.0532787
0.491699,0.0526078
0.491821,0.0828537
0.491943,0.00617708
0.492065,-0.0839263
0.492188,-0.0326746
0.49231,0.0314109
0.492432,-0.0639912
0.492554,-0.0442583
0.492676,-0.108696
0.492798,-0.0239265
0.49292,0.0153225
0.493042,-0.0912331
0.493164,-0.193299
0.493286,-0.0855551
0.493408,0.0616617
0.49353,0.0304958
0.493652,-0.138925
0.493774,-0.0298276
0.493896,0.06507
0.494019,-0.126368
0.494141,-0.201506
0.494263,-0.0339557
0.494385,0.0957101
0.494507,0.032074
0.494629,-0.206161
0.494751,-0.122006
0.494873,0.165935
0.494995,0.140455
0.495117,-0.02168
0.495239,0.0830254
0.495361,0.228398
0.495483,0.14411
0.495605,-0.0383919
0.495728,0.00958861
0.49585,0.0634625
0.495972,0.0687836
0.496094,-0.0376447
0.496216,-0.103273
0.496338,-0.0447277
0.49646,-0.0238315
0.496582,-0.246415
0.496704,-0.183739
0.496826,-0.15861
0.496948,-0.151333
0.49707,-0.297628
0.497192,-0.376114
0.497314,-0.200004
0.497437,0.0407894
0.497559,0.0342533
0.497681,-0.116229
0.497803,-0.0642469
0.497925,0.133668
0.498047,0.146479
0.498169,-0.0411388
0.498291,-0.0868942
0.498413,0.0967808
0.498535,0.16173
0.498657,-0.0526865
0.498779,-0.0549744
0.498901,0.0578421
0.499023,0.100979
0.499146,0.0209924
0.499268,-0.00582554
0.49939,0.0145496
0.499512,0.0290709
0.499634,-0.108619
0.499756,-0.0812396
0.499878,0.0411599
