# BEGINHEADER
# This file contains data from the SALSA 2m radio telescope.
# DATE=2024-01-31T11:43:0050
# GLON and GLAT given in degrees
# GLON=25.69966341719643
# GLAT=-23.05376261721108
# DATA in two columns below. Col. 1 is velocity relative to LSR [km/s]. Col. 2 is uncalibrated antenna temperature [K].
# ENDHEADER
2392.941137334426 20.269727843762972
2390.8799933838277 41.55179654002861
2388.818849433229 37.91588724161008
2386.75770548263 40.78428117422807
2384.6965615320314 40.49732013435324
2382.635417581433 43.17394141151262
2380.5742736308343 44.04235730802328
2378.5131296802356 46.49538099210382
2376.451985729637 47.83476352599978
2374.3908417790385 50.16694446313727
2372.3296978284397 51.858559603711285
2370.2685538778414 54.33186839398471
2368.2074099272427 56.75065623700816
2366.146265976644 58.97453896046807
2364.0851220260447 61.643586781026904
2362.0239780754464 63.737907262551424
2359.9628341248476 66.84878823626373
2357.901690174249 69.14201180657055
2355.84054622365 70.2187091570855
2353.779402273052 73.60593583429285
2351.718258322453 75.46793546461207
2349.6571143718547 77.55062637295764
2347.595970421256 78.60887493477922
2345.534826470657 80.22393581550345
2343.4736825200584 82.7098316885767
2341.41253856946 83.51881231797111
2339.3513946188614 84.61816074667304
2337.2902506682626 85.81264169376117
2335.229106717664 85.77672726672556
2333.1679627670655 87.63029113320414
2331.106818816467 88.31705499721693
2329.0456748658685 89.20195893797569
2326.9845309152697 89.30653790298634
2324.923386964671 90.20955875715984
2322.862243014072 90.22054563886897
2320.801099063474 90.05641397438907
2318.739955112875 91.50849347565783
2316.6788111622764 91.9624614349623
2314.6176672116776 92.38532394990543
2312.5565232610793 92.63396983560207
2310.4953793104805 92.0365325929602
2308.434235359882 91.67520372117865
2306.3730914092835 93.2885635510017
2304.3119474586847 92.46234038426408
2302.250803508086 93.90047995267393
2300.189659557487 93.87333354309321
2298.1285156068884 95.50053980990232
2296.0673716562897 94.27276106786589
2294.006227705691 95.0749321709818
2291.9450837550926 95.22306816527575
2289.883939804494 95.67476080432924
2287.8227958538955 96.0812665129433
2285.7616519032968 94.96550626074654
2283.700507952698 95.08418915440781
2281.6393640020992 95.81092426275261
2279.578220051501 96.25933248999172
2277.517076100902 95.90485504769413
2275.4559321503034 97.00233468967991
2273.3947881997046 97.35480547559862
2271.3336442491063 98.08528953915442
2269.2725002985076 97.05264197704865
2267.2113563479093 96.81467863989232
2265.15021239731 97.10646812593639
2263.0890684467117 97.44494229007736
2261.027924496113 98.5023451287176
2258.9667805455147 98.84383625824216
2256.905636594916 98.35631823921577
2254.844492644317 98.06259686970643
2252.7833486937184 97.38739491865677
2250.72220474312 97.95295045784474
2248.6610607925213 97.5027147060194
2246.599916841923 99.63985208727412
2244.538772891324 99.31195330379705
2242.4776289407255 98.71890368724112
2240.4164849901267 98.49697930732216
2238.3553410395284 98.81417524984941
2236.294197088929 99.38007406787247
2234.2330531383304 97.99603833625673
2232.1719091877317 100.4467615733118
2230.1107652371334 99.17341615522993
2228.0496212865346 100.4292101960025
2225.9884773359363 99.999825374647
2223.927333385337 99.70555008301486
2221.8661894347388 100.86620850920859
2219.80504548414 99.57915309888938
2217.7439015335417 100.54852884660643
2215.682757582943 101.27349111371073
2213.621613632344 102.3949766196113
2211.5604696817454 99.08639147426625
2209.499325731147 99.41105670970042
2207.4381817805483 101.37222653052194
2205.37703782995 99.71845176479304
2203.315893879351 99.25277225100086
2201.2547499287525 101.18523179777397
2199.1936059781538 100.84760424772684
2197.1324620275554 100.94317767458
2195.0713180769567 99.92420212812834
2193.010174126358 99.65316937918527
2190.949030175759 100.8451140311094
2188.887886225161 100.46935954759412
2186.826742274562 99.74784135277453
2184.765598323964 101.53630183779089
2182.7044543733646 101.51365611526042
2180.6433104227663 100.58258779748043
2178.5821664721675 100.04943995416332
2176.521022521569 100.84471183677572
2174.45987857097 101.16189018655722
2172.398734620371 101.36728703360133
2170.3375906697725 101.11149939256688
2168.276446719174 101.30158002951227
2166.2153027685754 100.53610610730519
2164.154158817977 101.65599123311542
2162.093014867378 100.60650454809222
2160.0318709167796 101.04795992813247
2157.970726966181 100.49914271861333
2155.9095830155825 101.03879386736219
2153.8484390649837 100.90063240721769
2151.787295114385 101.54463809739597
2149.726151163786 102.0169350042756
2147.665007213188 100.7167749312607
2145.603863262589 102.32878888816568
2143.542719311991 101.9042725612371
2141.4815753613916 100.61369678989107
2139.4204314107933 102.36964450440095
2137.3592874601945 101.29657523259316
2135.2981435095962 102.15909430147383
2133.2369995589975 102.31336192834782
2131.1758556083987 104.36644353561354
2129.1147116578 104.52522224596737
2127.0535677072016 102.66536047852985
2124.992423756603 103.07988207912452
2122.9312798060046 102.3155408498478
2120.8701358554054 103.01661671287526
2118.808991904807 102.32901800772376
2116.7478479542083 102.34661341844266
2114.68670400361 101.33643792106312
2112.6255600530108 100.93251003324276
2110.564416102412 101.56463413863655
2108.5032721518132 100.5949823029239
2106.442128201215 100.66707383691141
2104.380984250616 100.89234821143799
2102.319840300018 101.94396742872961
2100.2586963494186 101.19106665732228
2098.1975523988203 101.45189793093336
2096.1364084482216 99.8030869896026
2094.0752644976233 101.71866711637485
2092.0141205470245 101.34646402795289
2089.952976596426 101.45084522636138
2087.891832645827 102.11350218389092
2085.8306886952287 100.32795224397144
2083.76954474463 100.6848224792452
2081.708400794031 100.55652444792831
2079.6472568434324 100.5792707206269
2077.586112892834 99.73238456980877
2075.5249689422353 100.54367781537958
2073.4638249916366 101.55390665043997
2071.402681041038 100.14108178034773
2069.3415370904395 100.57155819720465
2067.2803931398407 100.37404122482937
2065.2192491892424 100.88788423810416
2063.1581052386437 98.50294862662525
2061.096961288045 105.15318451717567
2059.035817337446 114.82608795687914
2056.974673386848 100.53811684322234
2054.913529436249 99.60371378086789
2052.8523854856503 99.77664212579406
2050.7912415350515 100.45413032082408
2048.7300975844532 100.3310911587193
2046.6689536338542 100.70232374471617
2044.607809683256 101.18225361010828
2042.5466657326572 98.56695557067859
2040.4855217820586 100.11721454594904
2038.4243778314599 99.20024518053026
2036.3632338808613 99.00130342099544
2034.3020899302624 97.85511574389282
2032.2409459796638 99.66653844483915
2030.179802029065 99.6074304857728
2028.1186580784668 98.10796042209105
2026.0575141278678 98.5028727910099
2023.9963701772695 98.36917358738265
2021.9352262266707 98.59292786430088
2019.8740822760722 97.86305170351501
2017.8129383254734 98.45573263940499
2015.7517943748749 97.95392945329212
2013.690650424276 97.61646654734717
2011.6295064736776 97.2572684257471
2009.5683625230788 96.48775294814249
2007.5072185724805 97.91959668158847
2005.4460746218815 97.78170266466431
2003.384930671283 97.59585611642301
2001.3237867206842 97.2666335309398
1999.2626427700857 96.56374928796116
1997.201498819487 96.20081489900404
1995.1403548688884 97.72044393699218
1993.0792109182896 96.85443065168533
1991.018066967691 95.87042535489462
1988.9569230170923 97.17443397820622
1986.895779066494 95.97333816025393
1984.834635115895 95.02656867470415
1982.7734911652967 95.30909024726901
1980.712347214698 96.29531012736265
1978.6512032640994 94.86173015065944
1976.5900593135007 94.96960114829932
1974.5289153629021 95.17114598901873
1972.4677714123031 94.34880920662687
1970.4066274617046 94.06074837965667
1968.3454835111058 94.07016831058093
1966.2843395605075 93.01955295682089
1964.2231956099085 92.77342235516669
1962.1620516593102 94.15864067825277
1960.1009077087115 93.67641934628958
1958.039763758113 92.50631234449081
1955.9786198075142 92.628463209283
1953.9174758569156 91.60041001615221
1951.8563319063169 92.34678547812854
1949.7951879557183 91.44907874216268
1947.7340440051196 91.88824409921064
1945.672900054521 91.98149321022183
1943.6117561039223 90.38624467710358
1941.550612153324 90.03957333648604
1939.489468202725 89.81280472835891
1937.4283242521265 91.36456492520162
1935.3671803015277 90.06328905829534
1933.3060363509292 89.31152908710783
1931.2448924003304 89.2756527097956
1929.1837484497319 88.16505384301182
1927.122604499133 87.82697414067823
1925.0614605485346 86.62952999450985
1923.0003165979358 86.92492094536942
1920.9391726473375 84.59638852719385
1918.8780286967387 83.34203852246137
1916.8168847461402 82.19267987383476
1914.7557407955414 82.31790758791924
1912.694596844943 80.14534235385443
1910.6334528943441 78.5385677438478
1908.5723089437454 77.59568920839612
1906.5111649931466 74.5928952388127
1904.450021042548 73.40950901454123
1902.3888770919493 70.8968100060478
1900.327733141351 68.8818710010172
1898.2665891907523 66.1650283208727
1896.2054452401537 64.73237689250583
1894.144301289555 61.50656502930037
1892.0831573389564 58.713527481251106
1890.0220133883577 56.54230347268387
1887.9608694377591 54.309874837683346
1885.8997254871604 51.99688836292509
1883.8385815365618 49.95297468675197
1881.777437585963 47.693975783608735
1879.7162936353648 45.96010936359261
1877.6551496847655 43.206985776727485
1875.5940057341672 42.35151367446848
1873.5328617835685 40.39815384467047
1871.47171783297 40.68443428109776
1869.4105738823712 37.29264137487506
1867.3494299317726 42.0502197928415
