iter      chisq       delta/lim  lambda   l             c            
   0 1.1054397817e+09   0.00e+00  1.11e-01    1.000000e-02   2.000000e+03
   * 1.1056750538e+09   2.13e+01  1.11e+00   -8.725866e+01  -1.957004e+07
   * 1.1056750489e+09   2.13e+01  1.11e+01   -7.772093e+01  -1.548320e+07
   * 1.1056745558e+09   2.12e+01  1.11e+02   -4.518095e+00  -8.989986e+05
   * 1.1056120478e+09   1.56e+01  1.11e+03   -3.757525e-02  -7.466393e+03
   1 1.1054280856e+09  -1.06e+00  1.11e+02    9.524006e-03   1.905288e+03
   * 1.1056198713e+09   1.73e+01  1.11e+03   -4.290614e-02  -8.521806e+03
   2 1.1054137732e+09  -1.29e+00  1.11e+02    8.999382e-03   1.800953e+03
   * 1.1056274012e+09   1.93e+01  1.11e+03   -4.969305e-02  -9.863941e+03
   3 1.1053956504e+09  -1.64e+00  1.11e+02    8.412005e-03   1.684214e+03
   * 1.1056347156e+09   2.16e+01  1.11e+03   -5.871718e-02  -1.164582e+04
   4 1.1053715801e+09  -2.18e+00  1.11e+02    7.740037e-03   1.550779e+03
   * 1.1056419012e+09   2.44e+01  1.11e+03   -7.146970e-02  -1.415875e+04
   5 1.1053372494e+09  -3.11e+00  1.11e+02    6.946828e-03   1.393464e+03
   * 1.1056490618e+09   2.82e+01  1.11e+03   -9.121515e-02  -1.803791e+04
   6 1.1052821824e+09  -4.98e+00  1.11e+02    5.963094e-03   1.198732e+03
   * 1.1056563334e+09   3.38e+01  1.11e+03   -1.267922e-01  -2.499251e+04
   7 1.1051710537e+09  -1.01e+01  1.11e+02    4.630309e-03   9.357875e+02
   * 1.1056638905e+09   4.46e+01  1.11e+03   -2.132130e-01  -4.171230e+04
   8 1.1047319357e+09  -3.97e+01  1.11e+02    2.428625e-03   5.047570e+02
   * 1.1056715644e+09   8.50e+01  1.11e+03   -6.912257e-01  -1.303533e+05
   * 1.1052135276e+09   4.36e+01  1.11e+04   -5.415746e-03  -9.749153e+02
   9 1.1047022145e+09  -2.69e+00  1.11e+03    2.350079e-03   4.899409e+02
   * 1.1052592778e+09   5.04e+01  1.11e+04   -6.010415e-03  -1.081289e+03
  10 1.1046684541e+09  -3.06e+00  1.11e+03    2.266350e-03   4.742053e+02
   * 1.1053020919e+09   5.73e+01  1.11e+04   -6.701826e-03  -1.203980e+03
  11 1.1046296007e+09  -3.52e+00  1.11e+03    2.176515e-03   4.573949e+02
   * 1.1053424084e+09   6.45e+01  1.11e+04   -7.519441e-03  -1.347701e+03
  12 1.1045841633e+09  -4.11e+00  1.11e+03    2.079364e-03   4.393082e+02
   * 1.1053806228e+09   7.21e+01  1.11e+04   -8.506646e-03  -1.519279e+03
  13 1.1045299477e+09  -4.91e+00  1.11e+03    1.973255e-03   4.196764e+02
   * 1.1054171030e+09   8.03e+01  1.11e+04   -9.730290e-03  -1.729021e+03
  14 1.1044635592e+09  -6.01e+00  1.11e+03    1.855886e-03   3.981282e+02
   * 1.1054522068e+09   8.94e+01  1.11e+04   -1.129943e-02  -1.993326e+03
  15 1.1043793967e+09  -7.62e+00  1.11e+03    1.723862e-03   3.741282e+02
   * 1.1054863023e+09   1.00e+02  1.11e+04   -1.340565e-02  -2.340097e+03
  16 1.1042673751e+09  -1.01e+01  1.11e+03    1.571858e-03   3.468589e+02
   * 1.1055197960e+09   1.13e+02  1.11e+04   -1.642122e-02  -2.821267e+03
  17 1.1041069219e+09  -1.45e+01  1.11e+03    1.390749e-03   3.149706e+02
   * 1.1055531760e+09   1.31e+02  1.11e+04   -2.118160e-02  -3.546422e+03
  18 1.1038470213e+09  -2.35e+01  1.11e+03    1.162742e-03   2.759664e+02
   * 1.1055870682e+09   1.57e+02  1.11e+04   -3.003598e-02  -4.794473e+03
  19 1.1033063762e+09  -4.90e+01  1.11e+03    8.448707e-04   2.243073e+02
   * 1.1056221175e+09   2.09e+02  1.11e+04   -5.286598e-02  -7.516649e+03
  20 1.1005663637e+09  -2.49e+02  1.11e+03    2.783019e-04   1.426600e+02
   * 1.1056456582e+09   4.59e+02  1.11e+04   -1.334480e-01  -9.646479e+03
   * 1.1039611097e+09   3.08e+02  1.11e+05   -3.366408e-03  -1.228567e+02
  21 1.1001390567e+09  -3.88e+01  1.11e+04    2.412152e-04   1.399583e+02
   * 1.1043111678e+09   3.78e+02  1.11e+05   -4.274015e-03  -1.502853e+02
  22 1.0994545398e+09  -6.23e+01  1.11e+04    1.948564e-04   1.369786e+02
   * 1.1046491971e+09   4.70e+02  1.11e+05   -5.943166e-03  -1.882344e+02
  23 1.0979837362e+09  -1.34e+02  1.11e+04    1.303977e-04   1.335638e+02
   * 1.1049770967e+09   6.33e+02  1.11e+05   -1.007555e-02  -2.370395e+02
  24 1.0794676455e+09  -1.72e+03  1.11e+04    1.147989e-05   1.292477e+02
   * 1.1056750793e+09   2.37e+03  1.11e+05   -1.857711e-03   1.184251e+02
   * 1.1056750793e+09   2.37e+03  1.11e+06   -1.320873e-03   1.248252e+02
   * 1.1056750793e+09   2.37e+03  1.11e+07   -3.332808e-05   1.291001e+02
  25 1.0789307662e+09  -4.98e+01  1.11e+06    1.102096e-05   1.292462e+02
   * 1.1056750793e+09   2.42e+03  1.11e+07   -3.645542e-05   1.290961e+02
  26 1.0783223001e+09  -5.64e+01  1.11e+06    1.053321e-05   1.292447e+02
   * 1.1056750793e+09   2.47e+03  1.11e+07   -4.006655e-05   1.290917e+02
  27 1.0776228898e+09  -6.49e+01  1.11e+06    1.001136e-05   1.292431e+02
   * 1.1056750793e+09   2.54e+03  1.11e+07   -4.430377e-05   1.290870e+02
  28 1.0768046135e+09  -7.60e+01  1.11e+06    9.448394e-06   1.292415e+02
   * 1.1056750793e+09   2.61e+03  1.11e+07   -4.937375e-05   1.290820e+02
  29 1.0758252840e+09  -9.10e+01  1.11e+06    8.834643e-06   1.292398e+02
   * 1.1056750793e+09   2.70e+03  1.11e+07   -5.558858e-05   1.290765e+02
  30 1.0746172274e+09  -1.12e+02  1.11e+06    8.156213e-06   1.292381e+02
   * 1.1056750793e+09   2.81e+03  1.11e+07   -6.344163e-05   1.290705e+02
  31 1.0730628107e+09  -1.45e+02  1.11e+06    7.391941e-06   1.292363e+02
   * 1.1056750793e+09   2.95e+03  1.11e+07   -7.375357e-05   1.290641e+02
  32 1.0709329482e+09  -1.99e+02  1.11e+06    6.506977e-06   1.292344e+02
   * 1.1056750793e+09   3.14e+03  1.11e+07   -8.795172e-05   1.290580e+02
  33 1.0676964718e+09  -3.03e+02  1.11e+06    5.437000e-06   1.292324e+02
   * 1.1056750793e+09   3.43e+03  1.11e+07   -1.084209e-04   1.290546e+02
  34 1.0616766747e+09  -5.67e+02  1.11e+06    4.039586e-06   1.292303e+02
   * 1.1056750793e+09   3.98e+03  1.11e+07   -1.356513e-04   1.290680e+02
  35 1.0413362036e+09  -1.95e+03  1.11e+06    1.870958e-06   1.292277e+02
   * 1.1056750793e+09   5.82e+03  1.11e+07   -1.011843e-04   1.291714e+02
   * 1.1056750793e+09   5.82e+03  1.11e+08   -4.613967e-06   1.292243e+02
  36 1.0401442732e+09  -1.15e+02  1.11e+07    1.802484e-06   1.292277e+02
   * 1.1056750793e+09   5.93e+03  1.11e+08   -5.008379e-06   1.292242e+02
  37 1.0388092850e+09  -1.29e+02  1.11e+07    1.730119e-06   1.292277e+02
   * 1.1056750793e+09   6.05e+03  1.11e+08   -5.451964e-06   1.292241e+02
  38 1.0372967713e+09  -1.46e+02  1.11e+07    1.653224e-06   1.292276e+02
   * 1.1056750793e+09   6.18e+03  1.11e+08   -5.955921e-06   1.292240e+02
  39 1.0355588581e+09  -1.68e+02  1.11e+07    1.570970e-06   1.292276e+02
   * 1.1056750793e+09   6.34e+03  1.11e+08   -6.535068e-06   1.292239e+02
  40 1.0335265538e+09  -1.97e+02  1.11e+07    1.482261e-06   1.292276e+02
   * 1.1056750793e+09   6.53e+03  1.11e+08   -7.209225e-06   1.292239e+02
  41 1.0310957404e+09  -2.36e+02  1.11e+07    1.385583e-06   1.292275e+02
   * 1.1056750793e+09   6.75e+03  1.11e+08   -8.004955e-06   1.292238e+02
  42 1.0280996576e+09  -2.91e+02  1.11e+07    1.278768e-06   1.292275e+02
   * 1.1056750793e+09   7.02e+03  1.11e+08   -8.956948e-06   1.292237e+02
  43 1.0242490608e+09  -3.76e+02  1.11e+07    1.158517e-06   1.292274e+02
   * 1.1056750793e+09   7.36e+03  1.11e+08   -1.010514e-05   1.292237e+02
  44 1.0189824681e+09  -5.17e+02  1.11e+07    1.019416e-06   1.292274e+02
   * 1.1056750793e+09   7.84e+03  1.11e+08   -1.146841e-05   1.292237e+02
  45 1.0110049544e+09  -7.89e+02  1.11e+07    8.515202e-07   1.292273e+02
   * 1.1056750793e+09   8.56e+03  1.11e+08   -1.289451e-05   1.292240e+02
  46 9.9627310294e+08  -1.48e+03  1.11e+07    6.330149e-07   1.292273e+02
   * 1.1056750793e+09   9.89e+03  1.11e+08   -1.321395e-05   1.292248e+02
  47 9.4802700302e+08  -5.09e+03  1.11e+07    2.975063e-07   1.292272e+02
   * 1.1056750793e+09   1.43e+04  1.11e+08   -6.548711e-06   1.292266e+02
   * 1.1056750793e+09   1.43e+04  1.11e+09   -6.057949e-07   1.292271e+02
  48 9.4533967126e+08  -2.84e+02  1.11e+08    2.872188e-07   1.292272e+02
   * 1.1056750793e+09   1.45e+04  1.11e+09   -6.508079e-07   1.292271e+02
  49 9.4235521091e+08  -3.17e+02  1.11e+08    2.763910e-07   1.292272e+02
   * 1.1056750793e+09   1.48e+04  1.11e+09   -6.995944e-07   1.292271e+02
  50 9.3900809831e+08  -3.56e+02  1.11e+08    2.649414e-07   1.292272e+02
   * 1.1056750793e+09   1.51e+04  1.11e+09   -7.525829e-07   1.292271e+02
  51 9.3520969302e+08  -4.06e+02  1.11e+08    2.527665e-07   1.292272e+02
   * 1.1056750793e+09   1.54e+04  1.11e+09   -8.101760e-07   1.292271e+02
  52 9.3083631931e+08  -4.70e+02  1.11e+08    2.397322e-07   1.292272e+02
   * 1.1056750793e+09   1.58e+04  1.11e+09   -8.726426e-07   1.292271e+02
  53 9.2570875231e+08  -5.54e+02  1.11e+08    2.256597e-07   1.292272e+02
   * 1.1056750793e+09   1.63e+04  1.11e+09   -9.398700e-07   1.292271e+02
  54 9.1955460432e+08  -6.69e+02  1.11e+08    2.103020e-07   1.292272e+02
   * 1.1056750793e+09   1.68e+04  1.11e+09   -1.010800e-06   1.292271e+02
  55 9.1193358865e+08  -8.36e+02  1.11e+08    1.933022e-07   1.292272e+02
   * 1.1056750793e+09   1.75e+04  1.11e+09   -1.082110e-06   1.292271e+02
  56 9.0207246419e+08  -1.09e+03  1.11e+08    1.741145e-07   1.292272e+02
   * 1.1056750793e+09   1.84e+04  1.11e+09   -1.145027e-06   1.292271e+02
  57 8.8844307519e+08  -1.53e+03  1.11e+08    1.518348e-07   1.292272e+02
   * 1.1056750793e+09   1.96e+04  1.11e+09   -1.177365e-06   1.292272e+02
  58 8.6741991446e+08  -2.42e+03  1.11e+08    1.247822e-07   1.292272e+02
   * 1.1056750793e+09   2.15e+04  1.11e+09   -1.123568e-06   1.292272e+02
  59 8.2706115963e+08  -4.88e+03  1.11e+08    8.920924e-08   1.292272e+02
   * 1.1056750793e+09   2.52e+04  1.11e+09   -8.532867e-07   1.292272e+02
  60 6.7259591970e+08  -2.30e+04  1.11e+08    3.357613e-08   1.292272e+02
   * 1.1056750793e+09   3.92e+04  1.11e+09   -1.974797e-07   1.292272e+02
   * 1.1056750793e+09   3.92e+04  1.11e+10   -8.179033e-08   1.292272e+02
  61 6.5924801563e+08  -2.02e+03  1.11e+09    3.131713e-08   1.292272e+02
   * 1.1056750793e+09   4.04e+04  1.11e+10   -8.238815e-08   1.292272e+02
  62 6.4303516845e+08  -2.52e+03  1.11e+09    2.884052e-08   1.292272e+02
   * 1.1056750793e+09   4.18e+04  1.11e+10   -8.131741e-08   1.292272e+02
  63 6.2263083585e+08  -3.28e+03  1.11e+09    2.608284e-08   1.292272e+02
   * 1.1056750793e+09   4.37e+04  1.11e+10   -7.773864e-08   1.292272e+02
  64 5.9561708488e+08  -4.54e+03  1.11e+09    2.294573e-08   1.292272e+02
   * 1.1056750793e+09   4.61e+04  1.11e+10   -7.045841e-08   1.292272e+02
  65 5.5696507841e+08  -6.94e+03  1.11e+09    1.926450e-08   1.292272e+02
   * 1.1056750793e+09   4.96e+04  1.11e+10   -5.791206e-08   1.292272e+02
  66 4.9383262540e+08  -1.28e+04  1.11e+09    1.473409e-08   1.292272e+02
   * 1.1056750793e+09   5.53e+04  1.11e+10   -3.855724e-08   1.292272e+02
  67 3.5914558260e+08  -3.75e+04  1.11e+09    8.732430e-09   1.292272e+02
   * 1.1056750793e+09   6.75e+04  1.11e+10   -1.326657e-08   1.292272e+02
  68 3.0012334606e+08  -1.97e+04  1.11e+09    7.346952e-10   1.292272e+02
  69 4.5512910995e+07  -5.59e+05  1.11e+08    1.232129e-09   1.292272e+02
  70 1.6028088332e+07  -1.84e+05  1.11e+07    1.584939e-09   1.292272e+02
  71 1.5118640100e+07  -6.02e+03  1.11e+06    1.674048e-09   1.292268e+02
  72 1.5116284114e+07  -1.56e+01  1.11e+05    1.678339e-09   1.291880e+02
  73 1.5021218488e+07  -6.33e+02  1.11e+04    1.724768e-09   1.253220e+02
   * 1.1056750793e+09   9.86e+04  1.11e+05    5.565837e-09  -1.772103e+02
  74 1.4915189190e+07  -7.11e+02  1.11e+04    1.777680e-09   1.212453e+02
   * 1.1056750793e+09   9.87e+04  1.11e+05    5.959953e-09  -1.887397e+02
  75 1.4795975877e+07  -8.06e+02  1.11e+04    1.837359e-09   1.169288e+02
   * 1.1056750793e+09   9.87e+04  1.11e+05    6.410781e-09  -2.002642e+02
  76 1.4660494333e+07  -9.24e+02  1.11e+04    1.905389e-09   1.123348e+02
   * 1.1056750793e+09   9.87e+04  1.11e+05    6.929094e-09  -2.114995e+02
  77 1.4504527599e+07  -1.08e+03  1.11e+04    1.983972e-09   1.074154e+02
   * 1.1056750793e+09   9.87e+04  1.11e+05    7.527752e-09  -2.219967e+02
  78 1.4322146207e+07  -1.27e+03  1.11e+04    2.076226e-09   1.021085e+02
   * 1.1056750793e+09   9.87e+04  1.11e+05    8.221594e-09  -2.310562e+02
  79 1.4104711041e+07  -1.54e+03  1.11e+04    2.186726e-09   9.633065e+01
   * 1.1056750793e+09   9.87e+04  1.11e+05    9.026671e-09  -2.375966e+02
  80 1.3839087061e+07  -1.92e+03  1.11e+04    2.322503e-09   8.996689e+01
   * 1.1056750793e+09   9.87e+04  1.11e+05    9.957833e-09  -2.399621e+02
  81 1.3504266280e+07  -2.48e+03  1.11e+04    2.495019e-09   8.285145e+01
   * 1.1056750793e+09   9.88e+04  1.11e+05    1.102259e-08  -2.356621e+02
  82 1.3064679555e+07  -3.36e+03  1.11e+04    2.724426e-09   7.473267e+01
   * 1.1056750793e+09   9.88e+04  1.11e+05    1.220678e-08  -2.210901e+02
  83 1.2457237500e+07  -4.88e+03  1.11e+04    3.049959e-09   6.520149e+01
   * 1.1056750793e+09   9.89e+04  1.11e+05    1.344222e-08  -1.914563e+02
  84 1.1579997264e+07  -7.58e+03  1.11e+04    3.559750e-09   5.353147e+01
   * 1.1056750793e+09   9.90e+04  1.11e+05    1.453367e-08  -1.417843e+02
  85 1.0586671956e+07  -9.38e+03  1.11e+04    4.497659e-09   3.829399e+01
   * 1.1056750793e+09   9.90e+04  1.11e+05    1.498206e-08  -7.179455e+01
   * 2.1756146249e+07   5.13e+04  1.11e+06    6.761874e-09   1.685251e+01
  86 9.4511298279e+06  -1.20e+04  1.11e+05    4.798010e-09   3.803098e+01
   * 1.8279074634e+07   4.83e+04  1.11e+06    6.915643e-09   1.688713e+01
  87 9.4073918821e+06  -4.65e+02  1.11e+05    4.838145e-09   3.777337e+01
   * 1.8658124434e+07   4.96e+04  1.11e+06    6.978418e-09   1.655032e+01
  88 9.3655100856e+06  -4.47e+02  1.11e+05    4.864360e-09   3.751393e+01
   * 1.9257190055e+07   5.14e+04  1.11e+06    7.038088e-09   1.619162e+01
  89 9.3228915168e+06  -4.57e+02  1.11e+05    4.890993e-09   3.725224e+01
   * 1.9899864743e+07   5.32e+04  1.11e+06    7.099061e-09   1.583058e+01
  90 9.2795134353e+06  -4.67e+02  1.11e+05    4.918159e-09   3.698823e+01
   * 2.0588064057e+07   5.49e+04  1.11e+06    7.161407e-09   1.546737e+01
  91 9.2353525782e+06  -4.78e+02  1.11e+05    4.945878e-09   3.672187e+01
   * 2.1325226516e+07   5.67e+04  1.11e+06    7.225170e-09   1.510202e+01
  92 9.1903846825e+06  -4.89e+02  1.11e+05    4.974169e-09   3.645311e+01
   * 2.2115079700e+07   5.84e+04  1.11e+06    7.290395e-09   1.473458e+01
  93 9.1445844285e+06  -5.01e+02  1.11e+05    5.003050e-09   3.618188e+01
   * 2.2961658352e+07   6.02e+04  1.11e+06    7.357128e-09   1.436509e+01
  94 9.0979253811e+06  -5.13e+02  1.11e+05    5.032545e-09   3.590814e+01
   * 2.3869330424e+07   6.19e+04  1.11e+06    7.425416e-09   1.399360e+01
  95 9.0503799272e+06  -5.25e+02  1.11e+05    5.062673e-09   3.563182e+01
   * 2.4842825174e+07   6.36e+04  1.11e+06    7.495309e-09   1.362018e+01
  96 9.0019192089e+06  -5.38e+02  1.11e+05    5.093460e-09   3.535288e+01
   * 2.5887263331e+07   6.52e+04  1.11e+06    7.566858e-09   1.324489e+01
  97 8.9525130518e+06  -5.52e+02  1.11e+05    5.124929e-09   3.507125e+01
   * 2.7008189383e+07   6.69e+04  1.11e+06    7.640116e-09   1.286782e+01
  98 8.9021298893e+06  -5.66e+02  1.11e+05    5.157105e-09   3.478686e+01
   * 2.8211605985e+07   6.84e+04  1.11e+06    7.715138e-09   1.248905e+01
  99 8.8507366801e+06  -5.81e+02  1.11e+05    5.190016e-09   3.449966e+01
   * 2.9504010430e+07   7.00e+04  1.11e+06    7.791979e-09   1.210867e+01
 100 8.7982988221e+06  -5.96e+02  1.11e+05    5.223690e-09   3.420958e+01
   * 3.0892433052e+07   7.15e+04  1.11e+06    7.870699e-09   1.172680e+01
 101 8.7447800579e+06  -6.12e+02  1.11e+05    5.258158e-09   3.391654e+01
   * 3.2384477328e+07   7.30e+04  1.11e+06    7.951358e-09   1.134356e+01
 102 8.6901423754e+06  -6.29e+02  1.11e+05    5.293450e-09   3.362048e+01
   * 3.3988361308e+07   7.44e+04  1.11e+06    8.034017e-09   1.095908e+01
 103 8.6343459007e+06  -6.46e+02  1.11e+05    5.329600e-09   3.332132e+01
   * 3.5712959828e+07   7.58e+04  1.11e+06    8.118740e-09   1.057350e+01
 104 8.5773487825e+06  -6.65e+02  1.11e+05    5.366643e-09   3.301899e+01
   * 3.7567846712e+07   7.72e+04  1.11e+06    8.205594e-09   1.018699e+01
 105 8.5191070698e+06  -6.84e+02  1.11e+05    5.404617e-09   3.271339e+01
   * 3.9563335887e+07   7.85e+04  1.11e+06    8.294646e-09   9.799734e+00
 106 8.4595745788e+06  -7.04e+02  1.11e+05    5.443561e-09   3.240446e+01
   * 4.1710519909e+07   7.97e+04  1.11e+06    8.385965e-09   9.411923e+00
 107 8.3987027515e+06  -7.25e+02  1.11e+05    5.483518e-09   3.209210e+01
   * 4.4021303922e+07   8.09e+04  1.11e+06    8.479622e-09   9.023775e+00
 108 8.3364405032e+06  -7.47e+02  1.11e+05    5.524530e-09   3.177623e+01
   * 4.6508432403e+07   8.21e+04  1.11e+06    8.575692e-09   8.635528e+00
 109 8.2727340583e+06  -7.70e+02  1.11e+05    5.566646e-09   3.145674e+01
   * 4.9185505216e+07   8.32e+04  1.11e+06    8.674247e-09   8.247444e+00
 110 8.2075267748e+06  -7.94e+02  1.11e+05    5.609916e-09   3.113354e+01
   * 5.2066978455e+07   8.42e+04  1.11e+06    8.775365e-09   7.859806e+00
 111 8.1407589549e+06  -8.20e+02  1.11e+05    5.654392e-09   3.080654e+01
   * 5.5168144232e+07   8.52e+04  1.11e+06    8.879123e-09   7.472927e+00
 112 8.0723676418e+06  -8.47e+02  1.11e+05    5.700131e-09   3.047563e+01
   * 5.8505081885e+07   8.62e+04  1.11e+06    8.985598e-09   7.087148e+00
 113 8.0022864007e+06  -8.76e+02  1.11e+05    5.747193e-09   3.014068e+01
   * 6.2094571027e+07   8.71e+04  1.11e+06    9.094872e-09   6.702839e+00
 114 7.9304450844e+06  -9.06e+02  1.11e+05    5.795644e-09   2.980161e+01
   * 6.5953954261e+07   8.80e+04  1.11e+06    9.207023e-09   6.320404e+00
 115 7.8567695803e+06  -9.38e+02  1.11e+05    5.845550e-09   2.945827e+01
   * 7.0100934277e+07   8.88e+04  1.11e+06    9.322131e-09   5.940284e+00
 116 7.7811815391e+06  -9.71e+02  1.11e+05    5.896987e-09   2.911056e+01
   * 7.4553286171e+07   8.96e+04  1.11e+06    9.440278e-09   5.562956e+00
 117 7.7035980835e+06  -1.01e+03  1.11e+05    5.950031e-09   2.875833e+01
   * 7.9328461341e+07   9.03e+04  1.11e+06    9.561542e-09   5.188940e+00
 118 7.6239314958e+06  -1.04e+03  1.11e+05    6.004768e-09   2.840146e+01
   * 8.4443053923e+07   9.10e+04  1.11e+06    9.686002e-09   4.818797e+00
 119 7.5420888820e+06  -1.09e+03  1.11e+05    6.061287e-09   2.803981e+01
   * 8.9912094719e+07   9.16e+04  1.11e+06    9.813734e-09   4.453136e+00
 120 7.4579718139e+06  -1.13e+03  1.11e+05    6.119685e-09   2.767322e+01
   * 9.5748130932e+07   9.22e+04  1.11e+06    9.944812e-09   4.092617e+00
 121 7.3714759454e+06  -1.17e+03  1.11e+05    6.180066e-09   2.730155e+01
   * 1.0196004328e+08   9.28e+04  1.11e+06    1.007930e-08   3.737949e+00
 122 7.2824906042e+06  -1.22e+03  1.11e+05    6.242543e-09   2.692464e+01
   * 1.0855154590e+08   9.33e+04  1.11e+06    1.021728e-08   3.389899e+00
 123 7.1908983574e+06  -1.27e+03  1.11e+05    6.307235e-09   2.654232e+01
   * 1.1551931031e+08   9.38e+04  1.11e+06    1.035879e-08   3.049290e+00
 124 7.0965745518e+06  -1.33e+03  1.11e+05    6.374273e-09   2.615442e+01
   * 1.2285065457e+08   9.42e+04  1.11e+06    1.050390e-08   2.717009e+00
 125 6.9993868301e+06  -1.39e+03  1.11e+05    6.443798e-09   2.576075e+01
   * 1.3052074611e+08   9.46e+04  1.11e+06    1.065264e-08   2.394003e+00
 126 6.8991946236e+06  -1.45e+03  1.11e+05    6.515961e-09   2.536114e+01
   * 1.3848928630e+08   9.50e+04  1.11e+06    1.080505e-08   2.081285e+00
 127 6.7958486264e+06  -1.52e+03  1.11e+05    6.590929e-09   2.495539e+01
   * 1.4669668317e+08   9.54e+04  1.11e+06    1.096115e-08   1.779937e+00
 128 6.6891902549e+06  -1.59e+03  1.11e+05    6.668880e-09   2.454328e+01
   * 1.5505978507e+08   9.57e+04  1.11e+06    1.112094e-08   1.491105e+00
 129 6.5790511017e+06  -1.67e+03  1.11e+05    6.750008e-09   2.412462e+01
   * 1.6346735150e+08   9.60e+04  1.11e+06    1.128441e-08   1.216006e+00
 130 6.4652523941e+06  -1.76e+03  1.11e+05    6.834525e-09   2.369917e+01
   * 1.7177558925e+08   9.62e+04  1.11e+06    1.145153e-08   9.559222e-01
 131 6.3476044737e+06  -1.85e+03  1.11e+05    6.922662e-09   2.326672e+01
   * 1.7980428745e+08   9.65e+04  1.11e+06    1.162223e-08   7.121987e-01
 132 6.2259063201e+06  -1.95e+03  1.11e+05    7.014670e-09   2.282703e+01
   * 1.8733434038e+08   9.67e+04  1.11e+06    1.179644e-08   4.862413e-01
 133 6.0999451466e+06  -2.06e+03  1.11e+05    7.110825e-09   2.237986e+01
   * 1.9410772707e+08   9.69e+04  1.11e+06    1.197404e-08   2.795081e-01
 134 5.9694961127e+06  -2.19e+03  1.11e+05    7.211427e-09   2.192496e+01
   * 1.9983126305e+08   9.70e+04  1.11e+06    1.215487e-08   9.350095e-02
 135 5.8343222055e+06  -2.32e+03  1.11e+05    7.316806e-09   2.146207e+01
   * 2.0418555008e+08   9.71e+04  1.11e+06    1.233874e-08  -7.024750e-02
 136 5.6941743684e+06  -2.46e+03  1.11e+05    7.427323e-09   2.099094e+01
   * 2.0684037546e+08   9.72e+04  1.11e+06    1.252541e-08  -2.101898e-01
 137 5.5487919748e+06  -2.62e+03  1.11e+05    7.543377e-09   2.051130e+01
   * 2.0747719009e+08   9.73e+04  1.11e+06    1.271461e-08  -3.247846e-01
 138 5.3979037815e+06  -2.80e+03  1.11e+05    7.665402e-09   2.002291e+01
   * 2.0581810423e+08   9.74e+04  1.11e+06    1.290598e-08  -4.125225e-01
 139 5.2412295390e+06  -2.99e+03  1.11e+05    7.793880e-09   1.952549e+01
   * 2.0165912219e+08   9.74e+04  1.11e+06    1.309912e-08  -4.719580e-01
 140 5.0784824921e+06  -3.20e+03  1.11e+05    7.929338e-09   1.901881e+01
   * 1.9490339199e+08   9.74e+04  1.11e+06    1.329357e-08  -5.017481e-01
 141 4.9093730808e+06  -3.44e+03  1.11e+05    8.072357e-09   1.850264e+01
   * 1.8558867462e+08   9.74e+04  1.11e+06    1.348878e-08  -5.006980e-01
 142 4.7336142433e+06  -3.71e+03  1.11e+05    8.223577e-09   1.797676e+01
   * 1.7390279734e+08   9.73e+04  1.11e+06    1.368415e-08  -4.678149e-01
 143 4.5509288484e+06  -4.01e+03  1.11e+05    8.383700e-09   1.744101e+01
   * 1.6018213166e+08   9.72e+04  1.11e+06    1.387898e-08  -4.023699e-01
 144 4.3610599339e+06  -4.35e+03  1.11e+05    8.553495e-09   1.689525e+01
   * 1.4489114809e+08   9.70e+04  1.11e+06    1.407250e-08  -3.039685e-01
 145 4.1637846159e+06  -4.74e+03  1.11e+05    8.733804e-09   1.633942e+01
   * 1.2858510226e+08   9.68e+04  1.11e+06    1.426388e-08  -1.726281e-01
 146 3.9589327490e+06  -5.17e+03  1.11e+05    8.925541e-09   1.577354e+01
   * 1.1186161681e+08   9.65e+04  1.11e+06    1.445219e-08  -8.862177e-03
 147 3.7464116621e+06  -5.67e+03  1.11e+05    9.129694e-09   1.519775e+01
   * 9.5309090846e+07   9.61e+04  1.11e+06    1.463645e-08   1.862314e-01
 148 3.5262385252e+06  -6.24e+03  1.11e+05    9.347318e-09   1.461235e+01
   * 7.9459881376e+07   9.56e+04  1.11e+06    1.481562e-08   4.108824e-01
 149 3.2985820722e+06  -6.90e+03  1.11e+05    9.579522e-09   1.401782e+01
   * 6.4754309350e+07   9.49e+04  1.11e+06    1.498861e-08   6.625654e-01
 150 3.0638153908e+06  -7.66e+03  1.11e+05    9.827451e-09   1.341489e+01
   * 5.1518632152e+07   9.41e+04  1.11e+06    1.515433e-08   9.379307e-01
 151 2.8225810916e+06  -8.55e+03  1.11e+05    1.009224e-08   1.280462e+01
   * 3.9957214682e+07   9.29e+04  1.11e+06    1.531170e-08   1.232759e+00
 152 2.5758690522e+06  -9.58e+03  1.11e+05    1.037497e-08   1.218849e+01
   * 3.0156955332e+07   9.15e+04  1.11e+06    1.545967e-08   1.541953e+00
 153 2.3251046070e+06  -1.08e+04  1.11e+05    1.067656e-08   1.156844e+01
   * 2.2100859741e+07   8.95e+04  1.11e+06    1.559728e-08   1.859587e+00
 154 2.0722408596e+06  -1.22e+04  1.11e+05    1.099765e-08   1.094706e+01
   * 1.5687402152e+07   8.68e+04  1.11e+06    1.572371e-08   2.179019e+00
 155 1.8198420724e+06  -1.39e+04  1.11e+05    1.133842e-08   1.032761e+01
   * 1.0752670659e+07   8.31e+04  1.11e+06    1.583832e-08   2.493110e+00
 156 1.5711355614e+06  -1.58e+04  1.11e+05    1.169837e-08   9.714209e+00
   * 7.0929278619e+06   7.78e+04  1.11e+06    1.594068e-08   2.794530e+00
 157 1.3299982451e+06  -1.81e+04  1.11e+05    1.207603e-08   9.111809e+00
   * 4.4858699479e+06   7.04e+04  1.11e+06    1.603065e-08   3.076186e+00
 158 1.1008347314e+06  -2.08e+04  1.11e+05    1.246869e-08   8.526243e+00
   * 2.7093789728e+06   5.94e+04  1.11e+06    1.610838e-08   3.331738e+00
 159 8.8830452026e+05  -2.39e+04  1.11e+05    1.287205e-08   7.964071e+00
   * 1.5568866471e+06   4.29e+04  1.11e+06    1.617430e-08   3.556155e+00
 160 6.9687809319e+05  -2.75e+04  1.11e+05    1.328012e-08   7.432292e+00
   * 8.4865602175e+05   1.79e+04  1.11e+06    1.622916e-08   3.746233e+00
 161 5.3025473886e+05  -3.14e+04  1.11e+05    1.368529e-08   6.937866e+00
 162 4.3847412750e+05  -2.09e+04  1.11e+04    1.627393e-08   3.900957e+00
 163 9.2813469421e+03  -4.62e+06  1.11e+03    1.643214e-08   4.260371e+00
 164 9.0585012776e+03  -2.46e+03  1.11e+02    1.642365e-08   4.278032e+00
 165 9.0585007813e+03  -5.48e-03  1.11e+01    1.642369e-08   4.278021e+00
iter      chisq       delta/lim  lambda   l             c            

After 165 iterations the fit converged.
final sum of squares of residuals : 9058.5
rel. change during last iteration : -5.47878e-08

degrees of freedom    (FIT_NDF)                        : 254
rms of residuals      (FIT_STDFIT) = sqrt(WSSR/ndf)    : 5.97188
variance of residuals (reduced chisquare) = WSSR/ndf   : 35.6634

Final set of parameters            Asymptotic Standard Error
=======================            ==========================
l               = 1.64237e-08      +/- 2.344e-11    (0.1427%)
c               = 4.27802          +/- 0.01818      (0.4249%)

correlation matrix of the fit parameters:
                l      c      
l               1.000 
c              -0.968  1.000 
