281.473900 0.000000
279.412756 0.000000
277.351612 0.000000
275.290468 0.000000
273.229324 0.000000
271.168180 0.000000
269.107036 0.000000
267.045892 0.000000
264.984748 0.000000
262.923604 0.000000
260.862460 0.000000
258.801317 0.000000
256.740173 0.000000
254.679029 0.000000
252.617885 0.000000
250.556741 0.000000
248.495597 0.000000
246.434453 0.000000
244.373309 0.000000
242.312165 0.000000
240.251021 0.000000
238.189877 0.000000
236.128733 0.000000
234.067589 0.000000
232.006445 0.000000
229.945301 0.000000
227.884157 0.000000
225.823013 0.000000
223.761869 0.000000
221.700725 0.000000
219.639581 0.000000
217.578438 0.000000
215.517294 0.000000
213.456150 0.000000
211.395006 0.000000
209.333862 0.000000
207.272718 0.000000
205.211574 0.000000
203.150430 0.000000
201.089286 0.000000
199.028142 0.000000
196.966998 0.000000
194.905854 0.000000
192.844710 0.000000
190.783566 0.000000
188.722422 0.000000
186.661278 0.000000
184.600134 0.000000
182.538990 0.000000
180.477846 0.000000
178.416702 0.000000
176.355559 0.000000
174.294415 0.000000
172.233271 0.000000
170.172127 0.000000
168.110983 0.000000
166.049839 0.000000
163.988695 0.000000
161.927551 0.000000
159.866407 0.000000
157.805263 0.000000
155.744119 0.000000
153.682975 0.000000
151.621831 0.000000
149.560687 0.000000
147.499543 0.000000
145.438399 0.000000
143.377255 0.000000
141.316111 0.000000
139.254967 0.000000
137.193823 0.000000
135.132679 0.000000
133.071536 0.000000
131.010392 0.000000
128.949248 0.000000
126.888104 0.000000
124.826960 0.000000
122.765816 0.000000
120.704672 0.000000
118.643528 0.000000
116.582384 0.000000
114.521240 0.000000
112.460096 0.000000
110.398952 0.000000
108.337808 0.000000
106.276664 0.000000
104.215520 0.000000
102.154376 0.000000
100.093232 0.000000
98.032088 0.000000
95.970944 0.000000
93.909800 0.000000
91.848657 0.000000
89.787513 0.000000
87.726369 0.000000
85.665225 0.000000
83.604081 0.000000
81.542937 0.000000
79.481793 0.000000
77.420649 0.000000
75.359505 0.000000
73.298361 0.000000
71.237217 0.000000
69.176073 0.000000
67.114929 0.000002
65.053785 0.000005
62.992641 0.000016
60.931497 0.000048
58.870353 0.000138
56.809209 0.000382
54.748065 0.001016
52.686921 0.002601
50.625778 0.006400
48.564634 0.015129
46.503490 0.034370
44.442346 0.075037
42.381202 0.157430
40.320058 0.317411
38.258914 0.614998
36.197770 1.145104
34.136626 2.048973
32.075482 3.523277
30.014338 5.822062
27.953194 9.245415
25.892050 14.108976
23.830906 20.691125
21.769762 29.160314
19.708618 39.492971
17.647474 51.400448
15.586330 64.288533
13.525186 77.271550
11.464042 89.253497
9.402899 99.071865
7.341755 105.680526
5.280611 108.332582
3.219467 106.719241
1.158323 101.028956
-0.902821 91.911214
-2.963965 80.354582
-5.025109 67.510650
-7.086253 54.507146
-9.147397 42.291598
-11.208541 31.533653
-13.269685 22.595091
-15.330829 15.558723
-17.391973 10.295696
-19.453117 6.547383
-21.514261 4.001727
-23.575405 2.351578
-25.636549 1.330841
-27.697693 0.730594
-29.758837 0.400852
-31.819981 0.244461
-33.881124 0.208578
-35.942268 0.277352
-38.003412 0.467335
-40.064556 0.825328
-42.125700 1.426740
-44.186844 2.371439
-46.247988 3.773633
-48.309132 5.743103
-50.370276 8.357349
-52.431420 11.627886
-54.492564 15.468116
-56.553708 19.673293
-58.614852 23.923205
-60.675996 27.814052
-62.737140 30.918022
-64.798284 32.859558
-66.859428 33.389836
-68.920572 32.439146
-70.981716 30.131940
-73.042860 26.760075
-75.104003 22.722189
-77.165147 18.446565
-79.226291 14.318035
-81.287435 10.625611
-83.348579 7.539229
-85.409723 5.114492
-87.470867 3.317269
-89.532011 2.057128
-91.593155 1.219676
-93.654299 0.691402
-95.715443 0.374730
-97.776587 0.194182
-99.837731 0.096206
-101.898875 0.045572
-103.960019 0.020639
-106.021163 0.008937
-108.082307 0.003700
-110.143451 0.001465
-112.204595 0.000554
-114.265739 0.000201
-116.326882 0.000069
-118.388026 0.000023
-120.449170 0.000007
-122.510314 0.000002
-124.571458 0.000001
-126.632602 0.000000
-128.693746 0.000000
-130.754890 0.000000
-132.816034 0.000000
-134.877178 0.000000
-136.938322 0.000000
-138.999466 0.000000
-141.060610 0.000000
-143.121754 0.000000
-145.182898 0.000000
-147.244042 0.000000
-149.305186 0.000000
-151.366330 0.000000
-153.427474 0.000000
-155.488618 0.000000
-157.549761 0.000000
-159.610905 0.000000
-161.672049 0.000000
-163.733193 0.000000
-165.794337 0.000000
-167.855481 0.000000
-169.916625 0.000000
-171.977769 0.000000
-174.038913 0.000000
-176.100057 0.000000
-178.161201 0.000000
-180.222345 0.000000
-182.283489 0.000000
-184.344633 0.000000
-186.405777 0.000000
-188.466921 0.000000
-190.528065 0.000000
-192.589209 0.000000
-194.650353 0.000000
-196.711497 0.000000
-198.772641 0.000000
-200.833784 0.000000
-202.894928 0.000000
-204.956072 0.000000
-207.017216 0.000000
-209.078360 0.000000
-211.139504 0.000000
-213.200648 0.000000
-215.261792 0.000000
-217.322936 0.000000
-219.384080 0.000000
-221.445224 0.000000
-223.506368 0.000000
-225.567512 0.000000
-227.628656 0.000000
-229.689800 0.000000
-231.750944 0.000000
-233.812088 0.000000
-235.873232 0.000000
-237.934376 0.000000
-239.995520 0.000000
-242.056663 0.000000
-244.117807 0.000000
