281.473900 -3.892999
279.412756 -4.673696
277.351612 -5.497365
275.290468 -5.760659
273.229324 -5.538334
271.168180 -5.422223
269.107036 -5.275741
267.045892 -5.114465
264.984748 -5.259014
262.923604 -5.211338
260.862460 -4.955615
258.801317 -5.237495
256.740173 -5.868706
254.679029 -6.034284
252.617885 -5.593318
250.556741 -5.437974
248.495597 -5.803246
246.434453 -5.942838
244.373309 -5.788798
242.312165 -6.038289
240.251021 -6.562386
238.189877 -6.770394
236.128733 -6.779449
234.067589 -6.670246
232.006445 -6.307662
229.945301 -6.298759
227.884157 -6.739678
225.823013 -7.029536
223.761869 -7.313860
221.700725 -7.466303
219.639581 -7.538219
217.578438 -7.991405
215.517294 -8.185456
213.456150 -7.542114
211.395006 -6.973485
209.333862 -6.803117
207.272718 -6.478064
205.211574 -6.147838
203.150430 -6.143246
201.089286 -6.547380
199.028142 -7.154399
196.966998 -7.916525
194.905854 -8.183583
192.844710 -7.854847
190.783566 -7.320233
188.722422 -6.869197
186.661278 -6.777248
184.600134 -6.871977
182.538990 -6.863024
180.477846 -6.912599
178.416702 -7.391856
176.355559 -7.911222
174.294415 -8.138903
172.233271 -8.045938
170.172127 -8.039555
168.110983 -7.971596
166.049839 -7.606503
163.988695 -7.355628
161.927551 -7.462560
159.866407 -8.019042
157.805263 -8.765401
155.744119 -8.962579
153.682975 -8.607715
151.621831 -8.530272
149.560687 -8.724793
147.499543 -8.744981
145.438399 -8.591666
143.377255 -8.649280
141.316111 -8.849207
139.254967 -8.823892
137.193823 -8.905400
135.132679 -9.132553
133.071536 -9.442264
131.010392 -9.704812
128.949248 -9.835192
126.888104 -10.131245
124.826960 -10.392293
122.765816 -10.405466
120.704672 -10.175418
118.643528 -9.566297
116.582384 -9.437061
114.521240 -10.058468
112.460096 -10.906211
110.398952 -11.218060
108.337808 -10.591512
106.276664 -10.347303
104.215520 -10.671471
102.154376 -10.876502
100.093232 -10.782025
98.032088 -10.783039
95.970944 -11.119893
93.909800 -11.295324
91.848657 -11.034325
89.787513 -10.775878
87.726369 -10.595078
85.665225 -10.349241
83.604081 -10.310472
81.542937 -10.347939
79.481793 -10.281033
77.420649 -10.010322
75.359505 -9.511052
73.298361 -8.540716
71.237217 -8.136383
69.176073 -9.487630
67.114929 -11.054395
65.053785 -11.070521
62.992641 -10.281561
60.931497 -10.202792
58.870353 -10.723850
56.809209 -10.976352
54.748065 -10.662061
52.686921 -10.150815
50.625778 -9.646385
48.564634 -9.188229
46.503490 -9.039965
44.442346 -8.964734
42.381202 -8.656848
40.320058 -8.362733
38.258914 -8.276875
36.197770 -7.906438
34.136626 -6.645744
32.075482 -4.576174
30.014338 -1.582046
27.953194 2.127294
25.892050 6.803563
23.830906 13.416904
21.769762 23.235356
19.708618 35.605558
17.647474 49.360999
15.586330 65.377412
13.525186 82.398251
11.464042 96.572403
9.402899 106.000465
7.341755 111.071638
5.280611 111.781652
3.219467 106.974695
1.158323 97.467323
-0.902821 85.007836
-2.963965 71.052361
-5.025109 58.330919
-7.086253 48.158790
-9.147397 40.256535
-11.208541 34.122804
-13.269685 29.724438
-15.330829 27.355196
-17.391973 26.096775
-19.453117 25.011072
-21.514261 23.754747
-23.575405 22.170338
-25.636549 19.923605
-27.697693 16.521302
-29.758837 12.373036
-31.819981 8.747916
-33.881124 6.419254
-35.942268 4.892501
-38.003412 3.516320
-40.064556 2.397515
-42.125700 1.994905
-44.186844 2.807605
-46.247988 5.323687
-48.309132 8.962073
-50.370276 12.319875
-52.431420 14.540854
-54.492564 16.284008
-56.553708 18.822863
-58.614852 22.010474
-60.675996 24.866399
-62.737140 27.751842
-64.798284 30.510595
-66.859428 32.384816
-68.920572 33.251593
-70.981716 32.812413
-73.042860 30.691923
-75.104003 26.694953
-77.165147 20.707583
-79.226291 14.164482
-81.287435 8.592942
-83.348579 4.760252
-85.409723 1.825635
-87.470867 -1.173578
-89.532011 -3.354446
-91.593155 -4.458750
-93.654299 -4.849595
-95.715443 -5.125658
-97.776587 -5.898899
-99.837731 -5.910562
-101.898875 -5.255793
-103.960019 -4.846850
-106.021163 -4.548660
-108.082307 -4.448472
-110.143451 -4.718384
-112.204595 -5.364181
-114.265739 -6.345216
-116.326882 -7.533973
-118.388026 -7.944297
-120.449170 -7.878793
-122.510314 -8.446511
-124.571458 -9.405257
-126.632602 -9.416381
-128.693746 -8.464733
-130.754890 -8.108595
-132.816034 -8.663464
-134.877178 -8.805171
-136.938322 -8.835038
-138.999466 -8.949546
-141.060610 -8.633328
-143.121754 -8.606944
-145.182898 -9.382327
-147.244042 -10.415901
-149.305186 -10.295722
-151.366330 -9.225966
-153.427474 -8.138217
-155.488618 -7.505703
-157.549761 -7.279757
-159.610905 -7.026820
-161.672049 -6.854903
-163.733193 -6.786489
-165.794337 -6.867797
-167.855481 -7.175096
-169.916625 -6.673155
-171.977769 -5.867226
-174.038913 -6.038175
-176.100057 -6.698816
-178.161201 -7.097921
-180.222345 -7.023567
-182.283489 -7.101648
-184.344633 -7.140583
-186.405777 -7.247038
-188.466921 -8.220758
-190.528065 -9.028989
-192.589209 -8.252614
-194.650353 -6.919820
-196.711497 -6.343789
-198.772641 -6.510394
-200.833784 -7.222456
-202.894928 -7.848310
-204.956072 -7.819783
-207.017216 -7.185588
-209.078360 -6.618191
-211.139504 -6.878925
-213.200648 -7.080992
-215.261792 -6.802632
-217.322936 -6.638363
-219.384080 -6.814324
-221.445224 -6.912415
-223.506368 -6.679190
-225.567512 -6.921365
-227.628656 -7.520832
-229.689800 -7.604296
-231.750944 -7.618636
-233.812088 -7.578054
-235.873232 -7.073618
-237.934376 -6.861124
-239.995520 -6.858535
-242.056663 -6.126281
-244.117807 -5.103105
