# BEGINHEADER
# This file contains data from the SALSA 2m radio telescope.
# DATE=2024-01-31T12:49:0020
# GLON and GLAT given in degrees
# GLON=69.97145483723591
# GLAT=0.1100593786535375
# DATA in two columns below. Col. 1 is velocity relative to LSR [km/s]. Col. 2 is uncalibrated antenna temperature [K].
# ENDHEADER
281.47389998471505 -3.4688307163997827
279.4127560341164 -4.639780207830569
277.35161208351775 -5.8315478384113275
275.2904681329191 -6.417856220429566
273.22932418232045 -4.936552891102503
271.16818023172186 -5.612235753319206
269.10703628112316 -5.5913967875288515
267.04589233052457 -4.394550440767445
264.9847483799259 -5.592599324047306
262.92360442932727 -5.748644310120759
260.8624604787286 -4.12266786263618
258.80131652813 -5.1226286605113796
256.7401725775313 -6.056309372707123
254.6790286269327 -6.886830525184565
252.61788467633409 -5.100109775032492
250.5567407257354 -4.882718422733319
248.4955967751368 -6.135006311032226
246.43445282453814 -6.452534005034301
244.37330887393952 -5.181470729839803
242.31216492334087 -5.759309294537232
240.2510209727422 -7.07722818108521
238.18987702214358 -6.820479138247029
236.12873307154493 -6.532192043260696
234.0675891209463 -7.304699428984158
232.00644517034766 -5.958906564363218
229.945301219749 -5.5306553538885845
227.88415726915036 -7.613238026539962
225.82301331855174 -6.474676638353325
223.7618693679531 -7.534514472962765
221.70072541735445 -7.850619590602744
219.6395814667558 -6.826275191951851
217.57843751615718 -8.017500458461443
215.51729356555853 -9.378703117733398
213.4561496149599 -7.122211266285734
211.39500566436124 -6.332850567253311
209.33386171376262 -7.540075084569883
207.27271776316397 -6.065425142674685
205.21157381256535 -6.35730319337317
203.1504298619667 -5.336695038231054
201.08928591136802 -7.181496848776332
199.0281419607694 -6.2316853736422715
196.96699801017073 -8.7720038798846
194.9058540595721 -8.430856987325244
192.84471010897346 -7.8300580779199755
190.7835661583748 -7.498062199625116
188.72242220777616 -6.35861814361569
186.66127825717754 -6.84710282136794
184.6001343065789 -6.794593797989973
182.53899035598027 -7.313439485626554
180.4778464053816 -5.947455907244847
178.41670245478298 -7.931480938036195
176.35555850418433 -7.644744632725434
174.2944145535857 -8.859387107188288
172.23327060298706 -7.541123859659839
170.1721266523884 -8.070522069355333
168.11098270178977 -8.50427617291188
166.04983875119112 -7.236545914966819
163.9886948005925 -7.312045809515895
161.92755084999385 -7.161258949558873
159.8664068993952 -7.721017678626504
157.80526294879655 -9.154904477000743
155.74411899819793 -9.754909701109696
153.68297504759929 -7.883402538532413
151.62183109700064 -8.483028101674737
149.560687146402 -8.878600258776446
147.49954319580337 -8.949758335698434
145.43839924520472 -8.464738586625149
143.3772552946061 -8.14281496722028
141.31611134400742 -9.69185066715123
139.2549673934088 -8.188321874003304
137.19382344281016 -9.113334163378155
135.13267949221154 -8.997141369072434
133.0715355416129 -9.346472129483285
131.01039159101424 -10.13642549740472
128.9492476404156 -9.405908334804767
126.88810368981696 -10.119368313676555
124.82695973921831 -10.941754273701372
122.76581578861968 -9.803047018789787
120.70467183802104 -11.346612276607642
118.6435278874224 -8.727209796933478
116.58238393682376 -8.90989418570142
114.52123998622511 -10.302571661218986
112.46009603562648 -10.376858696960035
110.39895208502783 -13.278732934282932
108.33780813442918 -9.108733892533094
106.27666418383055 -10.369529085998822
104.2155202332319 -10.68830993568584
102.15437628263327 -11.241010585483458
100.09323233203462 -10.724740827492134
98.032088381436 -10.317741318841726
95.97094443083735 -11.275223963355556
93.90980048023872 -11.821965377859181
91.84865652964007 -10.858486518766227
89.78751257904143 -10.490294514079107
87.72636862844278 -11.175037393143075
85.66522467784415 -9.64923602771178
83.60408072724552 -10.69802474651931
81.54293677664687 -10.03327066611437
79.48179282604823 -10.832454931308913
77.42064887544959 -9.574759043400565
75.35950492485095 -10.255443408374047
73.2983609742523 -8.698443208948415
71.23721702365367 -5.987108336457888
69.17607307305502 -9.575638527433382
67.11492912245637 -12.505021291483592
65.05378517185774 -11.751764128162266
62.992641221259106 -9.18996442097833
60.931497270660465 -9.965208064699059
58.87035332006182 -10.919254285715086
56.809209369463176 -11.514443934457567
54.748065418864535 -10.6438663628637
52.68692146826589 -9.992357687893726
50.62577751766726 -9.94708412475141
48.56463356706862 -8.693807217463576
46.50348961646998 -9.017696405178862
44.442345665871336 -9.332419597696248
42.381201715272695 -8.522726665323642
40.32005776467405 -8.257274011781425
38.25891381407541 -8.007179361986884
36.19776986347677 -9.177828150692598
34.13662591287813 -6.200217608841846
32.07548196227949 -5.8722856781582955
30.01433801168085 -1.2406918324063119
27.95319406108221 1.2779640820303815
25.892050110483567 6.46496924952217
23.830906159884925 11.10233667167085
21.769762209286284 21.38727573649207
19.708618258687647 36.44696347662402
17.647474308089006 47.196064178222905
15.586330357490365 63.9449346141863
13.525186406891722 84.86060224316824
11.46404245629308 99.15597143807753
9.40289850569444 108.40000070808331
7.3417545550957986 112.19450994945468
5.280610604497158 115.65313259580387
3.2194666538985177 109.5292893108944
1.1583227032998769 98.02624577412637
-0.902821247298764 87.21002761915663
-2.963965197897404 69.27055612338978
-5.025109148496045 57.04723495812782
-7.086253099094686 47.03103591954085
-9.147397049693327 39.25026909348426
-11.208541000291968 33.86439050445608
-13.269684950890607 27.794644386170898
-15.330828901489248 27.224391883068193
-17.39197285208789 26.011312672133844
-19.45311680268653 25.13222929706455
-21.514260753285168 23.958214521398485
-23.575404703883812 22.248743297605543
-25.636548654482453 20.85567328829686
-27.69769260508109 17.044317681793412
-29.758836555679732 12.085780044724297
-31.819980506278377 7.634657484638402
-33.88112445687701 6.101589743704231
-35.94226840747565 4.998974207857197
-38.0034123580743 3.4972040760086154
-40.06455630867294 1.8468409208656522
-42.12570025927158 1.7151368274940344
-44.18684420987022 1.4724045999160267
-46.24798816046886 4.696165851835916
-48.3091321110675 9.109983914191393
-50.37027606166614 13.337868860557641
-52.43142001226478 14.908055483703164
-54.49256396286342 15.649422037288465
-56.55370791346207 17.775623148757013
-58.614851864060704 23.344900607071533
-60.675995814659345 24.142299396271127
-62.737139765257986 27.750719331765374
-64.79828371585663 31.314492842917367
-66.85942766645526 32.719940926687386
-68.92057161705391 33.7247060908564
-70.98171556765254 34.170838579577364
-73.04285951825119 30.816302565139246
-75.10400346884983 28.935613035047776
-77.16514741944847 20.27949861745563
-79.22629137004711 14.010051581758637
-81.28743532064574 7.185312745059325
-83.34857927124439 3.941408737184353
-85.40972322184304 3.08451494072184
-87.47086717244169 -2.396565355255223
-89.53201112304032 -3.9123445211272307
-91.59315507363897 -4.385366599081421
-93.6542990242376 -5.982432394942733
-95.71544297483624 -3.0582701628048308
-97.77658692543488 -7.634629025032145
-99.83773087603353 -6.217303492183469
-101.89887482663217 -4.470335998933093
-103.96001877723081 -5.376849825933266
-106.02116272782945 -4.065372653133676
-108.0823066784281 -4.588252265413747
-110.14345062902673 -4.050770640719645
-112.20459457962538 -5.9139741556635
-114.26573853022401 -5.122322652658888
-116.32688248082265 -8.923626208356467
-118.3880264314213 -8.116275289658988
-120.44917038201993 -7.35584257953969
-122.51031433261858 -7.710950840782408
-124.57145828321723 -10.422030255384138
-126.63260223381587 -10.2484356608576
-128.6937461844145 -8.10268713359614
-130.75489013501314 -6.4623553440446955
-132.8160340856118 -10.228469682751566
-134.8771780362104 -8.458943708337141
-136.93832198680906 -8.175365721413547
-138.9994659374077 -10.299776771822529
-141.06060988800635 -7.641963338647191
-143.121753838605 -8.754613633578815
-145.18289778920362 -8.11445610103358
-147.24404173980227 -12.237600202028377
-149.30518569040092 -10.453977675331014
-151.36632964099957 -9.201535804613162
-153.4274735915982 -7.922107594548305
-155.48861754219683 -6.956393587958111
-157.54976149279545 -7.72362159816494
-159.61090544339413 -6.84989792567661
-161.67204939399275 -6.561988779206837
-163.7331933445914 -7.401396877920874
-165.79433729519002 -5.576826371236756
-167.8554812457887 -8.500025132566753
-169.91662519638732 -7.224947794377708
-171.97776914698596 -4.203319305583867
-174.03891309758458 -6.5483400105677445
-176.10005704818323 -6.208615856841997
-178.16120099878188 -8.336329611109337
-180.22234494938053 -6.044440271302683
-182.28348889997918 -7.400428817861933
-184.3446328505778 -7.62503471628607
-186.40577680117644 -6.042864608825977
-188.4669207517751 -8.003613029313167
-190.52806470237374 -10.912586957259293
-192.58920865297236 -8.382901542874315
-194.650352603571 -5.93044430121432
-196.71149655416966 -6.407033808218088
-198.77264050476828 -5.855002924370262
-200.8337844553669 -7.322141759336058
-202.89492840596554 -8.480930745202208
-204.9560723565642 -7.841314614908097
-207.01721630716284 -7.919826792211337
-209.07836025776146 -4.9301949328576296
-211.1395042083601 -7.6049094314620005
-213.20064815895873 -7.4648460707638185
-215.2617921095574 -6.532139226451799
-217.32293606015602 -6.47762415799238
-219.38408001075467 -6.5575001715904
-221.4452239613533 -7.816289049769957
-223.50636791195197 -6.0011227273725325
-225.56751186255062 -6.222776133965054
-227.62865581314924 -8.734660647078316
-229.68979976374789 -7.1818987546514395
-231.7509437143465 -7.295745109766046
-233.81208766494518 -8.654807090742477
-235.8732316155438 -6.425597977873312
-237.93437556614245 -6.329204042624984
-239.99551951674107 -7.953019722552689
-242.05666346733972 -6.2203454282184625
-244.11780741793837 -4.488610277173541
