235.844584 0.000000
233.783440 0.000000
231.722296 0.000000
229.661152 0.000000
227.600008 0.000000
225.538864 0.000000
223.477720 0.000000
221.416576 0.000000
219.355432 0.000000
217.294288 0.000000
215.233144 0.000000
213.172000 0.000000
211.110856 0.000000
209.049712 0.000000
206.988569 0.000000
204.927425 0.000000
202.866281 0.000000
200.805137 0.000000
198.743993 0.000000
196.682849 0.000000
194.621705 0.000000
192.560561 0.000000
190.499417 0.000000
188.438273 0.000000
186.377129 0.000000
184.315985 0.000000
182.254841 0.000000
180.193697 0.000000
178.132553 0.000000
176.071409 0.000000
174.010265 0.000000
171.949121 0.000000
169.887977 0.000000
167.826833 0.000000
165.765690 0.000000
163.704546 0.000000
161.643402 0.000000
159.582258 0.000000
157.521114 0.000000
155.459970 0.000000
153.398826 0.000000
151.337682 0.000000
149.276538 0.000000
147.215394 0.000000
145.154250 0.000000
143.093106 0.000000
141.031962 0.000000
138.970818 0.000000
136.909674 0.000000
134.848530 0.000000
132.787386 0.000000
130.726242 0.000000
128.665098 0.000000
126.603954 0.000000
124.542810 0.000000
122.481667 0.000000
120.420523 0.000000
118.359379 0.000000
116.298235 0.000000
114.237091 0.000000
112.175947 0.000000
110.114803 0.000000
108.053659 0.000000
105.992515 0.000000
103.931371 0.000000
101.870227 0.000000
99.809083 0.000000
97.747939 0.000000
95.686795 0.000001
93.625651 0.000005
91.564507 0.000020
89.503363 0.000078
87.442219 0.000277
85.381075 0.000927
83.319931 0.002920
81.258788 0.008635
79.197644 0.023983
77.136500 0.062563
75.075356 0.153281
73.014212 0.352714
70.953068 0.762296
68.891924 1.547353
66.830780 2.949985
64.769636 5.282202
62.708492 8.883319
60.647348 14.031390
58.586204 20.815760
56.525060 29.003674
54.463916 37.957032
52.402772 46.659245
50.341628 53.885119
48.280484 58.493020
46.219340 59.761105
44.158196 57.657794
42.097052 52.947207
40.035909 47.074469
37.974765 41.830304
35.913621 38.847992
33.852477 39.048248
31.791333 42.222434
29.730189 46.984293
27.669045 51.238647
25.607901 53.076715
23.546757 51.717539
21.485613 47.982296
19.424469 43.957486
17.363325 41.920507
15.302181 43.044202
13.241037 46.607231
11.179893 50.240364
9.118749 51.155602
7.057605 47.650819
4.996461 39.954745
2.935317 29.930825
0.874173 19.963595
-1.186970 11.837435
-3.248114 6.235459
-5.309258 2.916952
-7.370402 1.211640
-9.431546 0.446857
-11.492690 0.146319
-13.553834 0.042536
-15.614978 0.010978
-17.676122 0.002516
-19.737266 0.000512
-21.798410 0.000092
-23.859554 0.000015
-25.920698 0.000002
-27.981842 0.000000
-30.042986 0.000000
-32.104130 0.000000
-34.165274 0.000000
-36.226418 0.000000
-38.287562 0.000000
-40.348706 0.000000
-42.409850 0.000000
-44.470993 0.000000
-46.532137 0.000000
-48.593281 0.000000
-50.654425 0.000000
-52.715569 0.000000
-54.776713 0.000000
-56.837857 0.000000
-58.899001 0.000000
-60.960145 0.000000
-63.021289 0.000000
-65.082433 0.000000
-67.143577 0.000000
-69.204721 0.000000
-71.265865 0.000000
-73.327009 0.000000
-75.388153 0.000000
-77.449297 0.000000
-79.510441 0.000000
-81.571585 0.000000
-83.632729 0.000000
-85.693872 0.000000
-87.755016 0.000000
-89.816160 0.000000
-91.877304 0.000000
-93.938448 0.000000
-95.999592 0.000000
-98.060736 0.000000
-100.121880 0.000000
-102.183024 0.000000
-104.244168 0.000000
-106.305312 0.000000
-108.366456 0.000000
-110.427600 0.000000
-112.488744 0.000000
-114.549888 0.000000
-116.611032 0.000000
-118.672176 0.000000
-120.733320 0.000000
-122.794464 0.000000
-124.855608 0.000000
-126.916751 0.000000
-128.977895 0.000000
-131.039039 0.000000
-133.100183 0.000000
-135.161327 0.000000
-137.222471 0.000000
-139.283615 0.000000
-141.344759 0.000000
-143.405903 0.000000
-145.467047 0.000000
-147.528191 0.000000
-149.589335 0.000000
-151.650479 0.000000
-153.711623 0.000000
-155.772767 0.000000
-157.833911 0.000000
-159.895055 0.000000
-161.956199 0.000000
-164.017343 0.000000
-166.078487 0.000000
-168.139630 0.000000
-170.200774 0.000000
-172.261918 0.000000
-174.323062 0.000000
-176.384206 0.000000
-178.445350 0.000000
-180.506494 0.000000
-182.567638 0.000000
-184.628782 0.000000
-186.689926 0.000000
-188.751070 0.000000
-190.812214 0.000000
-192.873358 0.000000
-194.934502 0.000000
-196.995646 0.000000
-199.056790 0.000000
-201.117934 0.000000
-203.179078 0.000000
-205.240222 0.000000
-207.301366 0.000000
-209.362509 0.000000
-211.423653 0.000000
-213.484797 0.000000
-215.545941 0.000000
-217.607085 0.000000
-219.668229 0.000000
-221.729373 0.000000
-223.790517 0.000000
-225.851661 0.000000
-227.912805 0.000000
-229.973949 0.000000
-232.035093 0.000000
-234.096237 0.000000
-236.157381 0.000000
-238.218525 0.000000
-240.279669 0.000000
-242.340813 0.000000
-244.401957 0.000000
-246.463101 0.000000
-248.524245 0.000000
-250.585389 0.000000
-252.646532 0.000000
-254.707676 0.000000
-256.768820 0.000000
-258.829964 0.000000
-260.891108 0.000000
-262.952252 0.000000
-265.013396 0.000000
-267.074540 0.000000
-269.135684 0.000000
-271.196828 0.000000
-273.257972 0.000000
-275.319116 0.000000
-277.380260 0.000000
-279.441404 0.000000
-281.502548 0.000000
-283.563692 0.000000
-285.624836 0.000000
-287.685980 0.000000
-289.747124 0.000000
