235.844584 -2.979581
233.783440 -3.560649
231.722296 -4.231648
229.661152 -4.161264
227.600008 -3.498202
225.538864 -3.492478
223.477720 -4.226201
221.416576 -5.063191
219.355432 -5.689612
217.294288 -5.538247
215.233144 -4.950169
213.172000 -4.373365
211.110856 -3.776666
209.049712 -3.205763
206.988569 -3.592299
204.927425 -4.402576
202.866281 -4.055213
200.805137 -3.214937
198.743993 -3.205865
196.682849 -3.994213
194.621705 -4.968722
192.560561 -5.543321
190.499417 -5.236777
188.438273 -4.324294
186.377129 -3.692796
184.315985 -3.647694
182.254841 -4.074800
180.193697 -4.823120
178.132553 -5.578926
176.071409 -6.261326
174.010265 -6.501103
171.949121 -5.718330
169.887977 -4.669800
167.826833 -4.399206
165.765690 -4.437543
163.704546 -4.603458
161.643402 -4.905731
159.582258 -5.327447
157.521114 -6.197413
155.459970 -6.848481
153.398826 -6.468317
151.337682 -5.703301
149.276538 -5.624453
147.215394 -6.127314
145.154250 -6.703230
143.093106 -7.040652
141.031962 -6.989678
138.970818 -7.112264
136.909674 -7.172579
134.848530 -6.870114
132.787386 -6.566231
130.726242 -5.884598
128.665098 -5.068198
126.603954 -5.006352
124.542810 -5.470772
122.481667 -5.709769
120.420523 -6.435948
118.359379 -7.403394
116.298235 -7.528412
114.237091 -7.523710
112.175947 -7.907656
110.114803 -8.076722
108.053659 -7.554412
105.992515 -6.862758
103.931371 -6.995199
101.870227 -7.569558
99.809083 -7.703874
97.747939 -7.329183
95.686795 -7.240559
93.625651 -7.872077
91.564507 -8.020114
89.503363 -7.752046
87.442219 -7.888549
85.381075 -7.752344
83.319931 -7.086656
81.258788 -6.658895
79.197644 -6.391592
77.136500 -5.883926
75.075356 -5.486495
73.014212 -4.866643
70.953068 -3.487201
68.891924 -1.247910
66.830780 2.013807
64.769636 5.474718
62.708492 9.375820
60.647348 14.989266
58.586204 21.890023
56.525060 29.482257
54.463916 37.810324
52.402772 46.484563
50.341628 53.835247
48.280484 57.959858
46.219340 58.794716
44.158196 57.436870
42.097052 53.956178
40.035909 48.232705
37.974765 42.172241
35.913621 38.185711
33.852477 37.738383
31.791333 41.453353
29.730189 47.914947
27.669045 52.816871
25.607901 53.375570
23.546757 50.607806
21.485613 46.767238
19.424469 43.573320
17.363325 43.077414
15.302181 44.618334
13.241037 46.438070
11.179893 49.038839
9.118749 50.549754
7.057605 47.511527
4.996461 40.156656
2.935317 30.802920
0.874173 21.163629
-1.186970 12.371719
-3.248114 5.394269
-5.309258 0.650385
-7.370402 -2.184516
-9.431546 -3.857603
-11.492690 -4.787094
-13.553834 -5.527264
-15.614978 -6.497280
-17.676122 -6.838591
-19.737266 -6.392584
-21.798410 -6.538529
-23.859554 -7.320390
-25.920698 -7.679331
-27.981842 -7.176634
-30.042986 -6.703379
-32.104130 -7.278337
-34.165274 -8.242853
-36.226418 -8.652959
-38.287562 -8.236328
-40.348706 -7.629439
-42.409850 -7.583237
-44.470993 -7.403472
-46.532137 -7.266938
-48.593281 -8.365449
-50.654425 -9.958617
-52.715569 -10.582276
-54.776713 -10.802920
-56.837857 -11.046125
-58.899001 -10.677344
-60.960145 -9.767423
-63.021289 -9.146288
-65.082433 -9.012205
-67.143577 -9.372058
-69.204721 -9.976883
-71.265865 -10.200168
-73.327009 -9.762034
-75.388153 -9.655529
-77.449297 -10.510889
-79.510441 -11.322809
-81.571585 -11.423174
-83.632729 -10.932894
-85.693872 -10.019862
-87.755016 -9.295036
-89.816160 -9.356886
-91.877304 -9.775721
-93.938448 -9.561457
-95.999592 -8.933591
-98.060736 -8.958866
-100.121880 -9.602017
-102.183024 -9.757071
-104.244168 -9.329360
-106.305312 -8.954397
-108.366456 -8.758060
-110.427600 -8.497167
-112.488744 -8.181819
-114.549888 -8.317735
-116.611032 -8.825853
-118.672176 -8.884347
-120.733320 -8.659971
-122.794464 -8.742156
-124.855608 -9.064504
-126.916751 -9.593215
-128.977895 -10.014415
-131.039039 -9.553345
-133.100183 -8.954127
-135.161327 -9.003334
-137.222471 -9.048763
-139.283615 -8.940308
-141.344759 -8.735747
-143.405903 -8.426778
-145.467047 -7.905098
-147.528191 -7.737470
-149.589335 -8.545058
-151.650479 -9.232672
-153.711623 -9.005036
-155.772767 -8.842101
-157.833911 -8.940313
-159.895055 -8.949502
-161.956199 -8.296073
-164.017343 -7.651155
-166.078487 -7.344505
-168.139630 -7.394266
-170.200774 -7.484966
-172.261918 -7.432814
-174.323062 -7.535478
-176.384206 -7.636936
-178.445350 -7.439623
-180.506494 -7.129522
-182.567638 -7.568028
-184.628782 -8.233800
-186.689926 -8.015295
-188.751070 -6.852065
-190.812214 -5.686950
-192.873358 -6.043238
-194.934502 -7.475841
-196.995646 -7.841487
-199.056790 -7.672622
-201.117934 -7.961359
-203.179078 -7.965228
-205.240222 -7.630403
-207.301366 -7.367229
-209.362509 -6.965752
-211.423653 -6.518000
-213.484797 -6.402143
-215.545941 -6.392354
-217.607085 -6.569080
-219.668229 -6.836475
-221.729373 -7.090537
-223.790517 -6.840102
-225.851661 -6.494639
-227.912805 -6.249165
-229.973949 -5.814780
-232.035093 -5.673513
-234.096237 -5.669639
-236.157381 -5.572055
-238.218525 -5.482731
-240.279669 -5.916687
-242.340813 -6.693966
-244.401957 -6.773533
-246.463101 -6.043882
-248.524245 -5.514709
-250.585389 -5.391279
-252.646532 -5.147522
-254.707676 -4.742412
-256.768820 -5.262162
-258.829964 -6.306373
-260.891108 -6.162116
-262.952252 -5.295146
-265.013396 -4.801061
-267.074540 -4.558475
-269.135684 -4.340775
-271.196828 -4.194535
-273.257972 -4.563818
-275.319116 -5.336869
-277.380260 -5.745013
-279.441404 -5.452983
-281.502548 -4.582683
-283.563692 -4.018967
-285.624836 -4.775400
-287.685980 -6.132540
-289.747124 -7.470371
