# BEGINHEADER
# This file contains data from the SALSA 2m radio telescope.
# DATE=2024-01-31T18:42:0002
# GLON and GLAT given in degrees
# GLON=214.82651471773735
# GLAT=-0.2671652977275874
# DATA in two columns below. Col. 1 is velocity relative to LSR [km/s]. Col. 2 is uncalibrated antenna temperature [K].
# ENDHEADER
235.84458382951718 -2.7359137440129624
233.78343987891853 -3.2393645932241246
231.72229592831988 -4.804649031148233
229.66115197772126 -5.031020363065839
227.6000080271226 -2.596223220928149
225.538864076524 -2.8524022627931314
223.47772012592532 -4.829193199909462
221.4165761753267 -4.3063137727324845
219.35543222472805 -7.047556765207924
217.29428827412943 -5.212427347111391
215.23314432353078 -5.247092816745384
213.17200037293213 -3.8657559207483736
211.11085642233348 -4.635624438276314
209.04971247173486 -2.1051217585162023
206.98856852113622 -2.729162042792936
204.92742457053757 -6.155944843349787
202.86628061993892 -4.17883187735331
200.8051366693403 -2.3606406161515627
198.74399271874165 -2.8119285059312586
196.68284876814297 -3.9541110287012255
194.62170481754436 -5.08995655472003
192.56056086694568 -6.1405469919546
190.49941691634706 -5.836733530550701
188.4382729657484 -3.853096999866947
186.3771290151498 -3.355498503582742
184.31598506455114 -3.5431129264791266
182.2548411139525 -3.6713922446514964
180.19369716335385 -5.073063485715597
178.13255321275523 -5.511887836684621
176.07140926215658 -6.2371214280721325
174.01026531155796 -7.4217161836367405
171.94912136095928 -6.25977482544671
169.88797741036066 -3.2091568070715706
167.826833459762 -4.957588889481381
165.7656895091634 -4.1879462709965
163.70454555856472 -4.361872772546809
161.64340160796607 -5.351335118794554
159.58225765736745 -4.506953930954416
157.5211137067688 -6.3126746335038275
155.45996975617018 -7.80565128373615
153.3988258055715 -6.826943720216864
151.33768185497289 -4.872192246633336
149.27653790437424 -5.30468720787888
147.21539395377562 -6.3854116936599254
145.15425000317697 -6.367599833662736
143.09310605257832 -8.01002235322737
141.03196210197967 -6.263545884341186
138.97081815138105 -7.100482124409043
136.9096742007824 -8.043952267534772
134.84853025018376 -5.9736986368058425
132.7873862995851 -7.377434343599325
130.7262423489865 -5.970899946921555
128.66509839838784 -4.579679615866801
126.60395444778919 -4.067448695159269
124.54281049719056 -6.743494787993901
122.48166654659191 -4.839425906538259
120.42052259599328 -5.736175564654822
118.35937864539464 -9.009957345522183
116.298234694796 -7.0567811825900275
114.23709074419736 -7.121817138235636
112.17594679359871 -8.130207238900086
110.11480284300008 -8.490315758336992
108.05365889240143 -8.122043740759594
105.9925149418028 -5.717799749491285
103.93137099120415 -6.81386795207384
101.8702270406055 -8.079232405166653
99.80908309000687 -7.895623244177052
97.74793913940822 -7.6910586726898735
95.68679518880958 -5.600136994202874
93.62565123821093 -9.070787040446406
91.5645072876123 -8.458703684574113
89.50336333701367 -6.701972828353509
87.44221938641502 -8.396557101287973
85.38107543581638 -8.415022927204525
83.31993148521774 -6.558793988456851
81.2587875346191 -6.362607164652296
79.19764358402045 -7.147088796971939
77.13649963342182 -5.304916172527864
75.07535568282319 -5.529004002410176
73.01421173222454 -5.781605352794102
70.9530677816259 -3.175943252319529
68.89192383102726 -2.7094161521033895
66.83077988042862 2.4077508876352995
64.76963592982997 5.95927786589472
62.70849197923133 7.335265177180143
60.64734802863269 14.844342334278148
58.58620407803405 21.558828923217654
56.52506012743542 29.116447791891897
54.46391617683677 37.298380733423826
52.40277222623813 46.92313888856631
50.341628275639486 56.06226216060077
48.280484325040845 59.879908959113244
46.219340374442204 59.55784480602122
44.15819642384357 58.096395222895694
42.09705247324493 56.10078859292387
40.03590852264629 48.14168927743943
37.97476457204765 41.025263909802426
35.913620621449 36.165756446272994
33.85247667085036 35.81209148625268
31.79133272025172 38.56618970777883
29.73018876965308 49.6099382436296
27.669044819054438 55.63939586361505
25.6079008684558 55.574740588137196
23.546756917857163 50.11316404280694
21.48561296725852 47.67003226182495
19.424469016659877 41.01817594241163
17.36332506606124 41.364322507510444
15.302181115462599 46.33659631456923
13.241037164863958 44.65361253118431
11.179893214265315 48.86114503748547
9.118749263666674 54.4831446830748
7.057605313068033 49.66374208404767
4.996461362469393 40.98607163385051
2.9353174118707526 30.77214214904256
0.8741734612721116 20.890513803883145
-1.1869704893265292 11.223607038122594
-3.24811443992517 4.266345124311322
-5.30925839052381 -0.5799531799274108
-7.3704023411224515 -2.4664183772007813
-9.431546291721094 -4.318371256259645
-11.492690242319734 -5.113224743854224
-13.553834192918373 -4.780606396131892
-15.614978143517014 -6.9166287997708995
-17.676122094115655 -8.172752265496676
-19.737266044714296 -5.17650041138891
-21.798409995312937 -6.216034711921851
-23.859553945911575 -7.638842795073033
-25.920697896510223 -8.356353543196652
-27.981841847108864 -7.5162023043131825
-30.0429857977075 -5.278478251227426
-32.10412974830614 -7.388218322992199
-34.165273698904784 -8.589539389305289
-36.226417649503425 -9.097760635600723
-38.287561600102066 -8.86478916293973
-40.3487055507007 -6.279534047222048
-42.40984950129935 -8.266878409008525
-44.47099345189799 -7.7989882895522795
-46.53213740249663 -5.987965306501793
-48.59328135309527 -7.597322277315273
-50.65442530369391 -11.676371559231267
-52.71556925429255 -10.248788282152772
-54.77671320489119 -10.569988960129532
-56.83785715548983 -11.501351845996137
-58.89900110608847 -11.430862132257625
-60.96014505668712 -8.999109639898496
-63.02128900728576 -9.26022056554062
-65.0824329578844 -8.498488283541064
-67.14357690848304 -9.31166903194726
-69.20472085908168 -9.991789945240798
-71.26586480968032 -11.079008222607252
-73.32700876027896 -9.57449402591118
-75.38815271087759 -8.410270499933842
-77.44929666147624 -10.93632618864364
-79.51044061207487 -11.875040943711289
-81.57158456267352 -11.485315228279065
-83.63272851327216 -11.426940266550885
-85.6938724638708 -9.888757936914493
-87.75501641446944 -8.723893598644416
-89.81616036506809 -8.823201219842625
-91.87730431566673 -10.600110476745066
-93.93844826626537 -9.941224071652337
-95.99959221686402 -8.385422708826692
-98.06073616746265 -8.104805709813576
-100.1218801180613 -10.426532400627972
-102.18302406865993 -10.135683625030572
-104.24416801925857 -9.077994994515636
-106.30531196985721 -8.849716448467207
-108.36645592045585 -8.779570433067935
-110.4275998710545 -8.748517264158151
-112.48874382165313 -7.88552977426993
-114.54988777225176 -7.615782984065123
-116.61103172285041 -9.642653061879129
-118.67217567344905 -9.042584107248357
-120.7333196240477 -8.195949385807406
-122.79446357464633 -8.733519740243851
-124.85560752524498 -9.114587080654978
-126.91675147584361 -9.003130671125161
-128.97789542644225 -11.272626655162776
-131.0390393770409 -9.705962568626179
-133.10018332763954 -7.654848898113289
-135.16132727823816 -9.894547519426796
-137.22247122883684 -8.615643470944056
-139.28361517943546 -9.357937825968985
-141.3447591300341 -8.42631853174563
-143.40590308063273 -8.852684933943685
-145.46704703123137 -7.90940470707382
-147.52819098183005 -6.650097624280084
-149.58933493242867 -8.346970868626379
-151.65047888302732 -11.105499818240444
-153.71162283362594 -7.538523581663374
-155.77276678422461 -9.769372828307386
-157.83391073482323 -7.711689024695398
-159.89505468542188 -10.819590288492604
-161.9561986360205 -7.183300817565572
-164.01734258661915 -8.067525171969372
-166.0784865372178 -6.772003146728835
-168.13963048781645 -7.4096373715804855
-170.20077443841507 -7.957692418751464
-172.26191838901372 -6.8386442679890305
-174.32306233961233 -7.897500892184018
-176.384206290211 -7.39247984174059
-178.44535024080963 -8.353075469537242
-180.50649419140828 -5.846436147913975
-182.5676381420069 -7.497585569416815
-184.62878209260555 -9.042449587994673
-186.68992604320422 -8.459975761469702
-188.75106999380284 -7.227579461215206
-190.8122139444015 -4.658096236406495
-192.8733578950001 -4.227535673913252
-194.9345018455988 -9.689635508799967
-196.9956457961974 -7.885573323577832
-199.05678974679603 -6.563507936679153
-201.11793369739465 -8.819411991972993
-203.17907764799332 -8.072039513502066
-205.24022159859194 -7.377925846377443
-207.3013655491906 -7.428461166517027
-209.3625094997892 -7.497625479458181
-211.42365345038786 -5.4734433201772825
-213.4847974009865 -7.266954100869671
-215.54594135158516 -5.437548714720709
-217.60708530218378 -7.351328374904494
-219.66822925278242 -5.904633808342066
-221.72937320338107 -8.223704646138405
-223.79051715397972 -6.638360578099458
-225.85166110457837 -5.919664206172779
-227.912805055177 -7.328833163294529
-229.97394900577564 -4.705475083630543
-232.03509295637429 -6.190711933139454
-234.09623690697293 -5.346083795954635
-236.15738085757155 -6.045734821511667
-238.2185248081702 -4.875913027592031
-240.27966875876882 -5.514226929469534
-242.3408127093675 -7.192216644363999
-244.40195665996612 -7.80874456952476
-246.46310061056477 -5.280885716329875
-248.52424456116339 -5.487897978178357
-250.58538851176206 -5.169099333236466
-252.64653246236068 -6.025514494706997
-254.70767641295933 -3.756722509503653
-256.76882036355795 -4.191622103763872
-258.8299643141566 -8.116350877466862
-260.89110826475525 -6.432101361252364
-262.9522522153539 -4.5303495606552735
-265.01339616595254 -5.047990188762928
-267.0745401165512 -4.2848271357905485
-269.13568406714984 -4.696655705407817
-271.19682801774843 -3.663420157959241
-273.2579719683471 -4.150362412604319
-275.3191159189458 -5.737561597214483
-277.3802598695444 -6.197574825353518
-279.441403820143 -5.579338465180115
-281.5025477707416 -5.2665483375762365
-283.5636917213403 -1.8320015003346124
-285.62483567193897 -5.610028476033452
-287.68597962253756 -5.343933446545712
-289.7471235731362 -8.385722793010087
