0,1979.32
0.00012207,1977.39
0.000244141,1975.46
0.000366211,1973.53
0.000488281,1971.6
0.000610352,1969.68
0.000732422,1967.76
0.000854492,1965.84
0.000976563,1963.92
0.00109863,1962
0.0012207,1960.08
0.00134277,1958.17
0.00146484,1956.26
0.00158691,1954.35
0.00170898,1952.44
0.00183105,1950.54
0.00195313,1948.63
0.0020752,1946.73
0.00219727,1944.83
0.00231934,1942.93
0.00244141,1941.04
0.00256348,1939.14
0.00268555,1937.25
0.00280762,1935.36
0.00292969,1933.47
0.00305176,1931.58
0.00317383,1929.7
0.0032959,1927.81
0.00341797,1925.93
0.00354004,1924.05
0.00366211,1922.17
0.00378418,1920.3
0.00390625,1918.42
0.00402832,1916.55
0.00415039,1914.68
0.00427246,1912.81
0.00439453,1910.94
0.0045166,1909.08
0.00463867,1907.21
0.00476074,1905.35
0.00488281,1903.49
0.00500488,1901.64
0.00512695,1899.78
0.00524902,1897.93
0.00537109,1896.07
0.00549316,1894.22
0.00561523,1892.37
0.0057373,1890.53
0.00585938,1888.68
0.00598145,1886.84
0.00610352,1885
0.00622559,1883.16
0.00634766,1881.32
0.00646973,1879.48
0.0065918,1877.65
0.00671387,1875.81
0.00683594,1873.98
0.00695801,1872.15
0.00708008,1870.33
0.00720215,1868.5
0.00732422,1866.68
0.00744629,1864.85
0.00756836,1863.03
0.00769043,1861.22
0.0078125,1859.4
0.00793457,1857.58
0.00805664,1855.77
0.00817871,1853.96
0.00830078,1852.15
0.00842285,1850.34
0.00854492,1848.54
0.00866699,1846.73
0.00878906,1844.93
0.00891113,1843.13
0.0090332,1841.33
0.00915527,1839.53
0.00927734,1837.74
0.00939941,1835.94
0.00952148,1834.15
0.00964355,1832.36
0.00976563,1830.57
0.0098877,1828.79
0.0100098,1827
0.0101318,1825.22
0.0102539,1823.44
0.010376,1821.66
0.010498,1819.88
0.0106201,1818.1
0.0107422,1816.33
0.0108643,1814.55
0.0109863,1812.78
0.0111084,1811.01
0.0112305,1809.25
0.0113525,1807.48
0.0114746,1805.71
0.0115967,1803.95
0.0117188,1802.19
0.0118408,1800.43
0.0119629,1798.68
0.012085,1796.92
0.012207,1795.17
0.0123291,1793.41
0.0124512,1791.66
0.0125732,1789.91
0.0126953,1788.17
0.0128174,1786.42
0.0129395,1784.68
0.0130615,1782.94
0.0131836,1781.2
0.0133057,1779.46
0.0134277,1777.72
0.0135498,1775.98
0.0136719,1774.25
0.0137939,1772.52
0.013916,1770.79
0.0140381,1769.06
0.0141602,1767.33
0.0142822,1765.61
0.0144043,1763.89
0.0145264,1762.16
0.0146484,1760.44
0.0147705,1758.73
0.0148926,1757.01
0.0150146,1755.29
0.0151367,1753.58
0.0152588,1751.87
0.0153809,1750.16
0.0155029,1748.45
0.015625,1746.74
0.0157471,1745.04
0.0158691,1743.34
0.0159912,1741.63
0.0161133,1739.93
0.0162354,1738.24
0.0163574,1736.54
0.0164795,1734.84
0.0166016,1733.15
0.0167236,1731.46
0.0168457,1729.77
0.0169678,1728.08
0.0170898,1726.39
0.0172119,1724.71
0.017334,1723.03
0.0174561,1721.34
0.0175781,1719.66
0.0177002,1717.98
0.0178223,1716.31
0.0179443,1714.63
0.0180664,1712.96
0.0181885,1711.29
0.0183105,1709.62
0.0184326,1707.95
0.0185547,1706.28
0.0186768,1704.62
0.0187988,1702.95
0.0189209,1701.29
0.019043,1699.63
0.019165,1697.97
0.0192871,1696.31
0.0194092,1694.66
0.0195313,1693
0.0196533,1691.35
0.0197754,1689.7
0.0198975,1688.05
0.0200195,1686.4
0.0201416,1684.76
0.0202637,1683.11
0.0203857,1681.47
0.0205078,1679.83
0.0206299,1678.19
0.020752,1676.55
0.020874,1674.91
0.0209961,1673.28
0.0211182,1671.64
0.0212402,1670.01
0.0213623,1668.38
0.0214844,1666.75
0.0216064,1665.13
0.0217285,1663.5
0.0218506,1661.88
0.0219727,1660.26
0.0220947,1658.64
0.0222168,1657.02
0.0223389,1655.4
0.0224609,1653.78
0.022583,1652.17
0.0227051,1650.56
0.0228271,1648.95
0.0229492,1647.34
0.0230713,1645.73
0.0231934,1644.12
0.0233154,1642.52
0.0234375,1640.91
0.0235596,1639.31
0.0236816,1637.71
0.0238037,1636.11
0.0239258,1634.52
0.0240479,1632.92
0.0241699,1631.33
0.024292,1629.74
0.0244141,1628.14
0.0245361,1626.56
0.0246582,1624.97
0.0247803,1623.38
0.0249023,1621.8
0.0250244,1620.21
0.0251465,1618.63
0.0252686,1617.05
0.0253906,1615.47
0.0255127,1613.9
0.0256348,1612.32
0.0257568,1610.75
0.0258789,1609.18
0.026001,1607.61
0.026123,1606.04
0.0262451,1604.47
0.0263672,1602.9
0.0264893,1601.34
0.0266113,1599.77
0.0267334,1598.21
0.0268555,1596.65
0.0269775,1595.09
0.0270996,1593.54
0.0272217,1591.98
0.0273438,1590.43
0.0274658,1588.88
0.0275879,1587.33
0.02771,1585.78
0.027832,1584.23
0.0279541,1582.68
0.0280762,1581.14
0.0281982,1579.59
0.0283203,1578.05
0.0284424,1576.51
0.0285645,1574.97
0.0286865,1573.44
0.0288086,1571.9
0.0289307,1570.37
0.0290527,1568.83
0.0291748,1567.3
0.0292969,1565.77
0.0294189,1564.24
0.029541,1562.72
0.0296631,1561.19
0.0297852,1559.67
0.0299072,1558.14
0.0300293,1556.62
0.0301514,1555.1
0.0302734,1553.59
0.0303955,1552.07
0.0305176,1550.55
0.0306396,1549.04
0.0307617,1547.53
0.0308838,1546.02
0.0310059,1544.51
0.0311279,1543
0.03125,1541.5
0.0313721,1539.99
0.0314941,1538.49
0.0316162,1536.99
0.0317383,1535.49
0.0318604,1533.99
0.0319824,1532.49
0.0321045,1530.99
0.0322266,1529.5
0.0323486,1528.01
0.0324707,1526.52
0.0325928,1525.03
0.0327148,1523.54
0.0328369,1522.05
0.032959,1520.56
0.0330811,1519.08
0.0332031,1517.6
0.0333252,1516.12
0.0334473,1514.64
0.0335693,1513.16
0.0336914,1511.68
0.0338135,1510.21
0.0339355,1508.73
0.0340576,1507.26
0.0341797,1505.79
0.0343018,1504.32
0.0344238,1502.85
0.0345459,1501.38
0.034668,1499.92
0.03479,1498.45
0.0349121,1496.99
0.0350342,1495.53
0.0351563,1494.07
0.0352783,1492.61
0.0354004,1491.15
0.0355225,1489.7
0.0356445,1488.24
0.0357666,1486.79
0.0358887,1485.34
0.0360107,1483.89
0.0361328,1482.44
0.0362549,1481
0.036377,1479.55
0.036499,1478.11
0.0366211,1476.66
0.0367432,1475.22
0.0368652,1473.78
0.0369873,1472.34
0.0371094,1470.91
0.0372314,1469.47
0.0373535,1468.04
0.0374756,1466.6
0.0375977,1465.17
0.0377197,1463.74
0.0378418,1462.31
0.0379639,1460.89
0.0380859,1459.46
0.038208,1458.03
0.0383301,1456.61
0.0384521,1455.19
0.0385742,1453.77
0.0386963,1452.35
0.0388184,1450.93
0.0389404,1449.52
0.0390625,1448.1
0.0391846,1446.69
0.0393066,1445.28
0.0394287,1443.87
0.0395508,1442.46
0.0396729,1441.05
0.0397949,1439.64
0.039917,1438.24
0.0400391,1436.83
0.0401611,1435.43
0.0402832,1434.03
0.0404053,1432.63
0.0405273,1431.23
0.0406494,1429.83
0.0407715,1428.44
0.0408936,1427.04
0.0410156,1425.65
0.0411377,1424.26
0.0412598,1422.87
0.0413818,1421.48
0.0415039,1420.09
0.041626,1418.71
0.041748,1417.32
0.0418701,1415.94
0.0419922,1414.56
0.0421143,1413.18
0.0422363,1411.8
0.0423584,1410.42
0.0424805,1409.04
0.0426025,1407.67
0.0427246,1406.29
0.0428467,1404.92
0.0429688,1403.55
0.0430908,1402.18
0.0432129,1400.81
0.043335,1399.44
0.043457,1398.08
0.0435791,1396.71
0.0437012,1395.35
0.0438232,1393.99
0.0439453,1392.63
0.0440674,1391.27
0.0441895,1389.91
0.0443115,1388.55
0.0444336,1387.2
0.0445557,1385.84
0.0446777,1384.49
0.0447998,1383.14
0.0449219,1381.79
0.0450439,1380.44
0.045166,1379.09
0.0452881,1377.75
0.0454102,1376.4
0.0455322,1375.06
0.0456543,1373.72
0.0457764,1372.37
0.0458984,1371.04
0.0460205,1369.7
0.0461426,1368.36
0.0462646,1367.02
0.0463867,1365.69
0.0465088,1364.36
0.0466309,1363.03
0.0467529,1361.69
0.046875,1360.37
0.0469971,1359.04
0.0471191,1357.71
0.0472412,1356.39
0.0473633,1355.06
0.0474854,1353.74
0.0476074,1352.42
0.0477295,1351.1
0.0478516,1349.78
0.0479736,1348.46
0.0480957,1347.15
0.0482178,1345.83
0.0483398,1344.52
0.0484619,1343.2
0.048584,1341.89
0.0487061,1340.58
0.0488281,1339.28
0.0489502,1337.97
0.0490723,1336.66
0.0491943,1335.36
0.0493164,1334.05
0.0494385,1332.75
0.0495605,1331.45
0.0496826,1330.15
0.0498047,1328.85
0.0499268,1327.56
0.0500488,1326.26
0.0501709,1324.97
0.050293,1323.67
0.050415,1322.38
0.0505371,1321.09
0.0506592,1319.8
0.0507813,1318.51
0.0509033,1317.22
0.0510254,1315.94
0.0511475,1314.65
0.0512695,1313.37
0.0513916,1312.09
0.0515137,1310.81
0.0516357,1309.53
0.0517578,1308.25
0.0518799,1306.97
0.052002,1305.7
0.052124,1304.42
0.0522461,1303.15
0.0523682,1301.88
0.0524902,1300.61
0.0526123,1299.34
0.0527344,1298.07
0.0528564,1296.8
0.0529785,1295.54
0.0531006,1294.27
0.0532227,1293.01
0.0533447,1291.75
0.0534668,1290.49
0.0535889,1289.23
0.0537109,1287.97
0.053833,1286.71
0.0539551,1285.46
0.0540771,1284.2
0.0541992,1282.95
0.0543213,1281.69
0.0544434,1280.44
0.0545654,1279.19
0.0546875,1277.95
0.0548096,1276.7
0.0549316,1275.45
0.0550537,1274.21
0.0551758,1272.96
0.0552979,1271.72
0.0554199,1270.48
0.055542,1269.24
0.0556641,1268
0.0557861,1266.76
0.0559082,1265.53
0.0560303,1264.29
0.0561523,1263.06
0.0562744,1261.82
0.0563965,1260.59
0.0565186,1259.36
0.0566406,1258.13
0.0567627,1256.9
0.0568848,1255.68
0.0570068,1254.45
0.0571289,1253.23
0.057251,1252
0.057373,1250.78
0.0574951,1249.56
0.0576172,1248.34
0.0577393,1247.12
0.0578613,1245.91
0.0579834,1244.69
0.0581055,1243.47
0.0582275,1242.26
0.0583496,1241.05
0.0584717,1239.84
0.0585938,1238.63
0.0587158,1237.42
0.0588379,1236.21
0.05896,1235
0.059082,1233.8
0.0592041,1232.59
0.0593262,1231.39
0.0594482,1230.19
0.0595703,1228.99
0.0596924,1227.79
0.0598145,1226.59
0.0599365,1225.39
0.0600586,1224.2
0.0601807,1223
0.0603027,1221.81
0.0604248,1220.62
0.0605469,1219.42
0.0606689,1218.23
0.060791,1217.04
0.0609131,1215.86
0.0610352,1214.67
0.0611572,1213.48
0.0612793,1212.3
0.0614014,1211.12
0.0615234,1209.93
0.0616455,1208.75
0.0617676,1207.57
0.0618896,1206.39
0.0620117,1205.22
0.0621338,1204.04
0.0622559,1202.87
0.0623779,1201.69
0.0625,1200.52
0.0626221,1199.35
0.0627441,1198.18
0.0628662,1197.01
0.0629883,1195.84
0.0631104,1194.67
0.0632324,1193.5
0.0633545,1192.34
0.0634766,1191.18
0.0635986,1190.01
0.0637207,1188.85
0.0638428,1187.69
0.0639648,1186.53
0.0640869,1185.37
0.064209,1184.22
0.0643311,1183.06
0.0644531,1181.91
0.0645752,1180.75
0.0646973,1179.6
0.0648193,1178.45
0.0649414,1177.3
0.0650635,1176.15
0.0651855,1175
0.0653076,1173.85
0.0654297,1172.71
0.0655518,1171.56
0.0656738,1170.42
0.0657959,1169.28
0.065918,1168.14
0.06604,1167
0.0661621,1165.86
0.0662842,1164.72
0.0664063,1163.58
0.0665283,1162.45
0.0666504,1161.31
0.0667725,1160.18
0.0668945,1159.05
0.0670166,1157.91
0.0671387,1156.78
0.0672607,1155.66
0.0673828,1154.53
0.0675049,1153.4
0.067627,1152.27
0.067749,1151.15
0.0678711,1150.03
0.0679932,1148.9
0.0681152,1147.78
0.0682373,1146.66
0.0683594,1145.54
0.0684814,1144.42
0.0686035,1143.31
0.0687256,1142.19
0.0688477,1141.08
0.0689697,1139.96
0.0690918,1138.85
0.0692139,1137.74
0.0693359,1136.63
0.069458,1135.52
0.0695801,1134.41
0.0697021,1133.3
0.0698242,1132.2
0.0699463,1131.09
0.0700684,1129.99
0.0701904,1128.88
0.0703125,1127.78
0.0704346,1126.68
0.0705566,1125.58
0.0706787,1124.48
0.0708008,1123.39
0.0709229,1122.29
0.0710449,1121.19
0.071167,1120.1
0.0712891,1119.01
0.0714111,1117.91
0.0715332,1116.82
0.0716553,1115.73
0.0717773,1114.64
0.0718994,1113.56
0.0720215,1112.47
0.0721436,1111.38
0.0722656,1110.3
0.0723877,1109.21
0.0725098,1108.13
0.0726318,1107.05
0.0727539,1105.97
0.072876,1104.89
0.072998,1103.81
0.0731201,1102.73
0.0732422,1101.66
0.0733643,1100.58
0.0734863,1099.51
0.0736084,1098.43
0.0737305,1097.36
0.0738525,1096.29
0.0739746,1095.22
0.0740967,1094.15
0.0742188,1093.08
0.0743408,1092.02
0.0744629,1090.95
0.074585,1089.89
0.074707,1088.82
0.0748291,1087.76
0.0749512,1086.7
0.0750732,1085.64
0.0751953,1084.58
0.0753174,1083.52
0.0754395,1082.46
0.0755615,1081.41
0.0756836,1080.35
0.0758057,1079.3
0.0759277,1078.24
0.0760498,1077.19
0.0761719,1076.14
0.0762939,1075.09
0.076416,1074.04
0.0765381,1072.99
0.0766602,1071.94
0.0767822,1070.9
0.0769043,1069.85
0.0770264,1068.81
0.0771484,1067.76
0.0772705,1066.72
0.0773926,1065.68
0.0775146,1064.64
0.0776367,1063.6
0.0777588,1062.56
0.0778809,1061.53
0.0780029,1060.49
0.078125,1059.45
0.0782471,1058.42
0.0783691,1057.39
0.0784912,1056.35
0.0786133,1055.32
0.0787354,1054.29
0.0788574,1053.26
0.0789795,1052.24
0.0791016,1051.21
0.0792236,1050.18
0.0793457,1049.16
0.0794678,1048.13
0.0795898,1047.11
0.0797119,1046.09
0.079834,1045.07
0.0799561,1044.05
0.0800781,1043.03
0.0802002,1042.01
0.0803223,1040.99
0.0804443,1039.98
0.0805664,1038.96
0.0806885,1037.95
0.0808105,1036.93
0.0809326,1035.92
0.0810547,1034.91
0.0811768,1033.9
0.0812988,1032.89
0.0814209,1031.88
0.081543,1030.88
0.081665,1029.87
0.0817871,1028.87
0.0819092,1027.86
0.0820313,1026.86
0.0821533,1025.86
0.0822754,1024.85
0.0823975,1023.85
0.0825195,1022.85
0.0826416,1021.86
0.0827637,1020.86
0.0828857,1019.86
0.0830078,1018.87
0.0831299,1017.87
0.083252,1016.88
0.083374,1015.89
0.0834961,1014.89
0.0836182,1013.9
0.0837402,1012.91
0.0838623,1011.93
0.0839844,1010.94
0.0841064,1009.95
0.0842285,1008.97
0.0843506,1007.98
0.0844727,1007
0.0845947,1006.01
0.0847168,1005.03
0.0848389,1004.05
0.0849609,1003.07
0.085083,1002.09
0.0852051,1001.11
0.0853271,1000.14
0.0854492,999.16
0.0855713,998.185
0.0856934,997.211
0.0858154,996.237
0.0859375,995.265
0.0860596,994.293
0.0861816,993.323
0.0863037,992.353
0.0864258,991.385
0.0865479,990.417
0.0866699,989.45
0.086792,988.484
0.0869141,987.519
0.0870361,986.556
0.0871582,985.593
0.0872803,984.631
0.0874023,983.67
0.0875244,982.709
0.0876465,981.75
0.0877686,980.792
0.0878906,979.835
0.0880127,978.878
0.0881348,977.923
0.0882568,976.968
0.0883789,976.015
0.088501,975.062
0.088623,974.11
0.0887451,973.159
0.0888672,972.209
0.0889893,971.26
0.0891113,970.312
0.0892334,969.365
0.0893555,968.419
0.0894775,967.474
0.0895996,966.53
0.0897217,965.586
0.0898438,964.644
0.0899658,963.702
0.0900879,962.761
0.09021,961.822
0.090332,960.883
0.0904541,959.945
0.0905762,959.008
0.0906982,958.072
0.0908203,957.137
0.0909424,956.202
0.0910645,955.269
0.0911865,954.337
0.0913086,953.405
0.0914307,952.475
0.0915527,951.545
0.0916748,950.616
0.0917969,949.688
0.0919189,948.761
0.092041,947.835
0.0921631,946.91
0.0922852,945.986
0.0924072,945.062
0.0925293,944.14
0.0926514,943.218
0.0927734,942.298
0.0928955,941.378
0.0930176,940.459
0.0931396,939.541
0.0932617,938.624
0.0933838,937.708
0.0935059,936.793
0.0936279,935.878
0.09375,934.965
0.0938721,934.052
0.0939941,933.14
0.0941162,932.229
0.0942383,931.32
0.0943604,930.411
0.0944824,929.502
0.0946045,928.595
0.0947266,927.689
0.0948486,926.783
0.0949707,925.879
0.0950928,924.975
0.0952148,924.072
0.0953369,923.17
0.095459,922.269
0.0955811,921.369
0.0957031,920.469
0.0958252,919.571
0.0959473,918.673
0.0960693,917.777
0.0961914,916.881
0.0963135,915.986
0.0964355,915.092
0.0965576,914.199
0.0966797,913.306
0.0968018,912.415
0.0969238,911.524
0.0970459,910.634
0.097168,909.746
0.09729,908.858
0.0974121,907.97
0.0975342,907.084
0.0976563,906.199
0.0977783,905.314
0.0979004,904.431
0.0980225,903.548
0.0981445,902.666
0.0982666,901.785
0.0983887,900.905
0.0985107,900.025
0.0986328,899.147
0.0987549,898.269
0.098877,897.392
0.098999,896.516
0.0991211,895.641
0.0992432,894.767
0.0993652,893.894
0.0994873,893.021
0.0996094,892.149
0.0997314,891.279
0.0998535,890.409
0.0999756,889.54
0.100098,888.671
0.10022,887.804
0.100342,886.937
0.100464,886.072
0.100586,885.207
0.100708,884.343
0.10083,883.479
0.100952,882.617
0.101074,881.756
0.101196,880.895
0.101318,880.035
0.10144,879.176
0.101563,878.318
0.101685,877.461
0.101807,876.604
0.101929,875.749
0.102051,874.894
0.102173,874.04
0.102295,873.187
0.102417,872.334
0.102539,871.483
0.102661,870.632
0.102783,869.782
0.102905,868.933
0.103027,868.085
0.103149,867.238
0.103271,866.391
0.103394,865.546
0.103516,864.701
0.103638,863.857
0.10376,863.014
0.103882,862.171
0.104004,861.33
0.104126,860.489
0.104248,859.649
0.10437,858.81
0.104492,857.972
0.104614,857.134
0.104736,856.298
0.104858,855.462
0.10498,854.627
0.105103,853.793
0.105225,852.959
0.105347,852.127
0.105469,851.295
0.105591,850.464
0.105713,849.634
0.105835,848.805
0.105957,847.976
0.106079,847.148
0.106201,846.322
0.106323,845.495
0.106445,844.67
0.106567,843.846
0.106689,843.022
0.106812,842.199
0.106934,841.377
0.107056,840.556
0.107178,839.735
0.1073,838.916
0.107422,838.097
0.107544,837.279
0.107666,836.462
0.107788,835.645
0.10791,834.829
0.108032,834.015
0.108154,833.201
0.108276,832.387
0.108398,831.575
0.108521,830.763
0.108643,829.952
0.108765,829.142
0.108887,828.333
0.109009,827.524
0.109131,826.716
0.109253,825.91
0.109375,825.103
0.109497,824.298
0.109619,823.493
0.109741,822.69
0.109863,821.887
0.109985,821.084
0.110107,820.283
0.110229,819.482
0.110352,818.682
0.110474,817.883
0.110596,817.085
0.110718,816.287
0.11084,815.491
0.110962,814.695
0.111084,813.899
0.111206,813.105
0.111328,812.311
0.11145,811.518
0.111572,810.726
0.111694,809.935
0.111816,809.144
0.111938,808.355
0.112061,807.566
0.112183,806.777
0.112305,805.99
0.112427,805.203
0.112549,804.417
0.112671,803.632
0.112793,802.848
0.112915,802.064
0.113037,801.281
0.113159,800.499
0.113281,799.718
0.113403,798.937
0.113525,798.157
0.113647,797.378
0.11377,796.6
0.113892,795.822
0.114014,795.046
0.114136,794.269
0.114258,793.494
0.11438,792.72
0.114502,791.946
0.114624,791.173
0.114746,790.401
0.114868,789.629
0.11499,788.858
0.115112,788.088
0.115234,787.319
0.115356,786.551
0.115479,785.783
0.115601,785.016
0.115723,784.25
0.115845,783.484
0.115967,782.719
0.116089,781.956
0.116211,781.192
0.116333,780.43
0.116455,779.668
0.116577,778.907
0.116699,778.147
0.116821,777.387
0.116943,776.628
0.117065,775.87
0.117188,775.113
0.11731,774.356
0.117432,773.601
0.117554,772.845
0.117676,772.091
0.117798,771.337
0.11792,770.585
0.118042,769.832
0.118164,769.081
0.118286,768.33
0.118408,767.58
0.11853,766.831
0.118652,766.083
0.118774,765.335
0.118896,764.588
0.119019,763.841
0.119141,763.096
0.119263,762.351
0.119385,761.607
0.119507,760.864
0.119629,760.121
0.119751,759.379
0.119873,758.638
0.119995,757.897
0.120117,757.157
0.120239,756.418
0.120361,755.68
0.120483,754.943
0.120605,754.206
0.120728,753.469
0.12085,752.734
0.120972,751.999
0.121094,751.265
0.121216,750.532
0.121338,749.799
0.12146,749.067
0.121582,748.336
0.121704,747.606
0.121826,746.876
0.121948,746.147
0.12207,745.419
0.122192,744.691
0.122314,743.964
0.122437,743.238
0.122559,742.513
0.122681,741.788
0.122803,741.064
0.122925,740.341
0.123047,739.618
0.123169,738.896
0.123291,738.175
0.123413,737.454
0.123535,736.734
0.123657,736.015
0.123779,735.297
0.123901,734.579
0.124023,733.862
0.124146,733.146
0.124268,732.43
0.12439,731.715
0.124512,731.001
0.124634,730.288
0.124756,729.575
0.124878,728.863
0.125,728.151
0.125122,727.44
0.125244,726.73
0.125366,726.021
0.125488,725.312
0.12561,724.604
0.125732,723.897
0.125854,723.191
0.125977,722.485
0.126099,721.779
0.126221,721.075
0.126343,720.371
0.126465,719.668
0.126587,718.966
0.126709,718.264
0.126831,717.563
0.126953,716.862
0.127075,716.163
0.127197,715.464
0.127319,714.765
0.127441,714.067
0.127563,713.371
0.127686,712.674
0.127808,711.979
0.12793,711.284
0.128052,710.589
0.128174,709.896
0.128296,709.203
0.128418,708.511
0.12854,707.819
0.128662,707.128
0.128784,706.438
0.128906,705.748
0.129028,705.059
0.12915,704.371
0.129272,703.684
0.129395,702.997
0.129517,702.311
0.129639,701.625
0.129761,700.94
0.129883,700.256
0.130005,699.573
0.130127,698.89
0.130249,698.208
0.130371,697.526
0.130493,696.845
0.130615,696.165
0.130737,695.486
0.130859,694.807
0.130981,694.129
0.131104,693.451
0.131226,692.774
0.131348,692.098
0.13147,691.422
0.131592,690.747
0.131714,690.073
0.131836,689.4
0.131958,688.727
0.13208,688.055
0.132202,687.383
0.132324,686.712
0.132446,686.042
0.132568,685.372
0.13269,684.703
0.132813,684.035
0.132935,683.367
0.133057,682.7
0.133179,682.034
0.133301,681.368
0.133423,680.703
0.133545,680.038
0.133667,679.375
0.133789,678.712
0.133911,678.049
0.134033,677.387
0.134155,676.726
0.134277,676.066
0.134399,675.406
0.134521,674.746
0.134644,674.088
0.134766,673.43
0.134888,672.772
0.13501,672.116
0.135132,671.46
0.135254,670.804
0.135376,670.15
0.135498,669.495
0.13562,668.842
0.135742,668.189
0.135864,667.537
0.135986,666.885
0.136108,666.234
0.13623,665.584
0.136353,664.934
0.136475,664.285
0.136597,663.637
0.136719,662.989
0.136841,662.342
0.136963,661.696
0.137085,661.05
0.137207,660.404
0.137329,659.76
0.137451,659.116
0.137573,658.473
0.137695,657.83
0.137817,657.188
0.137939,656.546
0.138062,655.905
0.138184,655.265
0.138306,654.626
0.138428,653.987
0.13855,653.348
0.138672,652.711
0.138794,652.073
0.138916,651.437
0.139038,650.801
0.13916,650.166
0.139282,649.531
0.139404,648.897
0.139526,648.264
0.139648,647.631
0.139771,646.999
0.139893,646.367
0.140015,645.737
0.140137,645.106
0.140259,644.477
0.140381,643.847
0.140503,643.219
0.140625,642.591
0.140747,641.964
0.140869,641.337
0.140991,640.711
0.141113,640.086
0.141235,639.461
0.141357,638.837
0.141479,638.214
0.141602,637.591
0.141724,636.968
0.141846,636.346
0.141968,635.725
0.14209,635.105
0.142212,634.485
0.142334,633.866
0.142456,633.247
0.142578,632.629
0.1427,632.011
0.142822,631.394
0.142944,630.778
0.143066,630.162
0.143188,629.547
0.143311,628.933
0.143433,628.319
0.143555,627.706
0.143677,627.093
0.143799,626.481
0.143921,625.869
0.144043,625.258
0.144165,624.648
0.144287,624.038
0.144409,623.429
0.144531,622.821
0.144653,622.213
0.144775,621.605
0.144897,620.999
0.14502,620.393
0.145142,619.787
0.145264,619.182
0.145386,618.578
0.145508,617.974
0.14563,617.371
0.145752,616.768
0.145874,616.166
0.145996,615.565
0.146118,614.964
0.14624,614.364
0.146362,613.764
0.146484,613.165
0.146606,612.566
0.146729,611.968
0.146851,611.371
0.146973,610.774
0.147095,610.178
0.147217,609.583
0.147339,608.988
0.147461,608.393
0.147583,607.799
0.147705,607.206
0.147827,606.613
0.147949,606.021
0.148071,605.43
0.148193,604.839
0.148315,604.248
0.148438,603.659
0.14856,603.069
0.148682,602.481
0.148804,601.893
0.148926,601.305
0.149048,600.718
0.14917,600.132
0.149292,599.546
0.149414,598.961
0.149536,598.376
0.149658,597.792
0.14978,597.209
0.149902,596.626
0.150024,596.043
0.150146,595.462
0.150269,594.88
0.150391,594.3
0.150513,593.72
0.150635,593.14
0.150757,592.561
0.150879,591.983
0.151001,591.405
0.151123,590.828
0.151245,590.251
0.151367,589.675
0.151489,589.099
0.151611,588.524
0.151733,587.95
0.151855,587.376
0.151978,586.803
0.1521,586.23
0.152222,585.658
0.152344,585.086
0.152466,584.515
0.152588,583.944
0.15271,583.374
0.152832,582.805
0.152954,582.236
0.153076,581.668
0.153198,581.1
0.15332,580.533
0.153442,579.966
0.153564,579.4
0.153687,578.834
0.153809,578.269
0.153931,577.705
0.154053,577.141
0.154175,576.578
0.154297,576.015
0.154419,575.453
0.154541,574.891
0.154663,574.33
0.154785,573.769
0.154907,573.209
0.155029,572.65
0.155151,572.091
0.155273,571.532
0.155396,570.975
0.155518,570.417
0.15564,569.86
0.155762,569.304
0.155884,568.749
0.156006,568.193
0.156128,567.639
0.15625,567.085
0.156372,566.531
0.156494,565.978
0.156616,565.426
0.156738,564.874
0.15686,564.323
0.156982,563.772
0.157104,563.221
0.157227,562.672
0.157349,562.122
0.157471,561.574
0.157593,561.026
0.157715,560.478
0.157837,559.931
0.157959,559.384
0.158081,558.838
0.158203,558.293
0.158325,557.748
0.158447,557.204
0.158569,556.66
0.158691,556.116
0.158813,555.574
0.158936,555.031
0.159058,554.489
0.15918,553.948
0.159302,553.408
0.159424,552.867
0.159546,552.328
0.159668,551.789
0.15979,551.25
0.159912,550.712
0.160034,550.174
0.160156,549.637
0.160278,549.101
0.1604,548.565
0.160522,548.029
0.160645,547.495
0.160767,546.96
0.160889,546.426
0.161011,545.893
0.161133,545.36
0.161255,544.828
0.161377,544.296
0.161499,543.765
0.161621,543.234
0.161743,542.704
0.161865,542.174
0.161987,541.645
0.162109,541.116
0.162231,540.588
0.162354,540.06
0.162476,539.533
0.162598,539.006
0.16272,538.48
0.162842,537.955
0.162964,537.43
0.163086,536.905
0.163208,536.381
0.16333,535.857
0.163452,535.334
0.163574,534.812
0.163696,534.29
0.163818,533.768
0.16394,533.247
0.164063,532.727
0.164185,532.207
0.164307,531.687
0.164429,531.168
0.164551,530.65
0.164673,530.132
0.164795,529.614
0.164917,529.098
0.165039,528.581
0.165161,528.065
0.165283,527.55
0.165405,527.035
0.165527,526.52
0.165649,526.006
0.165771,525.493
0.165894,524.98
0.166016,524.468
0.166138,523.956
0.16626,523.444
0.166382,522.933
0.166504,522.423
0.166626,521.913
0.166748,521.404
0.16687,520.895
0.166992,520.386
0.167114,519.878
0.167236,519.371
0.167358,518.864
0.16748,518.357
0.167603,517.851
0.167725,517.346
0.167847,516.841
0.167969,516.337
0.168091,515.833
0.168213,515.329
0.168335,514.826
0.168457,514.323
0.168579,513.822
0.168701,513.32
0.168823,512.819
0.168945,512.318
0.169067,511.818
0.169189,511.319
0.169312,510.82
0.169434,510.321
0.169556,509.823
0.169678,509.325
0.1698,508.828
0.169922,508.331
0.170044,507.835
0.170166,507.34
0.170288,506.844
0.17041,506.35
0.170532,505.855
0.170654,505.362
0.170776,504.868
0.170898,504.376
0.171021,503.883
0.171143,503.391
0.171265,502.9
0.171387,502.409
0.171509,501.919
0.171631,501.429
0.171753,500.939
0.171875,500.451
0.171997,499.962
0.172119,499.474
0.172241,498.986
0.172363,498.499
0.172485,498.013
0.172607,497.527
0.172729,497.041
0.172852,496.556
0.172974,496.071
0.173096,495.587
0.173218,495.103
0.17334,494.62
0.173462,494.137
0.173584,493.655
0.173706,493.173
0.173828,492.692
0.17395,492.211
0.174072,491.73
0.174194,491.25
0.174316,490.771
0.174438,490.292
0.174561,489.813
0.174683,489.335
0.174805,488.858
0.174927,488.38
0.175049,487.904
0.175171,487.427
0.175293,486.952
0.175415,486.476
0.175537,486.002
0.175659,485.527
0.175781,485.053
0.175903,484.58
0.176025,484.107
0.176147,483.634
0.17627,483.162
0.176392,482.691
0.176514,482.219
0.176636,481.749
0.176758,481.279
0.17688,480.809
0.177002,480.339
0.177124,479.871
0.177246,479.402
0.177368,478.934
0.17749,478.467
0.177612,478
0.177734,477.533
0.177856,477.067
0.177979,476.601
0.178101,476.136
0.178223,475.671
0.178345,475.207
0.178467,474.743
0.178589,474.28
0.178711,473.817
0.178833,473.355
0.178955,472.892
0.179077,472.431
0.179199,471.97
0.179321,471.509
0.179443,471.049
0.179565,470.589
0.179688,470.13
0.17981,469.671
0.179932,469.212
0.180054,468.754
0.180176,468.297
0.180298,467.84
0.18042,467.383
0.180542,466.927
0.180664,466.471
0.180786,466.016
0.180908,465.561
0.18103,465.107
0.181152,464.653
0.181274,464.199
0.181396,463.746
0.181519,463.293
0.181641,462.841
0.181763,462.389
0.181885,461.938
0.182007,461.487
0.182129,461.037
0.182251,460.587
0.182373,460.137
0.182495,459.688
0.182617,459.239
0.182739,458.791
0.182861,458.343
0.182983,457.896
0.183105,457.449
0.183228,457.002
0.18335,456.556
0.183472,456.111
0.183594,455.665
0.183716,455.221
0.183838,454.776
0.18396,454.332
0.184082,453.889
0.184204,453.446
0.184326,453.003
0.184448,452.561
0.18457,452.119
0.184692,451.678
0.184814,451.237
0.184937,450.797
0.185059,450.357
0.185181,449.917
0.185303,449.478
0.185425,449.039
0.185547,448.601
0.185669,448.163
0.185791,447.726
0.185913,447.289
0.186035,446.852
0.186157,446.416
0.186279,445.98
0.186401,445.545
0.186523,445.11
0.186646,444.675
0.186768,444.241
0.18689,443.808
0.187012,443.375
0.187134,442.942
0.187256,442.509
0.187378,442.078
0.1875,441.646
0.187622,441.215
0.187744,440.784
0.187866,440.354
0.187988,439.924
0.18811,439.495
0.188232,439.066
0.188354,438.637
0.188477,438.209
0.188599,437.781
0.188721,437.354
0.188843,436.927
0.188965,436.501
0.189087,436.075
0.189209,435.649
0.189331,435.224
0.189453,434.799
0.189575,434.375
0.189697,433.951
0.189819,433.527
0.189941,433.104
0.190063,432.681
0.190186,432.259
0.190308,431.837
0.19043,431.415
0.190552,430.994
0.190674,430.574
0.190796,430.153
0.190918,429.733
0.19104,429.314
0.191162,428.895
0.191284,428.476
0.191406,428.058
0.191528,427.64
0.19165,427.223
0.191772,426.806
0.191895,426.389
0.192017,425.973
0.192139,425.557
0.192261,425.142
0.192383,424.727
0.192505,424.312
0.192627,423.898
0.192749,423.484
0.192871,423.071
0.192993,422.658
0.193115,422.245
0.193237,421.833
0.193359,421.422
0.193481,421.01
0.193604,420.599
0.193726,420.189
0.193848,419.779
0.19397,419.369
0.194092,418.96
0.194214,418.551
0.194336,418.142
0.194458,417.734
0.19458,417.326
0.194702,416.919
0.194824,416.512
0.194946,416.105
0.195068,415.699
0.19519,415.293
0.195313,414.888
0.195435,414.483
0.195557,414.079
0.195679,413.674
0.195801,413.271
0.195923,412.867
0.196045,412.464
0.196167,412.062
0.196289,411.659
0.196411,411.258
0.196533,410.856
0.196655,410.455
0.196777,410.054
0.196899,409.654
0.197021,409.254
0.197144,408.855
0.197266,408.456
0.197388,408.057
0.19751,407.659
0.197632,407.261
0.197754,406.863
0.197876,406.466
0.197998,406.069
0.19812,405.673
0.198242,405.277
0.198364,404.882
0.198486,404.486
0.198608,404.092
0.19873,403.697
0.198853,403.303
0.198975,402.909
0.199097,402.516
0.199219,402.123
0.199341,401.731
0.199463,401.339
0.199585,400.947
0.199707,400.556
0.199829,400.165
0.199951,399.774
0.200073,399.384
0.200195,398.994
0.200317,398.604
0.200439,398.215
0.200562,397.827
0.200684,397.438
0.200806,397.05
0.200928,396.663
0.20105,396.276
0.201172,395.889
0.201294,395.503
0.201416,395.116
0.201538,394.731
0.20166,394.346
0.201782,393.961
0.201904,393.576
0.202026,393.192
0.202148,392.808
0.202271,392.425
0.202393,392.042
0.202515,391.659
0.202637,391.277
0.202759,390.895
0.202881,390.513
0.203003,390.132
0.203125,389.751
0.203247,389.371
0.203369,388.991
0.203491,388.611
0.203613,388.232
0.203735,387.853
0.203857,387.474
0.203979,387.096
0.204102,386.718
0.204224,386.341
0.204346,385.964
0.204468,385.587
0.20459,385.211
0.204712,384.835
0.204834,384.459
0.204956,384.084
0.205078,383.709
0.2052,383.334
0.205322,382.96
0.205444,382.586
0.205566,382.213
0.205688,381.84
0.205811,381.467
0.205933,381.095
0.206055,380.723
0.206177,380.351
0.206299,379.98
0.206421,379.609
0.206543,379.238
0.206665,378.868
0.206787,378.498
0.206909,378.129
0.207031,377.76
0.207153,377.391
0.207275,377.023
0.207397,376.655
0.20752,376.287
0.207642,375.92
0.207764,375.553
0.207886,375.186
0.208008,374.82
0.20813,374.454
0.208252,374.089
0.208374,373.724
0.208496,373.359
0.208618,372.994
0.20874,372.63
0.208862,372.267
0.208984,371.903
0.209106,371.54
0.209229,371.178
0.209351,370.815
0.209473,370.453
0.209595,370.092
0.209717,369.73
0.209839,369.37
0.209961,369.009
0.210083,368.649
0.210205,368.289
0.210327,367.93
0.210449,367.57
0.210571,367.212
0.210693,366.853
0.210815,366.495
0.210938,366.137
0.21106,365.78
0.211182,365.423
0.211304,365.066
0.211426,364.71
0.211548,364.354
0.21167,363.998
0.211792,363.643
0.211914,363.288
0.212036,362.934
0.212158,362.579
0.21228,362.225
0.212402,361.872
0.212524,361.519
0.212646,361.166
0.212769,360.813
0.212891,360.461
0.213013,360.109
0.213135,359.758
0.213257,359.406
0.213379,359.056
0.213501,358.705
0.213623,358.355
0.213745,358.005
0.213867,357.656
0.213989,357.307
0.214111,356.958
0.214233,356.61
0.214355,356.261
0.214478,355.914
0.2146,355.566
0.214722,355.219
0.214844,354.873
0.214966,354.526
0.215088,354.18
0.21521,353.834
0.215332,353.489
0.215454,353.144
0.215576,352.799
0.215698,352.455
0.21582,352.111
0.215942,351.767
0.216064,351.424
0.216187,351.081
0.216309,350.738
0.216431,350.396
0.216553,350.054
0.216675,349.712
0.216797,349.371
0.216919,349.03
0.217041,348.689
0.217163,348.349
0.217285,348.009
0.217407,347.669
0.217529,347.33
0.217651,346.991
0.217773,346.652
0.217896,346.314
0.218018,345.976
0.21814,345.638
0.218262,345.3
0.218384,344.963
0.218506,344.627
0.218628,344.29
0.21875,343.954
0.218872,343.619
0.218994,343.283
0.219116,342.948
0.219238,342.613
0.21936,342.279
0.219482,341.945
0.219604,341.611
0.219727,341.278
0.219849,340.944
0.219971,340.612
0.220093,340.279
0.220215,339.947
0.220337,339.615
0.220459,339.284
0.220581,338.953
0.220703,338.622
0.220825,338.291
0.220947,337.961
0.221069,337.631
0.221191,337.302
0.221313,336.972
0.221436,336.643
0.221558,336.315
0.22168,335.987
0.221802,335.659
0.221924,335.331
0.222046,335.004
0.222168,334.677
0.22229,334.35
0.222412,334.024
0.222534,333.698
0.222656,333.372
0.222778,333.047
0.2229,332.721
0.223022,332.397
0.223145,332.072
0.223267,331.748
0.223389,331.424
0.223511,331.101
0.223633,330.778
0.223755,330.455
0.223877,330.132
0.223999,329.81
0.224121,329.488
0.224243,329.166
0.224365,328.845
0.224487,328.524
0.224609,328.203
0.224731,327.883
0.224854,327.563
0.224976,327.243
0.225098,326.924
0.22522,326.605
0.225342,326.286
0.225464,325.968
0.225586,325.649
0.225708,325.332
0.22583,325.014
0.225952,324.697
0.226074,324.38
0.226196,324.063
0.226318,323.747
0.22644,323.431
0.226563,323.115
0.226685,322.8
0.226807,322.485
0.226929,322.17
0.227051,321.855
0.227173,321.541
0.227295,321.227
0.227417,320.914
0.227539,320.601
0.227661,320.288
0.227783,319.975
0.227905,319.663
0.228027,319.351
0.228149,319.039
0.228271,318.728
0.228394,318.417
0.228516,318.106
0.228638,317.795
0.22876,317.485
0.228882,317.175
0.229004,316.866
0.229126,316.556
0.229248,316.247
0.22937,315.939
0.229492,315.63
0.229614,315.322
0.229736,315.014
0.229858,314.707
0.22998,314.4
0.230103,314.093
0.230225,313.786
0.230347,313.48
0.230469,313.174
0.230591,312.868
0.230713,312.563
0.230835,312.258
0.230957,311.953
0.231079,311.648
0.231201,311.344
0.231323,311.04
0.231445,310.737
0.231567,310.433
0.231689,310.13
0.231812,309.828
0.231934,309.525
0.232056,309.223
0.232178,308.921
0.2323,308.62
0.232422,308.319
0.232544,308.018
0.232666,307.717
0.232788,307.417
0.23291,307.117
0.233032,306.817
0.233154,306.517
0.233276,306.218
0.233398,305.919
0.233521,305.621
0.233643,305.322
0.233765,305.024
0.233887,304.727
0.234009,304.429
0.234131,304.132
0.234253,303.835
0.234375,303.539
0.234497,303.242
0.234619,302.946
0.234741,302.651
0.234863,302.355
0.234985,302.06
0.235107,301.765
0.235229,301.471
0.235352,301.176
0.235474,300.882
0.235596,300.589
0.235718,300.295
0.23584,300.002
0.235962,299.709
0.236084,299.417
0.236206,299.125
0.236328,298.833
0.23645,298.541
0.236572,298.25
0.236694,297.958
0.236816,297.668
0.236938,297.377
0.237061,297.087
0.237183,296.797
0.237305,296.507
0.237427,296.218
0.237549,295.929
0.237671,295.64
0.237793,295.351
0.237915,295.063
0.238037,294.775
0.238159,294.487
0.238281,294.2
0.238403,293.913
0.238525,293.626
0.238647,293.339
0.23877,293.053
0.238892,292.767
0.239014,292.481
0.239136,292.195
0.239258,291.91
0.23938,291.625
0.239502,291.341
0.239624,291.056
0.239746,290.772
0.239868,290.488
0.23999,290.205
0.240112,289.922
0.240234,289.639
0.240356,289.356
0.240479,289.073
0.240601,288.791
0.240723,288.509
0.240845,288.228
0.240967,287.946
0.241089,287.665
0.241211,287.385
0.241333,287.104
0.241455,286.824
0.241577,286.544
0.241699,286.264
0.241821,285.985
0.241943,285.706
0.242065,285.427
0.242188,285.148
0.24231,284.87
0.242432,284.592
0.242554,284.314
0.242676,284.036
0.242798,283.759
0.24292,283.482
0.243042,283.206
0.243164,282.929
0.243286,282.653
0.243408,282.377
0.24353,282.101
0.243652,281.826
0.243774,281.551
0.243896,281.276
0.244019,281.002
0.244141,280.727
0.244263,280.453
0.244385,280.18
0.244507,279.906
0.244629,279.633
0.244751,279.36
0.244873,279.087
0.244995,278.815
0.245117,278.543
0.245239,278.271
0.245361,277.999
0.245483,277.728
0.245605,277.457
0.245728,277.186
0.24585,276.915
0.245972,276.645
0.246094,276.375
0.246216,276.105
0.246338,275.836
0.24646,275.567
0.246582,275.298
0.246704,275.029
0.246826,274.76
0.246948,274.492
0.24707,274.224
0.247192,273.957
0.247314,273.689
0.247437,273.422
0.247559,273.155
0.247681,272.889
0.247803,272.622
0.247925,272.356
0.248047,272.09
0.248169,271.825
0.248291,271.559
0.248413,271.294
0.248535,271.029
0.248657,270.765
0.248779,270.501
0.248901,270.237
0.249023,269.973
0.249146,269.709
0.249268,269.446
0.24939,269.183
0.249512,268.92
0.249634,268.658
0.249756,268.396
0.249878,268.134
0.25,267.872
0.250122,267.61
0.250244,267.349
0.250366,267.088
0.250488,266.828
0.25061,266.567
0.250732,266.307
0.250854,266.047
0.250977,265.787
0.251099,265.528
0.251221,265.269
0.251343,265.01
0.251465,264.751
0.251587,264.493
0.251709,264.234
0.251831,263.977
0.251953,263.719
0.252075,263.461
0.252197,263.204
0.252319,262.947
0.252441,262.691
0.252563,262.434
0.252686,262.178
0.252808,261.922
0.25293,261.667
0.253052,261.411
0.253174,261.156
0.253296,260.901
0.253418,260.646
0.25354,260.392
0.253662,260.138
0.253784,259.884
0.253906,259.63
0.254028,259.377
0.25415,259.124
0.254272,258.871
0.254395,258.618
0.254517,258.366
0.254639,258.113
0.254761,257.862
0.254883,257.61
0.255005,257.358
0.255127,257.107
0.255249,256.856
0.255371,256.606
0.255493,256.355
0.255615,256.105
0.255737,255.855
0.255859,255.605
0.255981,255.356
0.256104,255.106
0.256226,254.857
0.256348,254.609
0.25647,254.36
0.256592,254.112
0.256714,253.864
0.256836,253.616
0.256958,253.368
0.25708,253.121
0.257202,252.874
0.257324,252.627
0.257446,252.381
0.257568,252.134
0.25769,251.888
0.257813,251.642
0.257935,251.397
0.258057,251.151
0.258179,250.906
0.258301,250.661
0.258423,250.417
0.258545,250.172
0.258667,249.928
0.258789,249.684
0.258911,249.44
0.259033,249.197
0.259155,248.954
0.259277,248.711
0.259399,248.468
0.259521,248.225
0.259644,247.983
0.259766,247.741
0.259888,247.499
0.26001,247.258
0.260132,247.016
0.260254,246.775
0.260376,246.534
0.260498,246.294
0.26062,246.053
0.260742,245.813
0.260864,245.573
0.260986,245.333
0.261108,245.094
0.26123,244.855
0.261353,244.616
0.261475,244.377
0.261597,244.138
0.261719,243.9
0.261841,243.662
0.261963,243.424
0.262085,243.187
0.262207,242.949
0.262329,242.712
0.262451,242.475
0.262573,242.238
0.262695,242.002
0.262817,241.766
0.262939,241.53
0.263062,241.294
0.263184,241.059
0.263306,240.823
0.263428,240.588
0.26355,240.353
0.263672,240.119
0.263794,239.884
0.263916,239.65
0.264038,239.416
0.26416,239.183
0.264282,238.949
0.264404,238.716
0.264526,238.483
0.264648,238.25
0.264771,238.018
0.264893,237.785
0.265015,237.553
0.265137,237.321
0.265259,237.09
0.265381,236.858
0.265503,236.627
0.265625,236.396
0.265747,236.165
0.265869,235.935
0.265991,235.705
0.266113,235.474
0.266235,235.245
0.266357,235.015
0.266479,234.786
0.266602,234.556
0.266724,234.327
0.266846,234.099
0.266968,233.87
0.26709,233.642
0.267212,233.414
0.267334,233.186
0.267456,232.958
0.267578,232.731
0.2677,232.504
0.267822,232.277
0.267944,232.05
0.268066,231.824
0.268188,231.597
0.268311,231.371
0.268433,231.146
0.268555,230.92
0.268677,230.695
0.268799,230.469
0.268921,230.244
0.269043,230.02
0.269165,229.795
0.269287,229.571
0.269409,229.347
0.269531,229.123
0.269653,228.899
0.269775,228.676
0.269897,228.453
0.27002,228.23
0.270142,228.007
0.270264,227.784
0.270386,227.562
0.270508,227.34
0.27063,227.118
0.270752,226.896
0.270874,226.675
0.270996,226.454
0.271118,226.233
0.27124,226.012
0.271362,225.791
0.271484,225.571
0.271606,225.351
0.271729,225.131
0.271851,224.911
0.271973,224.691
0.272095,224.472
0.272217,224.253
0.272339,224.034
0.272461,223.815
0.272583,223.597
0.272705,223.379
0.272827,223.161
0.272949,222.943
0.273071,222.725
0.273193,222.508
0.273315,222.291
0.273438,222.074
0.27356,221.857
0.273682,221.64
0.273804,221.424
0.273926,221.208
0.274048,220.992
0.27417,220.776
0.274292,220.561
0.274414,220.345
0.274536,220.13
0.274658,219.915
0.27478,219.701
0.274902,219.486
0.275024,219.272
0.275146,219.058
0.275269,218.844
0.275391,218.631
0.275513,218.417
0.275635,218.204
0.275757,217.991
0.275879,217.778
0.276001,217.566
0.276123,217.353
0.276245,217.141
0.276367,216.929
0.276489,216.718
0.276611,216.506
0.276733,216.295
0.276855,216.084
0.276978,215.873
0.2771,215.662
0.277222,215.451
0.277344,215.241
0.277466,215.031
0.277588,214.821
0.27771,214.611
0.277832,214.402
0.277954,214.193
0.278076,213.984
0.278198,213.775
0.27832,213.566
0.278442,213.358
0.278564,213.149
0.278687,212.941
0.278809,212.733
0.278931,212.526
0.279053,212.318
0.279175,212.111
0.279297,211.904
0.279419,211.697
0.279541,211.491
0.279663,211.284
0.279785,211.078
0.279907,210.872
0.280029,210.666
0.280151,210.46
0.280273,210.255
0.280396,210.05
0.280518,209.845
0.28064,209.64
0.280762,209.435
0.280884,209.231
0.281006,209.027
0.281128,208.823
0.28125,208.619
0.281372,208.415
0.281494,208.212
0.281616,208.009
0.281738,207.805
0.28186,207.603
0.281982,207.4
0.282104,207.198
0.282227,206.995
0.282349,206.793
0.282471,206.591
0.282593,206.39
0.282715,206.188
0.282837,205.987
0.282959,205.786
0.283081,205.585
0.283203,205.384
0.283325,205.184
0.283447,204.984
0.283569,204.784
0.283691,204.584
0.283813,204.384
0.283936,204.185
0.284058,203.985
0.28418,203.786
0.284302,203.587
0.284424,203.389
0.284546,203.19
0.284668,202.992
0.28479,202.794
0.284912,202.596
0.285034,202.398
0.285156,202.2
0.285278,202.003
0.2854,201.806
0.285522,201.609
0.285645,201.412
0.285767,201.215
0.285889,201.019
0.286011,200.823
0.286133,200.627
0.286255,200.431
0.286377,200.235
0.286499,200.04
0.286621,199.845
0.286743,199.65
0.286865,199.455
0.286987,199.26
0.287109,199.065
0.287231,198.871
0.287354,198.677
0.287476,198.483
0.287598,198.289
0.28772,198.096
0.287842,197.902
0.287964,197.709
0.288086,197.516
0.288208,197.324
0.28833,197.131
0.288452,196.939
0.288574,196.746
0.288696,196.554
0.288818,196.362
0.28894,196.171
0.289063,195.979
0.289185,195.788
0.289307,195.597
0.289429,195.406
0.289551,195.215
0.289673,195.025
0.289795,194.834
0.289917,194.644
0.290039,194.454
0.290161,194.264
0.290283,194.075
0.290405,193.885
0.290527,193.696
0.290649,193.507
0.290771,193.318
0.290894,193.129
0.291016,192.941
0.291138,192.753
0.29126,192.564
0.291382,192.376
0.291504,192.189
0.291626,192.001
0.291748,191.814
0.29187,191.626
0.291992,191.439
0.292114,191.253
0.292236,191.066
0.292358,190.879
0.29248,190.693
0.292603,190.507
0.292725,190.321
0.292847,190.135
0.292969,189.95
0.293091,189.764
0.293213,189.579
0.293335,189.394
0.293457,189.209
0.293579,189.024
0.293701,188.84
0.293823,188.656
0.293945,188.471
0.294067,188.287
0.294189,188.104
0.294312,187.92
0.294434,187.737
0.294556,187.553
0.294678,187.37
0.2948,187.187
0.294922,187.005
0.295044,186.822
0.295166,186.64
0.295288,186.458
0.29541,186.276
0.295532,186.094
0.295654,185.912
0.295776,185.731
0.295898,185.549
0.296021,185.368
0.296143,185.187
0.296265,185.007
0.296387,184.826
0.296509,184.646
0.296631,184.465
0.296753,184.285
0.296875,184.105
0.296997,183.926
0.297119,183.746
0.297241,183.567
0.297363,183.388
0.297485,183.209
0.297607,183.03
0.297729,182.851
0.297852,182.673
0.297974,182.494
0.298096,182.316
0.298218,182.138
0.29834,181.961
0.298462,181.783
0.298584,181.606
0.298706,181.428
0.298828,181.251
0.29895,181.074
0.299072,180.898
0.299194,180.721
0.299316,180.545
0.299438,180.368
0.299561,180.192
0.299683,180.016
0.299805,179.841
0.299927,179.665
0.300049,179.49
0.300171,179.315
0.300293,179.14
0.300415,178.965
0.300537,178.79
0.300659,178.615
0.300781,178.441
0.300903,178.267
0.301025,178.093
0.301147,177.919
0.30127,177.745
0.301392,177.572
0.301514,177.399
0.301636,177.225
0.301758,177.052
0.30188,176.88
0.302002,176.707
0.302124,176.535
0.302246,176.362
0.302368,176.19
0.30249,176.018
0.302612,175.846
0.302734,175.675
0.302856,175.503
0.302979,175.332
0.303101,175.161
0.303223,174.99
0.303345,174.819
0.303467,174.648
0.303589,174.478
0.303711,174.308
0.303833,174.137
0.303955,173.967
0.304077,173.798
0.304199,173.628
0.304321,173.459
0.304443,173.289
0.304565,173.12
0.304688,172.951
0.30481,172.782
0.304932,172.614
0.305054,172.445
0.305176,172.277
0.305298,172.109
0.30542,171.941
0.305542,171.773
0.305664,171.605
0.305786,171.438
0.305908,171.27
0.30603,171.103
0.306152,170.936
0.306274,170.769
0.306396,170.603
0.306519,170.436
0.306641,170.27
0.306763,170.104
0.306885,169.937
0.307007,169.772
0.307129,169.606
0.307251,169.44
0.307373,169.275
0.307495,169.11
0.307617,168.945
0.307739,168.78
0.307861,168.615
0.307983,168.45
0.308105,168.286
0.308228,168.122
0.30835,167.958
0.308472,167.794
0.308594,167.63
0.308716,167.466
0.308838,167.303
0.30896,167.14
0.309082,166.976
0.309204,166.813
0.309326,166.651
0.309448,166.488
0.30957,166.325
0.309692,166.163
0.309814,166.001
0.309937,165.839
0.310059,165.677
0.310181,165.515
0.310303,165.354
0.310425,165.192
0.310547,165.031
0.310669,164.87
0.310791,164.709
0.310913,164.548
0.311035,164.388
0.311157,164.227
0.311279,164.067
0.311401,163.907
0.311523,163.747
0.311646,163.587
0.311768,163.427
0.31189,163.268
0.312012,163.108
0.312134,162.949
0.312256,162.79
0.312378,162.631
0.3125,162.472
0.312622,162.314
0.312744,162.155
0.312866,161.997
0.312988,161.839
0.31311,161.681
0.313232,161.523
0.313354,161.366
0.313477,161.208
0.313599,161.051
0.313721,160.894
0.313843,160.737
0.313965,160.58
0.314087,160.423
0.314209,160.266
0.314331,160.11
0.314453,159.954
0.314575,159.797
0.314697,159.641
0.314819,159.486
0.314941,159.33
0.315063,159.174
0.315186,159.019
0.315308,158.864
0.31543,158.709
0.315552,158.554
0.315674,158.399
0.315796,158.245
0.315918,158.09
0.31604,157.936
0.316162,157.782
0.316284,157.628
0.316406,157.474
0.316528,157.32
0.31665,157.166
0.316772,157.013
0.316895,156.86
0.317017,156.707
0.317139,156.554
0.317261,156.401
0.317383,156.248
0.317505,156.096
0.317627,155.943
0.317749,155.791
0.317871,155.639
0.317993,155.487
0.318115,155.335
0.318237,155.184
0.318359,155.032
0.318481,154.881
0.318604,154.73
0.318726,154.579
0.318848,154.428
0.31897,154.277
0.319092,154.127
0.319214,153.976
0.319336,153.826
0.319458,153.676
0.31958,153.526
0.319702,153.376
0.319824,153.226
0.319946,153.077
0.320068,152.927
0.32019,152.778
0.320313,152.629
0.320435,152.48
0.320557,152.331
0.320679,152.182
0.320801,152.034
0.320923,151.885
0.321045,151.737
0.321167,151.589
0.321289,151.441
0.321411,151.293
0.321533,151.146
0.321655,150.998
0.321777,150.851
0.321899,150.703
0.322021,150.556
0.322144,150.409
0.322266,150.262
0.322388,150.116
0.32251,149.969
0.322632,149.823
0.322754,149.677
0.322876,149.531
0.322998,149.385
0.32312,149.239
0.323242,149.093
0.323364,148.948
0.323486,148.802
0.323608,148.657
0.32373,148.512
0.323853,148.367
0.323975,148.222
0.324097,148.077
0.324219,147.933
0.324341,147.788
0.324463,147.644
0.324585,147.5
0.324707,147.356
0.324829,147.212
0.324951,147.069
0.325073,146.925
0.325195,146.782
0.325317,146.638
0.325439,146.495
0.325562,146.352
0.325684,146.209
0.325806,146.067
0.325928,145.924
0.32605,145.782
0.326172,145.639
0.326294,145.497
0.326416,145.355
0.326538,145.213
0.32666,145.072
0.326782,144.93
0.326904,144.789
0.327026,144.647
0.327148,144.506
0.327271,144.365
0.327393,144.224
0.327515,144.083
0.327637,143.943
0.327759,143.802
0.327881,143.662
0.328003,143.522
0.328125,143.381
0.328247,143.242
0.328369,143.102
0.328491,142.962
0.328613,142.822
0.328735,142.683
0.328857,142.544
0.328979,142.405
0.329102,142.266
0.329224,142.127
0.329346,141.988
0.329468,141.849
0.32959,141.711
0.329712,141.573
0.329834,141.435
0.329956,141.296
0.330078,141.159
0.3302,141.021
0.330322,140.883
0.330444,140.746
0.330566,140.608
0.330688,140.471
0.330811,140.334
0.330933,140.197
0.331055,140.06
0.331177,139.923
0.331299,139.787
0.331421,139.65
0.331543,139.514
0.331665,139.378
0.331787,139.242
0.331909,139.106
0.332031,138.97
0.332153,138.834
0.332275,138.699
0.332397,138.564
0.33252,138.428
0.332642,138.293
0.332764,138.158
0.332886,138.023
0.333008,137.889
0.33313,137.754
0.333252,137.62
0.333374,137.485
0.333496,137.351
0.333618,137.217
0.33374,137.083
0.333862,136.949
0.333984,136.816
0.334106,136.682
0.334229,136.549
0.334351,136.415
0.334473,136.282
0.334595,136.149
0.334717,136.016
0.334839,135.883
0.334961,135.751
0.335083,135.618
0.335205,135.486
0.335327,135.354
0.335449,135.222
0.335571,135.09
0.335693,134.958
0.335815,134.826
0.335938,134.694
0.33606,134.563
0.336182,134.432
0.336304,134.3
0.336426,134.169
0.336548,134.038
0.33667,133.908
0.336792,133.777
0.336914,133.646
0.337036,133.516
0.337158,133.385
0.33728,133.255
0.337402,133.125
0.337524,132.995
0.337646,132.865
0.337769,132.736
0.337891,132.606
0.338013,132.477
0.338135,132.347
0.338257,132.218
0.338379,132.089
0.338501,131.96
0.338623,131.831
0.338745,131.703
0.338867,131.574
0.338989,131.446
0.339111,131.318
0.339233,131.189
0.339355,131.061
0.339478,130.933
0.3396,130.806
0.339722,130.678
0.339844,130.55
0.339966,130.423
0.340088,130.296
0.34021,130.168
0.340332,130.041
0.340454,129.914
0.340576,129.788
0.340698,129.661
0.34082,129.534
0.340942,129.408
0.341064,129.282
0.341187,129.155
0.341309,129.029
0.341431,128.903
0.341553,128.778
0.341675,128.652
0.341797,128.526
0.341919,128.401
0.342041,128.276
0.342163,128.15
0.342285,128.025
0.342407,127.9
0.342529,127.775
0.342651,127.651
0.342773,127.526
0.342896,127.402
0.343018,127.277
0.34314,127.153
0.343262,127.029
0.343384,126.905
0.343506,126.781
0.343628,126.657
0.34375,126.534
0.343872,126.41
0.343994,126.287
0.344116,126.164
0.344238,126.04
0.34436,125.917
0.344482,125.794
0.344604,125.672
0.344727,125.549
0.344849,125.426
0.344971,125.304
0.345093,125.182
0.345215,125.06
0.345337,124.937
0.345459,124.816
0.345581,124.694
0.345703,124.572
0.345825,124.45
0.345947,124.329
0.346069,124.208
0.346191,124.086
0.346313,123.965
0.346436,123.844
0.346558,123.723
0.34668,123.603
0.346802,123.482
0.346924,123.361
0.347046,123.241
0.347168,123.121
0.34729,123.001
0.347412,122.88
0.347534,122.76
0.347656,122.641
0.347778,122.521
0.3479,122.401
0.348022,122.282
0.348145,122.163
0.348267,122.043
0.348389,121.924
0.348511,121.805
0.348633,121.686
0.348755,121.568
0.348877,121.449
0.348999,121.33
0.349121,121.212
0.349243,121.094
0.349365,120.975
0.349487,120.857
0.349609,120.739
0.349731,120.621
0.349854,120.504
0.349976,120.386
0.350098,120.269
0.35022,120.151
0.350342,120.034
0.350464,119.917
0.350586,119.8
0.350708,119.683
0.35083,119.566
0.350952,119.449
0.351074,119.333
0.351196,119.216
0.351318,119.1
0.35144,118.984
0.351563,118.867
0.351685,118.751
0.351807,118.635
0.351929,118.52
0.352051,118.404
0.352173,118.288
0.352295,118.173
0.352417,118.058
0.352539,117.942
0.352661,117.827
0.352783,117.712
0.352905,117.597
0.353027,117.483
0.353149,117.368
0.353271,117.253
0.353394,117.139
0.353516,117.025
0.353638,116.91
0.35376,116.796
0.353882,116.682
0.354004,116.568
0.354126,116.455
0.354248,116.341
0.35437,116.227
0.354492,116.114
0.354614,116.001
0.354736,115.887
0.354858,115.774
0.35498,115.661
0.355103,115.548
0.355225,115.435
0.355347,115.323
0.355469,115.21
0.355591,115.098
0.355713,114.985
0.355835,114.873
0.355957,114.761
0.356079,114.649
0.356201,114.537
0.356323,114.425
0.356445,114.314
0.356567,114.202
0.356689,114.091
0.356812,113.979
0.356934,113.868
0.357056,113.757
0.357178,113.646
0.3573,113.535
0.357422,113.424
0.357544,113.313
0.357666,113.203
0.357788,113.092
0.35791,112.982
0.358032,112.872
0.358154,112.761
0.358276,112.651
0.358398,112.541
0.358521,112.432
0.358643,112.322
0.358765,112.212
0.358887,112.103
0.359009,111.993
0.359131,111.884
0.359253,111.775
0.359375,111.666
0.359497,111.557
0.359619,111.448
0.359741,111.339
0.359863,111.23
0.359985,111.122
0.360107,111.013
0.360229,110.905
0.360352,110.797
0.360474,110.688
0.360596,110.58
0.360718,110.472
0.36084,110.365
0.360962,110.257
0.361084,110.149
0.361206,110.042
0.361328,109.934
0.36145,109.827
0.361572,109.72
0.361694,109.613
0.361816,109.506
0.361938,109.399
0.362061,109.292
0.362183,109.185
0.362305,109.079
0.362427,108.972
0.362549,108.866
0.362671,108.76
0.362793,108.654
0.362915,108.548
0.363037,108.442
0.363159,108.336
0.363281,108.23
0.363403,108.124
0.363525,108.019
0.363647,107.913
0.36377,107.808
0.363892,107.703
0.364014,107.598
0.364136,107.493
0.364258,107.388
0.36438,107.283
0.364502,107.178
0.364624,107.074
0.364746,106.969
0.364868,106.865
0.36499,106.76
0.365112,106.656
0.365234,106.552
0.365356,106.448
0.365479,106.344
0.365601,106.24
0.365723,106.137
0.365845,106.033
0.365967,105.93
0.366089,105.826
0.366211,105.723
0.366333,105.62
0.366455,105.517
0.366577,105.414
0.366699,105.311
0.366821,105.208
0.366943,105.105
0.367065,105.003
0.367188,104.9
0.36731,104.798
0.367432,104.695
0.367554,104.593
0.367676,104.491
0.367798,104.389
0.36792,104.287
0.368042,104.185
0.368164,104.084
0.368286,103.982
0.368408,103.881
0.36853,103.779
0.368652,103.678
0.368774,103.577
0.368896,103.476
0.369019,103.375
0.369141,103.274
0.369263,103.173
0.369385,103.072
0.369507,102.972
0.369629,102.871
0.369751,102.771
0.369873,102.67
0.369995,102.57
0.370117,102.47
0.370239,102.37
0.370361,102.27
0.370483,102.17
0.370605,102.071
0.370728,101.971
0.37085,101.871
0.370972,101.772
0.371094,101.673
0.371216,101.573
0.371338,101.474
0.37146,101.375
0.371582,101.276
0.371704,101.177
0.371826,101.079
0.371948,100.98
0.37207,100.881
0.372192,100.783
0.372314,100.685
0.372437,100.586
0.372559,100.488
0.372681,100.39
0.372803,100.292
0.372925,100.194
0.373047,100.096
0.373169,99.9987
0.373291,99.9011
0.373413,99.8036
0.373535,99.7062
0.373657,99.6088
0.373779,99.5116
0.373901,99.4145
0.374023,99.3174
0.374146,99.2205
0.374268,99.1237
0.37439,99.0269
0.374512,98.9302
0.374634,98.8337
0.374756,98.7372
0.374878,98.6408
0.375,98.5445
0.375122,98.4484
0.375244,98.3523
0.375366,98.2563
0.375488,98.1604
0.37561,98.0646
0.375732,97.9688
0.375854,97.8732
0.375977,97.7777
0.376099,97.6822
0.376221,97.5869
0.376343,97.4916
0.376465,97.3965
0.376587,97.3014
0.376709,97.2064
0.376831,97.1115
0.376953,97.0168
0.377075,96.9221
0.377197,96.8275
0.377319,96.7329
0.377441,96.6385
0.377563,96.5442
0.377686,96.45
0.377808,96.3558
0.37793,96.2618
0.378052,96.1678
0.378174,96.0739
0.378296,95.9802
0.378418,95.8865
0.37854,95.7929
0.378662,95.6994
0.378784,95.606
0.378906,95.5126
0.379028,95.4194
0.37915,95.3263
0.379272,95.2332
0.379395,95.1403
0.379517,95.0474
0.379639,94.9546
0.379761,94.862
0.379883,94.7694
0.380005,94.6769
0.380127,94.5844
0.380249,94.4921
0.380371,94.3999
0.380493,94.3078
0.380615,94.2157
0.380737,94.1237
0.380859,94.0319
0.380981,93.9401
0.381104,93.8484
0.381226,93.7568
0.381348,93.6653
0.38147,93.5738
0.381592,93.4825
0.381714,93.3913
0.381836,93.3001
0.381958,93.209
0.38208,93.1181
0.382202,93.0272
0.382324,92.9364
0.382446,92.8456
0.382568,92.755
0.38269,92.6645
0.382813,92.574
0.382935,92.4837
0.383057,92.3934
0.383179,92.3032
0.383301,92.2131
0.383423,92.1231
0.383545,92.0332
0.383667,91.9434
0.383789,91.8536
0.383911,91.764
0.384033,91.6744
0.384155,91.5849
0.384277,91.4955
0.384399,91.4062
0.384521,91.317
0.384644,91.2279
0.384766,91.1388
0.384888,91.0499
0.38501,90.961
0.385132,90.8722
0.385254,90.7835
0.385376,90.6949
0.385498,90.6064
0.38562,90.5179
0.385742,90.4296
0.385864,90.3413
0.385986,90.2531
0.386108,90.165
0.38623,90.077
0.386353,89.9891
0.386475,89.9013
0.386597,89.8135
0.386719,89.7258
0.386841,89.6383
0.386963,89.5508
0.387085,89.4633
0.387207,89.376
0.387329,89.2888
0.387451,89.2016
0.387573,89.1146
0.387695,89.0276
0.387817,88.9407
0.387939,88.8539
0.388062,88.7671
0.388184,88.6805
0.388306,88.5939
0.388428,88.5075
0.38855,88.4211
0.388672,88.3348
0.388794,88.2485
0.388916,88.1624
0.389038,88.0763
0.38916,87.9904
0.389282,87.9045
0.389404,87.8187
0.389526,87.733
0.389648,87.6473
0.389771,87.5618
0.389893,87.4763
0.390015,87.3909
0.390137,87.3056
0.390259,87.2204
0.390381,87.1353
0.390503,87.0502
0.390625,86.9653
0.390747,86.8804
0.390869,86.7956
0.390991,86.7109
0.391113,86.6262
0.391235,86.5417
0.391357,86.4572
0.391479,86.3728
0.391602,86.2885
0.391724,86.2043
0.391846,86.1201
0.391968,86.0361
0.39209,85.9521
0.392212,85.8682
0.392334,85.7844
0.392456,85.7006
0.392578,85.617
0.3927,85.5334
0.392822,85.4499
0.392944,85.3665
0.393066,85.2832
0.393188,85.2
0.393311,85.1168
0.393433,85.0337
0.393555,84.9507
0.393677,84.8678
0.393799,84.785
0.393921,84.7022
0.394043,84.6195
0.394165,84.5369
0.394287,84.4544
0.394409,84.372
0.394531,84.2896
0.394653,84.2073
0.394775,84.1252
0.394897,84.043
0.39502,83.961
0.395142,83.8791
0.395264,83.7972
0.395386,83.7154
0.395508,83.6337
0.39563,83.552
0.395752,83.4705
0.395874,83.389
0.395996,83.3076
0.396118,83.2263
0.39624,83.1451
0.396362,83.0639
0.396484,82.9828
0.396606,82.9018
0.396729,82.8209
0.396851,82.7401
0.396973,82.6593
0.397095,82.5786
0.397217,82.498
0.397339,82.4175
0.397461,82.3371
0.397583,82.2567
0.397705,82.1764
0.397827,82.0962
0.397949,82.0161
0.398071,81.936
0.398193,81.856
0.398315,81.7761
0.398438,81.6963
0.39856,81.6166
0.398682,81.5369
0.398804,81.4573
0.398926,81.3778
0.399048,81.2984
0.39917,81.219
0.399292,81.1397
0.399414,81.0605
0.399536,80.9814
0.399658,80.9024
0.39978,80.8234
0.399902,80.7445
0.400024,80.6657
0.400146,80.587
0.400269,80.5083
0.400391,80.4297
0.400513,80.3512
0.400635,80.2728
0.400757,80.1944
0.400879,80.1162
0.401001,80.0379
0.401123,79.9598
0.401245,79.8818
0.401367,79.8038
0.401489,79.7259
0.401611,79.6481
0.401733,79.5704
0.401855,79.4927
0.401978,79.4151
0.4021,79.3376
0.402222,79.2601
0.402344,79.1828
0.402466,79.1055
0.402588,79.0283
0.40271,78.9511
0.402832,78.8741
0.402954,78.7971
0.403076,78.7202
0.403198,78.6433
0.40332,78.5666
0.403442,78.4899
0.403564,78.4133
0.403687,78.3367
0.403809,78.2603
0.403931,78.1839
0.404053,78.1076
0.404175,78.0313
0.404297,77.9552
0.404419,77.8791
0.404541,77.803
0.404663,77.7271
0.404785,77.6512
0.404907,77.5754
0.405029,77.4997
0.405151,77.4241
0.405273,77.3485
0.405396,77.273
0.405518,77.1976
0.40564,77.1222
0.405762,77.0469
0.405884,76.9717
0.406006,76.8966
0.406128,76.8216
0.40625,76.7466
0.406372,76.6717
0.406494,76.5968
0.406616,76.5221
0.406738,76.4474
0.40686,76.3727
0.406982,76.2982
0.407104,76.2237
0.407227,76.1493
0.407349,76.075
0.407471,76.0007
0.407593,75.9266
0.407715,75.8524
0.407837,75.7784
0.407959,75.7044
0.408081,75.6305
0.408203,75.5567
0.408325,75.483
0.408447,75.4093
0.408569,75.3357
0.408691,75.2622
0.408813,75.1887
0.408936,75.1153
0.409058,75.042
0.40918,74.9687
0.409302,74.8956
0.409424,74.8225
0.409546,74.7494
0.409668,74.6765
0.40979,74.6036
0.409912,74.5308
0.410034,74.458
0.410156,74.3853
0.410278,74.3127
0.4104,74.2402
0.410522,74.1677
0.410645,74.0953
0.410767,74.023
0.410889,73.9508
0.411011,73.8786
0.411133,73.8065
0.411255,73.7344
0.411377,73.6624
0.411499,73.5905
0.411621,73.5187
0.411743,73.447
0.411865,73.3753
0.411987,73.3036
0.412109,73.2321
0.412231,73.1606
0.412354,73.0892
0.412476,73.0179
0.412598,72.9466
0.41272,72.8754
0.412842,72.8042
0.412964,72.7332
0.413086,72.6622
0.413208,72.5913
0.41333,72.5204
0.413452,72.4496
0.413574,72.3789
0.413696,72.3083
0.413818,72.2377
0.41394,72.1672
0.414063,72.0967
0.414185,72.0264
0.414307,71.9561
0.414429,71.8858
0.414551,71.8157
0.414673,71.7456
0.414795,71.6755
0.414917,71.6056
0.415039,71.5357
0.415161,71.4658
0.415283,71.3961
0.415405,71.3264
0.415527,71.2568
0.415649,71.1872
0.415771,71.1177
0.415894,71.0483
0.416016,70.979
0.416138,70.9097
0.41626,70.8405
0.416382,70.7713
0.416504,70.7023
0.416626,70.6332
0.416748,70.5643
0.41687,70.4954
0.416992,70.4266
0.417114,70.3579
0.417236,70.2892
0.417358,70.2206
0.41748,70.152
0.417603,70.0836
0.417725,70.0152
0.417847,69.9468
0.417969,69.8786
0.418091,69.8103
0.418213,69.7422
0.418335,69.6741
0.418457,69.6061
0.418579,69.5382
0.418701,69.4703
0.418823,69.4025
0.418945,69.3348
0.419067,69.2671
0.419189,69.1995
0.419312,69.1319
0.419434,69.0644
0.419556,68.997
0.419678,68.9297
0.4198,68.8624
0.419922,68.7952
0.420044,68.728
0.420166,68.6609
0.420288,68.5939
0.42041,68.527
0.420532,68.4601
0.420654,68.3933
0.420776,68.3265
0.420898,68.2598
0.421021,68.1932
0.421143,68.1266
0.421265,68.0601
0.421387,67.9937
0.421509,67.9273
0.421631,67.861
0.421753,67.7948
0.421875,67.7286
0.421997,67.6625
0.422119,67.5965
0.422241,67.5305
0.422363,67.4646
0.422485,67.3987
0.422607,67.3329
0.422729,67.2672
0.422852,67.2015
0.422974,67.1359
0.423096,67.0704
0.423218,67.005
0.42334,66.9396
0.423462,66.8742
0.423584,66.8089
0.423706,66.7437
0.423828,66.6786
0.42395,66.6135
0.424072,66.5485
0.424194,66.4835
0.424316,66.4186
0.424438,66.3538
0.424561,66.289
0.424683,66.2243
0.424805,66.1597
0.424927,66.0951
0.425049,66.0306
0.425171,65.9661
0.425293,65.9017
0.425415,65.8374
0.425537,65.7732
0.425659,65.709
0.425781,65.6448
0.425903,65.5807
0.426025,65.5167
0.426147,65.4528
0.42627,65.3889
0.426392,65.3251
0.426514,65.2613
0.426636,65.1976
0.426758,65.134
0.42688,65.0704
0.427002,65.0069
0.427124,64.9434
0.427246,64.88
0.427368,64.8167
0.42749,64.7534
0.427612,64.6902
0.427734,64.6271
0.427856,64.564
0.427979,64.501
0.428101,64.438
0.428223,64.3751
0.428345,64.3123
0.428467,64.2495
0.428589,64.1868
0.428711,64.1242
0.428833,64.0616
0.428955,63.999
0.429077,63.9366
0.429199,63.8742
0.429321,63.8118
0.429443,63.7495
0.429565,63.6873
0.429688,63.6251
0.42981,63.563
0.429932,63.501
0.430054,63.439
0.430176,63.3771
0.430298,63.3152
0.43042,63.2534
0.430542,63.1917
0.430664,63.13
0.430786,63.0684
0.430908,63.0068
0.43103,62.9453
0.431152,62.8839
0.431274,62.8225
0.431396,62.7612
0.431519,62.6999
0.431641,62.6387
0.431763,62.5776
0.431885,62.5165
0.432007,62.4555
0.432129,62.3945
0.432251,62.3336
0.432373,62.2728
0.432495,62.212
0.432617,62.1513
0.432739,62.0906
0.432861,62.03
0.432983,61.9695
0.433105,61.909
0.433228,61.8485
0.43335,61.7882
0.433472,61.7279
0.433594,61.6676
0.433716,61.6074
0.433838,61.5473
0.43396,61.4872
0.434082,61.4272
0.434204,61.3672
0.434326,61.3073
0.434448,61.2475
0.43457,61.1877
0.434692,61.128
0.434814,61.0683
0.434937,61.0087
0.435059,60.9492
0.435181,60.8897
0.435303,60.8302
0.435425,60.7709
0.435547,60.7115
0.435669,60.6523
0.435791,60.5931
0.435913,60.5339
0.436035,60.4748
0.436157,60.4158
0.436279,60.3568
0.436401,60.2979
0.436523,60.2391
0.436646,60.1803
0.436768,60.1215
0.43689,60.0629
0.437012,60.0042
0.437134,59.9457
0.437256,59.8871
0.437378,59.8287
0.4375,59.7703
0.437622,59.7119
0.437744,59.6537
0.437866,59.5954
0.437988,59.5373
0.43811,59.4792
0.438232,59.4211
0.438354,59.3631
0.438477,59.3052
0.438599,59.2473
0.438721,59.1894
0.438843,59.1317
0.438965,59.0739
0.439087,59.0163
0.439209,58.9587
0.439331,58.9011
0.439453,58.8436
0.439575,58.7862
0.439697,58.7288
0.439819,58.6715
0.439941,58.6142
0.440063,58.557
0.440186,58.4999
0.440308,58.4428
0.44043,58.3857
0.440552,58.3287
0.440674,58.2718
0.440796,58.2149
0.440918,58.1581
0.44104,58.1013
0.441162,58.0446
0.441284,57.988
0.441406,57.9314
0.441528,57.8748
0.44165,57.8183
0.441772,57.7619
0.441895,57.7055
0.442017,57.6492
0.442139,57.5929
0.442261,57.5367
0.442383,57.4805
0.442505,57.4244
0.442627,57.3684
0.442749,57.3124
0.442871,57.2564
0.442993,57.2005
0.443115,57.1447
0.443237,57.0889
0.443359,57.0332
0.443481,56.9775
0.443604,56.9219
0.443726,56.8664
0.443848,56.8109
0.44397,56.7554
0.444092,56.7
0.444214,56.6447
0.444336,56.5894
0.444458,56.5341
0.44458,56.479
0.444702,56.4238
0.444824,56.3688
0.444946,56.3137
0.445068,56.2588
0.44519,56.2039
0.445313,56.149
0.445435,56.0942
0.445557,56.0394
0.445679,55.9847
0.445801,55.9301
0.445923,55.8755
0.446045,55.821
0.446167,55.7665
0.446289,55.712
0.446411,55.6577
0.446533,55.6033
0.446655,55.5491
0.446777,55.4948
0.446899,55.4407
0.447021,55.3866
0.447144,55.3325
0.447266,55.2785
0.447388,55.2245
0.44751,55.1706
0.447632,55.1168
0.447754,55.063
0.447876,55.0092
0.447998,54.9555
0.44812,54.9019
0.448242,54.8483
0.448364,54.7948
0.448486,54.7413
0.448608,54.6878
0.44873,54.6345
0.448853,54.5811
0.448975,54.5279
0.449097,54.4746
0.449219,54.4215
0.449341,54.3684
0.449463,54.3153
0.449585,54.2623
0.449707,54.2093
0.449829,54.1564
0.449951,54.1035
0.450073,54.0507
0.450195,53.998
0.450317,53.9453
0.450439,53.8926
0.450562,53.84
0.450684,53.7874
0.450806,53.7349
0.450928,53.6825
0.45105,53.6301
0.451172,53.5777
0.451294,53.5254
0.451416,53.4732
0.451538,53.421
0.45166,53.3689
0.451782,53.3168
0.451904,53.2647
0.452026,53.2127
0.452148,53.1608
0.452271,53.1089
0.452393,53.0571
0.452515,53.0053
0.452637,52.9535
0.452759,52.9019
0.452881,52.8502
0.453003,52.7986
0.453125,52.7471
0.453247,52.6956
0.453369,52.6442
0.453491,52.5928
0.453613,52.5415
0.453735,52.4902
0.453857,52.4389
0.453979,52.3877
0.454102,52.3366
0.454224,52.2855
0.454346,52.2345
0.454468,52.1835
0.45459,52.1326
0.454712,52.0817
0.454834,52.0309
0.454956,51.9801
0.455078,51.9293
0.4552,51.8786
0.455322,51.828
0.455444,51.7774
0.455566,51.7269
0.455688,51.6764
0.455811,51.6259
0.455933,51.5756
0.456055,51.5252
0.456177,51.4749
0.456299,51.4247
0.456421,51.3745
0.456543,51.3243
0.456665,51.2742
0.456787,51.2242
0.456909,51.1742
0.457031,51.1242
0.457153,51.0743
0.457275,51.0245
0.457397,50.9747
0.45752,50.9249
0.457642,50.8752
0.457764,50.8256
0.457886,50.7759
0.458008,50.7264
0.45813,50.6769
0.458252,50.6274
0.458374,50.578
0.458496,50.5286
0.458618,50.4793
0.45874,50.43
0.458862,50.3808
0.458984,50.3316
0.459106,50.2825
0.459229,50.2334
0.459351,50.1844
0.459473,50.1354
0.459595,50.0865
0.459717,50.0376
0.459839,49.9887
0.459961,49.9399
0.460083,49.8912
0.460205,49.8425
0.460327,49.7939
0.460449,49.7453
0.460571,49.6967
0.460693,49.6482
0.460815,49.5997
0.460938,49.5513
0.46106,49.5029
0.461182,49.4546
0.461304,49.4064
0.461426,49.3581
0.461548,49.31
0.46167,49.2618
0.461792,49.2137
0.461914,49.1657
0.462036,49.1177
0.462158,49.0698
0.46228,49.0219
0.462402,48.974
0.462524,48.9262
0.462646,48.8785
0.462769,48.8308
0.462891,48.7831
0.463013,48.7355
0.463135,48.6879
0.463257,48.6404
0.463379,48.5929
0.463501,48.5455
0.463623,48.4981
0.463745,48.4507
0.463867,48.4035
0.463989,48.3562
0.464111,48.309
0.464233,48.2619
0.464355,48.2147
0.464478,48.1677
0.4646,48.1207
0.464722,48.0737
0.464844,48.0268
0.464966,47.9799
0.465088,47.9331
0.46521,47.8863
0.465332,47.8395
0.465454,47.7928
0.465576,47.7462
0.465698,47.6996
0.46582,47.653
0.465942,47.6065
0.466064,47.56
0.466187,47.5136
0.466309,47.4672
0.466431,47.4209
0.466553,47.3746
0.466675,47.3284
0.466797,47.2822
0.466919,47.236
0.467041,47.1899
0.467163,47.1439
0.467285,47.0979
0.467407,47.0519
0.467529,47.006
0.467651,46.9601
0.467773,46.9142
0.467896,46.8684
0.468018,46.8227
0.46814,46.777
0.468262,46.7313
0.468384,46.6857
0.468506,46.6402
0.468628,46.5946
0.46875,46.5491
0.468872,46.5037
0.468994,46.4583
0.469116,46.413
0.469238,46.3677
0.46936,46.3224
0.469482,46.2772
0.469604,46.232
0.469727,46.1869
0.469849,46.1418
0.469971,46.0968
0.470093,46.0518
0.470215,46.0068
0.470337,45.9619
0.470459,45.9171
0.470581,45.8722
0.470703,45.8275
0.470825,45.7827
0.470947,45.7381
0.471069,45.6934
0.471191,45.6488
0.471313,45.6042
0.471436,45.5597
0.471558,45.5153
0.47168,45.4708
0.471802,45.4265
0.471924,45.3821
0.472046,45.3378
0.472168,45.2936
0.47229,45.2494
0.472412,45.2052
0.472534,45.1611
0.472656,45.117
0.472778,45.0729
0.4729,45.0289
0.473022,44.985
0.473145,44.9411
0.473267,44.8972
0.473389,44.8534
0.473511,44.8096
0.473633,44.7659
0.473755,44.7222
0.473877,44.6785
0.473999,44.6349
0.474121,44.5914
0.474243,44.5478
0.474365,44.5043
0.474487,44.4609
0.474609,44.4175
0.474731,44.3742
0.474854,44.3308
0.474976,44.2876
0.475098,44.2443
0.47522,44.2012
0.475342,44.158
0.475464,44.1149
0.475586,44.0718
0.475708,44.0288
0.47583,43.9859
0.475952,43.9429
0.476074,43.9
0.476196,43.8572
0.476318,43.8144
0.47644,43.7716
0.476563,43.7289
0.476685,43.6862
0.476807,43.6436
0.476929,43.601
0.477051,43.5584
0.477173,43.5159
0.477295,43.4734
0.477417,43.431
0.477539,43.3886
0.477661,43.3462
0.477783,43.3039
0.477905,43.2617
0.478027,43.2194
0.478149,43.1772
0.478271,43.1351
0.478394,43.093
0.478516,43.0509
0.478638,43.0089
0.47876,42.9669
0.478882,42.925
0.479004,42.8831
0.479126,42.8412
0.479248,42.7994
0.47937,42.7576
0.479492,42.7159
0.479614,42.6742
0.479736,42.6326
0.479858,42.5909
0.47998,42.5494
0.480103,42.5078
0.480225,42.4663
0.480347,42.4249
0.480469,42.3835
0.480591,42.3421
0.480713,42.3008
0.480835,42.2595
0.480957,42.2182
0.481079,42.177
0.481201,42.1359
0.481323,42.0947
0.481445,42.0537
0.481567,42.0126
0.481689,41.9716
0.481812,41.9306
0.481934,41.8897
0.482056,41.8488
0.482178,41.808
0.4823,41.7672
0.482422,41.7264
0.482544,41.6857
0.482666,41.645
0.482788,41.6043
0.48291,41.5637
0.483032,41.5231
0.483154,41.4826
0.483276,41.4421
0.483398,41.4017
0.483521,41.3613
0.483643,41.3209
0.483765,41.2806
0.483887,41.2403
0.484009,41.2
0.484131,41.1598
0.484253,41.1196
0.484375,41.0795
0.484497,41.0394
0.484619,40.9993
0.484741,40.9593
0.484863,40.9193
0.484985,40.8794
0.485107,40.8395
0.485229,40.7996
0.485352,40.7598
0.485474,40.72
0.485596,40.6803
0.485718,40.6406
0.48584,40.6009
0.485962,40.5613
0.486084,40.5217
0.486206,40.4821
0.486328,40.4426
0.48645,40.4031
0.486572,40.3637
0.486694,40.3243
0.486816,40.2849
0.486938,40.2456
0.487061,40.2063
0.487183,40.1671
0.487305,40.1279
0.487427,40.0887
0.487549,40.0496
0.487671,40.0105
0.487793,39.9714
0.487915,39.9324
0.488037,39.8934
0.488159,39.8545
0.488281,39.8156
0.488403,39.7767
0.488525,39.7379
0.488647,39.6991
0.48877,39.6604
0.488892,39.6217
0.489014,39.583
0.489136,39.5443
0.489258,39.5058
0.48938,39.4672
0.489502,39.4287
0.489624,39.3902
0.489746,39.3517
0.489868,39.3133
0.48999,39.2749
0.490112,39.2366
0.490234,39.1983
0.490356,39.1601
0.490479,39.1218
0.490601,39.0836
0.490723,39.0455
0.490845,39.0074
0.490967,38.9693
0.491089,38.9313
0.491211,38.8933
0.491333,38.8553
0.491455,38.8174
0.491577,38.7795
0.491699,38.7416
0.491821,38.7038
0.491943,38.666
0.492065,38.6283
0.492188,38.5906
0.49231,38.5529
0.492432,38.5153
0.492554,38.4777
0.492676,38.4401
0.492798,38.4026
0.49292,38.3651
0.493042,38.3277
0.493164,38.2903
0.493286,38.2529
0.493408,38.2156
0.49353,38.1783
0.493652,38.141
0.493774,38.1038
0.493896,38.0666
0.494019,38.0294
0.494141,37.9923
0.494263,37.9552
0.494385,37.9182
0.494507,37.8812
0.494629,37.8442
0.494751,37.8073
0.494873,37.7703
0.494995,37.7335
0.495117,37.6966
0.495239,37.6599
0.495361,37.6231
0.495483,37.5864
0.495605,37.5497
0.495728,37.513
0.49585,37.4764
0.495972,37.4398
0.496094,37.4033
0.496216,37.3668
0.496338,37.3303
0.49646,37.2939
0.496582,37.2575
0.496704,37.2211
0.496826,37.1848
0.496948,37.1485
0.49707,37.1122
0.497192,37.076
0.497314,37.0398
0.497437,37.0037
0.497559,36.9675
0.497681,36.9314
0.497803,36.8954
0.497925,36.8594
0.498047,36.8234
0.498169,36.7875
0.498291,36.7516
0.498413,36.7157
0.498535,36.6798
0.498657,36.644
0.498779,36.6083
0.498901,36.5725
0.499023,36.5368
0.499146,36.5012
0.499268,36.4656
0.49939,36.43
0.499512,36.3944
0.499634,36.3589
0.499756,36.3234
0.499878,36.2879
