2.384874341980122153e+03 1.499699177025901804e+02
2.382813198029523392e+03 1.708228335201160064e+02
2.380752054078924630e+03 1.898965486278472667e+02
2.378690910128325868e+03 2.047396287894960949e+02
2.376629766177727561e+03 2.157529501364238627e+02
2.374568622227128799e+03 2.248214368080449503e+02
2.372507478276530037e+03 2.336201812795357000e+02
2.370446334325931275e+03 2.430221794831877560e+02
2.368385190375332968e+03 2.532966736148407563e+02
2.366324046424734206e+03 2.644081582270781610e+02
2.364262902474135899e+03 2.762005601381194992e+02
2.362201758523536682e+03 2.885034109391305037e+02
2.360140614572937920e+03 3.011527207370276074e+02
2.358079470622339159e+03 3.139603974372833477e+02
2.356018326671740851e+03 3.266891261438142351e+02
2.353957182721142090e+03 3.391075421673130563e+02
2.351896038770543328e+03 3.510937867361738540e+02
2.349834894819944566e+03 3.626815365919842407e+02
2.347773750869346259e+03 3.739726613285021699e+02
2.345712606918747497e+03 3.849685788225521037e+02
2.343651462968149190e+03 3.954687415677939839e+02
2.341590319017550428e+03 4.051536118213272744e+02
2.339529175066951666e+03 4.137978765674095030e+02
2.337468031116352904e+03 4.214249622878517698e+02
2.335406887165754597e+03 4.282757853370585508e+02
2.333345743215155835e+03 4.346331072354369098e+02
2.331284599264557073e+03 4.406606158409975933e+02
2.329223455313958311e+03 4.463921740706169885e+02
2.327162311363360004e+03 4.518375415057537339e+02
2.325101167412761242e+03 4.570183262654813916e+02
2.323040023462162935e+03 4.618793092341609281e+02
2.320978879511564173e+03 4.662569561744145403e+02
2.318917735560965411e+03 4.700138512746755168e+02
2.316856591610366650e+03 4.731658724080349430e+02
2.314795447659768342e+03 4.758339348004387261e+02
2.312734303709169581e+03 4.781165375828636002e+02
2.310673159758570819e+03 4.800756234491097416e+02
2.308612015807972057e+03 4.818005182434854987e+02
2.306550871857373750e+03 4.833748222006313426e+02
2.304489727906774988e+03 4.847917574772580451e+02
2.302428583956176681e+03 4.860100981316796833e+02
2.300367440005577464e+03 4.870971896144376387e+02
2.298306296054978702e+03 4.882136367186651000e+02
2.296245152104379940e+03 4.894146974433930382e+02
2.294184008153781633e+03 4.905386209610533115e+02
2.292122864203182871e+03 4.913668107257723250e+02
2.290061720252584109e+03 4.918920908872855762e+02
2.288000576301985348e+03 4.923958097287389819e+02
2.285939432351387040e+03 4.932630805878270621e+02
2.283878288400788279e+03 4.946895176550302153e+02
2.281817144450189971e+03 4.965001525340171611e+02
2.279756000499590755e+03 4.982730537597760758e+02
2.277694856548992448e+03 4.997229392518525515e+02
2.275633712598393686e+03 5.009458022749137172e+02
2.273572568647795379e+03 5.022268649722429927e+02
2.271511424697196617e+03 5.036860014899518774e+02
2.269450280746597855e+03 5.052062919829072598e+02
2.267389136795999093e+03 5.066229039818157389e+02
2.265327992845400786e+03 5.078469135332305768e+02
2.263266848894802024e+03 5.088289326631099243e+02
2.261205704944203717e+03 5.095174289096111124e+02
2.259144560993604500e+03 5.098974716962007960e+02
2.257083417043006193e+03 5.100536340901326184e+02
2.255022273092407431e+03 5.101817323802714554e+02
2.252961129141809124e+03 5.104989517521453308e+02
2.250899985191210362e+03 5.110779737757056296e+02
2.248838841240611600e+03 5.117759546830767476e+02
2.246777697290012838e+03 5.123834727417887507e+02
2.244716553339414531e+03 5.128298221611945564e+02
2.242655409388815769e+03 5.131847259571204631e+02
2.240594265438217462e+03 5.135014543404480492e+02
2.238533121487617791e+03 5.137669280076438554e+02
2.236471977537019484e+03 5.139969799642739190e+02
2.234410833586420722e+03 5.142793645782451222e+02
2.232349689635822415e+03 5.147006436502899760e+02
2.230288545685223653e+03 5.153026169381264481e+02
2.228227401734624891e+03 5.161307311856304523e+02
2.226166257784026129e+03 5.172320409420507303e+02
2.224105113833427822e+03 5.185351031374041213e+02
2.222043969882829060e+03 5.198041009106489128e+02
2.219982825932230753e+03 5.208164359897948543e+02
2.217921681981631536e+03 5.215399387450211179e+02
2.215860538031033229e+03 5.220435562510389218e+02
2.213799394080434467e+03 5.223373323909931969e+02
2.211738250129836160e+03 5.224390899975078355e+02
2.209677106179237398e+03 5.224889508061455672e+02
2.207615962228638637e+03 5.226008021551857610e+02
2.205554818278039875e+03 5.226723794694975140e+02
2.203493674327441568e+03 5.225444609399459068e+02
2.201432530376842806e+03 5.222965664000317929e+02
2.199371386426244499e+03 5.221821983402446676e+02
2.197310242475645282e+03 5.223035114277163302e+02
2.195249098525046975e+03 5.225364692304705159e+02
2.193187954574448213e+03 5.227757341075713384e+02
2.191126810623849906e+03 5.230954620121297012e+02
2.189065666673251144e+03 5.236147193717516757e+02
2.187004522722652382e+03 5.243009904078551244e+02
2.184943378772053620e+03 5.249613403715314917e+02
2.182882234821455313e+03 5.254096482905774792e+02
2.180821090870856551e+03 5.256433532739818020e+02
2.178759946920258244e+03 5.258596701139513243e+02
2.176698802969658573e+03 5.262552701023880672e+02
2.174637659019060266e+03 5.267814372771380249e+02
2.172576515068461504e+03 5.271522218063922764e+02
2.170515371117863197e+03 5.271296968815836408e+02
2.168454227167264435e+03 5.267485708985778956e+02
2.166393083216665673e+03 5.262313003182149487e+02
2.164331939266066911e+03 5.257783316092876476e+02
2.162270795315468604e+03 5.255110794994989192e+02
2.160209651364869842e+03 5.255044134234923376e+02
2.158148507414271535e+03 5.257257873032192492e+02
2.156087363463672318e+03 5.259813073555349092e+02
2.154026219513074011e+03 5.260501700128786524e+02
2.151965075562475249e+03 5.258845151659272688e+02
2.149903931611876942e+03 5.256303437414487689e+02
2.147842787661278180e+03 5.254540425408500823e+02
2.145781643710679418e+03 5.253763418940428664e+02
2.143720499760080656e+03 5.252879877708300000e+02
2.141659355809482349e+03 5.251420369680638487e+02
2.139598211858883587e+03 5.250901429955858930e+02
2.137537067908285280e+03 5.253206180498456206e+02
2.135475923957686064e+03 5.257726795461639995e+02
2.133414780007087757e+03 5.261368286372969578e+02
2.131353636056488995e+03 5.261441930604560184e+02
2.129292492105890688e+03 5.257283141054682574e+02
2.127231348155291926e+03 5.249403225321218542e+02
2.125170204204693164e+03 5.239080907313956459e+02
2.123109060254094402e+03 5.229335890863440000e+02
2.121047916303496095e+03 5.224378199471476591e+02
2.118986772352897333e+03 5.226219785487498939e+02
2.116925628402299026e+03 5.232561678555222215e+02
2.114864484451699354e+03 5.239508195038297345e+02
2.112803340501101047e+03 5.245697135131881623e+02
2.110742196550502285e+03 5.252209931299470327e+02
2.108681052599903978e+03 5.258852312020121644e+02
2.106619908649305216e+03 5.262532520772078897e+02
2.104558764698706455e+03 5.260129641013334094e+02
2.102497620748107693e+03 5.251945200401224838e+02
2.100436476797509386e+03 5.241509469516427089e+02
2.098375332846910624e+03 5.232622517469095555e+02
2.096314188896312317e+03 5.226982361067726970e+02
2.094253044945713555e+03 5.224144364971929235e+02
2.092191900995114793e+03 5.223122343193648476e+02
2.090130757044516031e+03 5.223836039137752323e+02
2.088069613093917724e+03 5.226936750603042583e+02
2.086008469143318962e+03 5.232285081285472188e+02
2.083947325192720655e+03 5.237947351695680709e+02
2.081886181242121438e+03 5.241009774143532240e+02
2.079825037291523131e+03 5.239503627344773804e+02
2.077763893340924369e+03 5.233366490808198250e+02
2.075702749390325607e+03 5.223816208991856911e+02
2.073641605439726845e+03 5.212646838193297754e+02
2.071580461489128538e+03 5.202181080847788053e+02
2.069519317538529776e+03 5.194778938856111381e+02
2.067458173587931014e+03 5.191643683513626684e+02
2.065397029637332253e+03 5.192144218623242296e+02
2.063335885686733945e+03 5.194824673862066220e+02
2.061274741736135184e+03 5.199646796718003543e+02
2.059213597785536876e+03 5.209464770575789316e+02
2.057152453834938115e+03 5.228535063159913534e+02
2.055091309884339353e+03 5.257524447650966977e+02
2.053030165933740591e+03 5.288175252842171403e+02
2.050969021983141829e+03 5.304783467560099552e+02
2.048907878032543067e+03 5.295858670362736120e+02
2.046846734081944760e+03 5.265347495222852103e+02
2.044785590131345998e+03 5.229235527852595169e+02
2.042724446180747691e+03 5.201344324185708956e+02
2.040663302230148702e+03 5.184876682633548626e+02
2.038602158279550395e+03 5.175498707131011997e+02
2.036541014328951633e+03 5.168232765336368857e+02
2.034479870378352871e+03 5.161141795029118384e+02
2.032418726427754109e+03 5.154792951637538181e+02
2.030357582477155574e+03 5.149934575876784493e+02
2.028296438526556813e+03 5.146458938428213514e+02
2.026235294575958278e+03 5.144325230830785358e+02
2.024174150625359516e+03 5.143947770167906128e+02
2.022113006674761209e+03 5.144888304047644851e+02
2.020051862724162220e+03 5.145203387741148617e+02
2.017990718773563913e+03 5.142985307908624009e+02
2.015929574822965151e+03 5.137934435888832923e+02
2.013868430872366616e+03 5.130743388964731366e+02
2.011807286921767854e+03 5.121764069677974476e+02
2.009746142971169320e+03 5.111326510175601356e+02
2.007684999020570558e+03 5.100798682731654026e+02
2.005623855069972024e+03 5.091935517306917518e+02
2.003562711119373034e+03 5.084981328860013150e+02
2.001501567168774727e+03 5.078430806457437257e+02
1.999440423218175738e+03 5.071063353950160035e+02
1.997379279267577431e+03 5.063512953326209072e+02
1.995318135316978669e+03 5.057337461539590322e+02
1.993256991366380134e+03 5.052879280331926566e+02
1.991195847415781373e+03 5.048584965291126991e+02
1.989134703465182838e+03 5.042387791097909826e+02
1.987073559514584076e+03 5.033481990894816249e+02
1.985012415563985542e+03 5.022795049823570253e+02
1.982951271613386780e+03 5.012071982932358765e+02
1.980890127662788473e+03 5.002609650119229059e+02
1.978828983712189483e+03 4.994668079880337928e+02
1.976767839761591176e+03 4.987791130316799695e+02
1.974706695810992414e+03 4.981389410479926028e+02
1.972645551860393653e+03 4.974925066791243466e+02
1.970584407909794891e+03 4.967843983718728964e+02
1.968523263959196356e+03 4.959780244969493879e+02
1.966462120008597594e+03 4.950924731417447902e+02
1.964400976057999060e+03 4.941895716979871622e+02
1.962339832107400298e+03 4.933029076865786919e+02
1.960278688156801763e+03 4.923888168128844427e+02
1.958217544206203002e+03 4.913471464204620816e+02
1.956156400255604694e+03 4.900768151890613353e+02
1.954095256305005933e+03 4.885514513928440010e+02
1.952034112354407398e+03 4.868962579335626515e+02
1.949972968403808636e+03 4.853638594653076552e+02
1.947911824453210102e+03 4.841583214513907478e+02
1.945850680502611340e+03 4.832550485287664515e+02
1.943789536552012805e+03 4.824222019243491673e+02
1.941728392601413816e+03 4.814366933147525742e+02
1.939667248650815282e+03 4.802598418850143958e+02
1.937606104700216520e+03 4.789742871306274310e+02
1.935544960749618213e+03 4.775675207267061069e+02
1.933483816799019451e+03 4.758523097767853187e+02
1.931422672848420916e+03 4.736530743600333153e+02
1.929361528897822154e+03 4.710449257910967162e+02
1.927300384947223620e+03 4.683420689719907841e+02
1.925239240996624858e+03 4.657985240776499722e+02
1.923178097046026323e+03 4.633389232029246614e+02
1.921116953095427561e+03 4.606287876489524251e+02
1.919055809144829027e+03 4.573775766812806296e+02
1.916994665194230265e+03 4.535182278576335761e+02
1.914933521243631958e+03 4.491284992955935422e+02
1.912872377293033196e+03 4.442584120127309575e+02
1.910811233342434662e+03 4.388591146505901861e+02
1.908750089391835672e+03 4.328250069442584618e+02
1.906688945441237138e+03 4.260430903136256120e+02
1.904627801490638376e+03 4.184305117752045362e+02
1.902566657540039841e+03 4.099988545999457870e+02
1.900505513589441080e+03 4.008726179076393237e+02
1.898444369638842545e+03 3.911819850180694971e+02
1.896383225688243783e+03 3.809473425145226884e+02
1.894322081737645476e+03 3.701217206161962849e+02
1.892260937787046487e+03 3.587350318862840481e+02
1.890199793836448180e+03 3.469396311654787155e+02
1.888138649885849418e+03 3.348994486883297554e+02
1.886077505935250883e+03 3.226799158886399823e+02
1.884016361984652121e+03 3.102908099254499348e+02
1.881955218034053587e+03 2.978293400379618561e+02
1.879894074083454825e+03 2.855413422666352972e+02
1.877832930132856063e+03 2.737279352081886827e+02
1.875771786182257301e+03 2.626105205502442459e+02
1.873710642231658994e+03 2.522785401277248525e+02
1.871649498281060005e+03 2.427615440044768320e+02
1.869588354330461698e+03 2.341576374868314474e+02
1.867527210379862936e+03 2.267299507395332512e+02
1.865466066429264401e+03 2.209175862942234687e+02
1.863404922478665640e+03 2.172094392855950105e+02
1.861343778528067105e+03 2.158240502098519755e+02
1.859282634577468343e+03 2.163639468763249738e+02
