# BEGINHEADER
# This file contains data from the SALSA 2m radio telescope.
# DATE=2024-01-31T11:11:0039
# GLON and GLAT given in degrees
# GLON=29.31964547134048
# GLAT=-34.226916677686496
# DATA in two columns below. Col. 1 is velocity relative to LSR [km/s]. Col. 2 is uncalibrated antenna temperature [K].
# ENDHEADER
2384.874341980122 107.74731020531772
2382.8131980295234 222.74136835058036
2380.7520540789246 197.62965315197604
2378.690910128326 214.31493375438637
2376.6297661777276 212.34060502897626
2374.568622227129 226.52183202811872
2372.50747827653 230.07345258317133
2370.4463343259313 241.53316309929784
2368.385190375333 250.75896026433645
2366.324046424734 263.3169753966764
2364.262902474136 275.9827841330102
2362.2017585235367 286.8531556849146
2360.140614572938 301.38969893303215
2358.079470622339 313.0774999249169
2356.018326671741 327.9613015895351
2353.957182721142 341.061833983489
2351.8960387705433 351.9459972687273
2349.8348948199446 362.8818487318861
2347.7737508693463 374.5320176731145
2345.7126069187475 383.2010076264027
2343.651462968149 399.55700408930363
2341.5903190175504 407.13273180540216
2339.5291750669517 417.4788925332139
2337.468031116353 422.22417826695244
2335.4068871657546 429.42161432132417
2333.345743215156 434.2169522043369
2331.284599264557 439.7442848251181
2329.2234553139583 450.85266163875656
2327.16231136336 450.69803679760616
2325.1011674127612 454.7597401174408
2323.040023462163 465.5633989559578
2320.978879511564 466.7653866622984
2318.9177355609654 473.0692896992579
2316.8565916103666 473.4034900769529
2314.7954476597683 474.59090755867754
2312.7343037091696 479.77964963035384
2310.673159758571 483.9720412075751
2308.612015807972 477.2247530442551
2306.5508718573737 484.5466639011644
2304.489727906775 486.56024596920287
2302.4285839561767 486.8937216385321
2300.3674400055775 486.92880931443256
2298.3062960549787 486.4641801748409
2296.24515210438 487.50999207839834
2294.1840081537816 494.25925908200924
2292.122864203183 493.30582686916995
2290.061720252584 490.8812821462672
2288.0005763019853 491.9167139482239
2285.939432351387 491.69817682473234
2283.8782884007883 490.7985568601636
2281.81714445019 496.29492882915747
2279.7560004995908 503.10434255571346
2277.6948565489924 503.13990842704806
2275.6337125983937 494.78414870212464
2273.5725686477954 502.4379685688138
2271.5114246971966 504.56161800181854
2269.450280746598 505.7326438323728
2267.389136795999 507.61941257096925
2265.327992845401 505.9627811264795
2263.266848894802 511.89661485488995
2261.2057049442037 509.2205794447485
2259.1445609936045 510.4246279716445
2257.083417043006 511.43589337540226
2255.0222730924074 509.2946121061497
2252.961129141809 508.5913204202009
2250.8999851912104 509.10891182482123
2248.8388412406116 514.1505741499574
2246.777697290013 514.9904569955559
2244.7165533394145 510.6156664184181
2242.6554093888158 512.1864970298838
2240.5942654382175 514.9556503944282
2238.533121487618 514.887282247631
2236.4719775370195 513.0316351210371
2234.4108335864207 513.3892671215687
2232.3496896358224 514.2560594939424
2230.2885456852237 515.978015319568
2228.227401734625 515.8115003065669
2226.166257784026 515.2477854727547
2224.105113833428 515.6519761488826
2222.043969882829 525.3499000518415
2219.9828259322308 522.9489809458328
2217.9216819816315 516.7166391551435
2215.8605380310332 523.9527523655661
2213.7993940804345 523.6713898913981
2211.738250129836 526.0315736492546
2209.6771061792374 518.1649969896753
2207.6159622286386 517.4718486194229
2205.55481827804 532.392101910803
2203.4936743274416 521.0823272964557
2201.432530376843 521.015238757039
2199.3713864262445 518.001489170722
2197.3102424756453 524.4672099672719
2195.249098525047 524.2904981391689
2193.187954574448 522.9210334380662
2191.12681062385 519.7883540602589
2189.065666673251 524.2021199978534
2187.0045227226524 524.1847415421956
2184.9433787720536 524.9800664815203
2182.8822348214553 528.368798125153
2180.8210908708566 524.8600940513687
2178.7599469202582 526.624444240623
2176.6988029696586 520.0166676419493
2174.6376590190603 531.3392074152367
2172.5765150684615 526.9934544619641
2170.515371117863 532.0398714453563
2168.4542271672644 523.4237575948403
2166.3930832166657 524.3439067751809
2164.331939266067 529.5771162051561
2162.2707953154686 523.262739421552
2160.20965136487 523.3925110901134
2158.1485074142715 524.9610985069165
2156.0873634636723 528.6521939347689
2154.026219513074 527.2199874087189
2151.9650755624752 525.7224488565897
2149.903931611877 524.3047105651998
2147.842787661278 525.88050975397
2145.7816437106794 523.4847742006795
2143.7204997600807 526.7415179263668
2141.6593558094823 529.2692496528543
2139.5982118588836 520.6751635438874
2137.5370679082853 520.1441306141847
2135.475923957686 530.8359794469114
2133.4147800070878 527.9176955590995
2131.353636056489 525.7099057676008
2129.2924921058907 525.5355969643206
2127.231348155292 527.2544862843537
2125.170204204693 522.2968422827796
2123.1090602540944 529.9688919045736
2121.047916303496 507.2167074301038
2118.9867723528973 526.2743248290949
2116.925628402299 526.0158813128239
2114.8644844516994 523.3431029288636
2112.803340501101 528.1710788927877
2110.7421965505023 516.1390086071025
2108.681052599904 530.529303559733
2106.619908649305 528.7844727436849
2104.5587646987065 529.9050019404956
2102.4976207481077 522.9901014254759
2100.4364767975094 523.6984521733169
2098.3753328469106 523.1269786961439
2096.3141888963123 518.9552802039464
2094.2530449457136 525.606349777532
2092.191900995115 521.8613328726051
2090.130757044516 520.5596428088991
2088.0696130939177 522.6088290882709
2086.008469143319 522.126228135703
2083.9473251927207 523.0271046032326
2081.8861812421214 529.4302039910567
2079.825037291523 523.6240363499634
2077.7638933409244 521.8367634268183
2075.7027493903256 525.0545823018513
2073.641605439727 522.3227485644591
2071.5804614891285 516.2951587223843
2069.51931753853 520.3539456207303
2067.458173587931 517.5053502971339
2065.3970296373323 516.5512700212752
2063.335885686734 524.2517510453404
2061.274741736135 517.7318937442805
2059.213597785537 518.9138626512664
2057.152453834938 518.611411391117
2055.0913098843394 526.341521812278
2053.0301659337406 512.9212160919467
2050.969021983142 560.3599343617807
2048.907878032543 543.7851522977588
2046.8467340819448 510.98011492910365
2044.785590131346 520.3027290772303
2042.7244461807477 518.3897930874401
2040.6633022301487 516.8634150081076
2038.6021582795504 517.0532156651909
2036.5410143289516 520.7131622025657
2034.4798703783529 514.6359504047039
2032.418726427754 511.7805241398703
2030.3575824771556 517.5252041339371
2028.2964385265568 514.4208049101783
2026.2352945759583 515.0918446921379
2024.1741506253595 510.9331321421521
2022.1130066747612 513.7635925362088
2020.0518627241622 519.8522217069439
2017.990718773564 512.5471875491419
2015.9295748229652 515.0790226250705
2013.8684308723666 510.52771577664214
2011.8072869217679 515.433371567002
2009.7461429711693 512.336572838862
2007.6849990205706 507.7507464450527
2005.623855069972 507.1379487451881
2003.562711119373 508.8444944893506
2001.5015671687747 510.3559795409836
1999.4404232181757 506.95156391041144
1997.3792792675774 505.6729805055056
1995.3181353169787 503.57820798296035
1993.2569913663801 505.2562455441146
1991.1958474157814 506.8453493744285
1989.1347034651828 504.49744266907567
1987.073559514584 504.62779404123654
1985.0124155639855 501.5432365131395
1982.9512716133868 500.90638412117795
1980.8901276627885 498.7543956496038
1978.8289837121895 500.7643121326596
1976.7678397615912 497.91291728706483
1974.7066958109924 498.28644095230203
1972.6455518603937 497.5686592101416
1970.584407909795 496.8460163286547
1968.5232639591964 496.88972395304876
1966.4621200085976 495.6990263150799
1964.400976057999 491.8383577902524
1962.3398321074003 494.56703496794637
1960.2786881568018 493.1911862893983
1958.217544206203 490.2010794765775
1956.1564002556047 491.96347639945225
1954.095256305006 489.63181792127875
1952.0341123544074 487.16600116995
1949.9729684038086 482.90099981190735
1947.91182445321 482.10218880229564
1945.8506805026113 484.3083048959361
1943.7895365520128 482.44743444251657
1941.7283926014138 484.1650937194675
1939.6672486508153 480.4330883775667
1937.6061047002165 474.36582840170684
1935.5449607496182 481.991609564355
1933.4838167990195 475.5847476281261
1931.422672848421 476.2753601505801
1929.3615288978222 473.6560614837241
1927.3003849472236 463.29388777071256
1925.2392409966249 463.642538404793
1923.1780970460263 467.57234449196557
1921.1169530954276 460.9212062858455
1919.055809144829 459.54347341422476
1916.9946651942303 454.8556942310336
1914.933521243632 448.12504528270773
1912.8723772930332 445.3753441979614
1910.8112333424347 442.6838072438138
1908.7500893918357 431.190317900298
1906.6889454412371 428.78533586048485
1904.6278014906384 421.68041017794997
1902.5666575400398 411.1643058709145
1900.505513589441 401.1304041494393
1898.4443696388425 390.5781121835809
1896.3832256882438 384.5308763311613
1894.3220817376455 370.66567318777396
1892.2609377870465 360.8350601676952
1890.1997938364482 345.71446182421164
1888.1386498858494 334.77776828064526
1886.0775059352509 323.4809905916951
1884.0163619846521 312.2826439977888
1881.9552180340536 296.64620644428913
1879.8940740834548 284.27083130048914
1877.832930132856 272.4089177678777
1875.7717861822573 259.7072043859214
1873.710642231659 251.57125284445831
1871.64949828106 241.93757004370417
1869.5883543304617 231.01704785927072
1867.527210379863 225.6320892671687
1865.4660664292644 213.63638257742517
1863.4049224786656 218.04506935309564
1861.343778528067 197.99726069716777
1859.2826345774683 220.9540826952224
