260.230365 0.000000
258.169221 0.000000
256.108077 0.000000
254.046933 0.000000
251.985789 0.000000
249.924645 0.000000
247.863501 0.000000
245.802357 0.000000
243.741213 0.000000
241.680069 0.000000
239.618925 0.000000
237.557781 0.000000
235.496637 0.000000
233.435493 0.000000
231.374349 0.000000
229.313205 0.000000
227.252061 0.000000
225.190917 0.000000
223.129773 0.000000
221.068629 0.000000
219.007486 0.000000
216.946342 0.000000
214.885198 0.000000
212.824054 0.000000
210.762910 0.000000
208.701766 0.000000
206.640622 0.000000
204.579478 0.000000
202.518334 0.000000
200.457190 0.000000
198.396046 0.000000
196.334902 0.000000
194.273758 0.000000
192.212614 0.000000
190.151470 0.000000
188.090326 0.000000
186.029182 0.000000
183.968038 0.000000
181.906894 0.000000
179.845750 0.000000
177.784607 0.000000
175.723463 0.000000
173.662319 0.000000
171.601175 0.000000
169.540031 0.000000
167.478887 0.000000
165.417743 0.000000
163.356599 0.000000
161.295455 0.000000
159.234311 0.000000
157.173167 0.000000
155.112023 0.000000
153.050879 0.000000
150.989735 0.000000
148.928591 0.000000
146.867447 0.000000
144.806303 0.000000
142.745159 0.000000
140.684015 0.000000
138.622871 0.000000
136.561728 0.000000
134.500584 0.000000
132.439440 0.000000
130.378296 0.000000
128.317152 0.000000
126.256008 0.000000
124.194864 0.000000
122.133720 0.000000
120.072576 0.000000
118.011432 0.000000
115.950288 0.000000
113.889144 0.000000
111.828000 0.000000
109.766856 0.000000
107.705712 0.000000
105.644568 0.000000
103.583424 0.000000
101.522280 0.000000
99.461136 0.000000
97.399992 0.000000
95.338848 0.000000
93.277705 0.000000
91.216561 0.000000
89.155417 0.000000
87.094273 0.000000
85.033129 0.000000
82.971985 0.000000
80.910841 0.000000
78.849697 0.000000
76.788553 0.000000
74.727409 0.000000
72.666265 0.000000
70.605121 0.000000
68.543977 0.000000
66.482833 0.000000
64.421689 0.000000
62.360545 0.000000
60.299401 0.000000
58.238257 0.000000
56.177113 0.000000
54.115969 0.000000
52.054826 0.000000
49.993682 0.000000
47.932538 0.000000
45.871394 0.000000
43.810250 0.000000
41.749106 0.000000
39.687962 0.000002
37.626818 0.000007
35.565674 0.000031
33.504530 0.000124
31.443386 0.000472
29.382242 0.001672
27.321098 0.005514
25.259954 0.016947
23.198810 0.048513
21.137666 0.129345
19.076522 0.321193
17.015378 0.742844
14.954234 1.600074
12.893090 3.209902
10.831947 5.997243
8.770803 10.435685
6.709659 16.912282
4.648515 25.527043
2.587371 35.885981
0.526227 46.988427
-1.534917 57.309522
-3.596061 65.115365
-5.657205 68.937708
-7.718349 68.035058
-9.779493 62.644609
-11.840637 53.911327
-13.901781 43.527016
-15.962925 33.239716
-18.024069 24.431611
-20.085213 17.901086
-22.146357 13.871338
-24.207501 12.152740
-26.268645 12.351042
-28.329789 14.036105
-30.390932 16.834800
-32.452076 20.454584
-34.513220 24.665093
-36.574364 29.265835
-38.635508 34.058497
-40.696652 38.831830
-42.757796 43.359841
-44.818940 47.410579
-46.880084 50.761682
-48.941228 53.218897
-51.002372 54.634099
-53.063516 54.919869
-55.124660 54.058367
-57.185804 52.103159
-59.246948 49.173701
-61.308092 45.443257
-63.369236 41.121950
-65.430380 36.437256
-67.491524 31.614428
-69.552668 26.859177
-71.613812 22.344353
-73.674955 18.201644
-75.736099 14.518485
-77.797243 11.339719
-79.858387 8.673229
-81.919531 6.499843
-83.980675 4.792274
-86.041819 3.556494
-88.102963 2.906373
-90.164107 3.124103
-92.225251 4.542280
-94.286395 7.109443
-96.347539 9.926497
-98.408683 11.474720
-100.469827 10.719415
-102.530971 8.029406
-104.592115 4.810854
-106.653259 2.305436
-108.714403 0.885572
-110.775547 0.274624
-112.836691 0.070286
-114.897834 0.015896
-116.958978 0.003793
-119.020122 0.001210
-121.081266 0.000514
-123.142410 0.000243
-125.203554 0.000116
-127.264698 0.000055
-129.325842 0.000025
-131.386986 0.000011
-133.448130 0.000005
-135.509274 0.000002
-137.570418 0.000001
-139.631562 0.000000
-141.692706 0.000000
-143.753850 0.000000
-145.814994 0.000000
-147.876138 0.000000
-149.937282 0.000000
-151.998426 0.000000
-154.059570 0.000000
-156.120713 0.000000
-158.181857 0.000000
-160.243001 0.000000
-162.304145 0.000000
-164.365289 0.000000
-166.426433 0.000000
-168.487577 0.000000
-170.548721 0.000000
-172.609865 0.000000
-174.671009 0.000000
-176.732153 0.000000
-178.793297 0.000000
-180.854441 0.000000
-182.915585 0.000000
-184.976729 0.000000
-187.037873 0.000000
-189.099017 0.000000
-191.160161 0.000000
-193.221305 0.000000
-195.282449 0.000000
-197.343592 0.000000
-199.404736 0.000000
-201.465880 0.000000
-203.527024 0.000000
-205.588168 0.000000
-207.649312 0.000000
-209.710456 0.000000
-211.771600 0.000000
-213.832744 0.000000
-215.893888 0.000000
-217.955032 0.000000
-220.016176 0.000000
-222.077320 0.000000
-224.138464 0.000000
-226.199608 0.000000
-228.260752 0.000000
-230.321896 0.000000
-232.383040 0.000000
-234.444184 0.000000
-236.505328 0.000000
-238.566472 0.000000
-240.627615 0.000000
-242.688759 0.000000
-244.749903 0.000000
-246.811047 0.000000
-248.872191 0.000000
-250.933335 0.000000
-252.994479 0.000000
-255.055623 0.000000
-257.116767 0.000000
-259.177911 0.000000
-261.239055 0.000000
-263.300199 0.000000
-265.361343 0.000000
