260.230365 -5.931330
258.169221 -6.409109
256.108077 -6.449741
254.046933 -6.025794
251.985789 -5.832056
249.924645 -6.190438
247.863501 -6.465045
245.802357 -6.104379
243.741213 -5.497307
241.680069 -4.906402
239.618925 -4.791271
237.557781 -5.656457
235.496637 -6.040652
233.435493 -6.377579
231.374349 -6.702798
229.313205 -6.219040
227.252061 -5.588917
225.190917 -5.440222
223.129773 -5.753984
221.068629 -6.356952
219.007486 -6.714270
216.946342 -7.058307
214.885198 -7.358768
212.824054 -7.074838
210.762910 -6.765873
208.701766 -7.056573
206.640622 -7.526136
204.579478 -7.796416
202.518334 -7.860332
200.457190 -7.927769
198.396046 -8.019102
196.334902 -7.948528
194.273758 -7.956063
192.212614 -8.183963
190.151470 -8.194443
188.090326 -7.692046
186.029182 -7.095590
183.968038 -6.970647
181.906894 -7.648794
179.845750 -8.296336
177.784607 -7.966456
175.723463 -7.243779
173.662319 -6.470703
171.601175 -6.424372
169.540031 -7.356783
167.478887 -8.002505
165.417743 -8.140498
163.356599 -7.880597
161.295455 -7.157953
159.234311 -7.407665
157.173167 -8.261154
155.112023 -8.482366
153.050879 -8.099139
150.989735 -7.622050
148.928591 -7.673830
146.867447 -8.478824
144.806303 -9.163928
142.745159 -9.361212
140.684015 -9.630468
138.622871 -9.962809
136.561728 -10.272603
134.500584 -10.558573
132.439440 -10.345643
130.378296 -9.465939
128.317152 -8.826568
126.256008 -8.672506
124.194864 -8.769740
122.133720 -8.946641
120.072576 -9.036649
118.011432 -8.970933
115.950288 -8.612969
113.889144 -8.641395
111.828000 -9.335287
109.766856 -9.965388
107.705712 -9.989882
105.644568 -9.792900
103.583424 -9.891264
101.522280 -9.826784
99.461136 -9.286294
97.399992 -9.216283
95.338848 -9.834995
93.277705 -10.232141
91.216561 -10.214553
89.155417 -10.255034
87.094273 -10.594186
85.033129 -10.763699
82.971985 -10.199045
80.910841 -9.470577
78.849697 -9.473879
76.788553 -10.191353
74.727409 -10.753904
72.666265 -10.658976
70.605121 -10.624185
68.543977 -10.445073
66.482833 -9.885326
64.421689 -9.726091
62.360545 -10.386735
60.299401 -10.848248
58.238257 -10.391236
56.177113 -10.189365
54.115969 -10.795637
52.054826 -11.392091
49.993682 -11.375569
47.932538 -11.274746
45.871394 -10.955965
43.810250 -10.439718
41.749106 -10.369971
39.687962 -10.772682
37.626818 -10.856460
35.565674 -10.600051
33.504530 -10.577730
31.443386 -10.506862
29.382242 -10.157963
27.321098 -9.908280
25.259954 -9.850745
23.198810 -9.684431
21.137666 -8.822056
19.076522 -7.649913
17.015378 -6.477948
14.954234 -5.201188
12.893090 -3.461417
10.831947 -0.355315
8.770803 4.795480
6.709659 13.612943
4.648515 26.528654
2.587371 40.723059
0.526227 52.919616
-1.534917 60.870145
-3.596061 64.320735
-5.657205 65.263095
-7.718349 64.189498
-9.779493 60.215282
-11.840637 53.917057
-13.901781 45.923557
-15.962925 36.143516
-18.024069 25.984270
-20.085213 17.817786
-22.146357 13.192280
-24.207501 12.517890
-26.268645 14.274415
-28.329789 16.593277
-30.390932 18.723830
-32.452076 20.480643
-34.513220 22.226060
-36.574364 25.305980
-38.635508 30.496436
-40.696652 36.350709
-42.757796 41.711600
-44.818940 47.314399
-46.880084 53.129047
-48.941228 57.926948
-51.002372 60.314454
-53.063516 59.347571
-55.124660 55.503694
-57.185804 49.893132
-59.246948 44.091446
-61.308092 39.375128
-63.369236 36.339104
-65.430380 34.515056
-67.491524 32.702497
-69.552668 29.883219
-71.613812 26.097195
-73.674955 21.705190
-75.736099 16.659405
-77.797243 11.767871
-79.858387 7.868969
-81.919531 5.282828
-83.980675 4.035649
-86.041819 3.649419
-88.102963 3.190868
-90.164107 3.222964
-92.225251 4.792982
-94.286395 7.514993
-96.347539 9.817165
-98.408683 10.750101
-100.469827 10.520288
-102.530971 8.816793
-104.592115 5.610700
-106.653259 2.215995
-108.714403 -0.493116
-110.775547 -2.706298
-112.836691 -4.226682
-114.897834 -4.686045
-116.958978 -4.727544
-119.020122 -5.134281
-121.081266 -5.824326
-123.142410 -5.931689
-125.203554 -5.652473
-127.264698 -5.541227
-129.325842 -6.364597
-131.386986 -7.769853
-133.448130 -8.466245
-135.509274 -8.608821
-137.570418 -8.814441
-139.631562 -8.981265
-141.692706 -9.158584
-143.753850 -9.325462
-145.814994 -9.507686
-147.876138 -9.598778
-149.937282 -9.187361
-151.998426 -8.478506
-154.059570 -8.296622
-156.120713 -8.537406
-158.181857 -8.781075
-160.243001 -8.854881
-162.304145 -8.507102
-164.365289 -8.044243
-166.426433 -8.423712
-168.487577 -9.247219
-170.548721 -9.478468
-172.609865 -9.600646
-174.671009 -9.619140
-176.732153 -9.306563
-178.793297 -9.177294
-180.854441 -8.645058
-182.915585 -7.710315
-184.976729 -7.371734
-187.037873 -7.574471
-189.099017 -8.108162
-191.160161 -8.250097
-193.221305 -7.938495
-195.282449 -7.900645
-197.343592 -7.834363
-199.404736 -7.588155
-201.465880 -7.675065
-203.527024 -7.801094
-205.588168 -7.848462
-207.649312 -8.198053
-209.710456 -8.455304
-211.771600 -8.614048
-213.832744 -8.544873
-215.893888 -8.161122
-217.955032 -8.321185
-220.016176 -9.024641
-222.077320 -8.989782
-224.138464 -8.262215
-226.199608 -7.567022
-228.260752 -7.182097
-230.321896 -7.113133
-232.383040 -7.590417
-234.444184 -7.737595
-236.505328 -7.572052
-238.566472 -7.809673
-240.627615 -8.269403
-242.688759 -8.039414
-244.749903 -7.315115
-246.811047 -6.745867
-248.872191 -6.502480
-250.933335 -6.924093
-252.994479 -7.303038
-255.055623 -7.129158
-257.116767 -5.552268
-259.177911 -3.752543
-261.239055 -4.330262
-263.300199 -6.344302
-265.361343 -7.921221
