# BEGINHEADER
# This file contains data from the SALSA 2m radio telescope.
# DATE=2024-01-31T18:22:0044
# GLON and GLAT given in degrees
# GLON=109.89749529920456
# GLAT=-0.06966296320634811
# DATA in two columns below. Col. 1 is velocity relative to LSR [km/s]. Col. 2 is uncalibrated antenna temperature [K].
# ENDHEADER
260.2303645442289 -5.525183596199966
258.1692205936302 -6.906559951128733
256.1080766430316 -6.8293684311042355
254.04693269243296 -5.86808474157145
251.9857887418343 -5.219362341664116
249.9246447912357 -6.278672633325424
247.86350084063702 -7.0751201736758365
245.8023568900384 -6.304807472275155
243.74121293943975 -4.837464705409235
241.68006898884113 -6.205269109817625
239.61892503824248 -1.703429676907113
237.55778108764383 -8.398414296715767
235.49663713704518 -4.7963939304693595
233.43549318644656 -6.3062580251868665
231.37434923584792 -7.803853158002933
229.31320528524927 -6.074330599677076
227.25206133465062 -5.033057680706823
225.19091738405197 -5.62739982398765
223.12977343345335 -4.942271762486671
221.0686294828547 -7.196700755878117
219.00748553225606 -6.456680822298377
216.9463415816574 -6.728738608105458
214.8851976310588 -8.228344166813347
212.82405368046014 -7.074594421341139
210.76290972986152 -5.959681547781422
208.70176577926284 -7.258497161365628
206.64062182866422 -7.568174072450578
204.57947787806557 -8.008461247283805
202.51833392746695 -7.838204383567204
200.4571899768683 -7.705859975158012
198.39604602626966 -8.403457630497428
196.33490207567104 -7.804956700448348
194.27375812507242 -7.705254108742138
192.21261417447374 -8.2424586140893
190.15147022387512 -8.812710644769611
188.09032627327647 -7.542470324970981
186.02918232267783 -7.010034841762574
183.9680383720792 -6.31774042800017
181.90689442148053 -7.156099578989174
179.8457504708819 -10.04477338045711
177.78460652028326 -7.140966283366828
175.72346256968464 -7.945166739954604
173.662318619086 -6.031180786618929
171.60117466848735 -5.084183039147672
169.5400307178887 -8.18942999662835
167.47888676729008 -8.510231421328042
165.41774281669143 -7.293744060655859
163.35659886609278 -9.912301974917037
161.29545491549413 -5.068457568477575
159.2343109648955 -7.363484268074588
157.17316701429687 -8.949755310995693
155.11202306369825 -8.748318554653489
153.05087911309957 -8.138410341916549
150.98973516250095 -7.50259750230006
148.9285912119023 -6.732116351658946
146.86744726130365 -8.753661292270683
144.80630331070503 -9.910962084940305
142.74515936010636 -8.743202712766275
140.68401540950774 -9.87468663093237
138.6228714589091 -9.915125751608869
136.56172750831047 -10.245400853333457
134.5005835577118 -10.546917989537869
132.43943960711317 -11.507032084134659
130.37829565651452 -8.658484296832576
128.3171517059159 -8.706094044082826
126.25600775531724 -8.622233654938587
124.19486380471861 -8.516053423865138
122.13371985411996 -9.377568328834924
120.07257590352133 -8.56111029475743
118.01143195292269 -9.840505352572025
115.95028800232404 -8.051967194603272
113.88914405172541 -8.091451155876412
111.82800010112676 -9.422948565589525
109.76685615052813 -10.520231208876956
107.70571219992948 -10.197179194733522
105.64456824933085 -9.295898990698461
103.58342429873221 -9.859193812612864
101.52228034813356 -10.75920289353572
99.46113639753493 -8.668845069917392
97.39999244693628 -8.431022463644814
95.33884849633765 -10.405568249948345
93.277704545739 -10.46718627724422
91.21656059514036 -10.15595244498138
89.15541664454172 -9.963490724139435
87.09427269394307 -10.486186940371525
85.03312874334443 -11.593880820598011
82.97198479274579 -10.343174039507543
80.91084084214715 -8.741869041209576
78.8496968915485 -9.167749770678979
76.78855294094987 -9.871457840587448
74.72740899035124 -12.172357722330238
72.66626503975259 -9.6285494841859
70.60512108915395 -11.013995955012911
68.5439771385553 -10.904836344869599
66.48283318795667 -9.602763516241605
64.42168923735802 -8.963497625734577
62.36054528675939 -10.210106351294412
60.29940133616074 -12.481090024905114
58.2382573855621 -9.468241299445152
56.177113434963466 -9.847661620592648
54.115969484364825 -10.389208698904556
52.054825533766184 -12.733119173954892
49.99368158316754 -10.46742891989557
47.9325376325689 -11.848224918736735
45.87139368197026 -11.102795902754343
43.81024973137162 -10.1735655307454
41.74910578077298 -9.694636440215874
39.68796183017434 -11.287608240720223
37.6268178795757 -11.302913798623615
35.565673928977056 -10.000393491294735
33.504529978378415 -10.666102938978563
31.443386027779777 -11.052950604460948
29.382242077181136 -9.634576206030566
27.32109812658249 -10.211056544476024
25.25995417598385 -9.223389093427585
23.198810225385213 -10.873160310667625
21.13766627478657 -8.602213897503125
19.07652232418793 -7.536823783473873
17.01537837358929 -6.843987964440437
14.954234422990648 -4.707456627178514
12.893090472392009 -4.9813125340354025
10.831946521793364 -0.5359371709257004
8.770802571194725 2.7662650779424935
6.709658620596084 10.332761067531594
4.648514669997443 26.285552258045193
2.5873707193988027 41.85911283290227
0.526226768800162 55.069196260112626
-1.5349171817984788 64.31687290674343
-3.5960611323971197 64.69117424018944
-5.657205082995761 65.78824498751223
-7.718349033594402 66.4925318253709
-9.779492984193043 61.2257903504313
-11.840636934791682 54.2412824323089
-13.901780885390323 47.4642714251583
-15.962924835988963 36.62309118052793
-18.024068786587602 24.418747450557593
-20.085212737186243 16.356638325004443
-22.146356687784888 10.357227416409698
-24.207500638383525 11.42592855236451
-26.268644588982166 14.339768462498125
-28.329788539580807 16.682183728900736
-30.39093249017945 18.934607136677585
-32.452076440778086 20.791110975402376
-34.51322039137673 21.644534321583336
-36.574364341975375 23.380677894931527
-38.635508292574016 30.24184060347728
-40.69665224317265 37.54092747297262
-42.75779619377129 40.96269743774315
-44.81894014436993 46.987156666652936
-46.88008409496857 53.865495791088286
-48.941228045567215 58.764789607728034
-51.002371996165856 62.858755219741745
-53.0635159467645 60.31874841686963
-55.12465989736314 56.9555818235124
-57.18580384796178 49.554988558917
-59.24694779856042 43.712810595914505
-61.30809174915906 38.13017885989242
-63.3692356997577 35.69372387120585
-65.43037965035634 34.46491248790856
-67.49152360095499 33.46310032300556
-69.55266755155363 30.6614140384083
-71.61381150215227 25.71635639016976
-73.67495545275091 22.85762100142476
-75.73609940334954 16.151750859160558
-77.79724335394819 11.402039945445196
-79.85838730454682 6.944933527985033
-81.91953125514547 4.905603387164835
-83.9806752057441 2.8667033523323626
-86.04181915634275 4.60218883135741
-88.10296310694139 2.8477548669893102
-90.16410705754002 2.1310170772124737
-92.22525100813867 3.9276229467197883
-94.2863949587373 7.7931348574813954
-96.34753890933595 11.127753380311228
-98.40868285993459 10.802253432942864
-100.46982681053323 11.309590006449785
-102.53097076113188 10.163320685509037
-104.59211471173052 5.42190747570476
-106.65325866232916 1.535889683557153
-108.7144026129278 -0.5604300022659054
-110.77554656352645 -2.7536517016166258
-112.83669051412508 -5.4380323422841865
-114.89783446472373 -4.491996277622209
-116.95897841532236 -4.85878381213929
-119.020122365921 -4.049422616058395
-121.08126631651965 -7.253486397976717
-123.14241026711828 -5.426469507018585
-125.20355421771693 -6.174976020020871
-127.26469816831556 -4.6466493991931594
-129.3258421189142 -5.572371446421953
-131.38698606951286 -8.878120811806118
-133.44813002011148 -8.768806017026485
-135.50927397071013 -8.085355547406627
-137.57041792130877 -9.288345331623606
-139.63156187190742 -8.639459352553216
-141.69270582250604 -9.377441186998444
-143.7538497731047 -9.227280585903092
-145.8149937237033 -9.459133452183064
-147.876137674302 -9.871805726998996
-149.9372816249006 -9.856615140574249
-151.99842557549925 -7.556137739949066
-154.05956952609787 -8.259153928983748
-156.12071347669655 -8.598975970239055
-158.18185742729517 -8.778616866278957
-160.24300137789382 -9.081643019823016
-162.30414532849247 -9.023331647517077
-164.3652892790911 -7.167279707230345
-166.42643322968976 -7.666593801118255
-168.48757718028838 -10.655974087226456
-170.54872113088703 -8.898683844479228
-172.60986508148565 -9.472776052344507
-174.6710090320843 -10.613577458764984
-176.73215298268295 -8.253084622293965
-178.7932969332816 -9.70102521111642
-180.85444088388022 -9.579975735403064
-182.91558483447886 -6.292987564406198
-184.9767287850775 -7.9362340216341485
-187.03787273567616 -6.667725859034099
-189.09901668627478 -8.661464629958978
-191.16016063687343 -8.9301222387067
-193.22130458747205 -7.108298417472956
-195.28244853807072 -8.108263346995756
-197.34359248866934 -8.335419681939666
-199.40473643926802 -6.895287218559993
-201.46588038986667 -7.700617425418273
-203.5270243404653 -8.433970287209329
-205.58816829106394 -6.774799617147255
-207.64931224166259 -9.007991193178153
-209.71045619226123 -8.111872316233132
-211.77160014285985 -8.713442810787042
-213.8327440934585 -9.0966050281948
-215.89388804405712 -7.846314376139372
-217.9550319946558 -7.078318209488472
-220.01617594525442 -10.537641573910486
-222.07731989585307 -8.87184761684378
-224.13846384645169 -8.622516526116154
-226.19960779705036 -6.655017661238249
-228.26075174764898 -8.125199609624769
-230.32189569824763 -5.42191855101661
-232.38303964884625 -8.83769982747515
-234.4441835994449 -7.6523840199889
-236.50532755004357 -7.382867303746322
-238.5664715006422 -7.198019665070179
-240.62761545124084 -9.1154468127945
-242.68875940183946 -8.585314341533774
-244.7499033524381 -6.392096351587456
-246.81104730303676 -7.736589389371342
-248.8721912536354 -4.693432227776025
-250.93333520423403 -8.183590746477822
-252.99447915483267 -6.581338542353652
-255.05562310543132 -8.390361727835753
-257.11676705602997 -6.970612031714486
-259.1779110066286 -0.3511646849526663
-261.2390549572272 -4.326201224219031
-263.30019890782586 -6.592236507053064
-265.3613428584245 -8.706601795731356
