# BEGINHEADER
# This file contains data from the SALSA 2m radio telescope.
# DATE=2024-01-31T11:34:0034
# GLON and GLAT given in degrees
# GLON=33.1698748055773
# GLAT=-35.54838109597967
# DATA in two columns below. Col. 1 is velocity relative to LSR [km/s]. Col. 2 is uncalibrated antenna temperature [K].
# ENDHEADER
2383.3693806338542 43.73754044968287
2381.3082366832555 90.77189000603344
2379.247092732657 81.03456700174982
2377.185948782058 88.86824589066683
2375.1248048314596 87.55236560695329
2373.063660880861 91.69106794819983
2371.0025169302626 94.18806316305928
2368.941372979664 97.75244992456524
2366.880229029065 101.7179335665761
2364.8190850784663 106.72829978054602
2362.757941127868 112.28912815068044
2360.696797177269 116.82760364710472
2358.6356532266705 121.77282769122642
2356.5745092760717 127.68835585424767
2354.5133653254734 133.7027192720795
2352.4522213748746 138.2783237562029
2350.3910774242763 143.66482855743718
2348.3299334736776 148.29978772866477
2346.268789523079 154.0483180535265
2344.20764557248 156.2068520923576
2342.1465016218817 161.579616437434
2340.085357671283 163.91885509802407
2338.024213720684 170.89598592807496
2335.963069770085 175.02807280658357
2333.9019258194867 175.2603660854843
2331.840781868888 178.933450069713
2329.7796379182896 180.89170544281689
2327.718493967691 182.33030312620522
2325.657350017092 186.70431650729756
2323.5962060664933 186.86898551562192
2321.535062115895 189.11567001955675
2319.4739181652963 191.15195163705846
2317.4127742146975 192.93401862462858
2315.3516302640987 195.60701053872066
2313.2904863135004 194.67464069397425
2311.2293423629017 196.09944743223653
2309.1681984123034 195.19672900432857
2307.1070544617046 197.53526938660025
2305.045910511106 198.97916395529847
2302.984766560507 197.0998679661678
2300.9236226099088 199.91747283904266
2298.86247865931 199.23222818897878
2296.8013347087112 199.8251518230625
2294.7401907581125 199.63618051951198
2292.679046807514 200.52247683143506
2290.6179028569154 204.53276271294368
2288.556758906317 202.78170100893846
2286.4956149557183 202.92796088270492
2284.4344710051196 203.52019397211066
2282.373327054521 203.06469936733976
2280.3121831039225 203.06613245117887
2278.2510391533237 205.56488492710207
2276.189895202725 205.62444866129215
2274.128751252126 203.28414150664858
2272.0676073015275 207.0345930080395
2270.0064633509287 205.49004014568303
2267.9453194003304 203.7811417299603
2265.8841754497316 205.4951327887878
2263.823031499133 207.65703296080792
2261.761887548534 208.4257093866534
2259.700743597936 208.5191663230396
2257.639599647337 208.83347998846997
2255.5784556967383 210.1811836613019
2253.5173117461395 211.67126115798334
2251.456167795541 208.3582867869221
2249.3950238449424 209.4101853452863
2247.333879894344 208.9062681988826
2245.2727359437454 210.10661625902057
2243.2115919931466 212.16206071754158
2241.150448042548 213.096383637342
2239.0893040919495 211.06582962582286
2237.028160141351 211.17461907365328
2234.967016190752 214.16146139514447
2232.9058722401533 211.9665026724837
2230.844728289555 211.33181512399656
2228.783584338956 211.77266860991398
2226.722440388358 212.09739238177633
2224.661296437759 212.6768208843434
2222.6001524871604 211.59817497303882
2220.5390085365616 214.51326747144773
2218.4778645859633 213.70950997017803
2216.4167206353645 213.93284416164258
2214.3555766847658 215.31063659508672
2212.294432734167 212.64135602029268
2210.2332887835687 213.29667866461605
2208.1721448329695 216.6848696192862
2206.111000882371 214.4817566683628
2204.0498569317724 215.17972639689864
2201.9887129811736 215.62685332148467
2199.927569030575 214.55791525533476
2197.8664250799766 213.53433136562788
2195.805281129378 215.72746270676774
2193.744137178779 215.9427562326946
2191.6829932281803 213.6527360148095
2189.621849277582 215.819193433192
2187.560705326983 217.29929273714154
2185.499561376385 216.8323180444633
2183.438417425786 216.41559682178294
2181.3772734751874 216.20861364747904
2179.3161295245886 217.95658639817273
2177.2549855739903 215.92692004490925
2175.1938416233916 215.50705292945764
2173.132697672793 217.00176686675312
2171.071553722194 216.8072522679229
2169.0104097715957 217.04372717716683
2166.949265820997 218.36983175177198
2164.8881218703987 216.3528942083348
2162.8269779198 217.66389847055015
2160.765833969201 217.22070726608237
2158.7046900186024 215.98484606817846
2156.643546068004 214.7477434447543
2154.5824021174053 216.31809312840363
2152.5212581668065 215.8936765002635
2150.460114216208 218.1974941806626
2148.3989702656095 216.94298300670363
2146.3378263150103 218.73915671682656
2144.276682364412 217.02973196972457
2142.215538413813 215.06280806502232
2140.1543944632144 214.98900795320225
2138.0932505126157 216.38243446155832
2136.0321065620174 217.63227122576004
2133.9709626114186 218.45814826721605
2131.90981866082 217.31716384486643
2129.848674710221 214.6095664553127
2127.7875307596228 216.81254116893717
2125.726386809024 217.65683096235858
2123.6652428584257 216.24516338436302
2121.604098907827 220.01114840793312
2119.542954957228 215.97437644589257
2117.4818110066294 218.04538555539744
2115.420667056031 217.52203970926982
2113.3595231054323 218.8141244888175
2111.2983791548336 218.07989712180145
2109.237235204235 217.62926062558387
2107.1760912536365 215.9053896472953
2105.1149473030378 217.94274439497806
2103.0538033524394 214.99292261686395
2100.9926594018407 215.5193954527276
2098.931515451242 215.69424699207988
2096.870371500643 215.4843280117932
2094.809227550045 214.62022091767102
2092.7480835994456 216.4695744433683
2090.6869396488473 215.7966334852248
2088.6257956982486 215.2339073574678
2086.5646517476503 214.8137146772929
2084.503507797051 214.95625380757633
2082.4423638464527 217.65575830245032
2080.381219895854 213.54099732225683
2078.320075945255 216.89696242709348
2076.2589319946565 217.26457998743666
2074.197788044058 215.60906972057717
2072.1366440934594 215.63229405014488
2070.075500142861 214.75344971399926
2068.0143561922623 215.11363982854627
2065.9532122416636 214.669932623094
2063.892068291065 214.11126097374003
2061.8309243404665 215.50928206369963
2059.7697803898677 215.02909319252964
2057.708636439269 215.75230518370458
2055.64749248867 211.97093897350447
2053.586348538072 218.95289183839486
2051.5252045874727 203.82661774717857
2049.4640606368744 269.1148445844816
2047.4029166862758 239.87636720858984
2045.3417727356773 205.1492372376613
2043.2806287850785 218.83504015913493
2041.21948483448 210.8491242376103
2039.1583408838812 214.56124443981412
2037.0971969332825 210.83918939934645
2035.0360529826837 216.4130249241834
2032.9749090320854 211.4145114440495
2030.9137650814864 209.94856661878833
2028.852621130888 211.45741631615647
2026.7914771802893 211.57914027039078
2024.7303332296908 210.70597649101614
2022.669189279092 212.00367759069428
2020.6080453284935 212.3133579483315
2018.5469013778948 211.34169786206934
2016.4857574272962 209.4221595660748
2014.4246134766975 210.3724803769813
2012.3634695260992 209.6698798153221
2010.3023255755002 210.47561262327747
2008.2411816249019 209.87211593890365
2006.1800376743029 210.59302956554785
2004.1188937237043 209.1849044757694
2002.0577497731056 208.72734273645156
1999.996605822507 204.34562666961773
1997.9354618719083 206.82828127208074
1995.8743179213097 207.3395324382117
1993.813173970711 208.5878533662956
1991.7520300201127 209.44281049514169
1989.6908860695137 206.54403586041425
1987.6297421189154 207.24832545729132
1985.5685981683166 206.14004584096145
1983.507454217718 205.9855824394957
1981.4463102671193 204.60235501107738
1979.3851663165208 207.5103358810825
1977.324022365922 206.30087900269416
1975.2628784153233 203.83306464625562
1973.2017344647245 204.65385508804488
1971.140590514126 204.10735704783687
1969.0794465635272 202.67765752900505
1967.018302612929 201.4191788847693
1964.9571586623301 204.01454256641574
1962.8960147117316 202.28898088905484
1960.8348707611328 200.6275216770658
1958.7737268105343 201.34741826154792
1956.7125828599355 199.6210830914002
1954.651438909337 200.6019206011001
1952.5902949587382 199.46480723987437
1950.5291510081397 200.53054649497102
1948.468007057541 198.41553233076536
1946.4068631069426 198.16029538338776
1944.3457191563439 199.64834273567394
1942.284575205745 197.90982341183783
1940.2234312551464 197.25362722647185
1938.1622873045478 195.8511867463396
1936.101143353949 194.80267097251644
1934.0399994033505 194.16989229781007
1931.9788554527518 194.47657747915105
1929.9177115021532 193.99569019616817
1927.8565675515545 193.2861599894811
1925.7954236009562 193.14733396676127
1923.7342796503574 190.1733196019095
1921.6731356997589 189.72545024652885
1919.61199174916 188.09871338875487
1917.5508477985616 187.8823744070445
1915.4897038479628 184.55592657957007
1913.4285598973643 184.23217544048418
1911.3674159467653 180.89198792865525
1909.3062719961667 178.23098984524665
1907.245128045568 178.200745291352
1905.1839840949697 174.80978192662005
1903.1228401443707 172.02605949668774
1901.0616961937724 166.23254447978212
1899.0005522431736 162.2911450539691
1896.939408292575 160.71628536602194
1894.8782643419763 155.2406183712083
1892.8171203913778 150.51910801306005
1890.755976440779 147.45318485524604
1888.6948324901805 141.9745468333608
1886.6336885395817 135.6896296505805
1884.5725445889834 130.18637510627715
1882.5114006383844 127.0075924975025
1880.450256687786 120.98716282725601
1878.3891127371871 117.49839239579799
1876.3279687865886 110.7174685912983
1874.2668248359898 106.39746134919186
1872.2056808853913 101.95301795422307
1870.1445369347925 96.78960558613434
1868.083392984194 93.81113805918469
1866.0222490335952 91.1331312555208
1863.961105082997 86.70156458071355
1861.899961132398 88.82492894641844
1859.8388171817996 80.73791868970079
1857.7776732312009 90.45716048506462
