# BEGINHEADER
# This file contains data from the SALSA 2m radio telescope.
# DATE=2024-01-31T11:15:0004
# GLON and GLAT given in degrees
# GLON=31.694699989208125
# GLAT=-38.60308638497987
# DATA in two columns below. Col. 1 is velocity relative to LSR [km/s]. Col. 2 is uncalibrated antenna temperature [K].
# ENDHEADER
2381.472467262045 30.777462810246828
2379.4113233114463 64.11433689280602
2377.350179360848 57.97089377859816
2375.289035410249 62.61140218165124
2373.227891459651 61.56536791541746
2371.166747509052 65.7235698303287
2369.1056035584534 66.28427420773123
2367.0444596078546 70.10304138857006
2364.9833156572563 73.14761225707875
2362.9221717066575 75.79709946734528
2360.861027756059 79.37027831525023
2358.79988380546 82.62854662977617
2356.7387398548617 86.91382194752815
2354.677595904263 90.07736432524747
2352.6164519536646 93.93729319153209
2350.555308003066 97.59940907367658
2348.494164052467 100.77286760847636
2346.4330201018684 104.323429220314
2344.3718761512696 107.05555942219593
2342.310732200671 111.6867742763064
2340.249588250072 112.99324221169897
2338.1884442994733 117.19735804888002
2336.127300348875 120.52366110762202
2334.0661563982762 122.12221120704558
2332.005012447678 123.89128455159583
2329.943868497079 126.85095278127676
2327.8827245464804 129.101222742546
2325.8215805958816 130.22003707207998
2323.7604366452833 131.37181659541224
2321.6992926946846 131.42821599860676
2319.638148744086 134.65766300279185
2317.577004793487 134.21190149878578
2315.5158608428887 135.77063324187606
2313.45471689229 136.58224073725629
2311.3935729416917 136.6448585211346
2309.332428991093 139.01127996235746
2307.271285040494 137.70504474091896
2305.2101410898954 138.02356575861353
2303.148997139297 140.10733512637557
2301.0878531886983 139.79235012203782
2299.0267092380996 140.7203560271605
2296.965565287501 141.56676922203428
2294.9044213369025 142.05767274431494
2292.8432773863037 141.32590315962503
2290.7821334357054 142.41965681701092
2288.7209894851067 142.6016959850577
2286.659845534508 142.15633144520842
2284.598701583909 142.1828386370523
2282.537557633311 143.6551383609865
2280.4764136827116 143.9533445906298
2278.415269732113 143.85435414244063
2276.354125781514 144.25293334066967
2274.292981830916 143.41631138148173
2272.231837880317 144.2354962085965
2270.1706939297187 147.10107522051226
2268.10954997912 146.85976768098308
2266.048406028521 146.79555898686448
2263.9872620779224 146.54916224462943
2261.926118127324 145.46684514795038
2259.8649741767254 147.03008194122623
2257.8038302261266 146.87533551664842
2255.742686275528 146.55813755483382
2253.6815423249295 147.5267142377728
2251.6203983743308 148.56690097477102
2249.5592544237325 146.66649145808736
2247.4981104731332 146.85866232180013
2245.436966522535 147.86311181908204
2243.375822571936 148.12028016308696
2241.314678621338 148.86661110278465
2239.253534670739 150.03982166924916
2237.1923907201403 147.96838772142303
2235.1312467695416 148.2314709683629
2233.0701028189433 149.74584563377078
2231.0089588683445 149.2272667666202
2228.947814917746 151.0178868403122
2226.886670967147 150.223921643482
2224.8255270165487 149.5360867122304
2222.76438306595 151.27157048347877
2220.7032391153516 151.478720611421
2218.6420951647524 150.28062716001608
2216.5809512141536 150.71698800358737
2214.519807263555 149.85706006504304
2212.4586633129566 150.93022580999283
2210.397519362358 151.78924349754735
2208.3363754117595 150.62949658197581
2206.2752314611603 149.21363124837663
2204.214087510562 151.95852823974937
2202.152943559963 164.95608638982966
2200.091799609365 150.60866751901682
2198.030655658766 151.88891587624153
2195.9695117081674 151.6947815809954
2193.9083677575686 151.883980667472
2191.8472238069703 149.94935389566237
2189.7860798563715 149.9902559427547
2187.7249359057732 152.45972779115218
2185.663791955174 151.7215416813545
2183.6026480045757 152.58858920904578
2181.541504053977 153.25024855925196
2179.4803601033786 151.44097236799792
2177.41921615278 153.6992030205996
2175.358072202181 153.65069120424928
2173.2969282515824 152.54479577661405
2171.235784300984 151.80767958784813
2169.1746403503853 151.76409178982695
2167.113496399787 151.84110898348564
2165.0523524491878 153.47292426537805
2162.9912084985895 152.46948486335677
2160.9300645479907 151.79969964894215
2158.8689205973924 153.13083089468722
2156.807776646793 151.7548843031895
2154.7466326961944 153.29308857191637
2152.6854887455956 154.9881432860183
2150.6243447949973 151.38809373586602
2148.5632008443986 153.16822962665276
2146.5020568938003 153.89905380506292
2144.440912943201 151.810665888183
2142.3797689926027 151.36312741438073
2140.318625042004 151.60019635706914
2138.2574810914057 152.5053442907717
2136.196337140807 152.03048517138637
2134.135193190208 153.22795842922477
2132.0740492396094 150.91317833414615
2130.012905289011 152.501617902422
2127.9517613384123 152.06598072668123
2125.890617387814 152.84715818798972
2123.829473437215 153.5105452322165
2121.7683294866165 154.60796035983628
2119.7071855360177 154.2318676000862
2117.6460415854194 154.6657951242018
2115.5848976348207 154.8374527481435
2113.523753684222 153.47856581437645
2111.462609733623 152.55880175036722
2109.401465783025 152.7019434954122
2107.340321832426 153.38908130146092
2105.2791778818278 152.04061490885115
2103.2180339312285 151.33126043854557
2101.1568899806302 153.05531376547228
2099.0957460300315 151.54394341670468
2097.0346020794327 153.25493316234912
2094.973458128834 150.74463403673306
2092.9123141782356 150.5584918436839
2090.8511702276364 152.96057173014057
2088.790026277038 151.73021773557744
2086.7288823264394 151.40721442349783
2084.667738375841 151.72976905834994
2082.6065944252423 149.4339645934063
2080.5454504746435 151.09108604326946
2078.4843065240448 152.1954531849629
2076.4231625734465 152.54127870085972
2074.3620186228477 152.78490565237928
2072.3008746722494 152.12810616845644
2070.23973072165 151.46836885847168
2068.178586771052 151.21462901498043
2066.117442820453 150.26299631039092
2064.056298869855 150.8426594286608
2061.9951549192556 151.54846499152376
2059.9340109686573 150.2675873675768
2057.8728670180585 151.10863022676338
2055.8117230674598 150.42014835972105
2053.750579116861 149.80490348010983
2051.6894351662627 150.09445806486886
2049.628291215664 150.6825960418822
2047.5671472650656 153.21650725974195
2045.5060033144666 152.3587670024984
2043.444859363868 149.4070665924672
2041.3837154132693 150.0446722451672
2039.3225714626708 150.42044206005747
2037.261427512072 148.7147900552914
2035.2002835614735 150.7865488237458
2033.1391396108747 150.118494336719
2031.0779956602764 148.5343150966095
2029.0168517096774 150.6824605581807
2026.9557077590791 150.42989785427164
2024.8945638084804 147.32936793232105
2022.8334198578818 148.64530595300408
2020.772275907283 150.41561725446576
2018.7111319566845 149.61547299755915
2016.6499880060858 150.0775014963749
2014.588844055487 150.1601226609998
2012.5277001048883 148.84511686087353
2010.46655615429 149.5356164069817
2008.405412203691 148.63433687246146
2006.3442682530927 148.86139142726358
2004.283124302494 150.5405333935584
2002.2219803518954 148.60011147464178
2000.1608364012966 148.0660990541663
1998.099692450698 147.8246444960492
1996.0385485000993 146.667680325787
1993.9774045495008 147.18708580490323
1991.916260598902 147.37564864304477
1989.8551166483037 145.51580703295625
1987.7939726977047 144.0165583003979
1985.7328287471064 145.80702428685134
1983.6716847965074 146.2323034720894
1981.6105408459089 144.94006500078208
1979.54939689531 145.1973666331945
1977.4882529447116 146.95248805304774
1975.4271089941128 144.96534014637194
1973.3659650435143 143.48637539685404
1971.3048210929155 145.8365561833917
1969.2436771423172 144.76032615587437
1967.1825331917182 144.6030430673714
1965.12138924112 144.33205950699286
1963.0602452905212 145.05878872201015
1960.9991013399226 143.38474259259579
1958.9379573893239 142.90161874283555
1956.8768134387253 142.439108831037
1954.8156694881266 141.63850238092408
1952.7545255375278 142.16602729002364
1950.693381586929 140.9853175455885
1948.6322376363307 142.016936447148
1946.5710936857317 141.633774829592
1944.5099497351334 139.98510963729072
1942.4488057845347 140.2901905721836
1940.3876618339361 139.60157002515874
1938.3265178833374 140.2214566289808
1936.2653739327388 139.21236262770552
1934.20422998214 138.89859065092574
1932.1430860315415 138.02455213942082
1930.0819420809428 137.9202924498995
1928.0207981303445 137.8807460311124
1925.9596541797455 138.84800126692537
1923.8985102291472 136.57050077769966
1921.8373662785482 133.6252319815946
1919.7762223279497 134.9052452941442
1917.715078377351 134.76199049781144
1915.6539344267524 133.65053476606028
1913.5927904761536 131.83855560950866
1911.531646525555 130.35263901682075
1909.4705025749563 129.19709903951693
1907.4093586243578 126.83912704771875
1905.348214673759 125.57328177060273
1903.2870707231607 124.19426179824465
1901.225926772562 120.18311296877243
1899.1647828219634 119.67812046029812
1897.1036388713646 117.36320551610717
1895.042494920766 113.58029555224257
1892.9813509701673 109.97248414570566
1890.9202070195688 107.62779569043256
1888.8590630689698 104.9443137180192
1886.7979191183713 101.41575206493344
1884.7367751677725 97.17545110613962
1882.6756312171742 93.35708966214506
1880.6144872665755 90.00814286020653
1878.553343315977 86.05992866938128
1876.4921993653782 82.42921088330097
1874.4310554147796 79.1630449270032
1872.3699114641809 76.62702338683525
1870.3087675135823 72.69061531583407
1868.2476235629836 69.2777128435807
1866.186479612385 66.5218614008226
1864.1253356617863 65.15377936699839
1862.064191711188 61.9753301078839
1860.0030477605887 62.09495674881298
1857.9419038099904 56.6848562524328
1855.8807598593917 64.56188365670072
