271.340561 0.000000
269.279417 0.000000
267.218274 0.000000
265.157130 0.000000
263.095986 0.000000
261.034842 0.000000
258.973698 0.000000
256.912554 0.000000
254.851410 0.000000
252.790266 0.000000
250.729122 0.000000
248.667978 0.000000
246.606834 0.000000
244.545690 0.000000
242.484546 0.000000
240.423402 0.000000
238.362258 0.000000
236.301114 0.000000
234.239970 0.000000
232.178826 0.000000
230.117682 0.000000
228.056538 0.000000
225.995395 0.000000
223.934251 0.000000
221.873107 0.000000
219.811963 0.000000
217.750819 0.000000
215.689675 0.000000
213.628531 0.000000
211.567387 0.000000
209.506243 0.000000
207.445099 0.000000
205.383955 0.000000
203.322811 0.000000
201.261667 0.000000
199.200523 0.000000
197.139379 0.000000
195.078235 0.000000
193.017091 0.000000
190.955947 0.000000
188.894803 0.000000
186.833659 0.000000
184.772516 0.000000
182.711372 0.000000
180.650228 0.000000
178.589084 0.000000
176.527940 0.000000
174.466796 0.000000
172.405652 0.000000
170.344508 0.000000
168.283364 0.000000
166.222220 0.000000
164.161076 0.000000
162.099932 0.000000
160.038788 0.000000
157.977644 0.000000
155.916500 0.000000
153.855356 0.000000
151.794212 0.000000
149.733068 0.000000
147.671924 0.000000
145.610780 0.000000
143.549636 0.000000
141.488493 0.000000
139.427349 0.000000
137.366205 0.000000
135.305061 0.000000
133.243917 0.000000
131.182773 0.000000
129.121629 0.000000
127.060485 0.000000
124.999341 0.000000
122.938197 0.000000
120.877053 0.000000
118.815909 0.000000
116.754765 0.000000
114.693621 0.000000
112.632477 0.000000
110.571333 0.000000
108.510189 0.000000
106.449045 0.000000
104.387901 0.000000
102.326757 0.000000
100.265614 0.000000
98.204470 0.000000
96.143326 0.000000
94.082182 0.000000
92.021038 0.000000
89.959894 0.000000
87.898750 0.000000
85.837606 0.000000
83.776462 0.000000
81.715318 0.000000
79.654174 0.000001
77.593030 0.000001
75.531886 0.000002
73.470742 0.000004
71.409598 0.000007
69.348454 0.000012
67.287310 0.000021
65.226166 0.000035
63.165022 0.000059
61.103878 0.000098
59.042735 0.000161
56.981591 0.000263
54.920447 0.000428
52.859303 0.000697
50.798159 0.001141
48.737015 0.001894
46.675871 0.003211
44.614727 0.005595
42.553583 0.010048
40.492439 0.018545
38.431295 0.034886
36.370151 0.066172
34.309007 0.125153
32.247863 0.233762
30.186719 0.427950
28.125575 0.763652
26.064431 1.323078
24.003287 2.219696
21.942143 3.599323
19.880999 5.634100
17.819856 8.506240
15.758712 12.379816
13.697568 17.361737
11.636424 23.457196
9.575280 30.529029
7.514136 38.273286
5.452992 46.222878
3.391848 53.786650
1.330704 60.322859
-0.730440 65.236034
-2.791584 68.077636
-4.852728 68.627262
-6.913872 66.934221
-8.975016 63.308691
-11.036160 58.264602
-13.097304 52.428592
-15.158448 46.437031
-17.219592 40.843924
-19.280736 36.057049
-21.341880 32.310232
-23.403024 29.669864
-25.464167 28.066440
-27.525311 27.338656
-29.586455 27.278393
-31.647599 27.668280
-33.708743 28.307907
-35.769887 29.028514
-37.831031 29.698436
-39.892175 30.222534
-41.953319 30.538667
-44.014463 30.613517
-46.075607 30.439089
-48.136751 30.030380
-50.197895 29.424037
-52.259039 28.677363
-54.320183 27.866693
-56.381327 27.083991
-58.442471 26.430574
-60.503615 26.007237
-62.564759 25.900811
-64.625903 26.168303
-66.687046 26.821068
-68.748190 27.812471
-70.809334 29.032906
-72.870478 30.315303
-74.931622 31.452399
-76.992766 32.224296
-79.053910 32.431936
-81.115054 31.929984
-83.176198 30.652054
-85.237342 28.622564
-87.298486 25.952540
-89.359630 22.820474
-91.420774 19.442851
-93.481918 16.040988
-95.543062 12.811099
-97.604206 9.902881
-99.665350 7.409234
-101.726494 5.366869
-103.787638 3.765275
-105.848782 2.560382
-107.909925 1.689242
-109.971069 1.082904
-112.032213 0.675886
-114.093357 0.411839
-116.154501 0.245879
-118.215645 0.144500
-120.276789 0.084067
-122.337933 0.048731
-124.399077 0.028333
-126.460221 0.016621
-128.521365 0.009880
-130.582509 0.005959
-132.643653 0.003644
-134.704797 0.002252
-136.765941 0.001401
-138.827085 0.000873
-140.888229 0.000544
-142.949373 0.000337
-145.010517 0.000208
-147.071661 0.000127
-149.132804 0.000077
-151.193948 0.000046
-153.255092 0.000028
-155.316236 0.000016
-157.377380 0.000010
-159.438524 0.000006
-161.499668 0.000003
-163.560812 0.000002
-165.621956 0.000001
-167.683100 0.000001
-169.744244 0.000000
-171.805388 0.000000
-173.866532 0.000000
-175.927676 0.000000
-177.988820 0.000000
-180.049964 0.000000
-182.111108 0.000000
-184.172252 0.000000
-186.233396 0.000000
-188.294540 0.000000
-190.355684 0.000000
-192.416827 0.000000
-194.477971 0.000000
-196.539115 0.000000
-198.600259 0.000000
-200.661403 0.000000
-202.722547 0.000000
-204.783691 0.000000
-206.844835 0.000000
-208.905979 0.000000
-210.967123 0.000000
-213.028267 0.000000
-215.089411 0.000000
-217.150555 0.000000
-219.211699 0.000000
-221.272843 0.000000
-223.333987 0.000000
-225.395131 0.000000
-227.456275 0.000000
-229.517419 0.000000
-231.578563 0.000000
-233.639706 0.000000
-235.700850 0.000000
-237.761994 0.000000
-239.823138 0.000000
-241.884282 0.000000
-243.945426 0.000000
-246.006570 0.000000
-248.067714 0.000000
-250.128858 0.000000
-252.190002 0.000000
-254.251146 0.000000
