271.340561 -3.712858
269.279417 -4.183742
267.218274 -5.141503
265.157130 -6.039875
263.095986 -5.588346
261.034842 -4.726130
258.973698 -4.711954
256.912554 -4.835070
254.851410 -4.461636
252.790266 -3.442866
250.729122 -2.928278
248.667978 -3.674909
246.606834 -4.806813
244.545690 -5.814211
242.484546 -5.876156
240.423402 -5.363956
238.362258 -5.296256
236.301114 -5.713184
234.239970 -6.187347
232.178826 -6.650432
230.117682 -6.394147
228.056538 -5.594081
225.995395 -4.934143
223.934251 -4.590792
221.873107 -5.086812
219.811963 -5.671778
217.750819 -5.820851
215.689675 -5.887928
213.628531 -5.637869
211.567387 -5.669549
209.506243 -5.804293
207.445099 -5.617744
205.383955 -5.450870
203.322811 -5.561928
201.261667 -5.831663
199.200523 -5.715625
197.139379 -5.443789
195.078235 -5.803387
193.017091 -6.666725
190.955947 -7.202130
188.894803 -7.404858
186.833659 -7.275284
184.772516 -5.990341
182.711372 -4.753773
180.650228 -5.109566
178.589084 -6.423638
176.527940 -7.440459
174.466796 -7.687654
172.405652 -7.666483
170.344508 -7.626501
168.283364 -7.227354
166.222220 -7.028509
164.161076 -7.727931
162.099932 -8.272510
160.038788 -8.396979
157.977644 -8.340189
155.916500 -8.297728
153.855356 -8.624925
151.794212 -8.889757
149.733068 -8.765215
147.671924 -8.391124
145.610780 -8.352948
143.549636 -8.636194
141.488493 -9.055503
139.427349 -9.304464
137.366205 -8.919497
135.305061 -8.026809
133.243917 -7.118910
131.182773 -7.117809
129.121629 -7.748820
127.060485 -8.017521
124.999341 -7.790125
122.938197 -7.569113
120.877053 -7.668644
118.815909 -7.583519
116.754765 -7.759280
114.693621 -8.652470
112.632477 -9.045023
110.571333 -8.722376
108.510189 -8.548056
106.449045 -8.946727
104.387901 -9.553510
102.326757 -10.062757
100.265614 -10.394472
98.204470 -10.277397
96.143326 -9.952949
94.082182 -10.062078
92.021038 -10.165313
89.959894 -10.249105
87.898750 -10.711131
85.837606 -11.061949
83.776462 -10.903866
81.715318 -10.231214
79.654174 -9.918544
77.593030 -9.723581
75.531886 -9.418708
73.470742 -9.431942
71.409598 -9.353712
69.348454 -8.766017
67.287310 -8.483331
65.226166 -9.032526
63.165022 -9.827648
61.103878 -10.313387
59.042735 -10.338462
56.981591 -9.898724
54.920447 -9.514912
52.859303 -9.467732
50.798159 -9.593765
48.737015 -9.929171
46.675871 -10.215534
44.614727 -9.668353
42.553583 -9.171027
40.492439 -9.116797
38.431295 -9.105480
36.370151 -9.407437
34.309007 -9.657930
32.247863 -9.226869
30.186719 -8.039890
28.125575 -7.405243
26.064431 -7.393403
24.003287 -7.226154
21.942143 -5.960845
19.880999 -3.847710
17.819856 -1.115645
15.758712 3.247333
13.697568 9.956918
11.636424 20.147666
9.575280 32.947311
7.514136 46.369302
5.452992 57.803095
3.391848 64.769323
1.330704 66.236117
-0.730440 64.449621
-2.791584 61.847332
-4.852728 59.686255
-6.913872 58.502145
-8.975016 57.897101
-11.036160 56.966797
-13.097304 54.234177
-15.158448 50.405580
-17.219592 46.772047
-19.280736 42.750434
-21.341880 37.839665
-23.403024 33.085944
-25.464167 29.032861
-27.525311 26.049808
-29.586455 24.693008
-31.647599 24.212696
-33.708743 23.880664
-35.769887 24.174940
-37.831031 25.447120
-39.892175 27.711611
-41.953319 30.671548
-44.014463 33.090912
-46.075607 34.258227
-48.136751 33.882344
-50.197895 32.244583
-52.259039 30.415623
-54.320183 28.903727
-56.381327 27.276139
-58.442471 25.669836
-60.503615 24.537162
-62.564759 23.755827
-64.625903 23.749681
-66.687046 24.907200
-68.748190 26.599960
-70.809334 28.636650
-72.870478 31.466251
-74.931622 34.492752
-76.992766 35.666152
-79.053910 34.445072
-81.115054 32.474227
-83.176198 29.751272
-85.237342 25.627994
-87.298486 22.055100
-89.359630 19.893275
-91.420774 18.474516
-93.481918 17.418649
-95.543062 15.923014
-97.604206 13.238936
-99.665350 9.903939
-101.726494 6.829384
-103.787638 4.330355
-105.848782 2.051246
-107.909925 0.130756
-109.971069 -0.998055
-112.032213 -1.365043
-114.093357 -1.909335
-116.154501 -2.628173
-118.215645 -3.693123
-120.276789 -5.283056
-122.337933 -6.265407
-124.399077 -6.657785
-126.460221 -6.986124
-128.521365 -6.777697
-130.582509 -6.227681
-132.643653 -6.278350
-134.704797 -6.731490
-136.765941 -7.070201
-138.827085 -7.215676
-140.888229 -6.826257
-142.949373 -6.317897
-145.010517 -6.245169
-147.071661 -6.427353
-149.132804 -6.744821
-151.193948 -7.108999
-153.255092 -7.575878
-155.316236 -7.468338
-157.377380 -6.652937
-159.438524 -6.259804
-161.499668 -6.581126
-163.560812 -6.791391
-165.621956 -6.602514
-167.683100 -6.257101
-169.744244 -6.308999
-171.805388 -6.711716
-173.866532 -6.567292
-175.927676 -6.517539
-177.988820 -6.967033
-180.049964 -7.309028
-182.111108 -7.274915
-184.172252 -6.510759
-186.233396 -5.906522
-188.294540 -5.570912
-190.355684 -5.555686
-192.416827 -6.021409
-194.477971 -6.004255
-196.539115 -5.085740
-198.600259 -4.408498
-200.661403 -4.704394
-202.722547 -5.646562
-204.783691 -6.423501
-206.844835 -6.446091
-208.905979 -6.349662
-210.967123 -6.216578
-213.028267 -5.580736
-215.089411 -5.186348
-217.150555 -4.868935
-219.211699 -4.629040
-221.272843 -5.008085
-223.333987 -4.959132
-225.395131 -4.923332
-227.456275 -5.056316
-229.517419 -5.289147
-231.578563 -5.752607
-233.639706 -6.312811
-235.700850 -6.577635
-237.761994 -6.273901
-239.823138 -5.835128
-241.884282 -5.391934
-243.945426 -4.938865
-246.006570 -3.913956
-248.067714 -2.527103
-250.128858 -2.719842
-252.190002 -3.691923
-254.251146 -4.194283
