# BEGINHEADER
# This file contains data from the SALSA 2m radio telescope.
# DATE=2024-01-31T18:18:0029
# GLON and GLAT given in degrees
# GLON=89.80296108237685
# GLAT=0.0321454295699541
# DATA in two columns below. Col. 1 is velocity relative to LSR [km/s]. Col. 2 is uncalibrated antenna temperature [K].
# ENDHEADER
271.34056143095887 -3.489211608493288
269.2794174803603 -4.173520573913605
267.2182735297616 -4.192461350994855
265.1571295791629 -7.951895597256483
263.09598562856434 -5.849328424604815
261.0348416779657 -3.1773986205217235
258.97369772736704 -5.476031476567655
256.9125537767684 -4.539775308144579
254.85140982616974 -5.435595827411153
252.79026587557112 -3.3311220376223356
250.72912192497245 -1.0426707997125262
248.66797797437383 -4.807805656684781
246.60683402377518 -3.6127514538131065
244.54569007317656 -7.389406789647116
242.4845461225779 -5.909624095305969
240.42340217197926 -5.119977034442152
238.3622582213806 -4.550043042517396
236.301114270782 -6.490778173662967
234.23997032018335 -5.268178735351885
232.17882636958473 -7.653079497316518
230.11768241898605 -6.893839729300181
228.05653846838743 -4.763441396620851
225.99539451778878 -5.758988724057819
223.93425056719016 -3.1606893622404515
221.87310661659149 -5.223945106588917
219.81196266599287 -6.7076615270006235
217.75081871539422 -4.600828993823425
215.68967476479557 -7.429042181524541
213.62853081419695 -4.465215148671636
211.56738686359827 -5.856556538994116
209.50624291299965 -6.270992769694593
207.445098962401 -5.329110929871724
205.38395501180239 -5.521138054882186
203.32281106120374 -5.039501187153037
201.2616671106051 -6.43109473189565
199.20052316000644 -5.943147017850965
197.1393792094078 -4.843039601331123
195.07823525880914 -5.315033491655673
193.01709130821052 -7.0740783693891265
190.95594735761188 -7.770058831686858
188.89480340701323 -6.452208126488171
186.83365945641458 -9.142402059185558
184.77251550581596 -5.887172399152458
182.7113715552173 -3.1171160427524054
180.65022760461864 -4.841199899049812
178.58908365402002 -6.544848486721132
176.52793970342137 -8.265971230742327
174.46679575282275 -7.61627995415463
172.4056518022241 -7.4845347285874455
170.34450785162545 -7.916685317721072
168.2833639010268 -7.8222953203899666
166.22221995042818 -5.092593056862497
164.16107599982954 -8.936179570601633
162.09993204923092 -8.184751007000195
160.03878809863224 -8.36547801418596
157.97764414803362 -8.821698463567133
155.91650019743497 -7.342349296666026
153.85535624683635 -9.222492641919617
151.79421229623767 -8.707614702825152
149.73306834563905 -9.495181652917845
147.6719243950404 -7.625326997479806
145.6107804444418 -8.412100197090833
143.54963649384314 -8.58742408025053
141.48849254324446 -8.799789164128361
139.42734859264584 -10.202878759026433
137.3662046420472 -8.694081732686241
135.30506069144857 -8.736584543379157
133.24391674084993 -5.988359026734418
131.18277279025128 -6.658052047914407
129.12162883965263 -8.370490205542184
127.06048488905401 -8.126091956048409
124.99934093845536 -8.114710166953701
122.93819698785673 -6.700087950184282
120.87705303725808 -8.291964509267821
118.81590908665943 -7.794237964868836
116.7547651360608 -6.169722668923761
114.69362118546215 -9.881323739584046
112.63247723486352 -9.314591606635041
110.57133328426487 -8.68571350150334
108.51018933366623 -7.8963109344759905
106.4490453830676 -9.013836901416765
104.38790143246895 -9.661556895768584
102.32675748187032 -10.042865949968201
100.26561353127167 -10.597989204131046
98.20446958067305 -10.934020563607735
96.1433256300744 -8.896033814467632
94.08218167947577 -10.44768093265996
92.02103772887712 -10.555861179881106
89.95989377827848 -9.18361718833821
87.89874982767985 -11.586657447729431
85.8376058770812 -10.488954136739206
83.77646192648257 -12.418570062508884
81.7153179758839 -8.849549736379343
79.65417402528527 -10.316237307962934
77.59303007468662 -10.00207876182669
75.53188612408799 -8.891138680440044
73.47074217348936 -9.353255807364167
71.40959822289071 -10.22801483821138
69.34845427229207 -8.36690928003336
67.28731032169343 -7.753938534550881
65.22616637109479 -8.974735950490752
63.16502242049615 -10.223648564324828
61.10387846989751 -10.252500446979665
59.04273451929887 -11.035518450091406
56.98159056870023 -9.56242720182815
54.920446618101586 -9.373334588636556
52.859302667502945 -9.265358212048522
50.798158716904304 -9.929327741491932
48.737014766305656 -8.881152563349561
46.675870815707015 -12.052012296755082
44.61472686510837 -8.982598915059418
42.55358291450974 -8.539748528076819
40.4924389639111 -10.017929941033293
38.43129501331246 -7.940653211272394
36.370151062713816 -10.20616561996519
34.30900711211517 -9.09260168182188
32.247863161516534 -11.215451387735525
30.18671921091789 -6.246455060122163
28.12557526031925 -7.817686864538308
26.06443130972061 -6.801604737831345
24.00328735912197 -8.369785598971538
21.94214340852333 -6.700977993404281
19.880999457924684 -2.843541365597094
17.819855507326047 -3.5132532297143872
15.758711556727405 3.9113490841298977
13.697567606128766 6.2051067175035755
11.636423655530123 19.882018242025985
9.575279704931484 31.592687650826885
7.514135754332842 48.2058837183388
5.452991803734202 59.27098187995746
3.391847853135561 69.34094228313369
1.3307039025369203 67.13625624475834
-0.7304400480617206 64.67694969516909
-2.791583998660361 61.84722717834402
-4.852727949259003 58.4335549774934
-6.913871899857644 58.98915442881319
-8.975015850456284 56.798947828306716
-11.036159801054925 59.3141438432572
-13.097303751653566 54.58415764504859
-15.158447702252206 49.761378756552865
-17.219591652850845 46.83340045763382
-19.28073560344949 44.13033247339946
-21.34187955404813 37.08512898421709
-23.403023504646768 32.8044574731144
-25.46416745524541 28.90139865436787
-27.525311405844054 24.518528442306934
-29.58645535644269 24.373786235997155
-31.647599307041332 24.61745412558604
-33.70874325763997 23.36446947444962
-35.769887208238615 23.490526652147693
-37.831031158837256 25.348372363661436
-39.89217510943589 26.507966062931846
-41.95331906003453 31.66511058501532
-44.01446301063318 33.430471089491036
-46.07560696123182 35.21571731491415
-48.13675091183046 34.770691459599824
-50.197894862429095 32.2245972817486
-52.259038813027736 29.816511604108424
-54.32018276362638 29.29704161517869
-56.38132671422502 27.456164625375038
-58.44247066482365 24.929074689507814
-60.50361461542229 24.7683002481042
-62.56475856602094 23.44932646514558
-64.62590251661958 22.580933329585577
-66.68704646721821 25.01786803088636
-68.74819041781686 26.54616406195321
-70.80933436841549 28.136456335242947
-72.87047831901415 30.699371344927037
-74.93162226961279 35.82064650073129
-76.99276622021144 37.79169842090853
-79.05391017081007 34.13616715461116
-81.1150541214087 32.03093026821008
-83.17619807200735 32.37813211916103
-85.23734202260599 24.097242821413847
-87.29848597320463 21.247879202019146
-89.35962992380327 19.82556415444116
-91.4207738744019 18.079227764473522
-93.48191782500055 17.432090581440157
-95.54306177559918 17.189738207640737
-97.60420572619783 13.286452807394454
-99.66534967679648 9.975003170552949
-101.72649362739512 5.918488368049003
-103.78763757799376 4.874683252785982
-105.8487815285924 1.4526921566164395
-107.90992547919105 0.24049556372500747
-109.9710694297897 -2.40937527444794
-112.03221338038833 -0.2651199003485423
-114.09335733098698 -2.2024415296909403
-116.15450128158561 -2.8196773659729732
-118.21564523218426 -2.3264577926600305
-120.27678918278289 -6.530578357562537
-122.33793313338154 -6.552179086701008
-124.39907708398017 -6.165162104629552
-126.46022103457881 -7.550475336907222
-128.52136498517746 -7.374443277725971
-130.5825089357761 -5.312990088575517
-132.64365288637475 -6.064898073387484
-134.70479683697337 -7.222387079133065
-136.76594078757202 -6.60860912536815
-138.82708473817067 -7.991714984904214
-140.88822868876932 -6.941546038900122
-142.94937263936794 -5.575201068673378
-145.01051658996658 -6.623063447926303
-147.0716605405652 -5.8605179572072155
-149.13280449116388 -7.322041832824793
-151.1939484417625 -6.39183387057586
-153.25509239236115 -8.113584949092802
-155.31623634295977 -8.330217964652075
-157.37738029355842 -6.099822817816057
-159.43852424415707 -5.467873418156443
-161.4996681947557 -7.06942213852473
-163.56081214535433 -6.939288033169297
-165.62195609595298 -6.719010599060465
-167.6831000465516 -6.283779844485947
-169.74424399715028 -5.1615664068371165
-171.80538794774893 -8.158920047058281
-173.86653189834755 -6.20320978176273
-175.9276758489462 -5.5587650696212405
-177.98881979954484 -8.098847431689073
-180.0499637501435 -6.167316881832383
-182.1111077007421 -9.325559733578729
-184.17225165134076 -5.089880143824598
-186.23339560193938 -6.354774841715303
-188.29453955253805 -5.448161240977197
-190.35568350313667 -4.82171417276942
-192.41682745373532 -6.368114781952667
-194.47797140433394 -7.132895601344947
-196.5391153549326 -4.598419393620762
-198.6002593055312 -3.6883796165183167
-200.66140325612986 -4.4800142615535385
-202.72254720672848 -5.411569690557809
-204.78369115732715 -7.520283070944739
-206.84483510792577 -6.240354315714738
-208.90597905852442 -5.7555536176266
-210.96712300912307 -7.601124078760069
-213.0282669597217 -4.644400278413938
-215.08941091032037 -4.983274970169997
-217.150554860919 -6.174813927515608
-219.21169881151764 -2.033899165579934
-221.27284276211626 -7.525019500395527
-223.3339867127149 -3.461307290121885
-225.39513066331355 -5.5248206210475175
-227.4562746139122 -4.800075428403821
-229.51741856451082 -5.144591773647016
-231.57856251510947 -5.755390978735416
-233.63970646570812 -6.187394802368471
-235.70085041630676 -7.477850551727252
-237.76199436690538 -5.834334656660921
-239.82313831750403 -6.052694738914175
-241.88428226810265 -5.392707033182076
-243.94542621870133 -4.531196253571567
-246.00657016929998 -6.167351298400924
-248.0677141198986 0.6403330972627655
-250.12885807049724 -3.2389141413161044
-252.19000202109586 -4.024083555408064
-254.25114597169454 -4.357159617741101
