# BEGINHEADER
# This file contains data from the SALSA 2m radio telescope.
# DATE=2024-01-31T12:23:0020
# GLON and GLAT given in degrees
# GLON=99.84484613226127
# GLAT=0.026715238504769336
# DATA in two columns below. Col. 1 is velocity relative to LSR [km/s]. Col. 2 is uncalibrated antenna temperature [K].
# ENDHEADER
265.78544605468744 -3.7754697268947477
263.7243021040888 -8.092999852890246
261.66315815349014 -6.469257081169269
259.6020142028915 -6.191975364489634
257.54087025229285 -5.849781372210331
255.47972630169423 -7.004040546038494
253.41858235109558 -6.199841937003012
251.35743840049693 -6.711077534870055
249.2962944498983 -6.818345832414165
247.23515049929966 -4.92283184477885
245.17400654870102 -1.5591356408897679
243.11286259810237 -7.491236096379552
241.05171864750375 -5.109024435798813
238.9905746969051 -6.575263381975202
236.92943074630648 -7.273445434682519
234.8682867957078 -6.199097780686097
232.80714284510915 -6.795932030940893
230.74599889451054 -7.3941076310854426
228.6848549439119 -5.6866011844817175
226.62371099331327 -6.699682304160147
224.5625670427146 -6.872748218999015
222.50142309211597 -5.7318781250419395
220.44027914151732 -8.215204520971202
218.3791351909187 -4.240739492442092
216.31799124032005 -3.0920508754579643
214.2568472897214 -7.627584675876679
212.19570333912276 -6.108698038368877
210.13455938852414 -6.860829558315095
208.0734154379255 -7.1693701515125525
206.01227148732684 -8.075718423620946
203.9511275367282 -7.613260221439498
201.88998358612957 -6.975722586053947
199.82883963553093 -7.614183832785208
197.7676956849323 -8.380772850159667
195.70655173433366 -7.525830645885836
193.645407783735 -7.991021129814387
191.5842638331364 -9.06632007235385
189.52311988253774 -6.606438343545294
187.4619759319391 -6.683581389596926
185.40083198134045 -8.859181210372677
183.33968803074183 -9.03423271202704
181.27854408014318 -8.013322189806367
179.21740012954453 -9.4480573753261
177.15625617894588 -8.085323472401193
175.09511222834726 -6.817029704533051
173.0339682777486 -8.043401586519094
170.97282432715 -8.53163600589111
168.91168037655132 -7.789442001055465
166.8505364259527 -8.33056491061546
164.78939247535405 -8.5329725694585
162.72824852475543 -7.943875354786354
160.66710457415678 -8.136605117758233
158.60596062355813 -9.465964856092143
156.54481667295948 -8.269410919607266
154.48367272236084 -9.306149289366912
152.42252877176222 -8.338604873422097
150.36138482116354 -8.64436207696483
148.30024087056492 -9.3211522176827
146.23909691996627 -8.00455680545821
144.17795296936765 -8.713862430691789
142.116809018769 -9.446870499550405
140.05566506817036 -9.280717662720779
137.9945211175717 -9.212010258465758
135.9333771669731 -9.594119701055213
133.87223321637444 -9.711378491026581
131.81108926577582 -9.218625613658235
129.74994531517717 -9.424014130281593
127.68880136457851 -9.898433929304197
125.62765741397988 -10.133856142418956
123.56651346338123 -9.720483130415234
121.5053695127826 -9.485531257477206
119.44422556218396 -8.723368794187447
117.38308161158531 -10.564197448032267
115.32193766098668 -10.933325508759879
113.26079371038803 -9.562408255521179
111.1996497597894 -10.534740086181172
109.13850580919075 -10.13480634949938
107.07736185859211 -10.019225134046149
105.01621790799348 -10.72726407738193
102.95507395739483 -10.935224485436581
100.8939300067962 -10.535041014599559
98.83278605619755 -10.660372561400674
96.7716421055989 -10.200371397029924
94.71049815500025 -10.98081197852403
92.64935420440162 -10.937247592767767
90.58821025380298 -9.424210896372747
88.52706630320434 -10.769277891573722
86.4659223526057 -10.666122644533251
84.40477840200705 -10.889839598184583
82.34363445140842 -10.644507452629432
80.28249050080977 -11.033084141708851
78.22134655021114 -11.559578450120817
76.1602025996125 -10.512263125973604
74.09905864901386 -11.602847794392435
72.03791469841522 -11.175196619166025
69.97677074781657 -10.366465146631459
67.91562679721794 -10.898527279866581
65.85448284661929 -11.1014465447947
63.79333889602065 -10.935402221284997
61.73219494542201 -11.624326722230016
59.67105099482337 -10.98271524265531
57.609907044224734 -11.506965324576035
55.54876309362609 -11.762723277558512
53.48761914302745 -11.87431736304013
51.42647519242881 -10.95565287194601
49.365331241830155 -11.214651988001403
47.30418729123152 -10.857566182042712
45.24304334063288 -11.056374601249555
43.18189939003424 -11.472707347226967
41.1207554394356 -11.205192433857754
39.05961148883696 -11.272194773017407
36.998467538238316 -10.51127709836157
34.937323587639675 -10.72969695416336
32.87617963704104 -11.164724601246009
30.815035686442396 -10.289442862853068
28.753891735843755 -9.962641981054851
26.692747785245114 -11.638901384102686
24.63160383464647 -10.56275254949806
22.570459884047832 -10.162114323514144
20.50931593344919 -8.923708774962808
18.44817198285055 -7.1292186226140535
16.387028032251912 -6.746998874193259
14.32588408165327 -4.240173782431398
12.264740131054628 -1.6505334227614021
10.203596180455989 2.7225801248827013
8.142452229857348 12.15086366809891
6.081308279258706 25.582822045128996
4.020164328660066 43.33585908957428
1.9590203780614244 54.76558223591523
-0.10212357253721632 57.502395389034575
-2.163267523135857 52.268993279078146
-4.224411473734498 47.49663723142535
-6.285555424333138 45.183570872139114
-8.346699374931779 39.24735239893367
-10.407843325530418 34.424378548518916
-12.468987276129061 28.87250880366454
-14.530131226727702 24.750300007585846
-16.591275177326345 27.068895687090652
-18.652419127924983 28.148851534436883
-20.713563078523624 29.503903138099066
-22.77470702912227 28.28869754211581
-24.835850979720906 26.18233148511796
-26.896994930319547 27.11085010401867
-28.958138880918188 28.102725045612473
-31.01928283151683 29.313071406776018
-33.080426782115474 31.59739288061535
-35.14157073271411 30.503747201933784
-37.20271468331275 30.802810676518362
-39.26385863391139 31.465119971856517
-41.32500258451003 29.73513912517242
-43.38614653510867 29.76640581148781
-45.44729048570731 30.925619341248574
-47.50843443630596 33.55895043640503
-49.569578386904595 34.44780101544696
-51.63072233750324 34.07701659424081
-53.69186628810187 33.36904623697318
-55.75301023870051 34.566005940716934
-57.81415418929915 33.59528434006326
-59.875298139897794 33.55923613186873
-61.936442090496435 30.74535182895855
-63.997586041095076 27.4304277580495
-66.05872999169372 25.269396309730016
-68.11987394229236 22.515380410112172
-70.181017892891 17.575526004897117
-72.24216184348964 13.44193574579728
-74.30330579408827 10.173110366928038
-76.36444974468692 6.40417194287841
-78.42559369528556 3.946754361860466
-80.4867376458842 1.465143673756603
-82.54788159648284 -0.5119690619840446
-84.60902554708149 -1.0283493671578956
-86.67016949768012 -0.9618289397415491
-88.73131344827875 0.25033978410628577
-90.7924573988774 0.7027647496679058
-92.85360134947604 3.1193129803927238
-94.91474530007469 4.070376072103559
-96.97588925067333 2.6121614270932216
-99.03703320127198 1.2983528480032065
-101.09817715187062 0.4896982380241134
-103.15932110246925 -0.14270752554813032
-105.2204650530679 -0.43342744416073736
-107.28160900366653 -2.9488703561084444
-109.34275295426518 -4.854033596767952
-111.40389690486381 -4.3061332143089155
-113.46504085546246 -5.784332672159445
-115.5261848060611 -6.0009247627602464
-117.58732875665973 -7.5212790999775665
-119.64847270725838 -7.786065734603719
-121.70961665785701 -9.058489726006497
-123.77076060845566 -8.124939388622284
-125.8319045590543 -9.066337476145497
-127.89304850965294 -8.384974609858084
-129.9541924602516 -8.635795044642004
-132.01533641085024 -9.859090389492069
-134.07648036144886 -8.46766145108789
-136.1376243120475 -9.660351111731252
-138.19876826264613 -9.87544343321658
-140.2599122132448 -10.704134342160238
-142.32105616384342 -9.411046011655854
-144.38220011444207 -9.427890240031957
-146.4433440650407 -11.08365697054339
-148.50448801563934 -10.398407742902789
-150.565631966238 -9.712876945549004
-152.62677591683664 -9.032624819199345
-154.68791986743528 -9.747480885642847
-156.7490638180339 -9.381306442165213
-158.81020776863255 -9.535214789834349
-160.8713517192312 -10.582009746176464
-162.93249566982985 -10.21413360142003
-164.99363962042847 -9.660656895072131
-167.05478357102712 -9.840592721088816
-169.11592752162576 -10.519804104993423
-171.1770714722244 -8.879877124951328
-173.23821542282303 -9.725284527814098
-175.29935937342168 -9.439864249465536
-177.3605033240203 -10.072897010852115
-179.42164727461898 -9.567379930850883
-181.4827912252176 -8.574109994361645
-183.54393517581624 -9.080969756197884
-185.60507912641486 -8.452426327333894
-187.6662230770135 -8.202425227765254
-189.72736702761216 -8.47427724041032
-191.7885109782108 -9.05579628773008
-193.84965492880946 -8.839607745579764
-195.91079887940808 -9.334769668136607
-197.97194283000672 -9.85537221633981
-200.03308678060537 -8.110047029538494
-202.09423073120405 -7.969587911062711
-204.15537468180267 -8.418643131016811
-206.21651863240132 -8.498124001795057
-208.27766258299994 -8.556289967513552
-210.3388065335986 -7.068661613784629
-212.39995048419723 -8.540417405606364
-214.46109443479588 -7.763415737635659
-216.5222383853945 -8.77227295389792
-218.58338233599315 -7.675551648836586
-220.6445262865918 -8.335395103529624
-222.70567023719045 -7.437111216724213
-224.76681418778907 -6.670093524675406
-226.82795813838771 -7.893591324246007
-228.88910208898633 -8.07569046516102
-230.950246039585 -7.852385548343781
-233.01138999018366 -7.089525677924376
-235.07253394078228 -7.42091687914372
-237.13367789138093 -6.801821675649347
-239.19482184197955 -7.191645242245327
-241.25596579257822 -7.910657239782744
-243.31710974317684 -7.7238794571698755
-245.3782536937755 -7.4490486347339
-247.4393976443741 -7.851783454843281
-249.5005415949728 -6.845740161834573
-251.5616855455714 -7.003890444759149
-253.62282949617006 -4.66766940206444
-255.68397344676868 -7.48804201471509
-257.7451173973673 -6.2105061116802025
-259.806261347966 -6.26943771452328
