# BEGINHEADER
# This file contains data from the SALSA 2m radio telescope.
# DATE=2024-01-31T11:16:0054
# GLON and GLAT given in degrees
# GLON=27.234087755528368
# GLAT=-29.735424211350917
# DATA in two columns below. Col. 1 is velocity relative to LSR [km/s]. Col. 2 is uncalibrated antenna temperature [K].
# ENDHEADER
2388.258926170354 30.493738819895484
2386.197782219755 61.16203781436683
2384.1366382691563 54.53610208451
2382.0754943185575 59.735093534887206
2380.014350367959 58.66135832085174
2377.9532064173604 62.08621920788896
2375.8920624667617 63.04933205141421
2373.830918516163 66.59602598521269
2371.7697745655646 69.09653807580442
2369.708630614966 71.82110729093301
2367.6474866643675 75.59946468063623
2365.5863427137688 78.74476959538617
2363.52519876317 82.35945746551434
2361.4640548125712 84.6455147028146
2359.402910861973 89.5312135667465
2357.341766911374 92.63480109251672
2355.2806229607754 94.09379535149075
2353.219479010176 98.73162655089725
2351.158335059578 102.35118106498085
2349.097191108979 105.4658520627818
2347.036047158381 107.42329683677463
2344.974903207782 111.0547064554589
2342.9137592571833 114.4340284865226
2340.8526153065845 115.47898246774307
2338.7914713559862 117.97222866000959
2336.7303274053875 119.8945486107231
2334.6691834547887 122.55012217012755
2332.60803950419 123.3758479606101
2330.5468955535916 125.04084065606276
2328.485751602993 124.80841166718582
2326.4246076523946 127.54533914722518
2324.363463701796 127.15596295740367
2322.302319751197 129.41394411618725
2320.2411758005983 129.92886807265964
2318.18003185 130.5558324128678
2316.118887899401 130.34385544161594
2314.0577439488025 131.00231869481104
2311.9965999982037 131.3729711601456
2309.9354560476054 133.64668863860902
2307.8743120970066 133.4216597828292
2305.8131681464083 133.13183164730012
2303.7520241958096 134.24793951434526
2301.690880245211 134.17090016482686
2299.629736294612 134.64501620213903
2297.5685923440137 134.62645736848555
2295.507448393415 135.79235393060415
2293.446304442816 135.2135351548355
2291.3851604922174 135.6546379617338
2289.3240165416187 135.165704092768
2287.26287259102 136.95720399196244
2285.2017286404216 135.32124853857886
2283.140584689823 136.0616020751995
2281.079440739224 136.63863012910582
2279.0182967886253 137.87693052723955
2276.957152838027 138.19589346590027
2274.8960088874283 137.88129030206744
2272.8348649368295 137.74713466035365
2270.7737209862307 138.6267423027917
2268.7125770356324 138.07025992456371
2266.6514330850337 138.77528935239022
2264.5902891344354 140.4136404566539
2262.5291451838366 140.4295518953896
2260.468001233238 141.0427808845942
2258.406857282639 138.66992852424133
2256.3457133320408 139.9684129129832
2254.284569381442 141.35322511096598
2252.2234254308432 138.88561961437063
2250.1622814802445 140.12634987508736
2248.101137529646 140.60212966447523
2246.0399935790474 140.27518416054295
2243.978849628449 141.1976959527612
2241.9177056778503 141.3740013785134
2239.8565617272516 142.20891281010327
2237.795417776653 141.8631559502834
2235.7342738260545 142.96401721352262
2233.6731298754557 142.96512131973685
2231.611985924857 143.41216339162622
2229.550841974258 142.758736314289
2227.48969802366 141.71527087616607
2225.4285540730607 144.21676614362474
2223.3674101224624 142.81603435932604
2221.306266171863 142.69776181890742
2219.245122221265 145.26636283981424
2217.183978270666 142.71151115056335
2215.122834320068 141.68414456184564
2213.061690369469 144.31715437451186
2211.0005464188703 145.40385997942195
2208.9394024682715 149.57663911675473
2206.878258517673 143.3937713882837
2204.8171145670744 144.5111551450361
2202.755970616476 144.1406878482792
2200.694826665877 144.22301569141516
2198.6336827152786 143.40768291575824
2196.57253876468 144.9130105741412
2194.5113948140815 144.13548359535238
2192.450250863483 144.2149169805549
2190.389106912884 142.8197593836115
2188.3279629622853 143.6189447198722
2186.266819011687 143.91928691515355
2184.205675061088 145.00058856145174
2182.14453111049 143.72422494577484
2180.0833871598907 143.24110814227674
2178.0222432092924 144.20475388944914
2175.9610992586936 143.98426284902897
2173.8999553080953 144.89661423222046
2171.8388113574965 143.40910541955702
2169.7776674068978 144.5270740858
2167.716523456299 145.92985851577774
2165.6553795057007 144.9924789236962
2163.5942355551015 144.42754450030137
2161.533091604503 144.3212606040928
2159.471947653904 143.72938847387167
2157.4108037033056 144.26837579750492
2155.349659752707 143.39891589184393
2153.2885158021086 144.6858536250267
2151.22737185151 145.35714451397007
2149.166227900911 144.4891569753775
2147.1050839503123 144.50502003577662
2145.043939999714 145.2011989229342
2142.982796049115 145.33757218245123
2140.921652098517 146.37548481412156
2138.8605081479177 145.63985148756547
2136.7993641973194 145.6562476303873
2134.7382202467206 145.54902930442995
2132.6770762961223 144.3600327622096
2130.6159323455236 145.0581209428278
2128.554788394925 144.8579192559983
2126.493644444326 147.64024439318766
2124.4325004937277 146.7657795361543
2122.371356543129 145.921745577662
2120.3102125925307 145.4049960402948
2118.2490686419314 145.01910278300326
2116.187924691333 145.07002193743776
2114.1267807407344 145.26377530754962
2112.065636790136 145.33610710937918
2110.0044928395373 146.20091332363003
2107.9433488889385 143.55423651875904
2105.88220493834 144.4631897152331
2103.8210609877415 143.43538101179237
2101.7599170371423 144.4134607353955
2099.698773086544 145.69165077950248
2097.6376291359447 143.06661533003592
2095.5764851853464 143.85829206756
2093.5153412347477 143.986203249066
2091.4541972841494 144.50044674798366
2089.3930533335506 143.19101509091635
2087.3319093829523 143.02277324131666
2085.270765432353 144.70252789614392
2083.2096214817548 144.89264807944087
2081.148477531156 143.56352254895754
2079.0873335805577 143.5375337069155
2077.026189629959 144.7037271096676
2074.96504567936 143.8254417478372
2072.9039017287614 144.0724941300857
2070.842757778163 145.29939785093487
2068.781613827564 145.37897726748938
2066.7204698769656 144.00193878033028
2064.659325926367 140.92726285163093
2062.5981819757685 143.17057146380316
2060.5370380251697 141.61817163563273
2058.475894074571 144.07658357210954
2056.414750123972 139.0412003749281
2054.353606173374 170.04029746371148
2052.292462222775 153.95968549948992
2050.2313182721764 138.38388155569083
2048.1701743215776 145.20294034147597
2046.1090303709793 141.2149743325245
2044.0478864203803 143.88886326696846
2041.986742469782 141.49273947849372
2039.9255985191833 143.69891430623844
2037.8644545685847 142.36333387434115
2035.803310617986 141.67512417519774
2033.7421666673874 141.3882177831699
2031.6810227167887 141.45643571540228
2029.6198787661901 141.33201151646074
2027.5587348155914 141.8248486455464
2025.497590864993 143.3733310003006
2023.4364469143939 141.57980507772757
2021.3753029637955 141.23789393239463
2019.3141590131968 140.89476872700598
2017.2530150625983 139.8898337050487
2015.1918711119995 141.08216312876377
2013.130727161401 141.15729952945938
2011.0695832108022 139.25594330184856
2009.0084392602037 139.78194567322603
2006.947295309605 141.4423797189633
2004.8861513590066 139.7480988618254
2002.8250074084076 140.6277672466498
2000.7638634578093 139.56347556944718
1998.7027195072105 139.46306352036183
1996.641575556612 139.17485870298287
1994.5804316060132 138.48732649988443
1992.5192876554147 138.05426221047213
1990.4581437048157 138.90996469173623
1988.3969997542172 138.6479866287018
1986.3358558036184 139.42438643263299
1984.27471185302 138.27831196895988
1982.2135679024211 139.03982132910286
1980.1524239518228 138.2147368145087
1978.091280001224 137.20413821135904
1976.0301360506255 136.22124912500644
1973.9689921000268 137.45158971732803
1971.9078481494282 137.02501057784593
1969.8467041988295 135.55347145978877
1967.785560248231 136.32700197422088
1965.7244162976322 136.89651339567862
1963.6632723470339 136.7125853717394
1961.6021283964346 134.86371255020103
1959.5409844458363 135.7648547580693
1957.4798404952376 135.67612681245654
1955.418696544639 135.1657711030312
1953.3575525940403 133.17719306178682
1951.2964086434417 132.77787577552246
1949.235264692843 133.57156115410845
1947.1741207422444 133.5043203309767
1945.1129767916457 133.07096184201495
1943.0518328410474 131.3592242075387
1940.9906888904484 132.47059427196388
1938.92954493985 132.48992621700856
1936.8684009892513 131.54094980252455
1934.8072570386528 132.10672587306266
1932.746113088054 130.52722845666227
1930.6849691374555 128.97477394664386
1928.6238251868565 129.60838056539365
1926.562681236258 127.66799888896179
1924.5015372856592 127.731007325539
1922.440393335061 127.10962529661947
1920.379249384462 125.7121342670452
1918.3181054338636 124.24764645720624
1916.2569614832648 122.48143152230604
1914.1958175326663 121.36120475610804
1912.1346735820675 119.39610584918806
1910.073529631469 117.84060122355434
1908.0123856808702 115.21250937223164
1905.9512417302717 113.90370494925155
1903.890097779673 110.97640065099745
1901.8289538290746 108.56380660842176
1899.7678098784756 104.77155264344464
1897.706665927877 103.40720004534006
1895.6455219772783 98.69977433690451
1893.5843780266798 96.24085197108434
1891.523234076081 93.3005225468309
1889.4620901254825 90.10553518341148
1887.4009461748838 86.59915338407183
1885.3398022242852 82.36159647887257
1883.2786582736865 78.52095112592488
1881.217514323088 75.03618509625021
1879.1563703724892 71.5418844852101
1877.0952264218909 69.1211313059722
1875.034082471292 66.2145534439647
1872.9729385206936 63.59587057578505
1870.9117945700948 61.96844496217543
1868.8506506194963 58.608468637974596
1866.7895066688973 59.00818693797505
1864.7283627182987 53.17478455485924
1862.6672187677 61.06078065994134
