# BEGINHEADER
# This file contains data from the SALSA 2m radio telescope.
# DATE=2024-01-31T11:28:0029
# GLON and GLAT given in degrees
# GLON=45.66857822042579
# GLAT=-38.00092672168929
# DATA in two columns below. Col. 1 is velocity relative to LSR [km/s]. Col. 2 is uncalibrated antenna temperature [K].
# ENDHEADER
2379.1003264054016 18.6737013365301
2377.039182454803 38.23407456176523
2374.9780385042045 33.856122390128654
2372.9168945536057 37.55063445432176
2370.8557506030065 36.82719102143828
2368.7946066524078 38.801436594239476
2366.7334627018095 39.36423689337056
2364.6723187512107 41.76880382934705
2362.6111748006124 43.37538869731731
2360.550030850013 44.89939204452535
2358.488886899415 47.182804779097445
2356.427742948816 49.11990286514796
2354.366598998218 51.57189208849984
2352.305455047619 53.895387405794914
2350.2443110970203 56.046661832129246
2348.1831671464215 58.21978850173051
2346.122023195823 59.876139195164285
2344.0608792452244 62.062784638549196
2341.9997352946257 63.63520809207691
2339.938591344027 66.02461883426555
2337.8774473934286 67.4008493127273
2335.81630344283 69.27583138753607
2333.7551594922315 71.7888559450925
2331.694015541633 73.13454699358317
2329.632871591034 74.22641130253
2327.5717276404353 75.67587760976637
2325.510583689837 76.9914089001521
2323.449439739238 77.06340864725748
2321.3882957886394 78.88168907428202
2319.3271518380407 79.47978623152268
2317.2660078874424 78.95435445576115
2315.2048639368436 80.84982740609438
2313.1437199862453 81.24485563954626
2311.0825760356465 81.25194653960921
2309.0214320850473 81.00293733645731
2306.9602881344485 82.526679133765
2304.8991441838502 82.27603652330961
2302.8380002332515 83.16086131870902
2300.7768562826527 83.61800543803642
2298.715712332054 82.88242967830163
2296.6545683814556 84.2447749426843
2294.593424430857 84.27181489963698
2292.5322804802586 84.00001978029623
2290.47113652966 84.61256588902212
2288.409992579061 84.77403488196818
2286.3488486284623 85.35906949539348
2284.287704677864 85.73468170237153
2282.226560727265 85.97718668456183
2280.1654167766665 85.69074212531238
2278.1042728260677 85.41200202988495
2276.0431288754694 85.17118026947743
2273.9819849248706 86.4179707727673
2271.9208409742723 86.24161623328543
2269.8596970236736 86.64123150976177
2267.798553073075 86.91888262214954
2265.737409122476 87.18778425254484
2263.6762651718777 86.96828945793877
2261.615121221279 87.44436318410641
2259.55397727068 87.65445583463175
2257.4928333200814 88.22850804992481
2255.431689369483 87.97745530279578
2253.3705454188844 87.73603790557063
2251.309401468286 88.1560159387781
2249.2482575176873 87.66484266311123
2247.187113567088 87.94863190765534
2245.1259696164893 89.12895652096027
2243.064825665891 88.71939110069333
2241.0036817152923 88.5962043502678
2238.9425377646935 88.18565590380675
2236.8813938140947 89.7195322290613
2234.8202498634964 89.33273366682953
2232.7591059128977 88.87413946354488
2230.6979619622994 90.02595685576863
2228.6368180117006 89.0617165234086
2226.575674061102 88.26063251348191
2224.514530110503 90.10917465939856
2222.4533861599048 89.95575882939733
2220.392242209306 89.24514035273214
2218.3310982587072 88.06603127170628
2216.2699543081085 90.0444629230014
2214.20881035751 90.29563855516925
2212.1476664069114 89.44440971728105
2210.086522456313 89.75224916649115
2208.0253785057143 90.26302853860449
2205.9642345551156 90.40283809848148
2203.903090604517 91.31488030635276
2201.8419466539185 91.27491903961696
2199.7808027033198 91.86232901729689
2197.719658752721 90.79082608830994
2195.658514802122 90.61835626712586
2193.597370851524 91.22266362032737
2191.536226900925 90.40091712013069
2189.475082950327 91.263546949994
2187.413938999728 91.35927140894749
2185.3527950491293 90.69311922007205
2183.29165109853 91.83658001908638
2181.230507147932 92.06758577616829
2179.169363197333 91.40821568608905
2177.1082192467343 91.74756740340489
2175.0470752961355 90.51187439226825
2172.985931345537 91.0804641560633
2170.9247873949384 92.15174306422296
2168.86364344434 91.65517254451261
2166.8024994937414 90.82660253622218
2164.7413555431426 90.85042624082291
2162.680211592544 91.75002695011561
2160.6190676419455 91.85975391301044
2158.557923691347 92.0372403763859
2156.496779740748 91.82209237338162
2154.4356357901493 90.93979607822745
2152.374491839551 92.06847623951147
2150.313347888952 91.59779414929397
2148.252203938354 91.77935210551779
2146.191059987755 91.89868031351931
2144.1299160371564 92.05763435707088
2142.0687720865576 92.02624511552948
2140.0076281359593 92.47640621115393
2137.9464841853605 91.19995678820666
2135.8853402347618 91.44944344950133
2133.824196284163 91.26893545864696
2131.7630523335647 91.88839386124499
2129.701908382966 92.15124893267996
2127.6407644323676 91.46010516214217
2125.579620481769 92.20792781833615
2123.51847653117 91.10074659014865
2121.457332580571 92.5596454174522
2119.3961886299726 91.57485179735684
2117.335044679374 93.83422304837013
2115.273900728775 95.97657413139228
2113.2127567781763 94.98183895954261
2111.151612827578 93.1789962110792
2109.0904688769792 91.41830250696985
2107.029324926381 91.29832941276848
2104.968180975782 91.07122134420015
2102.9070370251834 92.42364888216099
2100.8458930745846 92.47193261355488
2098.7847491239863 91.32923717709826
2096.7236051733876 91.38185044583052
2094.6624612227893 91.54343502043042
2092.6013172721905 90.53780886120724
2090.5401733215917 92.24425111402631
2088.479029370993 93.14324867809988
2086.417885420394 91.88195111646358
2084.3567414697955 91.14413282219571
2082.295597519197 91.31440260935031
2080.2344535685984 90.79611677516266
2078.173309618 90.47084047594761
2076.112165667401 90.87084698856889
2074.0510217168026 91.79813495817122
2071.989877766204 91.73465851233613
2069.9287338156055 91.15987587690424
2067.8675898650067 90.10141747596607
2065.806445914408 90.74895210753158
2063.745301963809 90.67086133665074
2061.684158013211 90.40819388061433
2059.6230140626117 91.95200338575042
2057.5618701120134 91.02084327666616
2055.5007261614146 89.61509121649961
2053.4395822108163 91.27016745378371
2051.3784382602175 89.95445026349402
2049.317294309619 91.87918350821806
2047.2561503590202 89.70197727639005
2045.1950064084217 108.28172750079514
2043.1338624578227 97.82725756832849
2041.0727185072242 87.09225814467716
2039.0115745566254 90.9566857335138
2036.950430606027 89.74244932178992
2034.8892866554281 90.70509409877155
2032.8281427048298 89.53182307985212
2030.766998754231 91.15447144239944
2028.7058548036325 90.00571893474334
2026.6447108530338 88.67133605704056
2024.5835669024352 88.9934133424039
2022.5224229518365 89.18334845169719
2020.461279001238 89.86422818544823
2018.4001350506392 90.37794432826799
2016.3389911000409 90.56114644661422
2014.2778471494419 89.52390852932213
2012.2167031988433 89.55881212245329
2010.1555592482446 88.67042272833304
2008.094415297646 88.3772348958945
2006.0332713470473 89.46952778289426
2003.9721273964487 87.67190112261636
2001.91098344585 89.13120613473053
1999.8498394952514 88.50901381216619
1997.7886955446527 87.46709723955436
1995.7275515940544 87.89559849741578
1993.6664076434554 88.3649564465277
1991.605263692857 88.13901004475206
1989.5441197422583 87.70331073241967
1987.4829757916598 88.61907461631586
1985.421831841061 87.1460282589619
1983.3606878904625 87.13153117738733
1981.2995439398635 86.71516333069547
1979.238399989265 87.2207633365793
1977.1772560386662 87.12972164726848
1975.116112088068 87.11200167835386
1973.054968137469 85.88904767314746
1970.9938241868706 86.50132963048169
1968.9326802362718 85.98032891241132
1966.8715362856733 86.47655346393542
1964.8103923350745 85.83505065886904
1962.749248384476 85.77864488580116
1960.6881044338772 86.23110587722026
1958.6269604832787 85.99080081378652
1956.56581653268 85.41454757879275
1954.5046725820814 85.30535701739832
1952.4435286314826 84.6638420879902
1950.3823846808843 84.80091102772468
1948.3212407302854 84.86298188213227
1946.2600967796868 85.20925810103832
1944.198952829088 84.17944778512563
1942.1378088784895 84.03133834350244
1940.0766649278908 83.96578947538787
1938.0155209772922 83.60066629595028
1935.9543770266935 84.20699811473841
1933.893233076095 82.89278017945352
1931.8320891254962 84.13608699285554
1929.7709451748979 82.67108163229223
1927.709801224299 82.54952498563131
1925.6486572737006 81.71940215364508
1923.5875133231018 81.08117448810297
1921.5263693725033 81.55373094226863
1919.4652254219045 80.6681323802467
1917.4040814713057 80.10397711069362
1915.342937520707 79.78413067768086
1913.2817935701084 79.34635342502915
1911.2206496195097 78.51297482979417
1909.1595056689114 77.64548372052123
1907.0983617183124 76.38885969580724
1905.037217767714 75.35302175693678
1902.9760738171153 75.29874250132659
1900.9149298665168 73.74749966202627
1898.853785915918 72.15316902773286
1896.7926419653195 70.46165241936254
1894.7314980147207 68.89473583048918
1892.6703540641222 67.45070477321332
1890.6092101135234 66.59553773737186
1888.5480661629251 64.23126312353072
1886.486922212326 61.4750700878755
1884.4257782617276 59.85886869344428
1882.3646343111288 57.95633498277057
1880.3034903605303 55.52364884365947
1878.2423464099315 53.33007175993093
1876.181202459333 51.399490463213766
1874.1200585087342 48.97060118595803
1872.0589145581357 47.24542752024114
1869.997770607537 45.086237519086986
1867.9366266569386 42.79986674147574
1865.8754827063397 41.791604029364485
1863.8143387557413 39.565301391726166
1861.7531948051426 38.620310230053896
1859.692050854544 36.492019260448494
1857.6309069039453 36.78644601485024
1855.5697629533465 33.781948873680236
1853.5086190027478 37.95237779688205
