# BEGINHEADER
# This file contains data from the SALSA 2m radio telescope.
# DATE=2024-01-31T11:25:0056
# GLON and GLAT given in degrees
# GLON=37.956040778960144
# GLAT=-25.996882492193546
# DATA in two columns below. Col. 1 is velocity relative to LSR [km/s]. Col. 2 is uncalibrated antenna temperature [K].
# ENDHEADER
2388.8478014321768 16.57525771849907
2386.7866574815775 34.13740519134472
2384.7255135309792 30.358543528852756
2382.6643695803805 33.24529582075543
2380.603225629782 33.090782859621
2378.542081679183 34.884833591024396
2376.4809377285846 35.528109462479264
2374.419793777986 37.08581456891021
2372.3586498273876 38.82830988676124
2370.297505876789 40.49059894323471
2368.23636192619 41.63911151610657
2366.1752179755913 44.03297226827108
2364.114074024993 45.90554625106184
2362.052930074394 48.029312229075266
2359.991786123796 49.02452381043899
2357.9306421731967 52.034356102649596
2355.8694982225984 53.36148043355532
2353.8083542719996 55.01421752460295
2351.7472103214013 57.359547282063055
2349.6860663708026 59.18041927241228
2347.624922420204 60.79822546932241
2345.563778469605 62.0437903317131
2343.5026345190067 63.55479516757453
2341.441490568408 65.0455368874055
2339.3803466178097 66.07760190416928
2337.3192026672104 66.91853457641275
2335.258058716612 67.93259778591491
2333.1969147660134 68.51918831871542
2331.135770815415 69.45175838550999
2329.0746268648163 70.31287306562292
2327.0134829142175 70.83117346364276
2324.9523389636183 71.25766877228338
2322.89119501302 72.61820968063064
2320.8300510624213 72.54066912392632
2318.7689071118225 72.88856192742033
2316.7077631612237 73.62758324132912
2314.6466192106254 73.84787066032632
2312.5854752600267 73.9466275895427
2310.5243313094284 74.46224116493025
2308.4631873588296 74.61118050526551
2306.402043408231 74.20608424515852
2304.340899457632 74.77408676426458
2302.2797555070338 74.92016420535586
2300.218611556435 74.77841095351769
2298.1574676058362 74.90684954118497
2296.0963236552375 75.68332147041757
2294.035179704639 75.89210148827524
2291.9740357540404 76.06291895839004
2289.912891803442 76.40780681417039
2287.8517478528433 77.16495009830287
2285.7906039022446 76.8057827307951
2283.729459951646 77.12418404342662
2281.6683160010475 76.70962566025761
2279.6071720504488 76.6712028264733
2277.54602809985 76.539026183383
2275.4848841492512 77.30622993765581
2273.423740198653 77.47672597026009
2271.362596248054 77.88149646960701
2269.301452297456 78.12641804971291
2267.240308346857 77.46357845662992
2265.1791643962583 78.08365101842082
2263.118020445659 78.0123534039793
2261.056876495061 78.5256640931331
2258.995732544462 78.6013201246714
2256.9345885938633 78.3514765540034
2254.8734446432645 78.8373531770328
2252.812300692666 78.4082770676679
2250.7511567420675 79.2442745445753
2248.690012791469 79.00280408574872
2246.6288688408704 78.80626586508988
2244.5677248902716 78.49981017867958
2242.506580939673 79.1151593005063
2240.4454369890746 80.18598726035938
2238.384293038476 79.22467252665061
2236.323149087877 79.69211125183915
2234.2620051372783 79.72551844034206
2232.20086118668 80.65632054352297
2230.139717236081 79.74752879874049
2228.078573285483 79.66777780331114
2226.017429334884 80.23703442717378
2223.9562853842854 80.65759548491513
2221.8951414336866 80.33858062813191
2219.8339974830883 80.07111806596458
2217.7728535324895 80.6050008772441
2215.711709581891 80.44663306285399
2213.650565631292 80.8104734690263
2211.5894216806937 81.46617489932827
2209.528277730095 85.9969857815691
2207.4671337794966 80.44891715965176
2205.405989828898 81.06586579179164
2203.344845878299 80.7210045788149
2201.2837019277003 80.73602114012654
2199.2225579771016 80.49238848758337
2197.161414026503 81.60072192889065
2195.100270075904 80.33139933020948
2193.0391261253053 81.18853059930903
2190.977982174707 81.39584564530034
2188.9168382241082 81.45287185614642
2186.85569427351 80.70164251736492
2184.794550322911 81.1736095358646
2182.7334063723124 80.64569604008601
2180.6722624217136 80.59010336640851
2178.6111184711153 82.1954239102237
2176.5499745205166 81.06187077288206
2174.488830569918 81.21825116320339
2172.427686619319 81.56219704623884
2170.3665426687207 81.05497518017471
2168.305398718122 81.34910375986495
2166.2442547675237 80.56861973622583
2164.183110816925 81.42480885826589
2162.121966866326 81.81977742246939
2160.0608229157274 81.88056789083831
2157.999678965129 80.97748991042894
2155.9385350145303 82.30107006820585
2153.8773910639316 81.94735548274328
2151.816247113333 81.3802751034514
2149.7551031627345 81.23609279404174
2147.6939592121357 81.76045083850421
2145.6328152615374 81.42369500702786
2143.5716713109387 82.22267196907907
2141.51052736034 82.80523820016043
2139.449383409741 81.43082752073201
2137.388239459143 81.21033344630052
2135.3270955085436 81.48532520916432
2133.265951557945 81.3262418901267
2131.204807607346 81.4848092863984
2129.143663656748 81.46518427156127
2127.082519706149 83.40312623931368
2125.0213757555507 86.43789320544708
2122.960231804952 83.08480069537492
2120.899087854353 82.2637562205253
2118.8379439037544 82.22205362007436
2116.776799953156 81.57741910865253
2114.7156560025574 82.06088708862931
2112.6545120519586 81.78095563130267
2110.59336810136 81.85289641441848
2108.5322241507615 81.03781977857372
2106.4710802001628 81.89316804484494
2104.4099362495645 81.96462703268615
2102.3487922989657 81.41514900059336
2100.287648348367 81.75473959483415
2098.226504397768 82.50778441062567
2096.16536044717 81.94682687816126
2094.1042164965706 81.76608394327825
2092.0430725459723 80.85947849223467
2089.9819285953736 81.61087417992279
2087.9207846447753 81.48674155026966
2085.8596406941765 81.7587705294149
2083.7984967435777 82.67079488192455
2081.737352792979 81.19832534972645
2079.6762088423807 80.90073702066374
2077.615064891782 80.53522991585731
2075.5539209411836 80.53988331815455
2073.4927769905844 81.1087983155326
2071.431633039986 80.48523602791734
2069.3704890893873 82.16998647441186
2067.3093451387886 81.42523200456742
2065.24820118819 80.6425312886788
2063.1870572375915 80.94658426741287
2061.1259132869927 79.2684783091079
2059.064769336394 82.40900624234264
2057.003625385795 79.84120423403218
2054.942481435197 101.05404095714981
2052.881337484598 88.9448504106056
2050.820193534 77.65881468941645
2048.759049583401 81.626500607404
2046.6979056328023 79.98727972296011
2044.6367616822035 80.86087112958852
2042.575617731605 80.05621732864105
2040.5144737810062 82.0651226288325
2038.4533298304077 80.50731042769682
2036.392185879809 79.43824682447199
2034.3310419292106 79.99787098805523
2032.2698979786117 79.48011110416891
2030.2087540280133 79.24468404395789
2028.1476100774146 80.29217386199949
2026.0864661268158 81.29144550318902
2024.025322176217 79.9927911977482
2021.9641782256185 79.70454325097047
2019.9030342750198 79.44276767640717
2017.8418903244212 78.96038720487036
2015.7807463738225 79.51352901635745
2013.7196024232242 79.27321873876956
2011.6584584726252 79.50909978570824
2009.5973145220269 79.17212609544919
2007.536170571428 78.23909960510005
2005.4750266208296 78.04344779150505
2003.4138826702308 77.82930974626008
2001.3527387196323 77.95169224575585
1999.2915947690335 78.12415414044955
1997.230450818435 79.22654771913041
1995.169306867836 77.96514441681666
1993.1081629172377 77.83682247900597
1991.0470189666387 78.02791734646999
1988.9858750160404 77.0902870430713
1986.9247310654416 77.21274745170548
1984.863587114843 77.67541180676496
1982.8024431642443 77.2118417234554
1980.7412992136458 77.41600325880007
1978.680155263047 77.62773168305448
1976.6190113124485 77.00095137682342
1974.5578673618497 76.7239043257822
1972.4967234112514 76.81629868367526
1970.4355794606524 76.70552463921132
1968.3744355100541 75.80957916570604
1966.3132915594554 75.74051915960855
1964.2521476088566 75.74238421587393
1962.1910036582578 75.488019862422
1960.1298597076593 76.76407485657049
1958.0687157570605 75.32808782314356
1956.007571806462 75.22644696925455
1953.9464278558632 75.7444402315031
1951.885283905265 74.98788823855769
1949.824139954666 75.31564635289402
1947.7629960040676 74.36866526781634
1945.7018520534689 74.24197565618852
1943.6407081028703 74.02981123743305
1941.5795641522716 74.6518570879444
1939.518420201673 73.93885977076795
1937.4572762510743 73.32459067313975
1935.3961323004758 73.12725968391717
1933.3349883498768 72.81542818809314
1931.2738443992782 72.07879677314432
1929.2127004486795 72.80101494240454
1927.1515564980812 72.8626830813399
1925.0904125474824 71.06136717078509
1923.0292685968839 70.60570749945099
1920.968124646285 70.25501007374554
1918.9069806956866 69.03485010376242
1916.8458367450878 68.61527254703746
1914.7846927944893 68.19149326576455
1912.7235488438905 66.57920120625535
1910.662404893292 65.80932545468673
1908.6012609426932 64.71355568627538
1906.540116992095 63.33855905929162
1904.4789730414961 62.08561921042165
1902.4178290908976 60.09745795988845
1900.3566851402986 58.67929028821991
1898.2955411897 57.05522472504344
1896.2343972391013 55.34432520672365
1894.1732532885028 53.553682033834754
1892.112109337904 51.294870166302864
1890.0509653873055 49.46247549308946
1887.9898214367067 47.84635900511924
1885.9286774861084 45.94240560129756
1883.8675335355094 43.97585169295467
1881.8063895849111 41.68271431066848
1879.7452456343124 40.23762853860123
1877.6841016837138 38.259980208544015
1875.622957733115 37.413021127329515
1873.5618137825165 35.26745432627801
1871.5006698319175 34.73691222289702
1869.439525881319 32.97706954054275
1867.3783819307203 33.012418357245835
1865.317237980122 30.05289333826343
1863.256094029523 33.806133392347846
