2208.94 1455.93 1572.99 2804.13 5371.04 5856.89 5593.32 6579.03 6171.27 7571.86 4896.39 3138.02 3211.01 1980.72 1042.86 3653.43
1440.34 2813.09 1754.5 1360.69 3717.26 4045.81 1709.88 736.993 2813.65 3742.97 1837.27 1063.99 4599.55 5346.78 3785.29 3697.03
1821.3 4970.55 2304.62 1958.38 2078.69 1576.63 1876.61 3083.65 5392.38 6661.14 5525.09 3022.96 3342.16 2178.47 3459.71 4190.97
2517.46 2842.33 426.051 1414.79 4823.59 3205.95 794.632 7310.28 14487.6 16594.3 10696.3 2068.56 2252.18 1528.81 2625.62 2727.71
1689.76 1267.92 1660.89 3074.44 1417.19 1672.06 3141.25 12617.9 21586.7 24877.4 18297.8 6762.02 5556.69 5793.71 1919.13 1391.42
3718.53 3259.59 2039.94 7159.9 5511.47 2776.7 6205.79 15636.2 22856.1 26291.7 21336.4 10091.3 7859.04 7600.7 1779.69 2222.91
5826.39 4933.36 3751.65 5693.31 3695.88 2280.96 2649.29 8449.85 14417.7 17849.1 14629.2 8449.15 6533.97 5527.36 1184.65 1593.57
4424.79 4912.49 3401.7 2638.99 4919.15 3753.24 208.325 1155.73 6661.2 8635.79 7054.73 4618.92 3961.02 5660.73 4952.73 2815.47
2940.69 2839.38 1466.25 2165.64 4851.56 3116.97 1975.76 1542.62 6930.68 8912.62 5188.2 1494.98 2478.48 7158.46 7628.7 3179.53
2328.77 4019.33 3566.21 3363.53 4685.02 3034.52 1129.86 2232.22 2789.89 7996.17 8599.94 3832.73 1472.34 4572.7 4049.78 691.842
2106.9 3587.84 3812.46 3029.03 3396.74 2852.13 2057.13 3717.48 7111.02 13068.2 13176.2 6216.26 4068.8 1209.8 1004.7 711.353
2310.16 1931.34 1256.41 426.351 2149.9 3296.04 509.836 2309.06 8541.72 15813.2 14878.8 8470.35 5667.58 1359.56 1328.75 1257.22
3465.56 2962.74 1792.78 1866.51 1216.85 2520.87 1789.61 1855 7432.23 11576.7 11164.8 8936.54 5123.17 2211.14 2038.27 2483.52
2386.72 1110.76 1607.49 1217.27 1965.66 2035.62 792.199 832.989 2746.16 2543.6 3143.79 6479.07 5758 2826.41 1512.92 2596.74
1576.39 257.62 1178.3 2040.81 4354.98 4061.2 1414.72 1885.83 3872.36 3628.33 2162.63 1464.03 1718.88 1886.6 1438.38 877.768
710.649 1575.98 1123.73 1223.55 3826.22 4015.38 4887.73 7817.3 7554.06 6268.71 2732.66 2025.87 1584.82 2501.81 3402.83 2993
