254.919966 0.000000
252.858822 0.000000
250.797678 0.000000
248.736534 0.000000
246.675390 0.000000
244.614246 0.000000
242.553102 0.000000
240.491958 0.000000
238.430814 0.000000
236.369670 0.000000
234.308526 0.000000
232.247382 0.000000
230.186238 0.000000
228.125094 0.000000
226.063950 0.000000
224.002806 0.000000
221.941662 0.000000
219.880519 0.000000
217.819375 0.000000
215.758231 0.000000
213.697087 0.000000
211.635943 0.000000
209.574799 0.000000
207.513655 0.000000
205.452511 0.000000
203.391367 0.000000
201.330223 0.000000
199.269079 0.000000
197.207935 0.000000
195.146791 0.000000
193.085647 0.000000
191.024503 0.000000
188.963359 0.000000
186.902215 0.000000
184.841071 0.000000
182.779927 0.000000
180.718783 0.000000
178.657640 0.000000
176.596496 0.000000
174.535352 0.000000
172.474208 0.000000
170.413064 0.000000
168.351920 0.000000
166.290776 0.000000
164.229632 0.000000
162.168488 0.000000
160.107344 0.000000
158.046200 0.000000
155.985056 0.000000
153.923912 0.000000
151.862768 0.000000
149.801624 0.000000
147.740480 0.000000
145.679336 0.000000
143.618192 0.000000
141.557048 0.000000
139.495904 0.000000
137.434761 0.000000
135.373617 0.000000
133.312473 0.000000
131.251329 0.000000
129.190185 0.000000
127.129041 0.000000
125.067897 0.000000
123.006753 0.000000
120.945609 0.000000
118.884465 0.000000
116.823321 0.000000
114.762177 0.000000
112.701033 0.000000
110.639889 0.000000
108.578745 0.000000
106.517601 0.000000
104.456457 0.000000
102.395313 0.000000
100.334169 0.000000
98.273025 0.000000
96.211882 0.000000
94.150738 0.000000
92.089594 0.000000
90.028450 0.000000
87.967306 0.000000
85.906162 0.000000
83.845018 0.000000
81.783874 0.000000
79.722730 0.000000
77.661586 0.000000
75.600442 0.000000
73.539298 0.000000
71.478154 0.000000
69.417010 0.000000
67.355866 0.000000
65.294722 0.000000
63.233578 0.000000
61.172434 0.000000
59.111290 0.000000
57.050146 0.000000
54.989002 0.000000
52.927859 0.000000
50.866715 0.000000
48.805571 0.000000
46.744427 0.000001
44.683283 0.000002
42.622139 0.000007
40.560995 0.000026
38.499851 0.000088
36.438707 0.000277
34.377563 0.000834
32.316419 0.002380
30.255275 0.006450
28.194131 0.016594
26.132987 0.040522
24.071843 0.093936
22.010699 0.206717
19.949555 0.431831
17.888411 0.856344
15.827267 1.612053
13.766123 2.880764
11.704980 4.886910
9.643836 7.869752
7.582692 12.030685
5.521548 17.459275
3.460404 24.053318
1.399260 31.459157
-0.661884 39.062470
-2.723028 46.051319
-4.784172 51.551916
-6.845316 54.809707
-8.906460 55.365861
-10.967604 53.173796
-13.028748 48.616919
-15.089892 42.421714
-17.151036 35.495718
-19.212180 28.742584
-21.273324 22.907656
-23.334468 18.489166
-25.395612 15.722729
-27.456756 14.622653
-29.517899 15.051275
-31.579043 16.788483
-33.640187 19.583426
-35.701331 23.182769
-37.762475 27.339359
-39.823619 31.809858
-41.884763 36.349963
-43.945907 40.713308
-46.007051 44.656737
-48.068195 47.951730
-50.129339 50.399795
-52.190483 51.848696
-54.251627 52.206332
-56.312771 51.449583
-58.373915 49.626409
-60.435059 46.850672
-62.496203 43.290307
-64.557347 39.150502
-66.618491 34.654197
-68.679635 30.022453
-70.740778 25.457074
-72.801922 21.127276
-74.863066 17.161568
-76.924210 13.645340
-78.985354 10.624693
-81.046498 8.117849
-83.107642 6.136100
-85.168786 4.712779
-87.229930 3.925470
-89.291074 3.877331
-91.352218 4.604288
-93.413362 5.930860
-95.474506 7.389619
-97.535650 8.340359
-99.596794 8.283336
-101.657938 7.152786
-103.719082 5.343554
-105.780226 3.446494
-107.841370 1.917896
-109.902514 0.921039
-111.963658 0.382217
-114.024801 0.137525
-116.085945 0.043250
-118.147089 0.012122
-120.208233 0.003171
-122.269377 0.000850
-124.330521 0.000264
-126.391665 0.000100
-128.452809 0.000042
-130.513953 0.000019
-132.575097 0.000008
-134.636241 0.000004
-136.697385 0.000002
-138.758529 0.000001
-140.819673 0.000000
-142.880817 0.000000
-144.941961 0.000000
-147.003105 0.000000
-149.064249 0.000000
-151.125393 0.000000
-153.186537 0.000000
-155.247680 0.000000
-157.308824 0.000000
-159.369968 0.000000
-161.431112 0.000000
-163.492256 0.000000
-165.553400 0.000000
-167.614544 0.000000
-169.675688 0.000000
-171.736832 0.000000
-173.797976 0.000000
-175.859120 0.000000
-177.920264 0.000000
-179.981408 0.000000
-182.042552 0.000000
-184.103696 0.000000
-186.164840 0.000000
-188.225984 0.000000
-190.287128 0.000000
-192.348272 0.000000
-194.409416 0.000000
-196.470559 0.000000
-198.531703 0.000000
-200.592847 0.000000
-202.653991 0.000000
-204.715135 0.000000
-206.776279 0.000000
-208.837423 0.000000
-210.898567 0.000000
-212.959711 0.000000
-215.020855 0.000000
-217.081999 0.000000
-219.143143 0.000000
-221.204287 0.000000
-223.265431 0.000000
-225.326575 0.000000
-227.387719 0.000000
-229.448863 0.000000
-231.510007 0.000000
-233.571151 0.000000
-235.632295 0.000000
-237.693438 0.000000
-239.754582 0.000000
-241.815726 0.000000
-243.876870 0.000000
-245.938014 0.000000
-247.999158 0.000000
-250.060302 0.000000
-252.121446 0.000000
-254.182590 0.000000
-256.243734 0.000000
-258.304878 0.000000
-260.366022 0.000000
-262.427166 0.000000
-264.488310 0.000000
-266.549454 0.000000
-268.610598 0.000000
-270.671742 0.000000
