254.919966 -3.983650
252.858822 -5.849370
250.797678 -7.010038
248.736534 -7.008587
246.675390 -6.346168
244.614246 -5.771510
242.553102 -5.291442
240.491958 -5.231184
238.430814 -4.851109
236.369670 -3.568451
234.308526 -3.223330
232.247382 -4.718918
230.186238 -6.017551
228.125094 -6.293004
226.063950 -6.282402
224.002806 -6.294872
221.941662 -6.457474
219.880519 -6.706645
217.819375 -6.983150
215.758231 -6.892800
213.697087 -6.355896
211.635943 -5.816732
209.574799 -5.748288
207.513655 -6.010399
205.452511 -6.439223
203.391367 -6.809674
201.330223 -6.940734
199.269079 -7.618677
197.207935 -7.832718
195.146791 -7.556790
193.085647 -7.579662
191.024503 -7.495807
188.963359 -6.956082
186.902215 -6.241660
184.841071 -6.307526
182.779927 -7.368574
180.718783 -7.521536
178.657640 -6.655116
176.596496 -6.434036
174.535352 -6.708278
172.474208 -6.867129
170.413064 -7.305452
168.351920 -7.904178
166.290776 -7.721254
164.229632 -6.858656
162.168488 -6.162959
160.107344 -6.593345
158.046200 -7.504241
155.985056 -7.629086
153.923912 -7.120031
151.862768 -6.862184
149.801624 -7.119554
147.740480 -7.408546
145.679336 -7.848662
143.618192 -7.876704
141.557048 -7.859758
139.495904 -7.951733
137.434761 -7.878742
135.373617 -7.945817
133.312473 -8.274144
131.251329 -8.550876
129.190185 -8.863315
127.129041 -9.534751
125.067897 -9.777098
123.006753 -9.227081
120.945609 -8.848393
118.884465 -9.041553
116.823321 -9.220799
114.762177 -9.113554
112.701033 -9.075773
110.639889 -8.931448
108.578745 -8.494457
106.517601 -8.624879
104.456457 -9.432399
102.395313 -9.866304
100.334169 -9.633872
98.273025 -9.414685
96.211882 -9.197898
94.150738 -8.771729
92.089594 -8.672393
90.028450 -9.063490
87.967306 -9.728770
85.906162 -10.618070
83.845018 -10.899039
81.783874 -10.552227
79.722730 -10.745378
77.661586 -10.944615
75.600442 -10.673465
73.539298 -10.717550
71.478154 -10.676365
69.417010 -10.469228
67.355866 -10.593370
65.294722 -10.271776
63.233578 -9.585479
61.172434 -9.902757
59.111290 -10.780281
57.050146 -11.240107
54.989002 -11.250601
52.927859 -11.567021
50.866715 -12.090422
48.805571 -11.650783
46.744427 -10.675457
44.683283 -10.237767
42.622139 -10.137409
40.560995 -10.233095
38.499851 -10.212138
36.438707 -10.034952
34.377563 -10.235151
32.316419 -10.354074
30.255275 -10.243682
28.194131 -10.481798
26.132987 -10.445788
24.071843 -9.922626
22.010699 -9.759511
19.949555 -9.141635
17.888411 -8.152219
15.827267 -7.566154
13.766123 -6.323356
11.704980 -4.060003
9.643836 -0.727412
7.582692 5.251729
5.521548 15.403531
3.460404 28.759496
1.399260 41.093717
-0.661884 48.084649
-2.723028 49.846002
-4.784172 49.841642
-6.845316 49.693513
-8.906460 49.547641
-10.967604 49.337701
-13.028748 47.912536
-15.089892 43.751962
-17.151036 37.611206
-19.212180 31.495856
-21.273324 25.287823
-23.334468 19.105994
-25.395612 15.245403
-27.456756 14.943962
-29.517899 16.932439
-31.579043 19.470727
-33.640187 22.181692
-35.701331 25.641490
-37.762475 29.400059
-39.823619 32.274346
-41.884763 34.570052
-43.945907 37.156865
-46.007051 40.550960
-48.068195 44.718547
-50.129339 48.702941
-52.190483 51.684709
-54.251627 53.268626
-56.312771 52.595462
-58.373915 50.619433
-60.435059 48.152353
-62.496203 44.950902
-64.557347 41.287394
-66.618491 37.319862
-68.679635 32.705922
-70.740778 27.555348
-72.801922 21.310487
-74.863066 14.252135
-76.924210 8.932792
-78.985354 5.773111
-81.046498 3.699740
-83.107642 2.857546
-85.168786 3.364108
-87.229930 4.207029
-89.291074 4.636896
-91.352218 5.388567
-93.413362 6.366348
-95.474506 7.091896
-97.535650 7.641646
-99.596794 7.896837
-101.657938 7.375863
-103.719082 5.709670
-105.780226 4.110775
-107.841370 2.855798
-109.902514 0.540500
-111.963658 -1.891046
-114.024801 -3.733901
-116.085945 -4.753119
-118.147089 -5.011267
-120.208233 -5.669072
-122.269377 -6.728938
-124.330521 -7.902465
-126.391665 -8.621574
-128.452809 -8.476869
-130.513953 -8.345531
-132.575097 -8.492982
-134.636241 -8.548200
-136.697385 -8.715966
-138.758529 -8.704807
-140.819673 -8.763462
-142.880817 -9.241385
-144.941961 -9.339019
-147.003105 -9.090156
-149.064249 -9.290912
-151.125393 -9.427747
-153.186537 -9.069121
-155.247680 -8.900052
-157.308824 -9.054267
-159.369968 -8.811920
-161.431112 -8.724976
-163.492256 -9.315212
-165.553400 -9.732634
-167.614544 -9.391067
-169.675688 -8.979175
-171.736832 -9.200929
-173.797976 -9.262410
-175.859120 -8.623793
-177.920264 -8.343335
-179.981408 -8.251850
-182.042552 -7.613122
-184.103696 -7.303836
-186.164840 -7.471697
-188.225984 -8.057893
-190.287128 -8.382964
-192.348272 -7.947525
-194.409416 -7.572253
-196.470559 -7.068170
-198.531703 -7.202498
-200.592847 -8.508729
-202.653991 -9.664397
-204.715135 -10.049314
-206.776279 -9.337065
-208.837423 -8.416304
-210.898567 -8.074716
-212.959711 -7.878221
-215.020855 -8.004022
-217.081999 -8.307254
-219.143143 -8.418800
-221.204287 -8.456317
-223.265431 -8.352656
-225.326575 -7.829365
-227.387719 -7.375431
-229.448863 -7.455946
-231.510007 -7.747283
-233.571151 -7.329419
-235.632295 -6.544058
-237.693438 -6.302975
-239.754582 -6.261108
-241.815726 -6.320588
-243.876870 -6.741403
-245.938014 -7.508172
-247.999158 -8.220257
-250.060302 -8.753910
-252.121446 -8.809089
-254.182590 -8.388118
-256.243734 -8.024015
-258.304878 -7.761577
-260.366022 -6.960484
-262.427166 -5.547124
-264.488310 -4.818011
-266.549454 -6.185286
-268.610598 -7.534536
-270.671742 -7.744640
