# BEGINHEADER
# This file contains data from the SALSA 2m radio telescope.
# DATE=2024-01-31T18:24:0028
# GLON and GLAT given in degrees
# GLON=119.72753060524713
# GLAT=-0.1282444648708268
# DATA in two columns below. Col. 1 is velocity relative to LSR [km/s]. Col. 2 is uncalibrated antenna temperature [K].
# ENDHEADER
254.91996569789868 -2.5770424887084538
252.85882174730006 -7.295431079469323
250.7976777967014 -7.014041189290368
248.73653384610276 -8.216209016149252
246.6753898955041 -5.126171412909314
244.6142459449055 -6.819806799039383
242.55310199430684 -4.200612253076172
240.49195804370822 -5.37579380011093
238.43081409310955 -6.241990406957622
236.3696701425109 -3.025552005395538
234.30852619191228 -0.8063965530851683
232.24738224131363 -5.835586088791588
230.18623829071498 -6.832246211353469
228.12509434011633 -5.937016766929436
226.06395038951771 -6.64679231360721
224.00280643891907 -5.7927362100146125
221.94166248832045 -6.83461364990428
219.88051853772177 -6.222813337864804
217.81937458712315 -7.502689113067207
215.7582306365245 -7.082195824121432
213.69708668592588 -6.49308515979791
211.63594273532723 -5.347184649254224
209.57479878472859 -5.464990141785316
207.51365483412994 -6.45714852089359
205.45251088353132 -5.353057930022759
203.39136693293267 -8.840746082180738
201.330222982334 -4.44810029028364
199.26907903173537 -9.284865914027472
197.20793508113675 -7.971811218473974
195.14679113053813 -6.8783535420183135
193.08564717993946 -7.886777443330028
191.02450322934084 -7.798473902484191
188.9633592787422 -7.063890631182336
186.90221532814357 -6.269537307574187
184.84107137754492 -4.377673799251249
182.77992742694627 -8.809123676807493
180.71878347634762 -8.73285158726385
178.657639525749 -5.215625873417168
176.59649557515036 -6.4237089718845315
174.5353516245517 -7.044878719139514
172.47420767395306 -6.731970272396788
170.41306372335444 -6.504046672238245
168.3519197727558 -9.209053080111904
166.29077582215717 -7.603491245593211
164.2296318715585 -7.38622179309487
162.16848792095985 -4.852082968896107
160.10734397036123 -6.148012260524552
158.04620001976258 -8.614450572534889
155.98505606916396 -7.684234747640169
153.92391211856528 -7.397605754854643
151.86276816796666 -5.477344363827669
149.80162421736802 -8.60309863330993
147.7404802667694 -5.71226006923938
145.67933631617072 -9.4928258784507
143.6181923655721 -7.140630674617723
141.55704841497345 -7.8510419427441125
139.49590446437483 -8.31777082331685
137.43476051377618 -7.645149242256536
135.37361656317753 -7.732414317113429
133.3124726125789 -8.287434251744179
131.25132866198027 -8.970454097133056
129.19018471138162 -7.963728653588896
127.12904076078297 -9.977854781798555
125.06789681018434 -10.714866263337852
123.00675285958569 -8.782647431250112
120.94560890898705 -8.341654196768323
118.8844649583884 -9.129483791006715
116.82332100778977 -9.671748106354695
114.76217705719114 -8.832674947570244
112.70103310659249 -8.906971795440068
110.63988915599386 -9.774352059419048
108.57874520539521 -7.772339352510299
106.51760125479657 -7.966407576679582
104.45645730419791 -9.838875711490125
102.39531335359928 -10.649693305635443
100.33416940300064 -9.18264729325152
98.273025452402 -9.352384896286134
96.21188150180336 -9.71969544819631
94.15073755120471 -8.383188846775852
92.08959360060608 -8.17917625069586
90.02844965000743 -9.404522047573241
87.9673056994088 -9.022265737466908
85.90616174881016 -11.067224430596534
83.84501779821152 -12.106312593951383
81.78387384761288 -9.178121652187807
79.72272989701423 -10.846144212826863
77.6615859464156 -12.13015619539075
75.60044199581695 -9.394743120761111
73.53929804521832 -11.230553931732215
71.47815409461968 -11.13615080676313
69.41701014402103 -9.53286462919818
67.3558661934224 -11.025413677702925
65.29472224282375 -11.453581224471103
63.23357829222511 -7.747832975825589
61.17243434162647 -10.079123401267369
59.11129039102783 -10.953168957925847
57.05014644042919 -11.818245550520107
54.98900248983054 -10.965572139448005
52.927858539231906 -10.755014725774723
50.866714588633265 -13.363798895346964
48.805570638034624 -12.182616563781576
46.74442668743598 -9.523819347307699
44.68328273683734 -10.69182544680807
42.6221387862387 -9.694713474255227
40.56099483564006 -10.263386864933139
38.499850885041425 -10.882825561360782
36.438706934442784 -9.079007997847711
34.377562983844136 -10.526988851626191
32.316419033245495 -10.940301112079327
30.255275082646854 -9.422583882542202
28.194131132048216 -10.535970827924757
26.132987181449575 -11.857730180009582
24.071843230850934 -8.17749896957214
22.01069928025229 -10.815972711570106
19.94955532965365 -9.842077511145007
17.88841137905501 -6.598086675634835
15.82726742845637 -8.801380025955746
13.766123477857727 -6.83571484478745
11.70497952725909 -3.974801584467743
9.643835576660447 -2.180421590338483
7.582691626061807 2.816131994524269
5.521547675463165 12.89980122482785
3.4604037248645247 29.178724484948713
1.399259774265884 44.719141270196424
-0.6618841763327566 52.034342664687486
-2.723028126931397 49.35980416517987
-4.784172077530038 50.03595899577191
-6.8453160281286785 49.737750848331885
-8.906459978727318 49.32816194290381
-10.96760392932596 49.61723881389316
-13.028747879924602 49.89329475436675
-15.089891830523243 45.47583730227569
-17.151035781121884 36.366355711550675
-19.212179731720525 31.75698137428906
-21.273323682319166 26.222216344042955
-23.334467632917807 17.412009954967292
-25.39561158351644 12.856556208472826
-27.456755534115086 13.775777529198635
-29.517899484713727 17.00986229452476
-31.579043435312368 19.667724797164986
-33.640187385911005 21.573856887245213
-35.70133133650965 24.90174006318405
-37.76247528710829 30.773571132401084
-39.82361923770693 32.29761715205
-41.88476318830558 34.45930624004
-43.94590713890421 36.653777564773
-46.00705108950285 39.99951195348926
-48.06819504010149 44.53992474215334
-50.129338990700134 50.11047772773825
-52.190482941298775 51.01418968772982
-54.251626891897416 56.00896109252021
-56.31277084249606 52.54815236448133
-58.37391479309469 50.644584833235314
-60.43505874369333 48.8302063945063
-62.49620269429198 45.21145975814467
-64.55734664489061 40.95827739036584
-66.61849059548926 38.247578029299696
-68.6796345460879 32.570666507860835
-70.74077849668654 27.779155867380794
-72.80192244728518 23.40173884559548
-74.86306639788383 11.88534535941777
-76.92421034848246 7.721178804998108
-78.9853542990811 5.8821048157497975
-81.04649824967974 2.830594207003891
-83.10764220027838 2.0530859531443397
-85.16878615087703 2.827558547364708
-87.22993010147566 5.54668884897583
-89.29107405207432 3.5602498025367493
-91.35221800267296 5.434779915304961
-93.41336195327159 6.772629423919431
-95.47450590387024 6.877927239706458
-97.53564985446887 8.000992550274555
-99.59679380506752 7.852309476713478
-101.65793775566615 8.690664254265139
-103.7190817062648 5.791601312656199
-105.78022565686344 2.2025069394422356
-107.84136960746207 5.675165628299226
-109.90251355806072 -0.7171988448888842
-111.96365750865935 -1.8924719788407551
-114.024801459258 -3.817521773803233
-116.08594540985663 -6.282068415438591
-118.14708936045528 -3.550219538485564
-120.20823331105392 -6.117673347931111
-122.26937726165255 -6.359676489702738
-124.3305212122512 -7.959196594126204
-126.39166516284983 -9.792514117157838
-128.4528091134485 -8.078038559175534
-130.51395306404712 -7.798226834988839
-132.57509701464576 -9.328699233768962
-134.63624096524438 -7.691690916483156
-136.69738491584306 -9.307281627457673
-138.75852886644168 -8.816058447530596
-140.81967281704033 -7.857275417272209
-142.88081676763895 -9.840820874258984
-144.94196071823762 -9.996763927188443
-147.00310466883624 -8.021806076754482
-149.0642486194349 -9.607464077404027
-151.12539257003354 -9.966776170657
-153.18653652063216 -8.966313610447177
-155.24768047123084 -8.008447411499592
-157.30882442182946 -10.150590503803901
-159.3699683724281 -8.54582331669197
-161.43111232302672 -7.882951873946431
-163.49225627362537 -9.597225257425885
-165.55340022422402 -10.405305973658274
-167.61454417482267 -9.570306253201055
-169.6756881254213 -8.083425660129581
-171.73683207601994 -9.211708736350584
-173.79797602661858 -10.530005170974173
-175.85911997721723 -7.829970236565399
-177.92026392781585 -7.639742303454602
-179.9814078784145 -10.017167711571227
-182.04255182901312 -6.132891115518266
-184.1036957796118 -7.791812838550894
-186.16483973021045 -6.906148429163496
-188.22598368080907 -7.752867981947788
-190.2871276314077 -10.173188419160338
-192.34827158200633 -6.363081418648906
-194.409415532605 -8.699511272074414
-196.47055948320363 -6.8033361782529305
-198.5317034338023 -5.297283259315627
-200.59284738440093 -9.922263346938728
-202.65399133499957 -9.087235347753627
-204.7151352855982 -11.489122139180482
-206.77627923619687 -9.399073325106379
-208.8374231867955 -7.25969228314619
-210.89856713739414 -8.943305821486435
-212.95971108799276 -7.0932847743222975
-215.02085503859144 -8.064522220523974
-217.08199898919005 -8.50192135420093
-219.1431429397887 -8.511938071154718
-221.20428689038732 -8.134512247183531
-223.26543084098597 -9.176115568030681
-225.32657479158465 -7.453884246813904
-227.38771874218327 -7.225907567876652
-229.44886269278192 -6.847137405320211
-231.51000664338054 -8.588718098787096
-233.57115059397918 -7.947771272524355
-235.63229454457783 -5.280964707047889
-237.69343849517648 -6.907238107615867
-239.7545824457751 -5.899623126452381
-241.81572639637375 -6.407690757825825
-243.87687034697237 -6.06168431294254
-245.93801429757104 -8.085407771325219
-247.99915824816966 -7.853711433350789
-250.0603021987683 -9.279437402095496
-252.12144614936693 -9.083638045526946
-254.1825900999656 -8.435679586535974
-256.2437340505642 -7.378351205471932
-258.3048780011629 -8.741922184976561
-260.3660219517615 -6.686199631730524
-262.4271659023602 -6.823104088064629
-264.48830985295876 -1.0021192531489693
-266.54945380355747 -7.8088088730234775
-268.6105977541561 -8.1895104128377
-270.6717417047547 -7.628687318429318
