iter      chisq       delta/lim  lambda   a             b             c             d            
   0 1.6375822238e+07   0.00e+00  5.74e+02    1.000000e+02   1.000000e+00   1.000000e+00   1.000000e+00
   1 1.6240549531e+05  -9.98e+06  5.74e+01    1.322946e+01   9.992727e-01   1.000000e+00   1.000000e+00
   2 2.2866739729e+04  -6.10e+05  5.74e+00    1.186658e+01   1.081456e+00   1.000000e+00   1.000000e+00
   3 1.9345001402e+04  -1.82e+04  5.74e-01    1.114807e+01   9.397394e+00   1.000000e+00   1.000000e+00
   4 7.2332428647e+02  -2.57e+06  5.74e-02    5.945350e+00   6.961317e+01   1.000000e+00   1.000000e+00
   5 5.9935243611e+02  -2.07e+04  5.74e-03    5.569282e+00   7.396575e+01   1.000000e+00   1.000000e+00
   * 5.9936077044e+02   1.39e+00  5.74e-02    5.569118e+00   7.396765e+01   1.000000e+00   1.000000e+00
   * 5.9936076694e+02   1.39e+00  5.74e-01    5.569118e+00   7.396765e+01   1.000000e+00   1.000000e+00
   * 5.9936043157e+02   1.33e+00  5.74e+00    5.569124e+00   7.396757e+01   1.000000e+00   1.000000e+00
   * 5.9935402704e+02   2.65e-01  5.74e+01    5.569250e+00   7.396611e+01   1.000000e+00   1.000000e+00
   * 5.9935245573e+02   3.27e-03  5.74e+02    5.569281e+00   7.396575e+01   1.000000e+00   1.000000e+00
   * 5.9935243631e+02   3.28e-05  5.74e+03    5.569282e+00   7.396575e+01   1.000000e+00   1.000000e+00
   * 5.9935243612e+02   3.42e-07  5.74e+04    5.569282e+00   7.396575e+01   1.000000e+00   1.000000e+00
   * 5.9935243611e+02   2.33e-08  5.74e+05    5.569282e+00   7.396575e+01   1.000000e+00   1.000000e+00
   * 5.9935243611e+02   1.05e-08  5.74e+06    5.569282e+00   7.396575e+01   1.000000e+00   1.000000e+00
   6 5.9935243611e+02   0.00e+00  5.74e+05    5.569282e+00   7.396575e+01   1.000000e+00   1.000000e+00
"/Users/tomfolgmann/Library/Mobile Documents/com~apple~CloudDocs/Konstanz/Studium/5. Semester (WiSe 2023)/(P) Fortgeschrittenenpraktikum/HeNe Laser/Code/fx-fit-lin-e.gp" line 23: Singular matrix in Invert_RtR

*** FIT ERROR ***
"/Users/tomfolgmann/Library/Mobile Documents/com~apple~CloudDocs/Konstanz/Studium/5. Semester (WiSe 2023)/(P) Fortgeschrittenenpraktikum/HeNe Laser/Code/fx-fit-lin-e.gp" line 29: undefined variable: b_err

