iter      chisq       delta/lim  lambda   a             b             c             d            
   0 1.8852242323e+06   0.00e+00  5.00e+02    1.000000e+00   1.000000e+00   5.000000e+00   1.000000e+02
   1 4.1506866566e+04  -4.44e+06  5.00e+01    1.017188e+00   1.007094e+00   5.007494e+00   1.333493e+02
   2 4.0030162878e+04  -3.69e+03  5.00e+00    1.378588e+00   1.245141e+00   4.728020e+00   1.320935e+02
   * 9.0570642918e+06   9.96e+04  5.00e+01    1.696462e+01   1.204975e+01  -9.616918e+00   4.667623e+01
   3 3.8636571411e+04  -3.61e+03  5.00e+00    1.787862e+00   1.528558e+00   4.353325e+00   1.297589e+02
   * 6.7929357824e+06   9.94e+04  5.00e+01    1.631291e+01   1.174285e+01  -1.076445e+01   4.215244e+01
   4 3.6871414189e+04  -4.79e+03  5.00e+00    2.245032e+00   1.849636e+00   3.881112e+00   1.268912e+02
   * 4.8368477205e+06   9.92e+04  5.00e+01    1.565254e+01   1.127252e+01  -1.146980e+01   3.877461e+01
   5 3.4734882970e+04  -6.15e+03  5.00e+00    2.746012e+00   2.201224e+00   3.313521e+00   1.234732e+02
   * 3.3054703354e+06   9.89e+04  5.00e+01    1.502616e+01   1.077336e+01  -1.187671e+01   3.630472e+01
   6 3.2257349078e+04  -7.68e+03  5.00e+00    3.283913e+00   2.576146e+00   2.657440e+00   1.195183e+02
   * 2.1846266615e+06   9.85e+04  5.00e+01    1.446137e+01   1.030695e+01  -1.209309e+01   3.451080e+01
   7 2.9499623503e+04  -9.35e+03  5.00e+00    3.849828e+00   2.966999e+00   1.924130e+00   1.150707e+02
   * 1.4044904031e+06   9.79e+04  5.00e+01    1.397116e+01   9.897923e+00  -1.219492e+01   3.320490e+01
   8 2.6548792470e+04  -1.11e+04  5.00e+00    4.433557e+00   3.366244e+00   1.128489e+00   1.102027e+02
   * 8.8244805173e+05   9.70e+04  5.00e+01    1.355810e+01   9.552636e+00  -1.223308e+01   3.224553e+01
   9 2.3509383304e+04  -1.29e+04  5.00e+00    5.024336e+00   3.766459e+00   2.879716e-01   1.050097e+02
   * 5.4399344111e+05   9.57e+04  5.00e+01    1.321837e+01   9.268681e+00  -1.224008e+01   3.152968e+01
  10 2.0491096096e+04  -1.47e+04  5.00e+00    5.611579e+00   4.160692e+00  -5.787189e-01   9.960187e+01
   * 3.3015717332e+05   9.38e+04  5.00e+01    1.294470e+01   9.039770e+00  -1.223555e+01   3.098361e+01
  11 1.7595647889e+04  -1.65e+04  5.00e+00    6.185558e+00   4.542800e+00  -1.453024e+00   9.409520e+01
   * 1.9788499879e+05   9.11e+04  5.00e+01    1.272829e+01   8.858227e+00  -1.223047e+01   3.055519e+01
  12 1.4905747565e+04  -1.80e+04  5.00e+00    6.737959e+00   4.907728e+00  -2.317804e+00   8.860185e+01
   * 1.1746621645e+05   8.73e+04  5.00e+01    1.256011e+01   8.716278e+00  -1.223021e+01   3.020808e+01
  13 1.2478511377e+04  -1.95e+04  5.00e+00    7.262232e+00   5.251663e+00  -3.158323e+00   8.322222e+01
   * 6.9247298903e+04   8.20e+04  5.00e+01    1.243156e+01   8.606697e+00  -1.223674e+01   2.991735e+01
  14 1.0344076816e+04  -2.06e+04  5.00e+00    7.753722e+00   5.572063e+00  -3.962837e+00   7.803956e+01
   * 4.0649494873e+04   7.46e+04  5.00e+01    1.233491e+01   8.523100e+00  -1.225008e+01   2.966630e+01
  15 8.5085801993e+03  -2.16e+04  5.00e+00    8.209597e+00   5.867561e+00  -4.722787e+00   7.311731e+01
   * 2.3830030188e+04   6.43e+04  5.00e+01    1.226350e+01   8.460046e+00  -1.226928e+01   2.944405e+01
  16 6.9597300622e+03  -2.23e+04  5.00e+00    8.628631e+00   6.137793e+00  -5.432638e+00   6.849914e+01
   * 1.3999297652e+04   5.03e+04  5.00e+01    1.221173e+01   8.413023e+00  -1.229304e+01   2.924372e+01
  17 5.6731254373e+03  -2.27e+04  5.00e+00    9.010901e+00   6.383186e+00  -6.089501e+00   6.421076e+01
   * 8.2792342801e+03   3.15e+04  5.00e+01    1.217502e+01   8.378365e+00  -1.232001e+01   2.906110e+01
  18 4.6179666976e+03  -2.28e+04  5.00e+00    9.357472e+00   6.604745e+00  -6.692637e+00   6.026282e+01
   * 4.9616393379e+03   6.93e+03  5.00e+01    1.214974e+01   8.353150e+00  -1.234899e+01   2.889366e+01
  19 3.7614756548e+03  -2.28e+04  5.00e+00    9.670093e+00   6.803856e+00  -7.242943e+00   5.665421e+01
  20 3.0418717762e+03  -2.37e+04  5.00e-01    1.213298e+01   8.335080e+00  -1.237899e+01   2.873989e+01
   * 6.3170286772e+04   9.52e+04  5.00e+00    1.034958e+01   2.741077e+00  -8.476897e+01   1.344589e+02
  21 4.3015036383e+02  -6.07e+05  5.00e-01    1.214562e+01   8.288308e+00  -1.332199e+01   2.814878e+01
   * 5.1181632959e+04   9.92e+04  5.00e+00    1.035593e+01   2.256870e+00  -8.681701e+01   1.402785e+02
  22 4.2808092959e+02  -4.83e+02  5.00e-01    1.212559e+01   8.215548e+00  -1.422631e+01   2.950480e+01
   * 1.5475309494e+05   9.97e+04  5.00e+00    1.035771e+01   1.744111e+00  -8.890390e+01   1.463712e+02
  23 4.2592183180e+02  -5.07e+02  5.00e-01    1.210316e+01   8.134693e+00  -1.515574e+01   3.096998e+01
   * 4.0360665585e+05   9.99e+04  5.00e+00    1.035559e+01   1.187876e+00  -9.101465e+01   1.530258e+02
  24 4.2357075069e+02  -5.55e+02  5.00e-01    1.208034e+01   8.046127e+00  -1.611746e+01   3.253236e+01
   * 8.4019211584e+05   9.99e+04  5.00e+00    1.034799e+01   5.828360e-01  -9.312548e+01   1.603344e+02
  25 4.2098562714e+02  -6.14e+02  5.00e-01    1.205710e+01   7.948808e+00  -1.711553e+01   3.420658e+01
   * 1.5188555858e+06   1.00e+05  5.00e+00    1.033255e+01  -7.594686e-02  -9.520013e+01   1.683841e+02
  26 4.1811859585e+02  -6.86e+02  5.00e-01    1.203322e+01   7.841328e+00  -1.815451e+01   3.601322e+01
   * 2.5083885280e+06   1.00e+05  5.00e+00    1.030585e+01  -7.930409e-01  -9.718214e+01   1.772667e+02
  27 4.1490839184e+02  -7.74e+02  5.00e-01    1.200839e+01   7.721884e+00  -1.923994e+01   3.797909e+01
   * 3.8937611710e+06   1.00e+05  5.00e+00    1.026295e+01  -1.571718e+00  -9.898352e+01   1.870711e+02
  28 4.1127573154e+02  -8.83e+02  5.00e-01    1.198211e+01   7.588123e+00  -2.037863e+01   4.013979e+01
   * 5.7745760375e+06   1.00e+05  5.00e+00    1.019668e+01  -2.412043e+00  -1.004667e+02   1.978645e+02
  29 4.0711898500e+02  -1.02e+03  5.00e-01    1.195365e+01   7.436893e+00  -2.157910e+01   4.254392e+01
   * 8.2542465931e+06   1.00e+05  5.00e+00    1.009641e+01  -3.307104e+00  -1.014153e+02   2.096508e+02
  30 4.0231447058e+02  -1.19e+03  5.00e-01    1.192187e+01   7.263835e+00  -2.285210e+01   4.526007e+01
   * 1.1405813029e+07   1.00e+05  5.00e+00    9.946432e+00  -4.235638e+00  -1.014870e+02   2.222846e+02
  31 3.9674061824e+02  -1.40e+03  5.00e-01    1.188484e+01   7.062688e+00  -2.421139e+01   4.838905e+01
   * 1.5183172517e+07   1.00e+05  5.00e+00    9.723598e+00  -5.147649e+00  -1.001403e+02   2.352885e+02
  32 3.9040753392e+02  -1.62e+03  5.00e-01    1.183917e+01   6.824030e+00  -2.567444e+01   5.208652e+01
   * 1.9216085573e+07   1.00e+05  5.00e+00    9.395058e+00  -5.936882e+00  -9.652916e+01   2.474803e+02
  33 3.8407024463e+02  -1.65e+03  5.00e-01    1.177842e+01   6.532856e+00  -2.726242e+01   5.660821e+01
   * 2.2404494370e+07   1.00e+05  5.00e+00    8.919361e+00  -6.391370e+00  -8.939837e+01   2.562324e+02
  34 3.8237386712e+02  -4.44e+02  5.00e-01    1.168894e+01   6.163627e+00  -2.899542e+01   6.240621e+01
   * 2.2388797288e+07   1.00e+05  5.00e+00    8.264680e+00  -6.121672e+00  -7.717071e+01   2.561909e+02
   * 4.1309420786e+02   7.44e+03  5.00e+01    1.153793e+01   5.670175e+00  -3.086251e+01   7.034282e+01
  35 3.6068352558e+02  -6.01e+03  5.00e+00    1.168551e+01   6.158137e+00  -2.900739e+01   6.262912e+01
   * 4.1478672705e+02   1.30e+04  5.00e+01    1.153564e+01   5.663549e+00  -3.088337e+01   7.044882e+01
  36 3.6047540678e+02  -5.77e+01  5.00e+00    1.168228e+01   6.152575e+00  -2.902066e+01   6.272005e+01
   * 4.1640265294e+02   1.34e+04  5.00e+01    1.153332e+01   5.656832e+00  -3.090439e+01   7.055647e+01
  37 3.6026746519e+02  -5.77e+01  5.00e+00    1.167928e+01   6.147063e+00  -2.903482e+01   6.280974e+01
   * 4.1798300766e+02   1.38e+04  5.00e+01    1.153098e+01   5.650065e+00  -3.092549e+01   7.066504e+01
  38 3.6005864710e+02  -5.80e+01  5.00e+00    1.167648e+01   6.141594e+00  -2.904976e+01   6.289841e+01
   * 4.1953547393e+02   1.42e+04  5.00e+01    1.152863e+01   5.643251e+00  -3.094666e+01   7.077449e+01
  39 3.5984823707e+02  -5.85e+01  5.00e+00    1.167386e+01   6.136158e+00  -2.906538e+01   6.298624e+01
   * 4.2106701052e+02   1.45e+04  5.00e+01    1.152626e+01   5.636392e+00  -3.096790e+01   7.088480e+01
  40 3.5963576301e+02  -5.91e+01  5.00e+00    1.167139e+01   6.130749e+00  -2.908160e+01   6.307340e+01
   * 4.2258392615e+02   1.49e+04  5.00e+01    1.152387e+01   5.629488e+00  -3.098920e+01   7.099593e+01
  41 3.5942092803e+02  -5.98e+01  5.00e+00    1.166906e+01   6.125359e+00  -2.909834e+01   6.316002e+01
   * 4.2409194357e+02   1.52e+04  5.00e+01    1.152146e+01   5.622541e+00  -3.101055e+01   7.110786e+01
  42 3.5920355988e+02  -6.05e+01  5.00e+00    1.166683e+01   6.119984e+00  -2.911555e+01   6.324622e+01
   * 4.2559625973e+02   1.56e+04  5.00e+01    1.151904e+01   5.615552e+00  -3.103194e+01   7.122057e+01
  43 3.5898357352e+02  -6.13e+01  5.00e+00    1.166471e+01   6.114618e+00  -2.913315e+01   6.333212e+01
   * 4.2710160145e+02   1.59e+04  5.00e+01    1.151660e+01   5.608521e+00  -3.105337e+01   7.133405e+01
  44 3.5876094379e+02  -6.21e+01  5.00e+00    1.166266e+01   6.109257e+00  -2.915112e+01   6.341779e+01
   * 4.2861227700e+02   1.63e+04  5.00e+01    1.151413e+01   5.601450e+00  -3.107484e+01   7.144827e+01
  45 3.5853568531e+02  -6.28e+01  5.00e+00    1.166069e+01   6.103899e+00  -2.916939e+01   6.350331e+01
   * 4.3013222295e+02   1.66e+04  5.00e+01    1.151164e+01   5.594339e+00  -3.109633e+01   7.156324e+01
  46 3.5830783801e+02  -6.36e+01  5.00e+00    1.165878e+01   6.098539e+00  -2.918794e+01   6.358877e+01
   * 4.3166504695e+02   1.70e+04  5.00e+01    1.150914e+01   5.587188e+00  -3.111785e+01   7.167893e+01
  47 3.5807745676e+02  -6.43e+01  5.00e+00    1.165692e+01   6.093174e+00  -2.920673e+01   6.367422e+01
   * 4.3321406655e+02   1.73e+04  5.00e+01    1.150661e+01   5.579997e+00  -3.113939e+01   7.179534e+01
  48 3.5784460402e+02  -6.51e+01  5.00e+00    1.165510e+01   6.087803e+00  -2.922574e+01   6.375971e+01
   * 4.3478234412e+02   1.77e+04  5.00e+01    1.150406e+01   5.572768e+00  -3.116094e+01   7.191247e+01
  49 3.5760934471e+02  -6.58e+01  5.00e+00    1.165332e+01   6.082423e+00  -2.924493e+01   6.384530e+01
   * 4.3637271827e+02   1.80e+04  5.00e+01    1.150148e+01   5.565500e+00  -3.118251e+01   7.203030e+01
  50 3.5737174281e+02  -6.65e+01  5.00e+00    1.165157e+01   6.077032e+00  -2.926429e+01   6.393101e+01
   * 4.3798783243e+02   1.84e+04  5.00e+01    1.149889e+01   5.558193e+00  -3.120410e+01   7.214884e+01
  51 3.5713185902e+02  -6.72e+01  5.00e+00    1.164984e+01   6.071629e+00  -2.928380e+01   6.401689e+01
   * 4.3963016002e+02   1.88e+04  5.00e+01    1.149626e+01   5.550848e+00  -3.122569e+01   7.226807e+01
  52 3.5688974943e+02  -6.78e+01  5.00e+00    1.164813e+01   6.066212e+00  -2.930345e+01   6.410297e+01
   * 4.4130202748e+02   1.91e+04  5.00e+01    1.149362e+01   5.543465e+00  -3.124729e+01   7.238801e+01
  53 3.5664546465e+02  -6.85e+01  5.00e+00    1.164643e+01   6.060780e+00  -2.932321e+01   6.418927e+01
   * 4.4300563444e+02   1.95e+04  5.00e+01    1.149095e+01   5.536044e+00  -3.126890e+01   7.250864e+01
  54 3.5639904951e+02  -6.91e+01  5.00e+00    1.164475e+01   6.055331e+00  -2.934307e+01   6.427583e+01
   * 4.4474307227e+02   1.99e+04  5.00e+01    1.148826e+01   5.528584e+00  -3.129051e+01   7.262997e+01
  55 3.5615054297e+02  -6.98e+01  5.00e+00    1.164308e+01   6.049865e+00  -2.936303e+01   6.436265e+01
   * 4.4651634019e+02   2.02e+04  5.00e+01    1.148554e+01   5.521086e+00  -3.131213e+01   7.275200e+01
  56 3.5589997822e+02  -7.04e+01  5.00e+00    1.164141e+01   6.044381e+00  -2.938308e+01   6.444978e+01
   * 4.4832736009e+02   2.06e+04  5.00e+01    1.148279e+01   5.513550e+00  -3.133374e+01   7.287474e+01
  57 3.5564738299e+02  -7.10e+01  5.00e+00    1.163975e+01   6.038878e+00  -2.940320e+01   6.453721e+01
   * 4.5017798963e+02   2.10e+04  5.00e+01    1.148002e+01   5.505975e+00  -3.135535e+01   7.299817e+01
  58 3.5539277984e+02  -7.16e+01  5.00e+00    1.163808e+01   6.033355e+00  -2.942339e+01   6.462496e+01
   * 4.5207003387e+02   2.14e+04  5.00e+01    1.147723e+01   5.498362e+00  -3.137696e+01   7.312231e+01
  59 3.5513618654e+02  -7.23e+01  5.00e+00    1.163642e+01   6.027812e+00  -2.944364e+01   6.471305e+01
   * 4.5400525593e+02   2.18e+04  5.00e+01    1.147441e+01   5.490710e+00  -3.139857e+01   7.324715e+01
  60 3.5487761645e+02  -7.29e+01  5.00e+00    1.163475e+01   6.022248e+00  -2.946395e+01   6.480150e+01
   * 4.5598538639e+02   2.22e+04  5.00e+01    1.147156e+01   5.483019e+00  -3.142017e+01   7.337270e+01
  61 3.5461707893e+02  -7.35e+01  5.00e+00    1.163308e+01   6.016663e+00  -2.948431e+01   6.489030e+01
   * 4.5801213178e+02   2.26e+04  5.00e+01    1.146868e+01   5.475290e+00  -3.144176e+01   7.349897e+01
  62 3.5435457968e+02  -7.41e+01  5.00e+00    1.163140e+01   6.011055e+00  -2.950472e+01   6.497948e+01
   * 4.6008718226e+02   2.30e+04  5.00e+01    1.146577e+01   5.467521e+00  -3.146335e+01   7.362596e+01
  63 3.5409012109e+02  -7.47e+01  5.00e+00    1.162972e+01   6.005425e+00  -2.952517e+01   6.506904e+01
   * 4.6221221858e+02   2.34e+04  5.00e+01    1.146284e+01   5.459713e+00  -3.148492e+01   7.375366e+01
  64 3.5382370256e+02  -7.53e+01  5.00e+00    1.162803e+01   5.999772e+00  -2.954567e+01   6.515899e+01
   * 4.6438891817e+02   2.38e+04  5.00e+01    1.145988e+01   5.451865e+00  -3.150648e+01   7.388210e+01
  65 3.5355532084e+02  -7.59e+01  5.00e+00    1.162634e+01   5.994096e+00  -2.956620e+01   6.524934e+01
   * 4.6661896088e+02   2.42e+04  5.00e+01    1.145689e+01   5.443978e+00  -3.152803e+01   7.401126e+01
  66 3.5328497023e+02  -7.65e+01  5.00e+00    1.162463e+01   5.988397e+00  -2.958676e+01   6.534010e+01
   * 4.6890403424e+02   2.47e+04  5.00e+01    1.145387e+01   5.436050e+00  -3.154957e+01   7.414116e+01
  67 3.5301264287e+02  -7.71e+01  5.00e+00    1.162291e+01   5.982673e+00  -2.960736e+01   6.543127e+01
   * 4.7124583797e+02   2.51e+04  5.00e+01    1.145082e+01   5.428083e+00  -3.157109e+01   7.427180e+01
  68 3.5273832895e+02  -7.78e+01  5.00e+00    1.162119e+01   5.976925e+00  -2.962799e+01   6.552286e+01
   * 4.7364608833e+02   2.55e+04  5.00e+01    1.144775e+01   5.420074e+00  -3.159260e+01   7.440318e+01
  69 3.5246201688e+02  -7.84e+01  5.00e+00    1.161945e+01   5.971153e+00  -2.964865e+01   6.561487e+01
   * 4.7610652216e+02   2.60e+04  5.00e+01    1.144464e+01   5.412026e+00  -3.161408e+01   7.453531e+01
  70 3.5218369350e+02  -7.90e+01  5.00e+00    1.161770e+01   5.965356e+00  -2.966934e+01   6.570731e+01
   * 4.7862890037e+02   2.64e+04  5.00e+01    1.144150e+01   5.403936e+00  -3.163555e+01   7.466820e+01
  71 3.5190334421e+02  -7.97e+01  5.00e+00    1.161594e+01   5.959534e+00  -2.969005e+01   6.580020e+01
   * 4.8121501138e+02   2.69e+04  5.00e+01    1.143833e+01   5.395805e+00  -3.165700e+01   7.480185e+01
  72 3.5162095310e+02  -8.03e+01  5.00e+00    1.161416e+01   5.953686e+00  -2.971079e+01   6.589352e+01
   * 4.8386667441e+02   2.73e+04  5.00e+01    1.143513e+01   5.387633e+00  -3.167842e+01   7.493627e+01
  73 3.5133650307e+02  -8.10e+01  5.00e+00    1.161237e+01   5.947813e+00  -2.973154e+01   6.598729e+01
   * 4.8658574205e+02   2.78e+04  5.00e+01    1.143189e+01   5.379418e+00  -3.169983e+01   7.507146e+01
  74 3.5104997595e+02  -8.16e+01  5.00e+00    1.161057e+01   5.941914e+00  -2.975233e+01   6.608152e+01
   * 4.8937410337e+02   2.83e+04  5.00e+01    1.142862e+01   5.371162e+00  -3.172120e+01   7.520743e+01
  75 3.5076135257e+02  -8.23e+01  5.00e+00    1.160876e+01   5.935989e+00  -2.977313e+01   6.617620e+01
   * 4.9223368638e+02   2.87e+04  5.00e+01    1.142532e+01   5.362864e+00  -3.174255e+01   7.534418e+01
  76 3.5047061283e+02  -8.30e+01  5.00e+00    1.160693e+01   5.930037e+00  -2.979395e+01   6.627135e+01
   * 4.9516646045e+02   2.92e+04  5.00e+01    1.142199e+01   5.354523e+00  -3.176387e+01   7.548172e+01
  77 3.5017773582e+02  -8.36e+01  5.00e+00    1.160509e+01   5.924059e+00  -2.981480e+01   6.636696e+01
   * 4.9817443872e+02   2.97e+04  5.00e+01    1.141862e+01   5.346140e+00  -3.178517e+01   7.562006e+01
  78 3.4988269980e+02  -8.43e+01  5.00e+00    1.160323e+01   5.918054e+00  -2.983566e+01   6.646305e+01
   * 5.0125968032e+02   3.02e+04  5.00e+01    1.141522e+01   5.337713e+00  -3.180643e+01   7.575920e+01
  79 3.4958548231e+02  -8.50e+01  5.00e+00    1.160136e+01   5.912022e+00  -2.985654e+01   6.655961e+01
   * 5.0442429265e+02   3.07e+04  5.00e+01    1.141179e+01   5.329243e+00  -3.182766e+01   7.589915e+01
  80 3.4928606019e+02  -8.57e+01  5.00e+00    1.159947e+01   5.905962e+00  -2.987744e+01   6.665665e+01
   * 5.0767043326e+02   3.12e+04  5.00e+01    1.140832e+01   5.320729e+00  -3.184885e+01   7.603992e+01
  81 3.4898440963e+02  -8.64e+01  5.00e+00    1.159756e+01   5.899875e+00  -2.989835e+01   6.675418e+01
   * 5.1100031217e+02   3.17e+04  5.00e+01    1.140481e+01   5.312172e+00  -3.187001e+01   7.618150e+01
  82 3.4868050618e+02  -8.72e+01  5.00e+00    1.159564e+01   5.893760e+00  -2.991928e+01   6.685221e+01
   * 5.1441619353e+02   3.22e+04  5.00e+01    1.140127e+01   5.303570e+00  -3.189114e+01   7.632392e+01
  83 3.4837432480e+02  -8.79e+01  5.00e+00    1.159371e+01   5.887617e+00  -2.994023e+01   6.695072e+01
   * 5.1792039766e+02   3.27e+04  5.00e+01    1.139769e+01   5.294924e+00  -3.191222e+01   7.646716e+01
  84 3.4806583987e+02  -8.86e+01  5.00e+00    1.159175e+01   5.881446e+00  -2.996119e+01   6.704974e+01
   * 5.2151530315e+02   3.33e+04  5.00e+01    1.139407e+01   5.286233e+00  -3.193326e+01   7.661125e+01
  85 3.4775502520e+02  -8.94e+01  5.00e+00    1.158979e+01   5.875246e+00  -2.998216e+01   6.714927e+01
   * 5.2520334850e+02   3.38e+04  5.00e+01    1.139041e+01   5.277497e+00  -3.195426e+01   7.675618e+01
  86 3.4744185408e+02  -9.01e+01  5.00e+00    1.158780e+01   5.869018e+00  -3.000315e+01   6.724930e+01
   * 5.2898703376e+02   3.43e+04  5.00e+01    1.138672e+01   5.268716e+00  -3.197521e+01   7.690196e+01
  87 3.4712629924e+02  -9.09e+01  5.00e+00    1.158580e+01   5.862760e+00  -3.002416e+01   6.734985e+01
   * 5.3286892299e+02   3.49e+04  5.00e+01    1.138299e+01   5.259889e+00  -3.199612e+01   7.704860e+01
  88 3.4680833291e+02  -9.17e+01  5.00e+00    1.158377e+01   5.856474e+00  -3.004517e+01   6.745091e+01
   * 5.3685164524e+02   3.54e+04  5.00e+01    1.137922e+01   5.251016e+00  -3.201698e+01   7.719611e+01
  89 3.4648792680e+02  -9.25e+01  5.00e+00    1.158174e+01   5.850158e+00  -3.006620e+01   6.755250e+01
   * 5.4093789685e+02   3.59e+04  5.00e+01    1.137541e+01   5.242098e+00  -3.203779e+01   7.734449e+01
  90 3.4616505212e+02  -9.33e+01  5.00e+00    1.157968e+01   5.843812e+00  -3.008724e+01   6.765462e+01
   * 5.4513044310e+02   3.65e+04  5.00e+01    1.137156e+01   5.233132e+00  -3.205854e+01   7.749374e+01
  91 3.4583967956e+02  -9.41e+01  5.00e+00    1.157760e+01   5.837436e+00  -3.010829e+01   6.775727e+01
   * 5.4943211967e+02   3.71e+04  5.00e+01    1.136766e+01   5.224121e+00  -3.207924e+01   7.764388e+01
  92 3.4551177932e+02  -9.49e+01  5.00e+00    1.157551e+01   5.831030e+00  -3.012935e+01   6.786046e+01
   * 5.5384583480e+02   3.76e+04  5.00e+01    1.136373e+01   5.215062e+00  -3.209989e+01   7.779491e+01
  93 3.4518132112e+02  -9.57e+01  5.00e+00    1.157340e+01   5.824594e+00  -3.015043e+01   6.796419e+01
   * 5.5837457066e+02   3.82e+04  5.00e+01    1.135975e+01   5.205956e+00  -3.212047e+01   7.794684e+01
  94 3.4484827415e+02  -9.66e+01  5.00e+00    1.157126e+01   5.818127e+00  -3.017151e+01   6.806847e+01
   * 5.6302138492e+02   3.88e+04  5.00e+01    1.135574e+01   5.196803e+00  -3.214100e+01   7.809967e+01
  95 3.4451260713e+02  -9.74e+01  5.00e+00    1.156911e+01   5.811630e+00  -3.019260e+01   6.817330e+01
   * 5.6778941288e+02   3.93e+04  5.00e+01    1.135167e+01   5.187602e+00  -3.216146e+01   7.825341e+01
  96 3.4417428826e+02  -9.83e+01  5.00e+00    1.156694e+01   5.805101e+00  -3.021370e+01   6.827869e+01
   * 5.7268186871e+02   3.99e+04  5.00e+01    1.134757e+01   5.178353e+00  -3.218185e+01   7.840807e+01
  97 3.4383328526e+02  -9.92e+01  5.00e+00    1.156475e+01   5.798541e+00  -3.023480e+01   6.838464e+01
   * 5.7770204714e+02   4.05e+04  5.00e+01    1.134342e+01   5.169056e+00  -3.220218e+01   7.856365e+01
  98 3.4348956533e+02  -1.00e+02  5.00e+00    1.156254e+01   5.791949e+00  -3.025592e+01   6.849116e+01
   * 5.8285332510e+02   4.11e+04  5.00e+01    1.133922e+01   5.159710e+00  -3.222243e+01   7.872016e+01
  99 3.4314309516e+02  -1.01e+02  5.00e+00    1.156031e+01   5.785325e+00  -3.027704e+01   6.859825e+01
   * 5.8813916337e+02   4.17e+04  5.00e+01    1.133498e+01   5.150316e+00  -3.224261e+01   7.887760e+01
 100 3.4279384094e+02  -1.02e+02  5.00e+00    1.155806e+01   5.778669e+00  -3.029816e+01   6.870592e+01
   * 5.9356310776e+02   4.22e+04  5.00e+01    1.133069e+01   5.140872e+00  -3.226272e+01   7.903598e+01
 101 3.4244176835e+02  -1.03e+02  5.00e+00    1.155578e+01   5.771981e+00  -3.031930e+01   6.881417e+01
   * 5.9912879122e+02   4.28e+04  5.00e+01    1.132636e+01   5.131380e+00  -3.228274e+01   7.919532e+01
 102 3.4208684253e+02  -1.04e+02  5.00e+00    1.155349e+01   5.765260e+00  -3.034043e+01   6.892301e+01
   * 6.0483993465e+02   4.34e+04  5.00e+01    1.132198e+01   5.121838e+00  -3.230269e+01   7.935560e+01
 103 3.4172902812e+02  -1.05e+02  5.00e+00    1.155117e+01   5.758506e+00  -3.036157e+01   6.903244e+01
   * 6.1070034854e+02   4.40e+04  5.00e+01    1.131755e+01   5.112246e+00  -3.232255e+01   7.951684e+01
 104 3.4136828920e+02  -1.06e+02  5.00e+00    1.154884e+01   5.751719e+00  -3.038272e+01   6.914247e+01
   * 6.1671393421e+02   4.46e+04  5.00e+01    1.131307e+01   5.102604e+00  -3.234232e+01   7.967905e+01
 105 3.4100458936e+02  -1.07e+02  5.00e+00    1.154648e+01   5.744899e+00  -3.040386e+01   6.925310e+01
   * 6.2288468571e+02   4.53e+04  5.00e+01    1.130854e+01   5.092913e+00  -3.236201e+01   7.984224e+01
 106 3.4063789160e+02  -1.08e+02  5.00e+00    1.154409e+01   5.738045e+00  -3.042501e+01   6.936434e+01
   * 6.2921668984e+02   4.59e+04  5.00e+01    1.130396e+01   5.083171e+00  -3.238160e+01   8.000639e+01
 107 3.4026815841e+02  -1.09e+02  5.00e+00    1.154169e+01   5.731157e+00  -3.044616e+01   6.947620e+01
   * 6.3571412846e+02   4.65e+04  5.00e+01    1.129933e+01   5.073378e+00  -3.240109e+01   8.017153e+01
 108 3.3989535171e+02  -1.10e+02  5.00e+00    1.153926e+01   5.724235e+00  -3.046731e+01   6.958867e+01
   * 6.4238127849e+02   4.71e+04  5.00e+01    1.129465e+01   5.063535e+00  -3.242049e+01   8.033766e+01
 109 3.3951943286e+02  -1.11e+02  5.00e+00    1.153681e+01   5.717279e+00  -3.048845e+01   6.970177e+01
   * 6.4922251397e+02   4.77e+04  5.00e+01    1.128992e+01   5.053641e+00  -3.243978e+01   8.050479e+01
 110 3.3914036268e+02  -1.12e+02  5.00e+00    1.153433e+01   5.710288e+00  -3.050960e+01   6.981550e+01
   * 6.5624230581e+02   4.83e+04  5.00e+01    1.128513e+01   5.043696e+00  -3.245897e+01   8.067291e+01
 111 3.3875810138e+02  -1.13e+02  5.00e+00    1.153183e+01   5.703261e+00  -3.053075e+01   6.992987e+01
   * 6.6344522311e+02   4.89e+04  5.00e+01    1.128029e+01   5.033699e+00  -3.247805e+01   8.084204e+01
 112 3.3837260864e+02  -1.14e+02  5.00e+00    1.152930e+01   5.696200e+00  -3.055189e+01   7.004488e+01
   * 6.7083593362e+02   4.96e+04  5.00e+01    1.127539e+01   5.023651e+00  -3.249702e+01   8.101218e+01
 113 3.3798384351e+02  -1.15e+02  5.00e+00    1.152675e+01   5.689103e+00  -3.057303e+01   7.016053e+01
   * 6.7841920431e+02   5.02e+04  5.00e+01    1.127044e+01   5.013551e+00  -3.251587e+01   8.118334e+01
 114 3.3759176449e+02  -1.16e+02  5.00e+00    1.152418e+01   5.681970e+00  -3.059416e+01   7.027684e+01
   * 6.8619990105e+02   5.08e+04  5.00e+01    1.126543e+01   5.003400e+00  -3.253460e+01   8.135551e+01
 115 3.3719632947e+02  -1.17e+02  5.00e+00    1.152158e+01   5.674801e+00  -3.061528e+01   7.039381e+01
   * 6.9418298959e+02   5.14e+04  5.00e+01    1.126037e+01   4.993197e+00  -3.255321e+01   8.152871e+01
 116 3.3679749573e+02  -1.18e+02  5.00e+00    1.151895e+01   5.667596e+00  -3.063640e+01   7.051144e+01
   * 7.0237353477e+02   5.20e+04  5.00e+01    1.125525e+01   4.982942e+00  -3.257169e+01   8.170294e+01
 117 3.3639521996e+02  -1.20e+02  5.00e+00    1.151630e+01   5.660354e+00  -3.065752e+01   7.062974e+01
   * 7.1077670044e+02   5.27e+04  5.00e+01    1.125007e+01   4.972634e+00  -3.259004e+01   8.187821e+01
 118 3.3598945822e+02  -1.21e+02  5.00e+00    1.151362e+01   5.653076e+00  -3.067862e+01   7.074872e+01
   * 7.1939774908e+02   5.33e+04  5.00e+01    1.124483e+01   4.962275e+00  -3.260826e+01   8.205451e+01
 119 3.3558016597e+02  -1.22e+02  5.00e+00    1.151091e+01   5.645760e+00  -3.069971e+01   7.086837e+01
   * 7.2824204081e+02   5.39e+04  5.00e+01    1.123953e+01   4.951863e+00  -3.262633e+01   8.223186e+01
 120 3.3516729803e+02  -1.23e+02  5.00e+00    1.150818e+01   5.638407e+00  -3.072079e+01   7.098872e+01
   * 7.3731503232e+02   5.45e+04  5.00e+01    1.123417e+01   4.941399e+00  -3.264427e+01   8.241026e+01
 121 3.3475080860e+02  -1.24e+02  5.00e+00    1.150542e+01   5.631016e+00  -3.074186e+01   7.110976e+01
   * 7.4662227592e+02   5.52e+04  5.00e+01    1.122875e+01   4.930882e+00  -3.266206e+01   8.258971e+01
 122 3.3433065124e+02  -1.26e+02  5.00e+00    1.150262e+01   5.623587e+00  -3.076292e+01   7.123150e+01
   * 7.5616941754e+02   5.58e+04  5.00e+01    1.122326e+01   4.920313e+00  -3.267970e+01   8.277021e+01
 123 3.3390677886e+02  -1.27e+02  5.00e+00    1.149981e+01   5.616119e+00  -3.078396e+01   7.135394e+01
   * 7.6596219457e+02   5.64e+04  5.00e+01    1.121772e+01   4.909691e+00  -3.269718e+01   8.295177e+01
 124 3.3347914374e+02  -1.28e+02  5.00e+00    1.149696e+01   5.608614e+00  -3.080499e+01   7.147709e+01
   * 7.7600643395e+02   5.70e+04  5.00e+01    1.121211e+01   4.899017e+00  -3.271450e+01   8.313439e+01
 125 3.3304769750e+02  -1.30e+02  5.00e+00    1.149408e+01   5.601069e+00  -3.082599e+01   7.160097e+01
   * 7.8630804962e+02   5.76e+04  5.00e+01    1.120643e+01   4.888290e+00  -3.273166e+01   8.331807e+01
 126 3.3261239110e+02  -1.31e+02  5.00e+00    1.149117e+01   5.593485e+00  -3.084699e+01   7.172556e+01
   * 7.9687303843e+02   5.83e+04  5.00e+01    1.120069e+01   4.877510e+00  -3.274865e+01   8.350283e+01
 127 3.3217317486e+02  -1.32e+02  5.00e+00    1.148824e+01   5.585862e+00  -3.086796e+01   7.185088e+01
   * 8.0770747766e+02   5.89e+04  5.00e+01    1.119488e+01   4.866678e+00  -3.276547e+01   8.368865e+01
 128 3.3172999841e+02  -1.34e+02  5.00e+00    1.148527e+01   5.578199e+00  -3.088891e+01   7.197694e+01
   * 8.1881752006e+02   5.95e+04  5.00e+01    1.118900e+01   4.855794e+00  -3.278210e+01   8.387554e+01
 129 3.3128281073e+02  -1.35e+02  5.00e+00    1.148227e+01   5.570497e+00  -3.090983e+01   7.210374e+01
   * 8.3020939002e+02   6.01e+04  5.00e+01    1.118306e+01   4.844857e+00  -3.279856e+01   8.406351e+01
 130 3.3083156012e+02  -1.36e+02  5.00e+00    1.147924e+01   5.562754e+00  -3.093074e+01   7.223129e+01
   * 8.4188937786e+02   6.07e+04  5.00e+01    1.117705e+01   4.833867e+00  -3.281483e+01   8.425255e+01
 131 3.3037619421e+02  -1.38e+02  5.00e+00    1.147617e+01   5.554970e+00  -3.095162e+01   7.235959e+01
   * 8.5386383440e+02   6.13e+04  5.00e+01    1.117096e+01   4.822826e+00  -3.283090e+01   8.444266e+01
 132 3.2991665995e+02  -1.39e+02  5.00e+00    1.147308e+01   5.547146e+00  -3.097247e+01   7.248865e+01
   * 8.6613916451e+02   6.19e+04  5.00e+01    1.116481e+01   4.811732e+00  -3.284677e+01   8.463386e+01
 133 3.2945290361e+02  -1.41e+02  5.00e+00    1.146995e+01   5.539281e+00  -3.099329e+01   7.261848e+01
   * 8.7872182078e+02   6.25e+04  5.00e+01    1.115858e+01   4.800586e+00  -3.286244e+01   8.482613e+01
 134 3.2898487078e+02  -1.42e+02  5.00e+00    1.146678e+01   5.531374e+00  -3.101408e+01   7.274908e+01
   * 8.9161829395e+02   6.31e+04  5.00e+01    1.115229e+01   4.789389e+00  -3.287791e+01   8.501948e+01
 135 3.2851250636e+02  -1.44e+02  5.00e+00    1.146359e+01   5.523426e+00  -3.103485e+01   7.288045e+01
   * 9.0483510713e+02   6.37e+04  5.00e+01    1.114591e+01   4.778140e+00  -3.289316e+01   8.521390e+01
 136 3.2803575459e+02  -1.45e+02  5.00e+00    1.146036e+01   5.515436e+00  -3.105558e+01   7.301261e+01
   * 9.1837880474e+02   6.43e+04  5.00e+01    1.113947e+01   4.766839e+00  -3.290818e+01   8.540940e+01
 137 3.2755455898e+02  -1.47e+02  5.00e+00    1.145709e+01   5.507404e+00  -3.107627e+01   7.314556e+01
   * 9.3225594304e+02   6.49e+04  5.00e+01    1.113295e+01   4.755487e+00  -3.292299e+01   8.560598e+01
 138 3.2706886241e+02  -1.48e+02  5.00e+00    1.145379e+01   5.499329e+00  -3.109693e+01   7.327931e+01
   * 9.4647307918e+02   6.54e+04  5.00e+01    1.112635e+01   4.744085e+00  -3.293756e+01   8.580363e+01
 139 3.2657860703e+02  -1.50e+02  5.00e+00    1.145045e+01   5.491212e+00  -3.111754e+01   7.341386e+01
   * 9.6103675931e+02   6.60e+04  5.00e+01    1.111967e+01   4.732632e+00  -3.295189e+01   8.600235e+01
 140 3.2608373434e+02  -1.52e+02  5.00e+00    1.144707e+01   5.483052e+00  -3.113812e+01   7.354922e+01
   * 9.7595350631e+02   6.66e+04  5.00e+01    1.111292e+01   4.721128e+00  -3.296598e+01   8.620214e+01
 141 3.2558418514e+02  -1.53e+02  5.00e+00    1.144366e+01   5.474849e+00  -3.115866e+01   7.368539e+01
   * 9.9122980533e+02   6.72e+04  5.00e+01    1.110609e+01   4.709575e+00  -3.297982e+01   8.640299e+01
 142 3.2507989955e+02  -1.55e+02  5.00e+00    1.144021e+01   5.466602e+00  -3.117915e+01   7.382238e+01
   * 1.0068720888e+03   6.77e+04  5.00e+01    1.109918e+01   4.697972e+00  -3.299341e+01   8.660491e+01
 143 3.2457081704e+02  -1.57e+02  5.00e+00    1.143673e+01   5.458311e+00  -3.119960e+01   7.396020e+01
   * 1.0228867215e+03   6.83e+04  5.00e+01    1.109218e+01   4.686320e+00  -3.300673e+01   8.680789e+01
 144 3.2405687639e+02  -1.59e+02  5.00e+00    1.143320e+01   5.449977e+00  -3.121999e+01   7.409885e+01
   * 1.0392799827e+03   6.88e+04  5.00e+01    1.108511e+01   4.674619e+00  -3.301979e+01   8.701192e+01
 145 3.2353801571e+02  -1.60e+02  5.00e+00    1.142963e+01   5.441598e+00  -3.124034e+01   7.423834e+01
   * 1.0560580473e+03   6.94e+04  5.00e+01    1.107795e+01   4.662870e+00  -3.303257e+01   8.721700e+01
 146 3.2301417247e+02  -1.62e+02  5.00e+00    1.142603e+01   5.433175e+00  -3.126063e+01   7.437868e+01
   * 1.0732269674e+03   6.99e+04  5.00e+01    1.107071e+01   4.651074e+00  -3.304507e+01   8.742312e+01
 147 3.2248528348e+02  -1.64e+02  5.00e+00    1.142238e+01   5.424707e+00  -3.128087e+01   7.451986e+01
   * 1.0907926506e+03   7.04e+04  5.00e+01    1.106339e+01   4.639230e+00  -3.305728e+01   8.763028e+01
 148 3.2195128488e+02  -1.66e+02  5.00e+00    1.141869e+01   5.416194e+00  -3.130106e+01   7.466191e+01
   * 1.1087608379e+03   7.10e+04  5.00e+01    1.105598e+01   4.627339e+00  -3.306920e+01   8.783847e+01
 149 3.2141211222e+02  -1.68e+02  5.00e+00    1.141497e+01   5.407636e+00  -3.132118e+01   7.480481e+01
   * 1.1271370802e+03   7.15e+04  5.00e+01    1.104848e+01   4.615403e+00  -3.308082e+01   8.804768e+01
 150 3.2086770039e+02  -1.70e+02  5.00e+00    1.141119e+01   5.399033e+00  -3.134124e+01   7.494858e+01
   * 1.1459267129e+03   7.20e+04  5.00e+01    1.104090e+01   4.603421e+00  -3.309213e+01   8.825790e+01
 151 3.2031798367e+02  -1.72e+02  5.00e+00    1.140738e+01   5.390384e+00  -3.136124e+01   7.509323e+01
   * 1.1651348291e+03   7.25e+04  5.00e+01    1.103323e+01   4.591395e+00  -3.310312e+01   8.846913e+01
 152 3.1976289575e+02  -1.74e+02  5.00e+00    1.140352e+01   5.381689e+00  -3.138117e+01   7.523875e+01
   * 1.1847662526e+03   7.30e+04  5.00e+01    1.102547e+01   4.579325e+00  -3.311379e+01   8.868135e+01
 153 3.1920236971e+02  -1.76e+02  5.00e+00    1.139962e+01   5.372948e+00  -3.140103e+01   7.538516e+01
   * 1.2048255070e+03   7.35e+04  5.00e+01    1.101762e+01   4.567211e+00  -3.312414e+01   8.889455e+01
 154 3.1863633807e+02  -1.78e+02  5.00e+00    1.139567e+01   5.364161e+00  -3.142082e+01   7.553246e+01
   * 1.2253167845e+03   7.40e+04  5.00e+01    1.100969e+01   4.555056e+00  -3.313415e+01   8.910873e+01
 155 3.1806473279e+02  -1.80e+02  5.00e+00    1.139168e+01   5.355327e+00  -3.144054e+01   7.568065e+01
   * 1.2462439140e+03   7.45e+04  5.00e+01    1.100166e+01   4.542859e+00  -3.314381e+01   8.932387e+01
 156 3.1748748527e+02  -1.82e+02  5.00e+00    1.138764e+01   5.346447e+00  -3.146017e+01   7.582974e+01
   * 1.2676103255e+03   7.50e+04  5.00e+01    1.099353e+01   4.530621e+00  -3.315312e+01   8.953996e+01
 157 3.1690452639e+02  -1.84e+02  5.00e+00    1.138356e+01   5.337519e+00  -3.147973e+01   7.597974e+01
   * 1.2894190147e+03   7.54e+04  5.00e+01    1.098532e+01   4.518344e+00  -3.316208e+01   8.975698e+01
 158 3.1631578655e+02  -1.86e+02  5.00e+00    1.137943e+01   5.328545e+00  -3.149921e+01   7.613065e+01
   * 1.3116725047e+03   7.59e+04  5.00e+01    1.097701e+01   4.506028e+00  -3.317067e+01   8.997493e+01
 159 3.1572119563e+02  -1.88e+02  5.00e+00    1.137525e+01   5.319524e+00  -3.151859e+01   7.628247e+01
   * 1.3343728068e+03   7.63e+04  5.00e+01    1.096861e+01   4.493674e+00  -3.317889e+01   9.019377e+01
 160 3.1512068307e+02  -1.91e+02  5.00e+00    1.137102e+01   5.310455e+00  -3.153789e+01   7.643521e+01
   * 1.3575213794e+03   7.68e+04  5.00e+01    1.096011e+01   4.481284e+00  -3.318673e+01   9.041351e+01
 161 3.1451417786e+02  -1.93e+02  5.00e+00    1.136674e+01   5.301339e+00  -3.155710e+01   7.658888e+01
   * 1.3811190850e+03   7.72e+04  5.00e+01    1.095152e+01   4.468859e+00  -3.319418e+01   9.063411e+01
 162 3.1390160860e+02  -1.95e+02  5.00e+00    1.136241e+01   5.292176e+00  -3.157621e+01   7.674348e+01
   * 1.4051661467e+03   7.77e+04  5.00e+01    1.094283e+01   4.456399e+00  -3.320123e+01   9.085557e+01
 163 3.1328290349e+02  -1.97e+02  5.00e+00    1.135803e+01   5.282964e+00  -3.159523e+01   7.689901e+01
   * 1.4296621019e+03   7.81e+04  5.00e+01    1.093405e+01   4.443906e+00  -3.320788e+01   9.107787e+01
 164 3.1265799037e+02  -2.00e+02  5.00e+00    1.135360e+01   5.273705e+00  -3.161414e+01   7.705548e+01
   * 1.4546057549e+03   7.85e+04  5.00e+01    1.092517e+01   4.431382e+00  -3.321412e+01   9.130097e+01
 165 3.1202679678e+02  -2.02e+02  5.00e+00    1.134912e+01   5.264397e+00  -3.163295e+01   7.721288e+01
   * 1.4799951288e+03   7.89e+04  5.00e+01    1.091619e+01   4.418827e+00  -3.321994e+01   9.152488e+01
 166 3.1138924994e+02  -2.05e+02  5.00e+00    1.134458e+01   5.255042e+00  -3.165165e+01   7.737124e+01
   * 1.5058274155e+03   7.93e+04  5.00e+01    1.090711e+01   4.406243e+00  -3.322533e+01   9.174955e+01
 167 3.1074527686e+02  -2.07e+02  5.00e+00    1.133999e+01   5.245638e+00  -3.167023e+01   7.753054e+01
   * 1.5320989243e+03   7.97e+04  5.00e+01    1.089793e+01   4.393631e+00  -3.323029e+01   9.197497e+01
 168 3.1009480428e+02  -2.10e+02  5.00e+00    1.133535e+01   5.236187e+00  -3.168871e+01   7.769079e+01
   * 1.5588050309e+03   8.01e+04  5.00e+01    1.088865e+01   4.380993e+00  -3.323481e+01   9.220111e+01
 169 3.0943775880e+02  -2.12e+02  5.00e+00    1.133065e+01   5.226687e+00  -3.170706e+01   7.785200e+01
   * 1.5859401235e+03   8.05e+04  5.00e+01    1.087927e+01   4.368331e+00  -3.323888e+01   9.242796e+01
 170 3.0877406686e+02  -2.15e+02  5.00e+00    1.132589e+01   5.217138e+00  -3.172529e+01   7.801416e+01
   * 1.6134975490e+03   8.09e+04  5.00e+01    1.086979e+01   4.355646e+00  -3.324250e+01   9.265547e+01
 171 3.0810365481e+02  -2.18e+02  5.00e+00    1.132108e+01   5.207541e+00  -3.174339e+01   7.817729e+01
   * 1.6414695606e+03   8.12e+04  5.00e+01    1.086021e+01   4.342939e+00  -3.324565e+01   9.288364e+01
 172 3.0742644895e+02  -2.20e+02  5.00e+00    1.131621e+01   5.197896e+00  -3.176136e+01   7.834138e+01
   * 1.6698472606e+03   8.16e+04  5.00e+01    1.085052e+01   4.330212e+00  -3.324832e+01   9.311242e+01
 173 3.0674237558e+02  -2.23e+02  5.00e+00    1.131128e+01   5.188203e+00  -3.177920e+01   7.850643e+01
   * 1.6986205489e+03   8.19e+04  5.00e+01    1.084074e+01   4.317468e+00  -3.325052e+01   9.334179e+01
 174 3.0605136103e+02  -2.26e+02  5.00e+00    1.130630e+01   5.178461e+00  -3.179690e+01   7.867245e+01
   * 1.7277780674e+03   8.23e+04  5.00e+01    1.083085e+01   4.304707e+00  -3.325223e+01   9.357171e+01
 175 3.0535333173e+02  -2.29e+02  5.00e+00    1.130125e+01   5.168671e+00  -3.181446e+01   7.883944e+01
   * 1.7573071459e+03   8.26e+04  5.00e+01    1.082086e+01   4.291931e+00  -3.325345e+01   9.380217e+01
 176 3.0464821428e+02  -2.31e+02  5.00e+00    1.129614e+01   5.158832e+00  -3.183187e+01   7.900740e+01
   * 1.7871937508e+03   8.30e+04  5.00e+01    1.081077e+01   4.279144e+00  -3.325416e+01   9.403312e+01
 177 3.0393593544e+02  -2.34e+02  5.00e+00    1.129098e+01   5.148946e+00  -3.184913e+01   7.917632e+01
   * 1.8174224324e+03   8.33e+04  5.00e+01    1.080058e+01   4.266345e+00  -3.325437e+01   9.426453e+01
 178 3.0321642227e+02  -2.37e+02  5.00e+00    1.128575e+01   5.139011e+00  -3.186623e+01   7.934622e+01
   * 1.8479762752e+03   8.36e+04  5.00e+01    1.079028e+01   4.253538e+00  -3.325406e+01   9.449636e+01
 179 3.0248960212e+02  -2.40e+02  5.00e+00    1.128045e+01   5.129028e+00  -3.188318e+01   7.951709e+01
   * 1.8788368505e+03   8.39e+04  5.00e+01    1.077988e+01   4.240725e+00  -3.325323e+01   9.472859e+01
 180 3.0175540273e+02  -2.43e+02  5.00e+00    1.127510e+01   5.118998e+00  -3.189996e+01   7.968893e+01
   * 1.9099841700e+03   8.42e+04  5.00e+01    1.076938e+01   4.227907e+00  -3.325187e+01   9.496117e+01
 181 3.0101375230e+02  -2.46e+02  5.00e+00    1.126967e+01   5.108919e+00  -3.191657e+01   7.986174e+01
   * 1.9413966441e+03   8.45e+04  5.00e+01    1.075877e+01   4.215087e+00  -3.324997e+01   9.519407e+01
 182 3.0026457951e+02  -2.50e+02  5.00e+00    1.126419e+01   5.098793e+00  -3.193301e+01   8.003552e+01
   * 1.9730510424e+03   8.48e+04  5.00e+01    1.074807e+01   4.202266e+00  -3.324754e+01   9.542724e+01
 183 2.9950781364e+02  -2.53e+02  5.00e+00    1.125864e+01   5.088620e+00  -3.194927e+01   8.021027e+01
   * 2.0049224575e+03   8.51e+04  5.00e+01    1.073726e+01   4.189448e+00  -3.324455e+01   9.566065e+01
 184 2.9874338459e+02  -2.56e+02  5.00e+00    1.125302e+01   5.078400e+00  -3.196535e+01   8.038599e+01
   * 2.0369842757e+03   8.53e+04  5.00e+01    1.072634e+01   4.176634e+00  -3.324101e+01   9.589426e+01
 185 2.9797122299e+02  -2.59e+02  5.00e+00    1.124733e+01   5.068132e+00  -3.198124e+01   8.056267e+01
   * 2.0692081497e+03   8.56e+04  5.00e+01    1.071533e+01   4.163827e+00  -3.323691e+01   9.612802e+01
 186 2.9719126027e+02  -2.62e+02  5.00e+00    1.124158e+01   5.057818e+00  -3.199695e+01   8.074031e+01
   * 2.1015639777e+03   8.59e+04  5.00e+01    1.070421e+01   4.151028e+00  -3.323224e+01   9.636189e+01
 187 2.9640342870e+02  -2.66e+02  5.00e+00    1.123575e+01   5.047458e+00  -3.201245e+01   8.091892e+01
   * 2.1340198904e+03   8.61e+04  5.00e+01    1.069300e+01   4.138241e+00  -3.322701e+01   9.659582e+01
 188 2.9560766151e+02  -2.69e+02  5.00e+00    1.122986e+01   5.037051e+00  -3.202775e+01   8.109848e+01
   * 2.1665422422e+03   8.64e+04  5.00e+01    1.068168e+01   4.125468e+00  -3.322119e+01   9.682978e+01
 189 2.9480389292e+02  -2.73e+02  5.00e+00    1.122389e+01   5.026599e+00  -3.204285e+01   8.127899e+01
   * 2.1990956099e+03   8.66e+04  5.00e+01    1.067026e+01   4.112711e+00  -3.321480e+01   9.706372e+01
 190 2.9399205826e+02  -2.76e+02  5.00e+00    1.121786e+01   5.016101e+00  -3.205773e+01   8.146045e+01
   * 2.2316428012e+03   8.68e+04  5.00e+01    1.065874e+01   4.099973e+00  -3.320782e+01   9.729759e+01
 191 2.9317209405e+02  -2.80e+02  5.00e+00    1.121175e+01   5.005558e+00  -3.207240e+01   8.164285e+01
   * 2.2641448689e+03   8.71e+04  5.00e+01    1.064713e+01   4.087257e+00  -3.320025e+01   9.753133e+01
 192 2.9234393804e+02  -2.83e+02  5.00e+00    1.120557e+01   4.994971e+00  -3.208684e+01   8.182620e+01
   * 2.2965611353e+03   8.73e+04  5.00e+01    1.063542e+01   4.074564e+00  -3.319208e+01   9.776492e+01
 193 2.9150752933e+02  -2.87e+02  5.00e+00    1.119932e+01   4.984339e+00  -3.210106e+01   8.201047e+01
   * 2.3288492271e+03   8.75e+04  5.00e+01    1.062361e+01   4.061897e+00  -3.318332e+01   9.799829e+01
 194 2.9066280845e+02  -2.91e+02  5.00e+00    1.119299e+01   4.973664e+00  -3.211504e+01   8.219567e+01
   * 2.3609651161e+03   8.77e+04  5.00e+01    1.061170e+01   4.049260e+00  -3.317396e+01   9.823139e+01
 195 2.8980971742e+02  -2.94e+02  5.00e+00    1.118658e+01   4.962945e+00  -3.212879e+01   8.238179e+01
   * 2.3928631755e+03   8.79e+04  5.00e+01    1.059970e+01   4.036654e+00  -3.316400e+01   9.846418e+01
 196 2.8894819987e+02  -2.98e+02  5.00e+00    1.118011e+01   4.952184e+00  -3.214229e+01   8.256882e+01
   * 2.4244962422e+03   8.81e+04  5.00e+01    1.058761e+01   4.024082e+00  -3.315342e+01   9.869661e+01
 197 2.8807820108e+02  -3.02e+02  5.00e+00    1.117355e+01   4.941380e+00  -3.215555e+01   8.275676e+01
   * 2.4558156948e+03   8.83e+04  5.00e+01    1.057542e+01   4.011548e+00  -3.314224e+01   9.892862e+01
 198 2.8719966812e+02  -3.06e+02  5.00e+00    1.116692e+01   4.930535e+00  -3.216855e+01   8.294559e+01
   * 2.4867715366e+03   8.85e+04  5.00e+01    1.056314e+01   3.999052e+00  -3.313046e+01   9.916017e+01
 199 2.8631254989e+02  -3.10e+02  5.00e+00    1.116021e+01   4.919649e+00  -3.218129e+01   8.313530e+01
   * 2.5173124977e+03   8.86e+04  5.00e+01    1.055078e+01   3.986599e+00  -3.311805e+01   9.939119e+01
 200 2.8541679721e+02  -3.14e+02  5.00e+00    1.115342e+01   4.908722e+00  -3.219377e+01   8.332589e+01
   * 2.5473861414e+03   8.88e+04  5.00e+01    1.053832e+01   3.974191e+00  -3.310504e+01   9.962164e+01
 201 2.8451236295e+02  -3.18e+02  5.00e+00    1.114655e+01   4.897756e+00  -3.220598e+01   8.351735e+01
   * 2.5769389892e+03   8.90e+04  5.00e+01    1.052578e+01   3.961830e+00  -3.309141e+01   9.985147e+01
 202 2.8359920204e+02  -3.22e+02  5.00e+00    1.113960e+01   4.886750e+00  -3.221791e+01   8.370967e+01
   * 2.6059166502e+03   8.91e+04  5.00e+01    1.051315e+01   3.949519e+00  -3.307718e+01   1.000806e+02
 203 2.8267727162e+02  -3.26e+02  5.00e+00    1.113257e+01   4.875707e+00  -3.222957e+01   8.390283e+01
   * 2.6342639691e+03   8.93e+04  5.00e+01    1.050043e+01   3.937261e+00  -3.306232e+01   1.003090e+02
 204 2.8174653109e+02  -3.30e+02  5.00e+00    1.112546e+01   4.864625e+00  -3.224093e+01   8.409682e+01
   * 2.6619251801e+03   8.94e+04  5.00e+01    1.048764e+01   3.925058e+00  -3.304686e+01   1.005367e+02
 205 2.8080694219e+02  -3.35e+02  5.00e+00    1.111827e+01   4.853507e+00  -3.225201e+01   8.429163e+01
   * 2.6888440735e+03   8.96e+04  5.00e+01    1.047476e+01   3.912913e+00  -3.303079e+01   1.007635e+02
 206 2.7985846908e+02  -3.39e+02  5.00e+00    1.111099e+01   4.842353e+00  -3.226279e+01   8.448725e+01
   * 2.7149641737e+03   8.97e+04  5.00e+01    1.046181e+01   3.900828e+00  -3.301411e+01   1.009894e+02
 207 2.7890107844e+02  -3.43e+02  5.00e+00    1.110364e+01   4.831163e+00  -3.227326e+01   8.468366e+01
   * 2.7402289264e+03   8.98e+04  5.00e+01    1.044878e+01   3.888806e+00  -3.299682e+01   1.012144e+02
 208 2.7793473953e+02  -3.48e+02  5.00e+00    1.109620e+01   4.819940e+00  -3.228343e+01   8.488084e+01
   * 2.7645818920e+03   8.99e+04  5.00e+01    1.043568e+01   3.876850e+00  -3.297893e+01   1.014384e+02
 209 2.7695942424e+02  -3.52e+02  5.00e+00    1.108868e+01   4.808682e+00  -3.229329e+01   8.507880e+01
   * 2.7879669518e+03   9.01e+04  5.00e+01    1.042250e+01   3.864962e+00  -3.296043e+01   1.016613e+02
 210 2.7597510722e+02  -3.57e+02  5.00e+00    1.108107e+01   4.797393e+00  -3.230283e+01   8.527750e+01
   * 2.8103285171e+03   9.02e+04  5.00e+01    1.040925e+01   3.853143e+00  -3.294135e+01   1.018832e+02
 211 2.7498176589e+02  -3.61e+02  5.00e+00    1.107338e+01   4.786071e+00  -3.231204e+01   8.547693e+01
   * 2.8316117484e+03   9.03e+04  5.00e+01    1.039593e+01   3.841398e+00  -3.292167e+01   1.021039e+02
 212 2.7397938053e+02  -3.66e+02  5.00e+00    1.106560e+01   4.774719e+00  -3.232093e+01   8.567707e+01
   * 2.8517627754e+03   9.04e+04  5.00e+01    1.038255e+01   3.829727e+00  -3.290140e+01   1.023234e+02
 213 2.7296793438e+02  -3.71e+02  5.00e+00    1.105774e+01   4.763337e+00  -3.232948e+01   8.587792e+01
   * 2.8707289233e+03   9.05e+04  5.00e+01    1.036910e+01   3.818134e+00  -3.288055e+01   1.025417e+02
 214 2.7194741363e+02  -3.75e+02  5.00e+00    1.104979e+01   4.751927e+00  -3.233769e+01   8.607944e+01
   * 2.8884589399e+03   9.06e+04  5.00e+01    1.035560e+01   3.806619e+00  -3.285912e+01   1.027586e+02
 215 2.7091780753e+02  -3.80e+02  5.00e+00    1.104175e+01   4.740489e+00  -3.234557e+01   8.628163e+01
   * 2.9049032246e+03   9.07e+04  5.00e+01    1.034203e+01   3.795187e+00  -3.283712e+01   1.029743e+02
 216 2.6987910842e+02  -3.85e+02  5.00e+00    1.103363e+01   4.729025e+00  -3.235309e+01   8.648446e+01
   * 2.9200140541e+03   9.08e+04  5.00e+01    1.032841e+01   3.783838e+00  -3.281456e+01   1.031885e+02
 217 2.6883131182e+02  -3.90e+02  5.00e+00    1.102542e+01   4.717535e+00  -3.236026e+01   8.668791e+01
   * 2.9337458096e+03   9.08e+04  5.00e+01    1.031473e+01   3.772575e+00  -3.279144e+01   1.034013e+02
 218 2.6777441640e+02  -3.95e+02  5.00e+00    1.101713e+01   4.706020e+00  -3.236707e+01   8.689196e+01
   * 2.9460551943e+03   9.09e+04  5.00e+01    1.030100e+01   3.761399e+00  -3.276777e+01   1.036127e+02
 219 2.6670842413e+02  -4.00e+02  5.00e+00    1.100875e+01   4.694483e+00  -3.237352e+01   8.709660e+01
   * 2.9569014506e+03   9.10e+04  5.00e+01    1.028723e+01   3.750312e+00  -3.274356e+01   1.038225e+02
 220 2.6563334021e+02  -4.05e+02  5.00e+00    1.100028e+01   4.682923e+00  -3.237960e+01   8.730180e+01
   * 2.9662465661e+03   9.10e+04  5.00e+01    1.027340e+01   3.739317e+00  -3.271882e+01   1.040308e+02
 221 2.6454917319e+02  -4.10e+02  5.00e+00    1.099172e+01   4.671343e+00  -3.238532e+01   8.750754e+01
   * 2.9740554720e+03   9.11e+04  5.00e+01    1.025954e+01   3.728414e+00  -3.269355e+01   1.042374e+02
 222 2.6345593496e+02  -4.15e+02  5.00e+00    1.098308e+01   4.659742e+00  -3.239066e+01   8.771380e+01
   * 2.9802962291e+03   9.12e+04  5.00e+01    1.024563e+01   3.717606e+00  -3.266777e+01   1.044424e+02
 223 2.6235364080e+02  -4.20e+02  5.00e+00    1.097435e+01   4.648124e+00  -3.239561e+01   8.792055e+01
   * 2.9849402031e+03   9.12e+04  5.00e+01    1.023168e+01   3.706894e+00  -3.264148e+01   1.046458e+02
 224 2.6124230940e+02  -4.25e+02  5.00e+00    1.096553e+01   4.636488e+00  -3.240019e+01   8.812778e+01
   * 2.9879622262e+03   9.13e+04  5.00e+01    1.021770e+01   3.696280e+00  -3.261470e+01   1.048474e+02
 225 2.6012196286e+02  -4.31e+02  5.00e+00    1.095662e+01   4.624835e+00  -3.240438e+01   8.833546e+01
   * 2.9893407397e+03   9.13e+04  5.00e+01    1.020369e+01   3.685764e+00  -3.258744e+01   1.050473e+02
 226 2.5899262674e+02  -4.36e+02  5.00e+00    1.094763e+01   4.613169e+00  -3.240818e+01   8.854356e+01
   * 2.9890579258e+03   9.13e+04  5.00e+01    1.018964e+01   3.675348e+00  -3.255969e+01   1.052454e+02
 227 2.5785433006e+02  -4.41e+02  5.00e+00    1.093854e+01   4.601488e+00  -3.241158e+01   8.875207e+01
   * 2.9870998159e+03   9.14e+04  5.00e+01    1.017557e+01   3.665033e+00  -3.253149e+01   1.054417e+02
 228 2.5670710530e+02  -4.47e+02  5.00e+00    1.092937e+01   4.589795e+00  -3.241459e+01   8.896095e+01
   * 2.9834563842e+03   9.14e+04  5.00e+01    1.016148e+01   3.654820e+00  -3.250284e+01   1.056362e+02
 229 2.5555098844e+02  -4.52e+02  5.00e+00    1.092012e+01   4.578092e+00  -3.241719e+01   8.917020e+01
   * 2.9781216188e+03   9.14e+04  5.00e+01    1.014736e+01   3.644710e+00  -3.247374e+01   1.058288e+02
 230 2.5438601892e+02  -4.58e+02  5.00e+00    1.091077e+01   4.566378e+00  -3.241939e+01   8.937977e+01
   * 2.9710935741e+03   9.14e+04  5.00e+01    1.013322e+01   3.634705e+00  -3.244422e+01   1.060194e+02
 231 2.5321223965e+02  -4.64e+02  5.00e+00    1.090134e+01   4.554656e+00  -3.242119e+01   8.958964e+01
   * 2.9623744015e+03   9.15e+04  5.00e+01    1.011907e+01   3.624804e+00  -3.241428e+01   1.062082e+02
 232 2.5202969706e+02  -4.69e+02  5.00e+00    1.089183e+01   4.542927e+00  -3.242258e+01   8.979980e+01
   * 2.9519703596e+03   9.15e+04  5.00e+01    1.010491e+01   3.615009e+00  -3.238394e+01   1.063950e+02
 233 2.5083844100e+02  -4.75e+02  5.00e+00    1.088222e+01   4.531193e+00  -3.242355e+01   9.001021e+01
   * 2.9398918016e+03   9.15e+04  5.00e+01    1.009073e+01   3.605320e+00  -3.235321e+01   1.065799e+02
 234 2.4963852483e+02  -4.81e+02  5.00e+00    1.087253e+01   4.519453e+00  -3.242411e+01   9.022084e+01
   * 2.9261531431e+03   9.15e+04  5.00e+01    1.007655e+01   3.595738e+00  -3.232210e+01   1.067628e+02
 235 2.4843000532e+02  -4.86e+02  5.00e+00    1.086276e+01   4.507711e+00  -3.242426e+01   9.043168e+01
   * 2.9107728076e+03   9.15e+04  5.00e+01    1.006236e+01   3.586263e+00  -3.229063e+01   1.069437e+02
 236 2.4721294270e+02  -4.92e+02  5.00e+00    1.085289e+01   4.495966e+00  -3.242398e+01   9.064270e+01
   * 2.8937731527e+03   9.15e+04  5.00e+01    1.004816e+01   3.576895e+00  -3.225880e+01   1.071225e+02
 237 2.4598740062e+02  -4.98e+02  5.00e+00    1.084295e+01   4.484221e+00  -3.242329e+01   9.085387e+01
   * 2.8751803749e+03   9.14e+04  5.00e+01    1.003397e+01   3.567635e+00  -3.222664e+01   1.072994e+02
 238 2.4475344611e+02  -5.04e+02  5.00e+00    1.083292e+01   4.472477e+00  -3.242217e+01   9.106517e+01
   * 2.8550243958e+03   9.14e+04  5.00e+01    1.001978e+01   3.558482e+00  -3.219415e+01   1.074742e+02
 239 2.4351114961e+02  -5.10e+02  5.00e+00    1.082280e+01   4.460735e+00  -3.242064e+01   9.127656e+01
   * 2.8333387312e+03   9.14e+04  5.00e+01    1.000560e+01   3.549437e+00  -3.216135e+01   1.076469e+02
 240 2.4226058489e+02  -5.16e+02  5.00e+00    1.081261e+01   4.448996e+00  -3.241868e+01   9.148803e+01
   * 2.8101603418e+03   9.14e+04  5.00e+01    9.991425e+00   3.540500e+00  -3.212826e+01   1.078176e+02
 241 2.4100182906e+02  -5.22e+02  5.00e+00    1.080233e+01   4.437261e+00  -3.241629e+01   9.169955e+01
   * 2.7855294689e+03   9.13e+04  5.00e+01    9.977260e+00   3.531671e+00  -3.209488e+01   1.079863e+02
 242 2.3973496255e+02  -5.28e+02  5.00e+00    1.079197e+01   4.425533e+00  -3.241348e+01   9.191108e+01
   * 2.7594894547e+03   9.13e+04  5.00e+01    9.963108e+00   3.522949e+00  -3.206123e+01   1.081528e+02
 243 2.3846006905e+02  -5.35e+02  5.00e+00    1.078152e+01   4.413811e+00  -3.241024e+01   9.212262e+01
   * 2.7320865517e+03   9.13e+04  5.00e+01    9.948972e+00   3.514335e+00  -3.202732e+01   1.083173e+02
 244 2.3717723551e+02  -5.41e+02  5.00e+00    1.077100e+01   4.402098e+00  -3.240658e+01   9.233412e+01
   * 2.7033697184e+03   9.12e+04  5.00e+01    9.934853e+00   3.505828e+00  -3.199317e+01   1.084797e+02
 245 2.3588655212e+02  -5.47e+02  5.00e+00    1.076039e+01   4.390395e+00  -3.240249e+01   9.254557e+01
   * 2.6733904068e+03   9.12e+04  5.00e+01    9.920755e+00   3.497427e+00  -3.195880e+01   1.086400e+02
 246 2.3458811223e+02  -5.53e+02  5.00e+00    1.074971e+01   4.378702e+00  -3.239797e+01   9.275694e+01
   * 2.6422023411e+03   9.11e+04  5.00e+01    9.906680e+00   3.489132e+00  -3.192420e+01   1.087982e+02
 247 2.3328201239e+02  -5.60e+02  5.00e+00    1.073895e+01   4.367021e+00  -3.239302e+01   9.296820e+01
   * 2.6098612914e+03   9.11e+04  5.00e+01    9.892630e+00   3.480943e+00  -3.188940e+01   1.089544e+02
 248 2.3196835225e+02  -5.66e+02  5.00e+00    1.072811e+01   4.355354e+00  -3.238765e+01   9.317933e+01
   * 2.5764248390e+03   9.10e+04  5.00e+01    9.878606e+00   3.472859e+00  -3.185442e+01   1.091085e+02
 249 2.3064723459e+02  -5.73e+02  5.00e+00    1.071719e+01   4.343701e+00  -3.238186e+01   9.339030e+01
   * 2.5419521443e+03   9.09e+04  5.00e+01    9.864613e+00   3.464879e+00  -3.181926e+01   1.092605e+02
 250 2.2931876526e+02  -5.79e+02  5.00e+00    1.070619e+01   4.332064e+00  -3.237563e+01   9.360109e+01
   * 2.5065037070e+03   9.09e+04  5.00e+01    9.850651e+00   3.457004e+00  -3.178393e+01   1.094105e+02
 251 2.2798305315e+02  -5.86e+02  5.00e+00    1.069513e+01   4.320444e+00  -3.236899e+01   9.381168e+01
   * 2.4701411317e+03   9.08e+04  5.00e+01    9.836722e+00   3.449231e+00  -3.174846e+01   1.095584e+02
 252 2.2664021015e+02  -5.92e+02  5.00e+00    1.068398e+01   4.308842e+00  -3.236192e+01   9.402204e+01
   * 2.4329268922e+03   9.07e+04  5.00e+01    9.822830e+00   3.441560e+00  -3.171285e+01   1.097043e+02
 253 2.2529035116e+02  -5.99e+02  5.00e+00    1.067277e+01   4.297258e+00  -3.235443e+01   9.423214e+01
   * 2.3949240988e+03   9.06e+04  5.00e+01    9.808975e+00   3.433991e+00  -3.167712e+01   1.098481e+02
 254 2.2393359402e+02  -6.06e+02  5.00e+00    1.066148e+01   4.285695e+00  -3.234652e+01   9.444196e+01
   * 2.3561962727e+03   9.05e+04  5.00e+01    9.795160e+00   3.426522e+00  -3.164127e+01   1.099899e+02
 255 2.2257005951e+02  -6.13e+02  5.00e+00    1.065012e+01   4.274153e+00  -3.233819e+01   9.465149e+01
   * 2.3168071232e+03   9.04e+04  5.00e+01    9.781387e+00   3.419153e+00  -3.160533e+01   1.101297e+02
 256 2.2119987131e+02  -6.19e+02  5.00e+00    1.063868e+01   4.262634e+00  -3.232944e+01   9.486068e+01
   * 2.2768203317e+03   9.03e+04  5.00e+01    9.767658e+00   3.411883e+00  -3.156930e+01   1.102675e+02
 257 2.1982315597e+02  -6.26e+02  5.00e+00    1.062718e+01   4.251138e+00  -3.232028e+01   9.506954e+01
   * 2.2362993471e+03   9.02e+04  5.00e+01    9.753974e+00   3.404711e+00  -3.153320e+01   1.104033e+02
 258 2.1844004289e+02  -6.33e+02  5.00e+00    1.061561e+01   4.239667e+00  -3.231071e+01   9.527802e+01
   * 2.1953071855e+03   9.00e+04  5.00e+01    9.740337e+00   3.397635e+00  -3.149703e+01   1.105371e+02
 259 2.1705066430e+02  -6.40e+02  5.00e+00    1.060398e+01   4.228221e+00  -3.230073e+01   9.548611e+01
   * 2.1539062425e+03   8.99e+04  5.00e+01    9.726750e+00   3.390655e+00  -3.146082e+01   1.106690e+02
 260 2.1565515523e+02  -6.47e+02  5.00e+00    1.059227e+01   4.216801e+00  -3.229033e+01   9.569378e+01
   * 2.1121581143e+03   8.98e+04  5.00e+01    9.713213e+00   3.383770e+00  -3.142456e+01   1.107989e+02
 261 2.1425365350e+02  -6.54e+02  5.00e+00    1.058051e+01   4.205409e+00  -3.227954e+01   9.590102e+01
   * 2.0701234302e+03   8.97e+04  5.00e+01    9.699729e+00   3.376979e+00  -3.138827e+01   1.109268e+02
 262 2.1284629969e+02  -6.61e+02  5.00e+00    1.056867e+01   4.194045e+00  -3.226834e+01   9.610780e+01
   * 2.0278616969e+03   8.95e+04  5.00e+01    9.686298e+00   3.370280e+00  -3.135197e+01   1.110529e+02
 263 2.1143323710e+02  -6.68e+02  5.00e+00    1.055678e+01   4.182711e+00  -3.225674e+01   9.631411e+01
   * 1.9854311526e+03   8.94e+04  5.00e+01    9.672924e+00   3.363673e+00  -3.131566e+01   1.111771e+02
 264 2.1001461177e+02  -6.75e+02  5.00e+00    1.054482e+01   4.171407e+00  -3.224474e+01   9.651992e+01
   * 1.9428886355e+03   8.92e+04  5.00e+01    9.659606e+00   3.357157e+00  -3.127936e+01   1.112994e+02
 265 2.0859057245e+02  -6.83e+02  5.00e+00    1.053280e+01   4.160134e+00  -3.223235e+01   9.672521e+01
   * 1.9002894612e+03   8.90e+04  5.00e+01    9.646347e+00   3.350730e+00  -3.124307e+01   1.114198e+02
 266 2.0716127055e+02  -6.90e+02  5.00e+00    1.052072e+01   4.148893e+00  -3.221956e+01   9.692996e+01
   * 1.8576873156e+03   8.88e+04  5.00e+01    9.633149e+00   3.344391e+00  -3.120681e+01   1.115384e+02
 267 2.0572686018e+02  -6.97e+02  5.00e+00    1.050859e+01   4.137685e+00  -3.220640e+01   9.713415e+01
   * 1.8151341567e+03   8.87e+04  5.00e+01    9.620012e+00   3.338140e+00  -3.117058e+01   1.116552e+02
 268 2.0428749809e+02  -7.05e+02  5.00e+00    1.049639e+01   4.126510e+00  -3.219284e+01   9.733777e+01
   * 1.7726801294e+03   8.85e+04  5.00e+01    9.606938e+00   3.331975e+00  -3.113440e+01   1.117701e+02
 269 2.0284334368e+02  -7.12e+02  5.00e+00    1.048414e+01   4.115371e+00  -3.217891e+01   9.754079e+01
   * 1.7303734925e+03   8.83e+04  5.00e+01    9.593928e+00   3.325895e+00  -3.109827e+01   1.118833e+02
 270 2.0139455898e+02  -7.19e+02  5.00e+00    1.047184e+01   4.104266e+00  -3.216460e+01   9.774320e+01
   * 1.6882605558e+03   8.81e+04  5.00e+01    9.580984e+00   3.319899e+00  -3.106220e+01   1.119947e+02
 271 1.9994130864e+02  -7.27e+02  5.00e+00    1.045948e+01   4.093198e+00  -3.214992e+01   9.794498e+01
   * 1.6463856288e+03   8.79e+04  5.00e+01    9.568107e+00   3.313985e+00  -3.102621e+01   1.121044e+02
 272 1.9848375991e+02  -7.34e+02  5.00e+00    1.044707e+01   4.082166e+00  -3.213487e+01   9.814611e+01
   * 1.6047909800e+03   8.76e+04  5.00e+01    9.555298e+00   3.308154e+00  -3.099029e+01   1.122123e+02
 273 1.9702208264e+02  -7.42e+02  5.00e+00    1.043461e+01   4.071172e+00  -3.211945e+01   9.834657e+01
   * 1.5635168052e+03   8.74e+04  5.00e+01    9.542559e+00   3.302403e+00  -3.095447e+01   1.123186e+02
 274 1.9555644928e+02  -7.49e+02  5.00e+00    1.042210e+01   4.060217e+00  -3.210367e+01   9.854635e+01
   * 1.5226012078e+03   8.72e+04  5.00e+01    9.529890e+00   3.296733e+00  -3.091875e+01   1.124231e+02
 275 1.9408703483e+02  -7.57e+02  5.00e+00    1.040954e+01   4.049300e+00  -3.208754e+01   9.874543e+01
   * 1.4820801855e+03   8.69e+04  5.00e+01    9.517292e+00   3.291140e+00  -3.088313e+01   1.125260e+02
 276 1.9261401689e+02  -7.65e+02  5.00e+00    1.039693e+01   4.038424e+00  -3.207105e+01   9.894380e+01
   * 1.4419876272e+03   8.66e+04  5.00e+01    9.504768e+00   3.285626e+00  -3.084763e+01   1.126272e+02
 277 1.9113757560e+02  -7.72e+02  5.00e+00    1.038428e+01   4.027587e+00  -3.205422e+01   9.914143e+01
   * 1.4023553178e+03   8.64e+04  5.00e+01    9.492318e+00   3.280188e+00  -3.081224e+01   1.127268e+02
 278 1.8965789364e+02  -7.80e+02  5.00e+00    1.037158e+01   4.016792e+00  -3.203704e+01   9.933832e+01
   * 1.3632129495e+03   8.61e+04  5.00e+01    9.479943e+00   3.274825e+00  -3.077699e+01   1.128248e+02
 279 1.8817515625e+02  -7.88e+02  5.00e+00    1.035884e+01   4.006038e+00  -3.201953e+01   9.953444e+01
   * 1.3245881419e+03   8.58e+04  5.00e+01    9.467643e+00   3.269537e+00  -3.074188e+01   1.129212e+02
 280 1.8668955119e+02  -7.96e+02  5.00e+00    1.034606e+01   3.995327e+00  -3.200168e+01   9.972979e+01
   * 1.2865064663e+03   8.55e+04  5.00e+01    9.455421e+00   3.264323e+00  -3.070691e+01   1.130160e+02
 281 1.8520126873e+02  -8.04e+02  5.00e+00    1.033323e+01   3.984659e+00  -3.198350e+01   9.992435e+01
   * 1.2489914774e+03   8.52e+04  5.00e+01    9.443277e+00   3.259181e+00  -3.067209e+01   1.131093e+02
 282 1.8371050168e+02  -8.11e+02  5.00e+00    1.032037e+01   3.974034e+00  -3.196499e+01   1.001181e+02
   * 1.2120647498e+03   8.48e+04  5.00e+01    9.431213e+00   3.254110e+00  -3.063743e+01   1.132011e+02
 283 1.8221744532e+02  -8.19e+02  5.00e+00    1.030747e+01   3.963453e+00  -3.194617e+01   1.003110e+02
   * 1.1757459190e+03   8.45e+04  5.00e+01    9.419228e+00   3.249111e+00  -3.060293e+01   1.132913e+02
 284 1.8072229741e+02  -8.27e+02  5.00e+00    1.029453e+01   3.952917e+00  -3.192703e+01   1.005031e+02
   * 1.1400527265e+03   8.41e+04  5.00e+01    9.407324e+00   3.244181e+00  -3.056860e+01   1.133801e+02
 285 1.7922525821e+02  -8.35e+02  5.00e+00    1.028156e+01   3.942426e+00  -3.190758e+01   1.006944e+02
   * 1.1050010700e+03   8.38e+04  5.00e+01    9.395502e+00   3.239320e+00  -3.053445e+01   1.134674e+02
 286 1.7772653041e+02  -8.43e+02  5.00e+00    1.026855e+01   3.931981e+00  -3.188783e+01   1.008848e+02
   * 1.0706050546e+03   8.34e+04  5.00e+01    9.383763e+00   3.234526e+00  -3.050048e+01   1.135532e+02
 287 1.7622631917e+02  -8.51e+02  5.00e+00    1.025551e+01   3.921582e+00  -3.186777e+01   1.010743e+02
   * 1.0368770485e+03   8.30e+04  5.00e+01    9.372107e+00   3.229800e+00  -3.046671e+01   1.136376e+02
 288 1.7472483203e+02  -8.59e+02  5.00e+00    1.024244e+01   3.911230e+00  -3.184742e+01   1.012630e+02
   * 1.0038277406e+03   8.26e+04  5.00e+01    9.360536e+00   3.225140e+00  -3.043312e+01   1.137206e+02
 289 1.7322227898e+02  -8.67e+02  5.00e+00    1.022934e+01   3.900925e+00  -3.182678e+01   1.014507e+02
   * 9.7146619989e+02   8.22e+04  5.00e+01    9.349050e+00   3.220545e+00  -3.039974e+01   1.138022e+02
 290 1.7171887235e+02  -8.76e+02  5.00e+00    1.021622e+01   3.890668e+00  -3.180586e+01   1.016375e+02
   * 9.3979993649e+02   8.17e+04  5.00e+01    9.337650e+00   3.216014e+00  -3.036656e+01   1.138824e+02
 291 1.7021482686e+02  -8.84e+02  5.00e+00    1.020306e+01   3.880460e+00  -3.178465e+01   1.018235e+02
   * 9.0883496380e+02   8.13e+04  5.00e+01    9.326337e+00   3.211547e+00  -3.033359e+01   1.139613e+02
 292 1.6871035953e+02  -8.92e+02  5.00e+00    1.018988e+01   3.870300e+00  -3.176318e+01   1.020084e+02
   * 8.7857586144e+02   8.08e+04  5.00e+01    9.315111e+00   3.207143e+00  -3.030083e+01   1.140388e+02
 293 1.6720568971e+02  -9.00e+02  5.00e+00    1.017668e+01   3.860189e+00  -3.174143e+01   1.021925e+02
   * 8.4902583935e+02   8.03e+04  5.00e+01    9.303974e+00   3.202801e+00  -3.026830e+01   1.141150e+02
 294 1.6570103900e+02  -9.08e+02  5.00e+00    1.016345e+01   3.850127e+00  -3.171942e+01   1.023756e+02
   * 8.2018680110e+02   7.98e+04  5.00e+01    9.292926e+00   3.198520e+00  -3.023599e+01   1.141900e+02
 295 1.6419663125e+02  -9.16e+02  5.00e+00    1.015020e+01   3.840116e+00  -3.169715e+01   1.025577e+02
   * 7.9205940795e+02   7.93e+04  5.00e+01    9.281967e+00   3.194300e+00  -3.020391e+01   1.142636e+02
 296 1.6269269248e+02  -9.24e+02  5.00e+00    1.013693e+01   3.830155e+00  -3.167463e+01   1.027389e+02
   * 7.6464314248e+02   7.87e+04  5.00e+01    9.271099e+00   3.190139e+00  -3.017206e+01   1.143359e+02
 297 1.6118945089e+02  -9.33e+02  5.00e+00    1.012364e+01   3.820245e+00  -3.165187e+01   1.029191e+02
   * 7.3793637167e+02   7.82e+04  5.00e+01    9.260321e+00   3.186037e+00  -3.014045e+01   1.144071e+02
 298 1.5968713678e+02  -9.41e+02  5.00e+00    1.011034e+01   3.810387e+00  -3.162886e+01   1.030982e+02
   * 7.1193640937e+02   7.76e+04  5.00e+01    9.249636e+00   3.181994e+00  -3.010908e+01   1.144769e+02
 299 1.5818598252e+02  -9.49e+02  5.00e+00    1.009702e+01   3.800580e+00  -3.160562e+01   1.032764e+02
   * 6.8663957761e+02   7.70e+04  5.00e+01    9.239042e+00   3.178008e+00  -3.007796e+01   1.145456e+02
 300 1.5668622248e+02  -9.57e+02  5.00e+00    1.008369e+01   3.790825e+00  -3.158215e+01   1.034536e+02
   * 6.6204126759e+02   7.63e+04  5.00e+01    9.228541e+00   3.174078e+00  -3.004708e+01   1.146131e+02
 301 1.5518809298e+02  -9.65e+02  5.00e+00    1.007034e+01   3.781122e+00  -3.155845e+01   1.036298e+02
   * 6.3813599874e+02   7.57e+04  5.00e+01    9.218134e+00   3.170205e+00  -3.001646e+01   1.146793e+02
 302 1.5369183224e+02  -9.74e+02  5.00e+00    1.005698e+01   3.771473e+00  -3.153453e+01   1.038049e+02
   * 6.1491747719e+02   7.50e+04  5.00e+01    9.207821e+00   3.166388e+00  -2.998609e+01   1.147445e+02
 303 1.5219768029e+02  -9.82e+02  5.00e+00    1.004362e+01   3.761877e+00  -3.151040e+01   1.039790e+02
   * 5.9237865221e+02   7.43e+04  5.00e+01    9.197602e+00   3.162625e+00  -2.995598e+01   1.148084e+02
 304 1.5070587894e+02  -9.90e+02  5.00e+00    1.003024e+01   3.752334e+00  -3.148607e+01   1.041520e+02
   * 5.7051177176e+02   7.36e+04  5.00e+01    9.187478e+00   3.158916e+00  -2.992614e+01   1.148713e+02
 305 1.4921667166e+02  -9.98e+02  5.00e+00    1.001686e+01   3.742845e+00  -3.146153e+01   1.043240e+02
   * 5.4930843606e+02   7.28e+04  5.00e+01    9.177449e+00   3.155261e+00  -2.989656e+01   1.149330e+02
 306 1.4773030354e+02  -1.01e+03  5.00e+00    1.000347e+01   3.733410e+00  -3.143680e+01   1.044949e+02
   * 5.2875964990e+02   7.21e+04  5.00e+01    9.167516e+00   3.151659e+00  -2.986725e+01   1.149936e+02
 307 1.4624702117e+02  -1.01e+03  5.00e+00    9.990085e+00   3.724030e+00  -3.141188e+01   1.046648e+02
   * 5.0885587309e+02   7.13e+04  5.00e+01    9.157680e+00   3.148108e+00  -2.983821e+01   1.150532e+02
 308 1.4476707258e+02  -1.02e+03  5.00e+00    9.976692e+00   3.714705e+00  -3.138678e+01   1.048336e+02
   * 4.8958706912e+02   7.04e+04  5.00e+01    9.147940e+00   3.144610e+00  -2.980944e+01   1.151117e+02
 309 1.4329070713e+02  -1.03e+03  5.00e+00    9.963299e+00   3.705436e+00  -3.136149e+01   1.050012e+02
   * 4.7094275243e+02   6.96e+04  5.00e+01    9.138297e+00   3.141163e+00  -2.978095e+01   1.151691e+02
 310 1.4181817540e+02  -1.04e+03  5.00e+00    9.949907e+00   3.696222e+00  -3.133604e+01   1.051678e+02
   * 4.5291203344e+02   6.87e+04  5.00e+01    9.128752e+00   3.137766e+00  -2.975273e+01   1.152255e+02
 311 1.4034972913e+02  -1.05e+03  5.00e+00    9.936518e+00   3.687064e+00  -3.131042e+01   1.053333e+02
   * 4.3548366253e+02   6.78e+04  5.00e+01    9.119305e+00   3.134418e+00  -2.972480e+01   1.152809e+02
 312 1.3888562105e+02  -1.05e+03  5.00e+00    9.923132e+00   3.677962e+00  -3.128464e+01   1.054977e+02
   * 4.1864607132e+02   6.68e+04  5.00e+01    9.109955e+00   3.131120e+00  -2.969715e+01   1.153352e+02
 313 1.3742610480e+02  -1.06e+03  5.00e+00    9.909753e+00   3.668916e+00  -3.125871e+01   1.056610e+02
   * 4.0238741304e+02   6.58e+04  5.00e+01    9.100704e+00   3.127871e+00  -2.966978e+01   1.153886e+02
 314 1.3597143478e+02  -1.07e+03  5.00e+00    9.896380e+00   3.659928e+00  -3.123262e+01   1.058232e+02
   * 3.8669560067e+02   6.48e+04  5.00e+01    9.091552e+00   3.124670e+00  -2.964270e+01   1.154410e+02
 315 1.3452186609e+02  -1.08e+03  5.00e+00    9.883015e+00   3.650997e+00  -3.120640e+01   1.059842e+02
   * 3.7155834340e+02   6.38e+04  5.00e+01    9.082499e+00   3.121516e+00  -2.961590e+01   1.154924e+02
 316 1.3307765429e+02  -1.09e+03  5.00e+00    9.869661e+00   3.642123e+00  -3.118004e+01   1.061441e+02
   * 3.5696318157e+02   6.27e+04  5.00e+01    9.073545e+00   3.118410e+00  -2.958940e+01   1.155429e+02
 317 1.3163905535e+02  -1.09e+03  5.00e+00    9.856319e+00   3.633307e+00  -3.115355e+01   1.063029e+02
   * 3.4289751956e+02   6.16e+04  5.00e+01    9.064690e+00   3.115349e+00  -2.956318e+01   1.155925e+02
 318 1.3020632547e+02  -1.10e+03  5.00e+00    9.842990e+00   3.624549e+00  -3.112694e+01   1.064605e+02
   * 3.2934865739e+02   6.05e+04  5.00e+01    9.055935e+00   3.112335e+00  -2.953726e+01   1.156411e+02
 319 1.2877972094e+02  -1.11e+03  5.00e+00    9.829676e+00   3.615849e+00  -3.110021e+01   1.066169e+02
   * 3.1630382032e+02   5.93e+04  5.00e+01    9.047279e+00   3.109366e+00  -2.951163e+01   1.156889e+02
 320 1.2735949795e+02  -1.12e+03  5.00e+00    9.816379e+00   3.607208e+00  -3.107337e+01   1.067722e+02
   * 3.0375018713e+02   5.81e+04  5.00e+01    9.038723e+00   3.106441e+00  -2.948629e+01   1.157357e+02
 321 1.2594591250e+02  -1.12e+03  5.00e+00    9.803100e+00   3.598626e+00  -3.104642e+01   1.069264e+02
   * 2.9167491652e+02   5.68e+04  5.00e+01    9.030267e+00   3.103561e+00  -2.946125e+01   1.157817e+02
 322 1.2453922015e+02  -1.13e+03  5.00e+00    9.789840e+00   3.590103e+00  -3.101937e+01   1.070794e+02
   * 2.8006517229e+02   5.55e+04  5.00e+01    9.021910e+00   3.100725e+00  -2.943651e+01   1.158269e+02
 323 1.2313967591e+02  -1.14e+03  5.00e+00    9.776601e+00   3.581639e+00  -3.099223e+01   1.072312e+02
   * 2.6890814673e+02   5.42e+04  5.00e+01    9.013654e+00   3.097931e+00  -2.941206e+01   1.158711e+02
 324 1.2174753404e+02  -1.14e+03  5.00e+00    9.763386e+00   3.573236e+00  -3.096501e+01   1.073818e+02
   * 2.5819108269e+02   5.28e+04  5.00e+01    9.005498e+00   3.095181e+00  -2.938790e+01   1.159146e+02
 325 1.2036304786e+02  -1.15e+03  5.00e+00    9.750194e+00   3.564892e+00  -3.093770e+01   1.075312e+02
   * 2.4790129417e+02   5.14e+04  5.00e+01    8.997441e+00   3.092472e+00  -2.936404e+01   1.159572e+02
 326 1.1898646957e+02  -1.16e+03  5.00e+00    9.737029e+00   3.556608e+00  -3.091032e+01   1.076795e+02
   * 2.3802618556e+02   5.00e+04  5.00e+01    8.989484e+00   3.089805e+00  -2.934048e+01   1.159991e+02
 327 1.1761805007e+02  -1.16e+03  5.00e+00    9.723892e+00   3.548385e+00  -3.088287e+01   1.078266e+02
   * 2.2855326948e+02   4.85e+04  5.00e+01    8.981627e+00   3.087179e+00  -2.931722e+01   1.160401e+02
 328 1.1625803876e+02  -1.17e+03  5.00e+00    9.710783e+00   3.540222e+00  -3.085535e+01   1.079724e+02
   * 2.1947018335e+02   4.70e+04  5.00e+01    8.973870e+00   3.084593e+00  -2.929425e+01   1.160804e+02
 329 1.1490668330e+02  -1.18e+03  5.00e+00    9.697706e+00   3.532121e+00  -3.082778e+01   1.081171e+02
   * 2.1076470473e+02   4.55e+04  5.00e+01    8.966212e+00   3.082048e+00  -2.927158e+01   1.161199e+02
 330 1.1356422948e+02  -1.18e+03  5.00e+00    9.684661e+00   3.524080e+00  -3.080016e+01   1.082606e+02
   * 2.0242476530e+02   4.39e+04  5.00e+01    8.958654e+00   3.079542e+00  -2.924921e+01   1.161586e+02
 331 1.1223092094e+02  -1.19e+03  5.00e+00    9.671650e+00   3.516101e+00  -3.077250e+01   1.084028e+02
   * 1.9443846389e+02   4.23e+04  5.00e+01    8.951195e+00   3.077075e+00  -2.922713e+01   1.161966e+02
 332 1.1090699901e+02  -1.19e+03  5.00e+00    9.658675e+00   3.508184e+00  -3.074479e+01   1.085439e+02
   * 1.8679407817e+02   4.06e+04  5.00e+01    8.943835e+00   3.074646e+00  -2.920535e+01   1.162339e+02
 333 1.0959270245e+02  -1.20e+03  5.00e+00    9.645736e+00   3.500329e+00  -3.071706e+01   1.086837e+02
   * 1.7948007534e+02   3.89e+04  5.00e+01    8.936573e+00   3.072256e+00  -2.918386e+01   1.162705e+02
 334 1.0828826728e+02  -1.20e+03  5.00e+00    9.632837e+00   3.492535e+00  -3.068930e+01   1.088223e+02
   * 1.7248512180e+02   3.72e+04  5.00e+01    8.929410e+00   3.069902e+00  -2.916267e+01   1.163064e+02
 335 1.0699392653e+02  -1.21e+03  5.00e+00    9.619978e+00   3.484804e+00  -3.066152e+01   1.089597e+02
   * 1.6579809172e+02   3.55e+04  5.00e+01    8.922345e+00   3.067586e+00  -2.914177e+01   1.163416e+02
 336 1.0570991002e+02  -1.21e+03  5.00e+00    9.607162e+00   3.477135e+00  -3.063373e+01   1.090959e+02
   * 1.5940807476e+02   3.37e+04  5.00e+01    8.915378e+00   3.065306e+00  -2.912117e+01   1.163761e+02
 337 1.0443644415e+02  -1.22e+03  5.00e+00    9.594388e+00   3.469529e+00  -3.060592e+01   1.092308e+02
   * 1.5330438275e+02   3.19e+04  5.00e+01    8.908509e+00   3.063062e+00  -2.910085e+01   1.164100e+02
 338 1.0317375166e+02  -1.22e+03  5.00e+00    9.581660e+00   3.461986e+00  -3.057812e+01   1.093646e+02
   * 1.4747655557e+02   3.00e+04  5.00e+01    8.901736e+00   3.060853e+00  -2.908083e+01   1.164433e+02
 339 1.0192205142e+02  -1.23e+03  5.00e+00    9.568979e+00   3.454506e+00  -3.055032e+01   1.094970e+02
   * 1.4191436618e+02   2.82e+04  5.00e+01    8.895061e+00   3.058680e+00  -2.906109e+01   1.164759e+02
 340 1.0068155819e+02  -1.23e+03  5.00e+00    9.556347e+00   3.447090e+00  -3.052253e+01   1.096283e+02
   * 1.3660782480e+02   2.63e+04  5.00e+01    8.888481e+00   3.056540e+00  -2.904164e+01   1.165078e+02
 341 9.9452482421e+01  -1.24e+03  5.00e+00    9.543764e+00   3.439737e+00  -3.049476e+01   1.097583e+02
   * 1.3154718238e+02   2.44e+04  5.00e+01    8.881998e+00   3.054435e+00  -2.902248e+01   1.165392e+02
 342 9.8235029991e+01  -1.24e+03  5.00e+00    9.531232e+00   3.432447e+00  -3.046701e+01   1.098871e+02
   * 1.2672293333e+02   2.25e+04  5.00e+01    8.875609e+00   3.052363e+00  -2.900360e+01   1.165700e+02
 343 9.7029402014e+01  -1.24e+03  5.00e+00    9.518754e+00   3.425221e+00  -3.043929e+01   1.100146e+02
   * 1.2212581754e+02   2.05e+04  5.00e+01    8.869316e+00   3.050323e+00  -2.898500e+01   1.166002e+02
 344 9.5835794608e+01  -1.25e+03  5.00e+00    9.506331e+00   3.418059e+00  -3.041160e+01   1.101409e+02
   * 1.1774682176e+02   1.86e+04  5.00e+01    8.863116e+00   3.048316e+00  -2.896669e+01   1.166298e+02
 345 9.4654398674e+01  -1.25e+03  5.00e+00    9.493963e+00   3.410961e+00  -3.038395e+01   1.102659e+02
   * 1.1357718042e+02   1.67e+04  5.00e+01    8.857011e+00   3.046341e+00  -2.894865e+01   1.166588e+02
 346 9.3485399686e+01  -1.25e+03  5.00e+00    9.481653e+00   3.403928e+00  -3.035634e+01   1.103897e+02
   * 1.0960837583e+02   1.47e+04  5.00e+01    8.850999e+00   3.044398e+00  -2.893089e+01   1.166873e+02
 347 9.2328977473e+01  -1.25e+03  5.00e+00    9.469403e+00   3.396958e+00  -3.032879e+01   1.105123e+02
   * 1.0583213778e+02   1.28e+04  5.00e+01    8.845079e+00   3.042485e+00  -2.891341e+01   1.167153e+02
 348 9.1185306014e+01  -1.25e+03  5.00e+00    9.457213e+00   3.390054e+00  -3.030129e+01   1.106336e+02
   * 1.0224044278e+02   1.08e+04  5.00e+01    8.839251e+00   3.040603e+00  -2.889620e+01   1.167427e+02
 349 9.0054553233e+01  -1.26e+03  5.00e+00    9.445085e+00   3.383214e+00  -3.027386e+01   1.107536e+02
   * 9.8825512707e+01   8.88e+03  5.00e+01    8.833514e+00   3.038751e+00  -2.887925e+01   1.167696e+02
 350 8.8936880799e+01  -1.26e+03  5.00e+00    9.433021e+00   3.376438e+00  -3.024649e+01   1.108724e+02
   * 9.5579813047e+01   6.95e+03  5.00e+01    8.827868e+00   3.036928e+00  -2.886258e+01   1.167960e+02
 351 8.7832443935e+01  -1.26e+03  5.00e+00    9.421022e+00   3.369728e+00  -3.021920e+01   1.109900e+02
   * 9.2496050725e+01   5.04e+03  5.00e+01    8.822312e+00   3.035134e+00  -2.884617e+01   1.168220e+02
 352 8.6741391231e+01  -1.26e+03  5.00e+00    9.409090e+00   3.363082e+00  -3.019198e+01   1.111063e+02
   * 8.9567171599e+01   3.15e+03  5.00e+01    8.816845e+00   3.033368e+00  -2.883003e+01   1.168474e+02
 353 8.5663864464e+01  -1.26e+03  5.00e+00    9.397225e+00   3.356501e+00  -3.016485e+01   1.112214e+02
   * 8.6786357557e+01   1.29e+03  5.00e+01    8.811467e+00   3.031631e+00  -2.881414e+01   1.168723e+02
 354 8.4599998422e+01  -1.26e+03  5.00e+00    9.385430e+00   3.349986e+00  -3.013781e+01   1.113352e+02
 355 8.4147023291e+01  -5.38e+02  5.00e-01    8.806176e+00   3.029921e+00  -2.879852e+01   1.168968e+02
   * 6.9587107715e+02   8.79e+04  5.00e+00    9.489852e+00   2.201902e+00  -2.127114e+01   1.188852e+02
 356 3.9231043965e+01  -1.14e+05  5.00e-01    8.618062e+00   2.962004e+00  -2.817621e+01   1.177552e+02
   * 7.9524229331e+02   9.51e+04  5.00e+00    9.547723e+00   2.167578e+00  -2.092549e+01   1.188295e+02
 357 3.8709571712e+01  -1.35e+03  5.00e-01    8.570045e+00   2.930113e+00  -2.795750e+01   1.181443e+02
   * 1.0646243151e+03   9.64e+04  5.00e+00    9.686965e+00   2.071318e+00  -1.999959e+01   1.188678e+02
 358 3.8666968907e+01  -1.10e+02  5.00e-01    8.567790e+00   2.915794e+00  -2.783922e+01   1.182366e+02
   * 1.1542502894e+03   9.67e+04  5.00e+00    9.733571e+00   2.041537e+00  -1.971464e+01   1.188826e+02
 359 3.8663298717e+01  -9.49e+00  5.00e-01    8.576961e+00   2.905580e+00  -2.774655e+01   1.182603e+02
   * 1.1914140025e+03   9.68e+04  5.00e+00    9.759770e+00   2.026878e+00  -1.957467e+01   1.188887e+02
 360 3.8662770166e+01  -1.37e+00  5.00e-01    8.589040e+00   2.896405e+00  -2.766019e+01   1.182664e+02
   * 1.2132281126e+03   9.68e+04  5.00e+00    9.780449e+00   2.016386e+00  -1.947457e+01   1.188919e+02
 361 3.8662643631e+01  -3.27e-01  5.00e-01    8.601884e+00   2.887486e+00  -2.757535e+01   1.182681e+02
iter      chisq       delta/lim  lambda   a             b             c             d            

After 361 iterations the fit converged.
final sum of squares of residuals : 38.6626
rel. change during last iteration : -3.27279e-06

degrees of freedom    (FIT_NDF)                        : 12
rms of residuals      (FIT_STDFIT) = sqrt(WSSR/ndf)    : 1.79496
variance of residuals (reduced chisquare) = WSSR/ndf   : 3.22189
p-value of the Chisq distribution (FIT_P)              : 0.000119582

Final set of parameters            Asymptotic Standard Error
=======================            ==========================
a               = 8.60188          +/- 9.095        (105.7%)
b               = 2.88749          +/- 6.693        (231.8%)
c               = -27.5754         +/- 62.23        (225.7%)
d               = 118.268          +/- 5.013        (4.239%)

correlation matrix of the fit parameters:
                a      b      c      d      
a               1.000 
b              -0.999  1.000 
c               1.000 -1.000  1.000 
d               0.955 -0.964  0.963  1.000 
Nullstelle: 75.0178
