# BEGINHEADER
# This file contains data from the SALSA 2m radio telescope.
# DATE=2024-01-31T12:16:0045
# GLON and GLAT given in degrees
# GLON=99.83864207212778
# GLAT=-0.02272353611616005
# DATA in two columns below. Col. 1 is velocity relative to LSR [km/s]. Col. 2 is uncalibrated antenna temperature [K].
# ENDHEADER
265.76428194484316 -3.7820552874200883
263.7031379942445 -7.603373128568362
261.64199404364587 -7.906968205441695
259.5808500930473 -5.3945181888222
257.51970614244857 -3.1772676221914775
255.45856219184995 -6.9589629200052245
253.39741824125133 -8.870759740839917
251.33627429065268 -5.61495678800881
249.27513034005406 -10.16360343450072
247.21398638945539 -6.97895951924482
245.15284243885677 1.4478483939337208
243.09169848825812 -12.188897027114015
241.0305545376595 -5.8981639241903885
238.96941058706085 -7.072600031249146
236.9082666364622 -6.3249259904495165
234.84712268586355 -4.613521088491691
232.78597873526493 -5.434853176599695
230.72483478466629 -8.925218837422047
228.66369083406764 -9.864863397099143
226.602546883469 -4.441815070562127
224.54140293287034 -5.595685711803432
222.48025898227172 -3.5074907472266146
220.41911503167307 -6.930850094412624
218.35797108107442 -2.539703764303495
216.29682713047578 -6.141817555829536
214.23568317987716 -7.564965485804251
212.1745392292785 -8.14541457946863
210.1133952786799 -13.425355116196279
208.0522513280812 -5.356914864542048
205.9911073774826 -7.120226585517192
203.92996342688394 -6.4808053682028595
201.86881947628532 -3.19907261401266
199.80767552568668 -9.391202417926998
197.74653157508803 -6.404260587458006
195.68538762448935 -4.436362347500302
193.6242436738907 -5.369804054405539
191.56309972329208 -12.647894465367617
189.50195577269344 -8.312907463071479
187.4408118220948 -3.8422946643651708
185.37966787149614 -6.186494215487968
183.31852392089752 -5.206299810192976
181.25737997029887 -14.95305556053132
179.19623601970025 -9.880348918159822
177.13509206910157 -8.345187752680207
175.07394811850295 -8.132622744137556
173.0128041679043 -7.6850113551640815
170.9516602173057 -9.427073131311468
168.89051626670704 -5.582745513166764
166.8293723161084 -8.625799885843032
164.76822836550974 -6.959042926369024
162.70708441491112 -8.614902031035582
160.64594046431247 -1.997844708226031
158.58479651371385 -5.280911116636467
156.52365256311518 -4.476385820237068
154.46250861251653 -10.582222238436476
152.4013646619179 -10.026800631044043
150.34022071131926 -6.062646459169147
148.2790767607206 -11.76244982515022
146.21793281012197 -6.974444441721223
144.15678885952335 -6.996119573359911
142.0956449089247 -7.097702752787962
140.03450095832608 -14.988024324169913
137.9733570077274 -9.975908355939628
135.91221305712878 -6.225165915054278
133.85106910653013 -10.200994111823036
131.7899251559315 -5.6907670073299155
129.72878120533287 -8.1975387314345
127.66763725473422 -8.375177647603206
125.60649330413557 -6.632173653013044
123.54534935353693 -7.010213444755337
121.48420540293829 -8.261611891682351
119.42306145233965 -14.173981677258361
117.36191750174102 -11.504335848320354
115.30077355114237 -10.668658452963296
113.23962960054374 -8.00499582884936
111.17848564994509 -11.778970590205434
109.11734169934645 -7.295951145460287
107.0561977487478 -9.559269534557318
104.99505379814917 -11.164173237377426
102.93390984755054 -4.239396239898991
100.87276589695189 -10.341036993477392
98.81162194635326 -9.137518764109064
96.75047799575461 -0.8768571482566621
94.68933404515597 -12.297164252069418
92.62819009455733 -9.417299043538858
90.56704614395869 -14.71520336668966
88.50590219336004 -10.342557216996887
86.44475824276141 -15.148705883447041
84.38361429216276 -16.119014609345093
82.32247034156413 -7.68422844284321
80.2613263909655 -10.995202500962897
78.20018244036685 -8.176801888988782
76.13903848976821 -14.636693589010743
74.07789453916956 -8.99758391345356
72.01675058857093 -14.288194250183812
69.95560663797228 -10.528617162490391
67.89446268737365 -13.205269601571658
65.83331873677501 -8.2928501972066
63.77217478617636 -10.305200107193055
61.71103083557772 -9.25932121872874
59.64988688497908 -5.650905467388297
57.58874293438044 -9.663792427293082
55.5275989837818 -4.388305219880309
53.46645503318316 -10.842361824959882
51.40531108258452 -10.043246672419336
49.34416713198587 -12.748737032042968
47.283023181387236 -14.298755151449873
45.221879230788595 -9.680848731316065
43.160735280189954 -11.508914470607094
41.09959132959131 -13.870783921434343
39.03844737899267 -11.997563900254564
36.97730342839403 -9.251037184529654
34.9161594777954 -11.789190538758058
32.855015527196755 -7.112855143284092
30.79387157659811 -9.244049935129011
28.73272762599947 -7.6396764194006215
26.67158367540083 -10.216011103614246
24.610439724802188 -1.3364578144805233
22.549295774203546 -9.012939928597309
20.488151823604905 -6.401630723624204
18.427007873006264 -7.394401706935998
16.365863922407623 -8.003479400076452
14.304719971808984 -3.9611445455125924
12.243576021210341 -1.2260197286483594
10.1824320706117 -0.5332019630832502
8.121288120013059 12.96849593554804
6.06014416941442 25.83863013933711
3.9990002188157794 42.98653506438192
1.9378562682171383 53.15914149632204
-0.12328768238150264 57.365568482423576
-2.184431632980143 57.47496381198202
-4.245575583578784 46.05083255648385
-6.306719534177426 47.11622225412124
-8.367863484776066 36.223450259006064
-10.429007435374707 32.80686688724307
-12.490151385973347 34.42970318699163
-14.551295336571988 23.51939998721078
-16.61243928717063 21.784487734465316
-18.673583237769268 26.554701767331988
-20.73472718836791 34.06544692951817
-22.79587113896655 25.527267512994996
-24.85701508956519 26.917543017065977
-26.918159040163832 22.85455766565662
-28.979302990762474 27.302223810316857
-31.04044694136111 26.740294009667167
-33.10159089195976 34.68992615402956
-35.16273484255839 32.73395878850585
-37.223878793157034 31.59698360477238
-39.285022743755675 37.55317791086744
-41.34616669435432 33.19641774706845
-43.40731064495296 35.512617039747504
-45.4684545955516 28.604168277911196
-47.52959854615025 34.90980974205579
-49.59074249674888 42.38384946126187
-51.65188644734752 35.676286597110696
-53.71303039794616 40.14727908147971
-55.774174348544804 30.688462183387774
-57.835318299143445 31.78703807400031
-59.896462249742086 29.520863601024626
-61.95760620034072 33.07865287488887
-64.01875015093937 22.92568971662629
-66.07989410153802 26.813153340138122
-68.14103805213665 20.354245191661064
-70.20218200273528 13.986944563684913
-72.26332595333393 15.162880523272134
-74.32446990393257 4.473988226086743
-76.38561385453121 8.756337699721431
-78.44675780512985 0.7094565126244609
-80.5079017557285 4.5325796559310305
-82.56904570632713 0.7575724797179549
-84.63018965692577 -2.6670850884190003
-86.69133360752441 1.9359082030026378
-88.75247755812305 -0.3528088382842441
-90.8136215087217 6.130935882323584
-92.87476545932033 4.6981041806052355
-94.93590940991898 10.053847342864364
-96.99705336051763 8.561835788780646
-99.05819731111626 -0.7545821739771714
-101.11934126171492 7.686630594275568
-103.18048521231356 1.6663977384382467
-105.24162916291219 -3.7910157911741726
-107.30277311351084 2.344593438979613
-109.36391706410947 -0.019780652034742708
-111.42506101470812 -8.301323067595503
-113.48620496530675 -7.83789350600343
-115.5473489159054 -6.195900064417365
-117.60849286650404 -11.483003200713119
-119.66963681710267 -8.238174697164295
-121.73078076770132 -5.054261031604267
-123.79192471829995 -10.623472093678146
-125.8530686688986 -7.496162859696991
-127.91421261949723 -6.0646761363858035
-129.9753565700959 -11.36409187284586
-132.03650052069452 -6.0687918198160755
-134.09764447129317 -11.013949930184806
-136.1587884218918 -8.425815059033685
-138.21993237249043 -8.264216451937905
-140.28107632308908 -13.361069835076327
-142.34222027368773 -10.552324361248257
-144.40336422428638 -7.153322989464111
-146.464508174885 -7.492240599932189
-148.52565212548365 -8.429117958513299
-150.58679607608227 -11.04956807950661
-152.64794002668094 -6.957934705040952
-154.7090839772796 -12.277249114011124
-156.7702279278782 -8.734966825626179
-158.83137187847686 -6.434194510475666
-160.89251582907548 -17.416047639579215
-162.95365977967415 -8.24518802130405
-165.01480373027277 -6.074900382918539
-167.07594768087142 -9.345333678715226
-169.13709163147004 -12.340575540596424
-171.19823558206872 -10.60606594337454
-173.25937953266734 -13.946265705200476
-175.320523483266 -13.595748174873467
-177.3816674338646 -6.592558685261844
-179.44281138446325 -10.315437804133946
-181.5039553350619 -6.981636249308963
-183.56509928566055 -4.967912593451121
-185.62624323625917 -4.697598038632775
-187.68738718685782 -12.320612305434977
-189.74853113745644 -3.780497866070983
-191.80967508805512 -7.774985360372018
-193.87081903865376 -12.091720480791725
-195.93196298925238 -0.8648275543728908
-197.99310693985103 -8.52230770047445
-200.05425089044965 -10.630245897717693
-202.1153948410483 -11.181109762357359
-204.17653879164692 -6.88196361818307
-206.23768274224557 -9.642938711633397
-208.29882669284422 -11.919674418689485
-210.35997064344286 -7.520691719264513
-212.42111459404148 -6.591302337314824
-214.48225854464013 -6.697192635145259
-216.54340249523875 -4.346415028047213
-218.60454644583743 -6.383513373077402
-220.66569039643605 -3.9988163750769843
-222.7268343470347 -9.041897969759491
-224.78797829763332 -6.186089971801072
-226.849122248232 -9.59607932637073
-228.9102661988306 -12.674087131121663
-230.97141014942926 -9.573739209878783
-233.0325541000279 -14.540921145415298
-235.09369805062653 -12.41002682136687
-237.1548420012252 -3.5438400790294002
-239.21598595182382 -3.6685216494175736
-241.27712990242247 -7.197863021194811
-243.3382738530211 -2.5385681561368862
-245.39941780361974 -8.193265801226984
-247.4605617542184 -9.107904809336384
-249.52170570481704 -5.196967303393169
-251.58284965541566 -4.613987249277374
-253.6439936060143 0.8744737967844738
-255.70513755661293 -9.482699364749372
-257.7662815072116 -6.3130783659809655
-259.82742545781025 -7.5913455916880315
