# BEGINHEADER
# This file contains data from the SALSA 2m radio telescope.
# DATE=2024-01-31T12:19:0044
# GLON and GLAT given in degrees
# GLON=99.83275133937512
# GLAT=0.004697971659605778
# DATA in two columns below. Col. 1 is velocity relative to LSR [km/s]. Col. 2 is uncalibrated antenna temperature [K].
# ENDHEADER
265.78109907280884 -2.161659462393607
263.71995512221025 -5.024962146017049
261.6588111716116 -4.23775576896299
259.59766722101295 -3.8529247494410708
257.5365232704143 -5.218015102436203
255.47537931981566 -5.469220374093948
253.41423536921704 -6.545528342079386
251.3530914186184 -5.001735988948659
249.29194746801977 -7.370641529127116
247.2308035174211 0.008152176088825762
245.16965956682247 11.99413090742503
243.10851561622383 -8.065359423359087
241.0473716656252 -3.519468303431392
238.98622771502656 -5.00407966164959
236.9250837644279 -4.742090781136692
234.86393981382926 -6.386163987663701
232.80279586323064 -5.307415425498294
230.741651912632 -6.976880829938512
228.68050796203337 -6.906945068658903
226.6193640114347 -6.284692881885509
224.55822006083605 -7.306700689099934
222.49707611023743 -4.213712763088279
220.43593215963878 -11.009498234416608
218.37478820904013 1.932245779715688
216.31364425844149 5.789918214855496
214.25250030784287 -8.053555325858108
212.19135635724422 -3.571805579110967
210.1302124066456 -8.847574625623983
208.06906845604692 -6.9408698191804765
206.0079245054483 -8.571232774196085
203.94678055484965 -7.230880750806313
201.88563660425103 -5.53999465151541
199.82449265365238 -9.161865561690144
197.76334870305374 -8.49508781016408
195.70220475245506 -9.32081873211041
193.64106080185644 -7.910993595039352
191.5799168512578 -9.119467677812638
189.51877290065917 -3.615916625419369
187.45762895006052 -3.8177938833612006
185.39648499946185 -9.011643390230573
183.33534104886323 -5.495322715399777
181.27419709826458 -8.09270915418743
179.21305314766596 -7.659260104392453
177.15190919706728 -6.704057835422999
175.09076524646866 -8.984439850671217
173.02962129587002 -9.025772628859606
170.9684773452714 -8.660119975816539
168.90733339467275 -8.04609401299362
166.8461894440741 -8.069080626748114
164.78504549347545 -8.638107224774128
162.72390154287683 -8.457165419131474
160.66275759227818 -6.2444303560077214
158.60161364167956 -7.9501726202204965
156.5404696910809 -8.33704362303546
154.47932574048227 -8.967093448748818
152.41818178988362 -8.623681718998421
150.357037839285 -8.878139919168609
148.29589388868635 -9.230635820611946
146.23474993808767 -9.380865358775521
144.17360598748905 -9.479499129011769
142.1124620368904 -8.386091232713804
140.0513180862918 -8.026635524879003
137.9901741356931 -8.530357201943614
135.9290301850945 -7.943776077298436
133.86788623449584 -7.136212833647357
131.80674228389722 -9.041562950686494
129.74559833329857 -9.974068808101967
127.68445438269993 -8.69099861211351
125.62331043210128 -9.40464423472691
123.56216648150264 -9.180324671590206
121.501022530904 -10.639759470853006
119.43987858030536 -9.467485040235314
117.37873462970673 -9.831514742575072
115.31759067910808 -9.036321259166106
113.25644672850945 -9.48962840380409
111.1953027779108 -10.828358173796813
109.13415882731216 -8.609603505034803
107.07301487671353 -10.48981021893128
105.01187092611488 -9.157134376705937
102.95072697551625 -9.672445869572613
100.8895830249176 -9.806416889837546
98.82843907431898 -9.408502038990536
96.76729512372033 -10.283479751165327
94.7061511731217 -12.206684457253289
92.64500722252305 -10.662519110623943
90.5838632719244 -10.988854233538712
88.52271932132575 -11.035537094428335
86.46157537072712 -9.431405731727432
84.40043142012848 -10.147464778158026
82.33928746952984 -9.73753626735395
80.2781435189312 -10.376227625635744
78.21699956833255 -11.102229461614918
76.15585561773392 -9.856519585249425
74.09471166713527 -9.572642059613196
72.03356771653664 -12.09391840822057
69.972423765938 -11.73314847082656
67.91127981533936 -11.076552704709735
65.85013586474072 -11.588822673636615
63.78899191414208 -10.088386893541212
61.72784796354343 -11.67882595425984
59.66670401294479 -10.752750003895486
57.60556006234615 -11.288417511305614
55.54441611174751 -10.19901892479502
53.48327216114887 -10.653640929020733
51.422128210550234 -10.952848898567332
49.36098425995159 -10.063088859040887
47.29984030935295 -10.228416765726433
45.23869635875431 -10.559167738344247
43.17755240815566 -10.662492411526191
41.11640845755702 -11.760081394139856
39.05526450695838 -9.687014283752946
36.994120556359746 -9.763302528814885
34.932976605761105 -11.14822024085418
32.871832655162464 -9.7997412634778
30.810688704563823 -10.058523837423987
28.74954475396518 -8.190565935811906
26.68840080336654 -9.877520958821405
24.627256852767896 -9.370655043415528
22.56611290216926 -8.47807195559788
20.504968951570618 -9.518676362545701
18.443825000971973 -9.16154315362852
16.382681050373336 -5.786317964733899
14.321537099774693 -4.70340004271426
12.260393149176055 -1.5706453682753203
10.199249198577412 3.094451389246462
8.138105247978773 11.43302569651356
6.076961297380131 27.153412413046205
4.015817346781491 42.689166427561624
1.9546733961828495 52.81328616432988
-0.10647055441579106 58.02074316357027
-2.167614505014432 52.38295714447274
-4.228758455613073 46.55064018829911
-6.289902406211714 45.90285495752879
-8.351046356810354 35.86610179336774
-10.412190307408995 33.14963912784308
-12.473334258007638 27.218132808769173
-14.534478208606277 24.84695263918939
-16.59562215920492 24.5699897971715
-18.65676610980356 27.221456954146433
-20.7179100604022 28.549266897101905
-22.77905401100084 26.55287628046666
-24.84019796159948 27.440794650683237
-26.90134191219812 25.448284522811246
-28.962485862796758 27.3364882453973
-31.023629813395402 30.060721779764787
-33.084773763994036 31.870489239105396
-35.145917714592684 32.31180374573604
-37.207061665191326 31.959380009279748
-39.26820561578997 33.14740218170295
-41.32934956638861 31.079267076440168
-43.39049351698725 29.390773778430276
-45.45163746758588 29.36189980693303
-47.512781418184524 32.6295823671898
-49.573925368783165 36.04560340987851
-51.635069319381806 35.379010983088236
-53.696213269980454 33.614762502707926
-55.757357220579095 36.54224078842778
-57.818501171177736 34.30613491598037
-59.87964512177637 33.104571325097545
-61.94078907237501 32.473033083827126
-64.00193302297366 28.757012633512606
-66.0630769735723 25.543769024108556
-68.12422092417094 22.003889988101815
-70.18536487476958 18.075379530413628
-72.24650882536822 13.698902910487387
-74.30765277596686 10.687593394994977
-76.3687967265655 6.120844452681338
-78.42994067716414 4.284698040475764
-80.49108462776277 0.7787497098237445
-82.55222857836142 0.09185785662902307
-84.61337252896006 -0.8516473389664272
-86.6745164795587 -2.7674332870590677
-88.73566043015734 0.9238232618320739
-90.79680438075599 1.4263483876410112
-92.85794833135462 5.16671454243794
-94.91909228195325 4.1107854187796296
-96.9802362325519 3.594708755016964
-99.04138018315054 2.402607022461128
-101.10252413374918 1.4261692440820666
-103.16366808434785 -0.15627349111703273
-105.22481203494648 -1.080294132268719
-107.28595598554513 -0.7286018395896581
-109.34709993614376 -3.3179236589984806
-111.40824388674241 -2.8101740950499594
-113.46938783734105 -5.397311715031471
-115.53053178793968 -7.080686610122997
-117.59167573853833 -7.624754291586559
-119.65281968913696 -8.734446778089524
-121.71396363973561 -9.39172665241065
-123.77510759033424 -8.642686649181464
-125.83625154093289 -8.820223417999156
-127.89739549153153 -9.255793102447834
-129.95853944213016 -8.266885205763908
-132.0196833927288 -8.908573056024569
-134.08082734332746 -7.984331788024163
-136.1419712939261 -8.810228735493128
-138.20311524452472 -8.871155435211167
-140.26425919512337 -9.405668615091031
-142.325403145722 -8.708465816424496
-144.38654709632067 -9.2122461257761
-146.4476910469193 -9.12679016504226
-148.50883499751794 -8.212533121084299
-150.56997894811656 -9.155851235566011
-152.63112289871523 -9.035695369389117
-154.69226684931385 -7.123746729136851
-156.7534107999125 -9.633046184090878
-158.81455475051112 -9.321540674160104
-160.87569870110977 -8.353565637567634
-162.93684265170845 -9.823570071094105
-164.99798660230707 -9.849152062051978
-167.0591305529057 -8.831037668072314
-169.12027450350433 -8.272063833096508
-171.18141845410298 -8.532551267097123
-173.24256240470163 -9.389097019916958
-175.30370635530028 -7.463834144104345
-177.3648503058989 -7.976507287459121
-179.42599425649755 -9.728785949023838
-181.4871382070962 -10.712731548579004
-183.54828215769484 -9.528286500945452
-185.60942610829346 -8.305768083045496
-187.6705700588921 -7.55134534371241
-189.73171400949073 -7.784528664141124
-191.7928579600894 -8.869537587673086
-193.85400191068803 -9.29709876601291
-195.91514586128667 -8.92490837693807
-197.9762898118853 -8.484749665840456
-200.03743376248394 -8.08262982354395
-202.0985777130826 -8.653876917674099
-204.1597216636812 -7.702138104041069
-206.22086561427986 -8.688714602172295
-208.2820095648785 -7.908049634758171
-210.34315351547716 -6.417897104415705
-212.40429746607577 -8.839099598197416
-214.46544141667442 -7.961974640824952
-216.52658536727304 -8.428839566659624
-218.58772931787172 -7.43730758769934
-220.64887326847034 -5.885122347108567
-222.710017219069 -8.826041620631742
-224.7711611696676 -2.5830357569735405
-226.83230512026626 -6.290510724249949
-228.8934490708649 -7.468700149244491
-230.95459302146355 -7.2586806639914085
-233.01573697206217 -7.099661910960872
-235.07688092266082 -5.983977398755958
-237.1380248732595 -5.909837304909859
-239.19916882385812 -6.560219970351722
-241.26031277445676 -6.620882109758208
-243.32145672505538 -6.250982766200943
-245.38260067565403 -6.812860848330787
-247.44374462625268 -6.006332913636527
-249.50488857685133 -5.864335094290545
-251.56603252744995 -7.333881594233144
-253.6271764780486 -0.004564480857218174
-255.68832042864722 -7.5983008140550705
-257.74946437924586 -4.689926702869722
-259.8106083298445 -4.409956578826473
