# BEGINHEADER
# This file contains data from the SALSA 2m radio telescope.
# DATE=2024-01-31T11:43:0020
# GLON and GLAT given in degrees
# GLON=25.19290199162662
# GLAT=-21.15776060111537
# DATA in two columns below. Col. 1 is velocity relative to LSR [km/s]. Col. 2 is uncalibrated antenna temperature [K].
# ENDHEADER
2394.235846462413 19.80244373405779
2392.1747025118148 40.911813428473124
2390.113558561216 36.5032502143561
2388.0524146106177 40.060646497072845
2385.991270660019 39.253006963676604
2383.93012670942 41.3050325840913
2381.8689827588214 42.89717334747626
2379.807838808223 44.48635364627019
2377.7466948576243 46.25077700797031
2375.6855509070256 48.05163718119166
2373.624406956427 50.327903491638835
2371.5632630058285 52.56219775654858
2369.5021190552297 54.65122058867598
2367.4409751046314 57.08719918694115
2365.3798311540327 59.67973209744176
2363.318687203434 62.350847847366026
2361.257543252835 64.6542103457488
2359.196399302237 66.56191324534147
2357.135255351638 68.58528313165475
2355.0741114010393 71.30905156820931
2353.0129674504406 72.89179122179333
2350.9518234998422 75.70200579528198
2348.8906795492435 75.95161862602764
2346.829535598645 77.367427656163
2344.7683916480464 79.80013605170063
2342.7072476974477 80.56949662782462
2340.646103746849 81.62522201020116
2338.5849597962506 82.73028634009368
2336.523815845652 84.02235457765674
2334.4626718950526 84.2850797942898
2332.401527944454 85.55067376507148
2330.3403839938555 85.8826659617998
2328.279240043257 87.09656155620304
2326.2180960926585 87.93320940320255
2324.1569521420597 88.14302204949819
2322.095808191461 88.21307476147437
2320.034664240862 88.94164528158794
2317.973520290264 88.99697485058502
2315.912376339665 89.88685722266189
2313.8512323890664 89.55046849954265
2311.7900884384676 89.83663699346104
2309.7289444878693 90.32815128239362
2307.6678005372705 91.31761341207971
2305.606656586672 89.93208552551759
2303.5455126360735 90.63257226666333
2301.4843686854747 91.11523861189696
2299.423224734876 91.12375143159716
2297.3620807842776 91.92517541318855
2295.300936833679 91.26428224636618
2293.23979288308 93.33012962625453
2291.1786489324813 92.87550606146084
2289.117504981883 92.38147858183612
2287.0563610312843 93.405804644185
2284.995217080686 92.39582758544533
2282.9340731300867 93.62941717054889
2280.8729291794884 92.88981673447284
2278.8117852288897 93.10529809290378
2276.7506412782914 93.93769555629925
2274.6894973276926 94.11069835167694
2272.6283533770934 94.346452956936
2270.5672094264946 93.89551236935046
2268.5060654758963 94.31300718085791
2266.4449215252976 93.25413997152374
2264.3837775746993 94.28503790041813
2262.3226336241 94.4736219620829
2260.2614896735017 95.50788332989994
2258.200345722903 94.72530973926297
2256.1392017723047 94.64840767046914
2254.078057821706 96.05518876614559
2252.016913871107 94.60935068200187
2249.9557699205084 94.24759970060263
2247.89462596991 96.01141276438734
2245.8334820193113 95.68308438575387
2243.772338068713 94.56198519966601
2241.711194118114 96.42313090451006
2239.6500501675155 96.12571305703463
2237.5889062169167 96.47428191229422
2235.5277622663184 96.37977708505508
2233.4666183157196 96.67612503676722
2231.405474365121 97.46903311986502
2229.344330414522 96.7842272801418
2227.283186463924 97.38083398662162
2225.222042513325 97.25088344325054
2223.1608985627267 98.03592458270819
2221.0997546121275 97.45697361802448
2219.038610661529 96.59911949722746
2216.9774667109305 98.0430828137254
2214.916322760332 100.84111749350751
2212.8551788097334 96.33076058560196
2210.794034859134 96.54947124540561
2208.7328909085354 97.84309377806103
2206.671746957937 98.08164670644209
2204.6106030073383 97.44752063460813
2202.54945905674 97.12209314672755
2200.488315106141 97.92051786696204
2198.4271711555425 97.84127506123208
2196.3660272049437 97.6476235315055
2194.3048832543454 96.8407539498231
2192.2437393037467 97.95163408529456
2190.182595353148 98.45134859548479
2188.121451402549 97.75754193612276
2186.060307451951 98.21984019476268
2183.999163501352 98.96524173876344
2181.938019550754 98.737958016477
2179.8768756001546 98.54370756343363
2177.8157316495563 98.50206784155033
2175.7545876989575 97.88851785800622
2173.693443748359 98.18212555597057
2171.6322997977604 97.6709915874888
2169.5711558471617 97.46974128811925
2167.510011896563 97.9594522401209
2165.4488679459646 99.25406872712084
2163.387723995366 98.43385123933278
2161.3265800447675 99.44056223190779
2159.2654360941683 99.43090784192604
2157.20429214357 97.47519687902228
2155.1431481929712 97.59430978910255
2153.082004242373 97.10266184537339
2151.020860291774 98.73868336983256
2148.9597163411754 98.44986514527423
2146.898572390576 99.33479717569692
2144.837428439978 99.14531384140278
2142.776284489379 97.36985882800592
2140.715140538781 97.93369418409476
2138.6539965881816 99.90153110377155
2136.5928526375833 98.64094017947009
2134.5317086869845 99.893052398368
2132.470564736386 101.58569131298984
2130.4094207857875 102.61837925944126
2128.3482768351887 99.65366930657656
2126.28713288459 99.52694481290636
2124.2259889339916 99.18010183842674
2122.164844983393 98.3081618558442
2120.1037010327946 98.98986180869485
2118.0425570821953 97.80340722402494
2115.981413131597 99.06104192035654
2113.9202691809983 98.50495907356725
2111.8591252304 97.70713736321868
2109.797981279801 98.31992500603002
2107.7368373292024 97.74449200749028
2105.6756933786037 97.89957917765568
2103.6145494280054 97.75503577742073
2101.5534054774066 98.2767147481047
2099.4922615268083 97.68099853323106
2097.431117576209 97.44938102601574
2095.369973625611 97.19437044058468
2093.308829675012 97.04957820696727
2091.2476857244133 97.52079357238786
2089.1865417738145 99.6941001444317
2087.125397823216 98.34634644065162
2085.064253872617 97.4998810886598
2083.0031099220187 97.52044617518352
2080.94196597142 97.26507809089226
2078.8808220208216 96.83820388164503
2076.819678070223 97.35756823086675
2074.758534119624 99.08148727085677
2072.6973901690253 97.83037516066676
2070.636246218427 96.15603580988724
2068.5751022678282 97.84438294957106
2066.51395831723 96.17172943515978
2064.4528143666307 98.6966094041913
2062.3916704160324 96.57518681518329
2060.3305264654336 121.99453390040722
2058.2693825148353 105.77186124331881
2056.2082385642366 93.47730142764496
2054.147094613638 98.7692809767764
2052.085950663039 96.1972677561393
2050.0248067124403 97.35053137015095
2047.9636627618418 96.76642034390959
2045.9025188112435 98.16783692838233
2043.8413748606445 96.38835409468905
2041.7802309100462 96.03131453636368
2039.7190869594474 96.51361799282165
2037.6579430088486 96.03326993671148
2035.5967990582499 95.47989353961738
2033.5356551076513 96.68738626186145
2031.4745111570526 96.91892259963798
2029.413367206454 95.96361101694119
2027.3522232558553 94.94869962543648
2025.291079305257 94.16109425103666
2023.229935354658 94.10080354042566
2021.1687914040597 94.74476456163275
2019.107647453461 95.40562748478995
2017.0465035028624 95.06030669114143
2014.9853595522636 94.50427847046768
2012.924215601665 94.39367473558572
2010.8630716510663 94.2371017341364
2008.8019277004678 94.9625222550137
2006.7407837498688 94.49434204753588
2004.6796397992705 94.11078006111906
2002.6184958486715 94.88155619959707
2000.5573518980732 94.52148626878213
1998.4962079474744 92.88228252614906
1996.435063996876 94.7071487398216
1994.3739200462771 93.27011319251801
1992.3127760956786 94.11307858942428
1990.2516321450798 93.31588028939986
1988.1904881944813 92.5077787375391
1986.1293442438825 93.69830065418053
1984.0682002932842 93.02427097445165
1982.0070563426852 91.78059307957432
1979.945912392087 91.89727697035697
1977.8847684414882 91.797436588377
1975.8236244908896 92.46228513884327
1973.7624805402907 91.49626181134605
1971.7013365896921 91.93690395189492
1969.6401926390934 90.90213182423446
1967.5790486884948 91.1959884290001
1965.517904737896 90.92382314936273
1963.4567607872978 89.71965846568035
1961.3956168366988 90.65683509140857
1959.3344728861005 90.9508323277421
1957.2733289355017 90.18863681103399
1955.2121849849032 89.26724504994122
1953.1510410343044 89.58478803323433
1951.0898970837059 90.03600666516812
1949.028753133107 88.08923898765369
1946.9676091825086 88.62614937625187
1944.9064652319096 88.5212309738142
1942.845321281311 87.98399924513471
1940.7841773307123 87.29595836866842
1938.723033380114 87.58297023052475
1936.6618894295152 87.3834300061434
1934.6007454789167 86.01219080905032
1932.539601528318 86.52071118079384
1930.4784575777194 85.49767954999085
1928.4173136271206 83.16543202413087
1926.356169676522 83.2305222610484
1924.2950257259233 83.14498509331686
1922.2338817753248 82.23199979284718
1920.172737824726 81.42324015680379
1918.1115938741277 79.89386498909442
1916.050449923529 78.91682090509529
1913.9893059729304 77.79990206801833
1911.9281620223314 75.46268656456446
1909.867018071733 74.9243664471059
1907.8058741211341 72.7072742669723
1905.7447301705356 70.53575422366275
1903.6835862199368 68.93654540364734
1901.6224422693383 66.22287410840292
1899.5612983187395 64.52113785348149
1897.5001543681412 61.75305420063171
1895.4390104175422 59.51272662022487
1893.377866466944 57.07792724181328
1891.3167225163452 55.49752640727157
1889.2555785657466 52.57248890871281
1887.1944346151479 50.12479986123061
1885.1332906645493 48.26702410217065
1883.0721467139506 46.014498979053045
1881.0110027633518 44.73531019651322
1878.949858812753 42.08739300327906
1876.8887148621548 41.31399145151337
1874.8275709115558 38.99963882048859
1872.7664269609575 39.85435861875579
1870.7052830103587 36.22283540174314
1868.6441390597602 40.56062209239431
