# BEGINHEADER
# This file contains data from the SALSA 2m radio telescope.
# DATE=2024-01-31T11:52:0019
# GLON and GLAT given in degrees
# GLON=37.05997818577687
# GLAT=-48.53520385890716
# DATA in two columns below. Col. 1 is velocity relative to LSR [km/s]. Col. 2 is uncalibrated antenna temperature [K].
# ENDHEADER
2373.7064003687346 18.486488975931703
2371.645256418136 38.00724459904349
2369.584112467537 33.89576302388754
2367.522968516939 37.089863294154576
2365.46182456634 36.17868037656961
2363.4006806157417 38.50155498685089
2361.3395366651425 39.24957867584765
2359.278392714544 41.63456586453115
2357.2172487639455 42.46841340333301
2355.156104813347 44.924009751231495
2353.0949608627484 46.894121320894165
2351.0338169121496 48.875102180608
2348.972672961551 50.843532780268106
2346.9115290109526 53.20114513284505
2344.850385060354 55.5847020866062
2342.7892411097555 57.59111809637274
2340.7280971591563 60.143021551520846
2338.666953208558 61.64619585841832
2336.605809257959 63.620514298765514
2334.544665307361 65.7108068136091
2332.483521356762 66.76129382048588
2330.4223774061634 69.06881478615857
2328.3612334555646 69.93553363388158
2326.3000895049663 72.1234601805294
2324.238945554367 74.48868261174857
2322.177801603769 74.77917062990925
2320.1166576531696 76.67977838989893
2318.0555137025713 76.83789576843273
2315.9943697519725 77.15062091066615
2313.933225801374 78.82607697992226
2311.8720818507754 78.80626117373272
2309.8109379001767 79.37129709431842
2307.749793949578 79.55365017960173
2305.6886499989796 80.57366283509226
2303.627506048381 81.09852917129153
2301.5663620977825 81.58571141911273
2299.5052181471833 81.14647439836634
2297.444074196585 82.35825459443556
2295.3829302459862 83.0956829241537
2293.321786295388 83.77214340058505
2291.260642344789 83.04140991467469
2289.1994983941904 83.62151232654342
2287.1383544435917 83.25882130750217
2285.0772104929933 83.84309880362426
2283.0160665423946 84.02409859610161
2280.9549225917963 83.6511586453871
2278.893778641197 83.85942547664582
2276.8326346905988 84.05937377736527
2274.77149074 84.24241153402453
2272.7103467894017 84.58439710894645
2270.649202838803 84.1477835888345
2268.588058888204 84.8998635337779
2266.5269149376054 85.19120174075555
2264.465770987007 84.80067088164989
2262.4046270364083 85.58415867815194
2260.3434830858096 85.71550598058262
2258.2823391352103 85.8106782390972
2256.221195184612 86.58976439463662
2254.1600512340133 86.50197921188519
2252.098907283415 85.77896456066335
2250.037763332816 86.28119977466805
2247.9766193822175 86.43266419291956
2245.9154754316187 86.46406508055814
2243.8543314810204 86.58616675146611
2241.7931875304216 87.23005050608391
2239.7320435798233 87.4823090797161
2237.670899629224 87.91604675182778
2235.609755678626 87.40825467222733
2233.548611728027 87.31134231535464
2231.4874677774287 87.46367860436546
2229.42632382683 88.06424492851916
2227.365179876231 88.78179407420218
2225.3040359256324 87.96579568367478
2223.242891975034 88.15554830803296
2221.1817480244354 88.30142488901116
2219.1206040738366 87.63768663565524
2217.059460123238 88.30912429938469
2214.9983161726395 89.33765487405604
2212.9371722220408 87.7639301845666
2210.8760282714425 88.90494311646258
2208.8148843208437 88.70172994869088
2206.753740370245 88.84054540670034
2204.692596419646 89.39452245440354
2202.631452469048 89.09524895547604
2200.570308518449 89.83643795921688
2198.50916456785 89.74170516890273
2196.448020617251 92.15979786488053
2194.386876666653 97.24465707702302
2192.325732716054 89.36004124851219
2190.2645887654558 89.30253433225117
2188.203444814857 88.74001242019212
2186.1423008642582 89.82022231234617
2184.0811569136595 89.19747796717532
2182.020012963061 90.98035762352342
2179.9588690124624 90.12581018952456
2177.8977250618636 89.3629500950724
2175.836581111265 90.54391183474054
2173.7754371606666 89.62567027834902
2171.714293210068 89.22338686641216
2169.6531492594695 89.64033640049992
2167.5920053088707 90.32327882656294
2165.530861358272 90.01794982636034
2163.469717407673 90.22746640307444
2161.408573457075 89.56781102008284
2159.347429506476 89.87443908865424
2157.2862855558774 90.30302214654691
2155.2251416052786 90.47166851479152
2153.1639976546803 89.89900243521541
2151.1028537040816 89.5100646756799
2149.0417097534832 91.02463474615756
2146.9805658028845 90.98546709748477
2144.9194218522857 90.51829373745642
2142.858277901687 90.2791576237073
2140.7971339510887 90.59442174192345
2138.73599000049 90.48294844976851
2136.6748460498907 90.2874861466907
2134.613702099292 90.5232810376354
2132.5525581486936 91.40627222359754
2130.491414198095 90.87834286305639
2128.4302702474965 91.1106417323007
2126.369126296898 91.60553006002316
2124.307982346299 90.97454006712891
2122.2468383957003 90.05518763152435
2120.185694445102 91.33009995310947
2118.124550494503 90.67302673270571
2116.0634065439044 90.26421130850963
2114.0022625933057 90.68630347489749
2111.9411186427074 93.31776174115731
2109.8799746921086 94.7886197946347
2107.8188307415103 91.68910612940927
2105.7576867909115 90.96399772806153
2103.6965428403128 90.2940398329454
2101.635398889714 90.22976531049717
2099.5742549391157 90.67174991785211
2097.513110988517 90.86433215504546
2095.451967037918 91.29973769522593
2093.3908230873194 90.83109737686192
2091.329679136721 90.94420195068798
2089.2685351861223 91.29987658124394
2087.2073912355236 91.01001828983607
2085.146247284925 91.05012601018123
2083.0851033343265 90.61627691758986
2081.0239593837277 90.61432225423404
2078.9628154331294 89.8334559943614
2076.9016714825307 90.07985549005993
2074.840527531932 90.53562589127833
2072.779383581333 91.35792796585044
2070.7182396307344 91.50206290686583
2068.6570956801356 91.9157267651405
2066.5959517295373 89.9307297542351
2064.5348077789386 89.77536002298403
2062.47366382834 89.31152652341062
2060.412519877741 88.92095001149826
2058.3513759271427 90.31534412506659
2056.290231976544 89.3612917317679
2054.2290880259457 91.36606561645432
2052.167944075347 89.86629407643294
2050.106800124748 89.11237023507897
2048.0456561741494 89.44013988122003
2045.9845122235508 89.36659282827326
2043.923368272952 90.1285840978894
2041.8622243223535 91.76769827801655
2039.8010803717548 93.72601628367711
2037.7399364211565 89.52376747646107
2035.6787924705575 89.76237643368586
2033.6176485199592 89.17320849295275
2031.5565045693604 88.50484812407453
2029.4953606187619 88.82141461012623
2027.434216668163 89.5375052449074
2025.3730727175644 89.51902076469445
2023.3119287669656 88.97977173556706
2021.250784816367 89.57729750648883
2019.1896408657683 88.8071225500978
2017.12849691517 88.93123892559787
2015.067352964571 88.51913544531945
2013.0062090139727 89.88418979148528
2010.945065063374 88.75360468487418
2008.8839211127754 87.07475254409201
2006.8227771621766 87.60359055705135
2004.761633211578 87.79106730425468
2002.7004892609793 88.41138897090835
2000.6393453103808 87.68956833103175
1998.578201359782 87.68447562357446
1996.5170574091837 87.8340673428406
1994.4559134585845 88.05209769610231
1992.3947695079862 87.01984999109361
1990.3336255573874 87.18393410587525
1988.272481606789 87.76337286016545
1986.2113376561902 87.6788186350102
1984.1501937055916 87.82058343281777
1982.0890497549929 87.43860125096181
1980.0279058043943 86.70350458454507
1977.9667618537956 86.90566634408998
1975.9056179031973 86.20197765756727
1973.8444739525983 85.97699239328591
1971.783330002 85.36480858906229
1969.7221860514012 86.39938623942558
1967.6610421008027 86.81089392501207
1965.599898150204 85.07038416043981
1963.5387541996051 84.71500088508307
1961.4776102490064 85.16996140019359
1959.4164662984078 85.48443715482104
1957.355322347809 85.86106504936245
1955.2941783972108 85.18441866565483
1953.2330344466118 85.00728873112095
1951.1718904960135 85.0779158817906
1949.1107465454147 84.65214940923731
1947.0496025948162 84.45131616092692
1944.9884586442174 84.23683624798728
1942.9273146936189 83.4577404157904
1940.8661707430201 84.12296517843045
1938.8050267924216 84.16335180097433
1936.7438828418228 83.53780559252162
1934.6827388912245 82.95821083273559
1932.6215949406253 83.65434936605514
1930.560450990027 83.31393302629347
1928.4993070394282 82.52590095332388
1926.4381630888297 82.91699853311235
1924.377019138231 81.25736223478914
1922.3158751876324 81.12316800226948
1920.2547312370336 81.90438706465179
1918.193587286435 81.38484438959529
1916.1324433358363 81.26675103108914
1914.071299385238 80.70443279499462
1912.010155434639 80.52211382665949
1909.9490114840407 79.37697430220035
1907.887867533442 78.79866925947297
1905.8267235828434 77.96035071975034
1903.7655796322447 77.00482022365246
1901.704435681646 76.1005530320616
1899.6432917310472 74.74145806433644
1897.5821477804486 74.83829580555602
1895.5210038298499 72.92971214645294
1893.4598598792516 71.40617665110913
1891.3987159286526 70.76730918850043
1889.3375719780543 68.76980178471497
1887.2764280274555 67.63350745975335
1885.215284076857 65.98559941404632
1883.1541401262582 63.67139306804244
1881.0929961756597 62.5781897541755
1879.031852225061 59.7963350717765
1876.9707082744624 57.626386085817565
1874.9095643238636 55.38532703233905
1872.8484203732653 52.66007327754054
1870.787276422666 51.23750049483529
1868.7261324720678 49.13254924875862
1866.664988521469 46.782739106792285
1864.6038445708705 44.85904797268099
1862.5427006202717 42.80914437746961
1860.4815566696732 41.76204152199335
1858.4204127190744 39.46565856312208
1856.3592687684759 38.540739864198265
1854.2981248178771 36.507295369949034
1852.2369808672788 36.84353253051477
1850.1758369166798 33.663368076154555
1848.1146929660815 37.96236579448946
