iter      chisq       delta/lim  lambda   a             b            
   0 1.3012508760e+05   0.00e+00  1.24e+02   -1.000000e+00   1.000000e+00
   1 1.6260147434e+03  -7.90e+06  1.24e+01   -8.944138e-02   1.004989e+00
   2 1.9046795994e+01  -8.44e+06  1.24e+00    2.426902e-02   1.004149e+00
   3 1.9042464372e+01  -2.27e+01  1.24e-01    2.441392e-02   1.028478e+00
   4 1.8855601758e+01  -9.91e+02  1.24e-02    2.474666e-02   3.464314e+00
   * 5.8633706537e+01   6.78e+04  1.24e-01    4.789456e-02   1.683493e+02
   5 1.8659781734e+01  -1.05e+03  1.24e-02    2.513151e-02   5.954346e+00
   * 6.2465559315e+01   7.01e+04  1.24e-01    4.905538e-02   1.714606e+02
   6 1.8454134098e+01  -1.11e+03  1.24e-02    2.553825e-02   8.505032e+00
   * 6.6569638372e+01   7.23e+04  1.24e-01    5.027171e-02   1.744989e+02
   7 1.8237805404e+01  -1.19e+03  1.24e-02    2.596853e-02   1.111999e+01
   * 7.0935246005e+01   7.43e+04  1.24e-01    5.154568e-02   1.774445e+02
   8 1.8009836500e+01  -1.27e+03  1.24e-02    2.642467e-02   1.380311e+01
   * 7.5541403300e+01   7.62e+04  1.24e-01    5.287984e-02   1.802761e+02
   9 1.7769146189e+01  -1.35e+03  1.24e-02    2.690933e-02   1.655867e+01
   * 8.0352674681e+01   7.79e+04  1.24e-01    5.427660e-02   1.829690e+02
  10 1.7514511304e+01  -1.45e+03  1.24e-02    2.742553e-02   1.939135e+01
   * 8.5315159014e+01   7.95e+04  1.24e-01    5.573819e-02   1.854953e+02
  11 1.7244542873e+01  -1.57e+03  1.24e-02    2.797677e-02   2.230628e+01
   * 9.0351902001e+01   8.09e+04  1.24e-01    5.726649e-02   1.878232e+02
  12 1.6957657519e+01  -1.69e+03  1.24e-02    2.856708e-02   2.530914e+01
   * 9.5357856940e+01   8.22e+04  1.24e-01    5.886295e-02   1.899172e+02
  13 1.6652043048e+01  -1.84e+03  1.24e-02    2.920116e-02   2.840617e+01
   * 1.0019469489e+02   8.34e+04  1.24e-01    6.052835e-02   1.917374e+02
  14 1.6325616958e+01  -2.00e+03  1.24e-02    2.988450e-02   3.160429e+01
   * 1.0468601071e+02   8.44e+04  1.24e-01    6.226264e-02   1.932394e+02
  15 1.5975976370e+01  -2.19e+03  1.24e-02    3.062356e-02   3.491115e+01
   * 1.0861381603e+02   8.53e+04  1.24e-01    6.406464e-02   1.943746e+02
  16 1.5600337632e+01  -2.41e+03  1.24e-02    3.142598e-02   3.833525e+01
   * 1.1171766249e+02   8.60e+04  1.24e-01    6.593171e-02   1.950903e+02
  17 1.5195463738e+01  -2.66e+03  1.24e-02    3.230088e-02   4.188602e+01
   * 1.1369827893e+02   8.66e+04  1.24e-01    6.785940e-02   1.953304e+02
  18 1.4757577759e+01  -2.97e+03  1.24e-02    3.325918e-02   4.557392e+01
   * 1.1422816255e+02   8.71e+04  1.24e-01    6.984102e-02   1.950367e+02
  19 1.4282261154e+01  -3.33e+03  1.24e-02    3.431410e-02   4.941055e+01
   * 1.1297196959e+02   8.74e+04  1.24e-01    7.186709e-02   1.941505e+02
  20 1.3764337605e+01  -3.76e+03  1.24e-02    3.548172e-02   5.340868e+01
   * 1.0961949714e+02   8.74e+04  1.24e-01    7.392489e-02   1.926162e+02
  21 1.3197747273e+01  -4.29e+03  1.24e-02    3.678174e-02   5.758232e+01
   * 1.0393304690e+02   8.73e+04  1.24e-01    7.599791e-02   1.903849e+02
  22 1.2575425473e+01  -4.95e+03  1.24e-02    3.823848e-02   6.194655e+01
   * 9.5808361468e+01   8.69e+04  1.24e-01    7.806542e-02   1.874204e+02
  23 1.1889218523e+01  -5.77e+03  1.24e-02    3.988208e-02   6.651724e+01
   * 8.5343461065e+01   8.61e+04  1.24e-01    8.010215e-02   1.837071e+02
  24 1.1129907135e+01  -6.82e+03  1.24e-02    4.175000e-02   7.131033e+01
   * 7.2902320442e+01   8.47e+04  1.24e-01    8.207834e-02   1.792597e+02
  25 1.0287480953e+01  -8.19e+03  1.24e-02    4.388877e-02   7.634034e+01
   * 5.9151333003e+01   8.26e+04  1.24e-01    8.396023e-02   1.741350e+02
  26 9.3519457203e+00  -1.00e+04  1.24e-02    4.635560e-02   8.161772e+01
   * 4.5039121864e+01   7.92e+04  1.24e-01    8.571129e-02   1.684447e+02
  27 8.3151869551e+00  -1.25e+04  1.24e-02    4.921915e-02   8.714385e+01
   * 3.1690904302e+01   7.38e+04  1.24e-01    8.729440e-02   1.623682e+02
  28 7.1747828585e+00  -1.59e+04  1.24e-02    5.255742e-02   9.290258e+01
   * 2.0206337464e+01   6.45e+04  1.24e-01    8.867529e-02   1.561602e+02
  29 5.9410174800e+00  -2.08e+04  1.24e-02    5.644848e-02   9.884610e+01
   * 1.1391689216e+01   4.78e+04  1.24e-01    8.982723e-02   1.501471e+02
  30 4.6479617674e+00  -2.78e+04  1.24e-02    6.094582e-02   1.048742e+02
   * 5.5175592018e+00   1.58e+04  1.24e-01    9.073646e-02   1.447018e+02
  31 3.3662345508e+00  -3.81e+04  1.24e-02    6.602744e-02   1.108095e+02
  32 2.2380015258e+00  -5.04e+04  1.24e-03    9.140743e-02   1.401823e+02
  33 1.1207448820e-01  -1.90e+06  1.24e-04    9.251487e-02   1.326281e+02
  34 1.1179667286e-01  -2.49e+02  1.24e-05    9.251377e-02   1.327177e+02
  35 1.1179667286e-01  -3.76e-08  1.24e-06    9.251377e-02   1.327177e+02
iter      chisq       delta/lim  lambda   a             b            

After 35 iterations the fit converged.
final sum of squares of residuals : 0.111797
rel. change during last iteration : -3.76251e-13

degrees of freedom    (FIT_NDF)                        : 2
rms of residuals      (FIT_STDFIT) = sqrt(WSSR/ndf)    : 0.236428
variance of residuals (reduced chisquare) = WSSR/ndf   : 0.0558983

Final set of parameters            Asymptotic Standard Error
=======================            ==========================
a               = 0.0925138        +/- 0.003761     (4.065%)
b               = 132.718          +/- 2.117        (1.595%)

correlation matrix of the fit parameters:
                a      b      
a               1.000 
b               0.797  1.000 
