# BEGINHEADER
# This file contains data from the SALSA 2m radio telescope.
# DATE=2024-01-31T11:29:0054
# GLON and GLAT given in degrees
# GLON=41.371628090163675
# GLAT=-37.51252053429915
# DATA in two columns below. Col. 1 is velocity relative to LSR [km/s]. Col. 2 is uncalibrated antenna temperature [K].
# ENDHEADER
2380.4291609186607 18.513820219942378
2378.3680169680615 38.4152202316661
2376.3068730174627 34.240338641266085
2374.2457290668644 37.2756031756887
2372.1845851162657 36.8339477641191
2370.1234411656674 38.85842347899044
2368.0622972150686 39.98786576135879
2366.00115326447 41.95983378582417
2363.940009313871 43.52932101192642
2361.878865363273 45.16798316025351
2359.817721412674 47.56397380786682
2357.7565774620753 49.61056265120615
2355.6954335114765 51.89676270380581
2353.634289560878 53.77870521212283
2351.5731456102794 55.92839146246261
2349.512001659681 58.915334698893574
2347.4508577090824 60.62894370147427
2345.3897137584836 62.80164192384658
2343.328569807885 65.03262696317914
2341.2674258572865 66.23173854911948
2339.2062819066878 68.67724014064004
2337.145137956089 70.65541916328418
2335.0839940054902 71.92225346081031
2333.022850054892 73.48831070521551
2330.961706104293 75.3263024299188
2328.900562153695 75.72325038194465
2326.839418203096 76.82006830682936
2324.7782742524973 77.66589301835253
2322.7171303018986 79.42095538415875
2320.6559863513003 79.66202643947312
2318.5948424007015 80.64183046626039
2316.5336984501023 80.34321362044052
2314.4725544995035 81.50080082588568
2312.411410548905 83.28968937186794
2310.3502665983065 83.00716273441826
2308.289122647708 82.94067589711325
2306.2279786971094 82.32925382779511
2304.1668347465106 83.6700482360516
2302.105690795912 83.33752462724195
2300.0445468453136 83.99770408598506
2297.983402894715 83.54263942836462
2295.922258944116 83.7712626398877
2293.8611149935173 84.40843617310355
2291.799971042919 85.51595712957304
2289.73882709232 85.58948001695023
2287.677683141722 85.52581409933987
2285.616539191123 85.0635642185425
2283.5553952405244 85.44514941653661
2281.4942512899256 85.91861239223714
2279.4331073393273 86.73319069176658
2277.3719633887285 86.98992603039726
2275.31081943813 86.60132019529439
2273.249675487531 87.55919666721007
2271.1885315369327 87.09734158056342
2269.127387586334 86.91268094446121
2267.0662436357356 86.73272682578967
2265.0050996851364 87.45940404804541
2262.943955734538 88.07884136344376
2260.8828117839394 89.05184177315451
2258.821667833341 88.33083870993504
2256.7605238827423 88.99637381723464
2254.6993799321435 88.88780837980947
2252.6382359815443 88.9423929938758
2250.577092030946 89.32982143959212
2248.5159480803472 89.23912907304097
2246.454804129749 88.67058504574295
2244.3936601791497 89.07767510575636
2242.3325162285514 88.94832088713638
2240.2713722779527 89.40289131859154
2238.2102283273543 89.45688490167808
2236.1490843767556 89.2932607421535
2234.087940426157 89.88520245246984
2232.026796475558 89.19709258126905
2229.9656525249598 89.852156733928
2227.904508574361 89.37333074030626
2225.8433646237627 89.14173477344477
2223.7822206731635 90.25896821378409
2221.721076722565 89.82454757835353
2219.6599327719664 90.08319123876566
2217.598788821368 90.36862426983488
2215.5376448707693 91.56386825618445
2213.4765009201706 90.7085989572207
2211.415356969572 91.8611335986132
2209.3542130189735 91.0327664217499
2207.2930690683747 91.35482331087209
2205.2319251177764 91.92284978999336
2203.170781167177 93.31630095340317
2201.109637216579 92.9244671018061
2199.04849326598 91.40640170509594
2196.987349315382 92.2358535791885
2194.926205364783 90.93214653360202
2192.8650614141843 90.55063818888307
2190.803917463585 91.97730685736376
2188.742773512987 91.72553131760058
2186.681629562388 91.50333772834178
2184.6204856117897 92.14777097255202
2182.5593416611905 91.04802576931883
2180.498197710592 91.83529273496947
2178.4370537599934 91.63103583656007
2176.375909809395 91.6771999004866
2174.3147658587964 91.8352445820023
2172.2536219081976 92.09911363503427
2170.192477957599 92.07573644550155
2168.1313340070005 92.5887480683295
2166.0701900564018 91.64173335501845
2164.0090461058035 91.96043891942408
2161.9479021552042 92.69612756812904
2159.886758204606 92.827267737754
2157.825614254007 92.26525449293005
2155.764470303409 91.65818639875242
2153.70332635281 92.53137138783518
2151.6421824022113 92.19303124654817
2149.5810384516126 91.88395271741462
2147.5198945010143 92.36238044661806
2145.4587505504155 91.43577845030781
2143.397606599817 92.40244383689739
2141.336462649218 92.50351416618899
2139.2753186986197 92.11554055275118
2137.214174748021 92.09322125943427
2135.1530307974226 92.20691001094868
2133.091886846824 92.58503948067248
2131.030742896225 92.85178680051432
2128.969598945626 91.73661356452773
2126.9084549950276 93.247686267595
2124.847311044429 92.08818847126796
2122.7861670938305 92.43221953425757
2120.7250231432313 91.49814369526054
2118.663879192633 94.64601908581808
2116.602735242034 96.55329947892464
2114.541591291436 94.09681604290705
2112.480447340837 93.74736684287883
2110.4193033902384 93.50430057730873
2108.3581594396396 92.55494171263958
2106.2970154890413 92.10396011354268
2104.2358715384426 93.01162196773637
2102.1747275878442 92.74360122142912
2100.113583637245 91.24240736395214
2098.0524396866467 92.10126923713587
2095.991295736048 92.58321216173088
2093.930151785449 93.00497707723576
2091.8690078348504 93.83838266578938
2089.807863884252 93.7929794208273
2087.7467199336534 92.34614273447559
2085.685575983055 91.71077499512113
2083.6244320324563 91.94908344617345
2081.5632880818575 91.11843609147985
2079.502144131259 90.77595651206575
2077.4410001806605 90.5082672282255
2075.3798562300617 93.45164760448009
2073.318712279463 91.09216227910476
2071.257568328864 91.49675596089345
2069.196424378266 91.30981648624896
2067.135280427667 91.99018290897729
2065.0741364770684 91.20830730190373
2063.0129925264696 90.91785846463696
2060.9518485758713 91.17397445433465
2058.8907046252725 91.87243952596224
2056.8295606746738 91.79216317706965
2054.768416724075 91.29649501884215
2052.7072727734767 91.40557859146155
2050.646128822878 91.03895051920423
2048.5849848722796 93.93712250984478
2046.5238409216804 97.94167288985402
2044.462696971082 91.17775920513334
2042.4015530204833 91.1195138220159
2040.3404090698848 89.90817097520998
2038.279265119286 90.00725667071171
2036.2181211686875 89.45332924007319
2034.1569772180887 90.53144056821787
2032.0958332674902 90.55095317930311
2030.0346893168914 89.92141771781631
2027.9735453662931 89.54168869503259
2025.9124014156941 89.2411730180147
2023.8512574650958 91.01867166202048
2021.790113514497 89.48950126767348
2019.7289695638985 90.54520640186125
2017.6678256132996 90.4347415132684
2015.606681662701 89.93192137397446
2013.5455377121023 89.43080856817042
2011.4843937615037 88.76218715324481
2009.423249810905 88.8255346895988
2007.3621058603067 89.24504435632448
2005.3009619097077 89.32092400670751
2003.2398179591094 89.76017205100402
2001.1786740085106 89.37757195838908
1999.117530057912 89.23230764674635
1997.0563861073133 88.59734287420397
1994.9952421567148 88.76379022454168
1992.934098206116 89.17413992774985
1990.8729542555175 89.26422369417979
1988.8118103049187 88.66730332658823
1986.7506663543202 87.31987691625471
1984.6895224037212 88.33196379250762
1982.6283784531229 88.21024233900361
1980.5672345025241 87.34959041696712
1978.5060905519256 87.08940850534017
1976.4449466013268 87.17150982155655
1974.3838026507283 87.03836163443196
1972.3226587001295 86.24003298101297
1970.261514749531 87.14975534277572
1968.2003707989322 87.31597068480724
1966.139226848334 87.1185352879654
1964.078082897735 86.98622465641782
1962.0169389471366 86.54443273934444
1959.9557949965379 87.32648360375534
1957.8946510459393 85.954099684571
1955.8335070953403 85.47281960201754
1953.7723631447418 85.99291182148168
1951.711219194143 86.22471211598531
1949.6500752435445 84.20881528356989
1947.5889312929457 85.09518819958673
1945.5277873423474 84.61261560057831
1943.4666433917484 84.24846919888114
1941.4054994411501 84.02836803889882
1939.3443554905514 84.01781482593243
1937.2832115399528 84.03994733268578
1935.222067589354 83.37266370937692
1933.1609236387555 84.4413736135971
1931.0997796881568 83.00908866160138
1929.0386357375583 82.7493569528604
1926.9774917869595 83.00905014096004
1924.9163478363607 81.67320382234941
1922.855203885762 81.2704447599559
1920.7940599351637 80.86074310835602
1918.732915984565 80.39333585027245
1916.6717720339664 81.09753537220428
1914.6106280833676 80.18270659164479
1912.549484132769 79.02585543765689
1910.4883401821703 77.68084882392884
1908.4271962315718 76.9639717551841
1906.366052280973 76.52200011901071
1904.3049083303745 75.21011931480261
1902.2437643797757 73.43373412556704
1900.1826204291774 71.49021871417867
1898.1214764785786 70.8658521606754
1896.06033252798 68.97431531923581
1893.9991885773813 67.34595405797448
1891.9380446267826 65.79948389573424
1889.8769006761838 64.66803284444529
1887.8157567255853 62.517607259685164
1885.7546127749865 60.43569912411674
1883.693468824388 58.1053750073719
1881.6323248737892 55.90738735694876
1879.571180923191 54.07106033750586
1877.510036972592 51.7891819265375
1875.4488930219936 49.34342529404322
1873.3877490713949 47.02819255804274
1871.3266051207963 45.28167366343967
1869.2654611701976 43.28522555337877
1867.204317219599 41.61995411630235
1865.1431732690003 39.444182546761525
1863.0820293184017 39.00533257644618
1861.0208853678027 37.27594407717255
1858.9597414172044 36.909218245636715
1856.8985974666055 34.18243763283695
1854.8374535160071 38.05039369469822
