276.568669 0.000000
274.507525 0.000000
272.446381 0.000000
270.385237 0.000000
268.324094 0.000000
266.262950 0.000000
264.201806 0.000000
262.140662 0.000000
260.079518 0.000000
258.018374 0.000000
255.957230 0.000000
253.896086 0.000000
251.834942 0.000000
249.773798 0.000000
247.712654 0.000000
245.651510 0.000000
243.590366 0.000000
241.529222 0.000000
239.468078 0.000000
237.406934 0.000000
235.345790 0.000000
233.284646 0.000000
231.223502 0.000000
229.162358 0.000000
227.101215 0.000000
225.040071 0.000000
222.978927 0.000000
220.917783 0.000000
218.856639 0.000000
216.795495 0.000000
214.734351 0.000000
212.673207 0.000000
210.612063 0.000000
208.550919 0.000000
206.489775 0.000000
204.428631 0.000000
202.367487 0.000000
200.306343 0.000000
198.245199 0.000000
196.184055 0.000000
194.122911 0.000000
192.061767 0.000000
190.000623 0.000000
187.939479 0.000000
185.878336 0.000000
183.817192 0.000000
181.756048 0.000000
179.694904 0.000000
177.633760 0.000000
175.572616 0.000000
173.511472 0.000000
171.450328 0.000000
169.389184 0.000000
167.328040 0.000000
165.266896 0.000000
163.205752 0.000000
161.144608 0.000000
159.083464 0.000000
157.022320 0.000000
154.961176 0.000000
152.900032 0.000000
150.838888 0.000000
148.777744 0.000000
146.716600 0.000000
144.655457 0.000000
142.594313 0.000000
140.533169 0.000000
138.472025 0.000000
136.410881 0.000000
134.349737 0.000000
132.288593 0.000000
130.227449 0.000000
128.166305 0.000000
126.105161 0.000000
124.044017 0.000000
121.982873 0.000000
119.921729 0.000000
117.860585 0.000000
115.799441 0.000000
113.738297 0.000000
111.677153 0.000000
109.616009 0.000000
107.554865 0.000000
105.493721 0.000000
103.432577 0.000000
101.371434 0.000000
99.310290 0.000000
97.249146 0.000000
95.188002 0.000000
93.126858 0.000000
91.065714 0.000000
89.004570 0.000000
86.943426 0.000000
84.882282 0.000000
82.821138 0.000000
80.759994 0.000000
78.698850 0.000000
76.637706 0.000000
74.576562 0.000000
72.515418 0.000001
70.454274 0.000002
68.393130 0.000005
66.331986 0.000015
64.270842 0.000041
62.209698 0.000106
60.148555 0.000268
58.087411 0.000654
56.026267 0.001548
53.965123 0.003547
51.903979 0.007870
49.842835 0.016909
47.781691 0.035179
45.720547 0.070870
43.659403 0.138249
41.598259 0.261143
39.537115 0.477654
37.475971 0.845996
35.414827 1.450914
33.353683 2.409538
31.292539 3.874760
29.231395 6.033572
27.170251 9.097520
25.109107 13.282821
23.047963 18.779170
20.986819 25.708765
18.925676 34.080406
16.864532 43.746886
14.803388 54.376131
12.742244 65.446774
10.681100 76.275839
8.619956 86.080465
6.558812 94.067858
4.497668 99.539952
2.436524 101.993948
0.375380 101.198855
-1.685764 97.232146
-3.746908 90.468982
-5.808052 81.526938
-7.869196 71.178830
-9.930340 60.252496
-11.991484 49.537403
-14.052628 39.713691
-16.113772 31.311112
-18.174916 24.695950
-20.236060 20.076301
-22.297203 17.512805
-24.358347 16.924294
-26.419491 18.085322
-28.480635 20.622136
-30.541779 24.021135
-32.602923 27.664672
-34.664067 30.901398
-36.725211 33.144175
-38.786355 33.973951
-40.847499 33.220028
-42.908643 30.990908
-44.969787 27.644585
-47.030931 23.706795
-49.092075 19.761707
-51.153219 16.345182
-53.214363 13.864870
-55.275507 12.558222
-57.336651 12.485835
-59.397795 13.549260
-61.458939 15.521318
-63.520083 18.081201
-65.581226 20.852103
-67.642370 23.442191
-69.703514 25.488979
-71.764658 26.703772
-73.825802 26.909122
-75.886946 26.060898
-77.948090 24.248730
-80.009234 21.673598
-82.070378 18.607422
-84.131522 15.344120
-86.192666 12.153267
-88.253810 9.245643
-90.314954 6.755746
-92.376098 4.741341
-94.437242 3.196102
-96.498386 2.069339
-98.559530 1.286868
-100.620674 0.768649
-102.681818 0.440974
-104.742962 0.242991
-106.804105 0.128605
-108.865249 0.065376
-110.926393 0.031921
-112.987537 0.014970
-115.048681 0.006743
-117.109825 0.002917
-119.170969 0.001212
-121.232113 0.000484
-123.293257 0.000185
-125.354401 0.000068
-127.415545 0.000024
-129.476689 0.000008
-131.537833 0.000003
-133.598977 0.000001
-135.660121 0.000000
-137.721265 0.000000
-139.782409 0.000000
-141.843553 0.000000
-143.904697 0.000000
-145.965841 0.000000
-148.026984 0.000000
-150.088128 0.000000
-152.149272 0.000000
-154.210416 0.000000
-156.271560 0.000000
-158.332704 0.000000
-160.393848 0.000000
-162.454992 0.000000
-164.516136 0.000000
-166.577280 0.000000
-168.638424 0.000000
-170.699568 0.000000
-172.760712 0.000000
-174.821856 0.000000
-176.883000 0.000000
-178.944144 0.000000
-181.005288 0.000000
-183.066432 0.000000
-185.127576 0.000000
-187.188720 0.000000
-189.249863 0.000000
-191.311007 0.000000
-193.372151 0.000000
-195.433295 0.000000
-197.494439 0.000000
-199.555583 0.000000
-201.616727 0.000000
-203.677871 0.000000
-205.739015 0.000000
-207.800159 0.000000
-209.861303 0.000000
-211.922447 0.000000
-213.983591 0.000000
-216.044735 0.000000
-218.105879 0.000000
-220.167023 0.000000
-222.228167 0.000000
-224.289311 0.000000
-226.350455 0.000000
-228.411599 0.000000
-230.472743 0.000000
-232.533886 0.000000
-234.595030 0.000000
-236.656174 0.000000
-238.717318 0.000000
-240.778462 0.000000
-242.839606 0.000000
-244.900750 0.000000
-246.961894 0.000000
-249.023038 0.000000
