276.568669 -3.626417
274.507525 -4.002179
272.446381 -4.833987
270.385237 -5.338805
268.324094 -5.159562
266.262950 -5.166713
264.201806 -5.424177
262.140662 -5.214164
260.079518 -4.130146
258.018374 -2.413323
255.957230 -1.511036
253.896086 -2.218173
251.834942 -3.036847
249.773798 -3.889707
247.712654 -5.197179
245.651510 -5.936433
243.590366 -5.372273
241.529222 -4.747154
239.468078 -4.812967
237.406934 -4.610422
235.345790 -4.133443
233.284646 -4.263403
231.223502 -4.800598
229.162358 -4.470347
227.101215 -4.216671
225.040071 -4.721759
222.978927 -5.044280
220.917783 -5.014330
218.856639 -5.158320
216.795495 -5.524878
214.734351 -5.744555
212.673207 -5.628864
210.612063 -6.018550
208.550919 -6.801206
206.489775 -6.708883
204.428631 -5.832127
202.367487 -5.309631
200.306343 -5.744027
198.245199 -6.243809
196.184055 -6.290621
194.122911 -6.093795
192.061767 -5.878132
190.000623 -5.853396
187.939479 -6.325858
185.878336 -6.567969
183.817192 -6.480543
181.756048 -6.625945
179.694904 -6.548350
177.633760 -6.173443
175.572616 -6.340148
173.511472 -6.686094
171.450328 -6.216241
169.389184 -5.905534
167.328040 -6.545861
165.266896 -7.148779
163.205752 -6.935852
161.144608 -6.777697
159.083464 -7.048166
157.022320 -7.441614
154.961176 -7.370650
152.900032 -7.386570
150.838888 -7.928674
148.777744 -8.377808
146.716600 -8.426307
144.655457 -7.810547
142.594313 -7.582809
140.533169 -7.986796
138.472025 -8.349189
136.410881 -8.586309
134.349737 -8.777648
132.288593 -9.010408
130.227449 -9.217301
128.166305 -9.139271
126.105161 -8.948287
124.044017 -8.810577
121.982873 -8.658042
119.921729 -8.109656
117.860585 -7.473071
115.799441 -7.640585
113.738297 -8.365311
111.677153 -8.832424
109.616009 -8.785834
107.554865 -8.894601
105.493721 -9.120896
103.432577 -9.216919
101.371434 -8.927763
99.310290 -8.573673
97.249146 -8.364890
95.188002 -8.139729
93.126858 -8.346515
91.065714 -9.105210
89.004570 -9.518857
86.943426 -9.324546
84.882282 -8.943987
82.821138 -8.871200
80.759994 -9.018029
78.698850 -8.724444
76.637706 -8.643819
74.576562 -9.191584
72.515418 -9.436881
70.454274 -9.436752
68.393130 -9.278013
66.331986 -8.769718
64.270842 -8.611490
62.209698 -8.540222
60.148555 -8.307747
58.087411 -8.597808
56.026267 -9.228957
53.965123 -9.386896
51.903979 -8.647254
49.842835 -8.288680
47.781691 -8.771074
45.720547 -9.009264
43.659403 -8.749283
41.598259 -8.430412
39.537115 -8.172554
37.475971 -7.803811
35.414827 -6.991817
33.353683 -5.508861
31.292539 -3.853374
29.231395 -2.606396
27.170251 -1.020805
25.109107 2.170525
23.047963 8.139691
20.986819 17.351797
18.925676 29.970425
16.864532 45.191711
14.803388 61.489718
12.742244 76.803198
10.681100 89.063022
8.619956 95.779114
6.558812 96.985657
4.497668 95.934791
2.436524 94.549484
0.375380 91.742743
-1.685764 88.027258
-3.746908 84.909775
-5.808052 80.808233
-7.869196 74.675290
-9.930340 66.049780
-11.991484 55.252587
-14.052628 43.902626
-16.113772 33.879426
-18.174916 26.335067
-20.236060 20.892471
-22.297203 18.106040
-24.358347 18.144959
-26.419491 19.027632
-28.480635 19.903091
-30.541779 21.929942
-32.602923 25.398726
-34.664067 29.695383
-36.725211 33.616825
-38.786355 35.286595
-40.847499 34.034195
-42.908643 31.245987
-44.969787 28.486180
-47.030931 25.225341
-49.092075 20.544382
-51.153219 15.463913
-53.214363 11.803893
-55.275507 10.295347
-57.336651 10.750071
-59.397795 12.522478
-61.458939 15.049578
-63.520083 18.721335
-65.581226 22.618593
-67.642370 25.645675
-69.703514 27.513473
-71.764658 27.589023
-73.825802 26.186422
-75.886946 24.370378
-77.948090 22.221846
-80.009234 19.294887
-82.070378 16.669710
-84.131522 15.478452
-86.192666 14.195167
-88.253810 12.197441
-90.314954 9.904919
-92.376098 6.866303
-94.437242 3.915759
-96.498386 1.811845
-98.559530 -0.032792
-100.620674 -2.021726
-102.681818 -3.685058
-104.742962 -4.726272
-106.804105 -5.669164
-108.865249 -5.940041
-110.926393 -5.498115
-112.987537 -5.481503
-115.048681 -5.807628
-117.109825 -6.468259
-119.170969 -7.543330
-121.232113 -8.178833
-123.293257 -8.316249
-125.354401 -8.173593
-127.415545 -7.712800
-129.476689 -6.627221
-131.537833 -5.953908
-133.598977 -6.534181
-135.660121 -7.664401
-137.721265 -8.355885
-139.782409 -7.884713
-141.843553 -6.814183
-143.904697 -6.256124
-145.965841 -6.085719
-148.026984 -5.924573
-150.088128 -6.085544
-152.149272 -7.121429
-154.210416 -7.986575
-156.271560 -7.459323
-158.332704 -7.094981
-160.393848 -7.875195
-162.454992 -8.522018
-164.516136 -8.184696
-166.577280 -7.969573
-168.638424 -8.145170
-170.699568 -7.559600
-172.760712 -6.625653
-174.821856 -6.725868
-176.883000 -7.442522
-178.944144 -7.597702
-181.005288 -7.396170
-183.066432 -6.980345
-185.127576 -6.454270
-187.188720 -6.299695
-189.249863 -6.405201
-191.311007 -6.894692
-193.372151 -6.763462
-195.433295 -6.085617
-197.494439 -6.066207
-199.555583 -5.968641
-201.616727 -5.249271
-203.677871 -4.731748
-205.739015 -4.991520
-207.800159 -5.195377
-209.861303 -4.898032
-211.922447 -4.477253
-213.983591 -4.412717
-216.044735 -5.049766
-218.105879 -5.887548
-220.167023 -6.388341
-222.228167 -6.695529
-224.289311 -6.291366
-226.350455 -5.585113
-228.411599 -5.481888
-230.472743 -5.905422
-232.533886 -5.622607
-234.595030 -5.016343
-236.656174 -4.972592
-238.717318 -5.247462
-240.778462 -5.640189
-242.839606 -5.612109
-244.900750 -5.210137
-246.961894 -4.912016
-249.023038 -5.043508
