# BEGINHEADER
# This file contains data from the SALSA 2m radio telescope.
# DATE=2024-01-31T12:52:0056
# GLON and GLAT given in degrees
# GLON=79.87496261728747
# GLAT=0.08734066778581599
# DATA in two columns below. Col. 1 is velocity relative to LSR [km/s]. Col. 2 is uncalibrated antenna temperature [K].
# ENDHEADER
276.5686693456457 -3.5855921141925933
274.50752539504697 -3.3913061212592948
272.4463814444483 -4.977105180950064
270.38523749384973 -6.427012847785062
268.324093543251 -4.440267587995618
266.26294959265243 -5.004995332974485
264.2018056420538 -5.775285279118481
262.14066169145514 -5.700462261562893
260.0795177408565 -4.626721212377866
258.01837379025784 -2.528874919549346
255.95722983965922 1.0791929946663055
253.89608588906057 -3.70165871232066
251.83494193846195 -2.639703770097054
249.77379798786328 -3.359517817926057
247.71265403726466 -5.334056241589417
245.651510086666 -7.421518825437673
243.5903661360674 -5.29429463410831
241.52922218546874 -3.4017362242900497
239.4680782348701 -5.881885427011665
237.40693428427144 -4.482250445016941
235.34579033367282 -4.195204956339972
233.28464638307418 -2.6705938559488684
231.22350243247553 -7.012940906975347
229.16235848187688 -3.7390235588513714
227.10121453127823 -3.346838850163607
225.0400705806796 -5.259020653674671
222.97892663008096 -5.411510278811282
220.91778267948231 -4.579041014725827
218.85663872888367 -5.234172597550561
216.79549477828505 -5.2272789407451565
214.7343508276864 -6.640440126054611
212.67320687708778 -5.006471144644014
210.6120629264891 -5.158928383012152
208.55091897589048 -8.133429737216588
206.48977502529183 -6.876965636797996
204.42863107469321 -6.035967374088018
202.36748712409457 -3.8144193256813175
200.30634317349592 -6.401862205629372
198.24519922289727 -6.296338495649451
196.18405527229865 -6.669167912825688
194.1229113217 -5.671454237822987
192.06176737110133 -6.466985711495769
190.0006234205027 -4.668275467391439
187.93947946990406 -6.952326644280584
185.87833551930544 -7.059823695400279
183.8171915687068 -5.6888214740954375
181.75604761810814 -7.024366237488559
179.6949036675095 -7.046815243754831
177.63375971691087 -5.624760151078351
175.57261576631223 -5.5381040514285695
173.5114718157136 -8.398733793399192
171.45032786511493 -5.579234108120966
169.3891839145163 -5.202325245141655
167.32803996391766 -6.201524423181476
165.26689601331904 -8.772101171463348
163.20575206272036 -5.905493324198644
161.14460811212174 -7.11025958090783
159.0834641615231 -6.297547376262091
157.02232021092448 -8.39141715319557
154.96117626032583 -7.361573945376631
152.90003230972715 -6.230970276799422
150.83888835912853 -9.059877968015694
148.77774440852988 -7.392637168164003
146.71660045793126 -10.218981375326077
144.65545650733262 -6.673902689512022
142.59431255673397 -7.225038995022806
140.53316860613532 -8.316802971656688
138.4720246555367 -8.29678503629944
136.41088070493805 -8.632891413283277
134.34973675433943 -8.833062092284417
132.28859280374076 -8.720859974370915
130.22744885314214 -9.781354797854801
128.1663049025435 -8.922428145231013
126.10516095194484 -9.083960444180262
124.0440170013462 -8.572536429955063
121.98287305074756 -8.95829047566442
119.92172910014892 -8.704532875757812
117.86058514955029 -6.240736966588496
115.79944119895164 -7.740315744618172
113.738297248353 -8.068382497409392
111.67715329775436 -10.076911525678202
109.61600934715572 -7.691502580044974
107.55486539655708 -9.493458496782996
105.49372144595844 -8.62779224604766
103.43257749535981 -9.957530637944274
101.37143354476116 -8.768138811175676
99.31028959416253 -8.28829873075499
97.24914564356386 -8.698551953698503
95.18800169296523 -7.95009506251118
93.1268577423666 -7.445484152630031
91.06571379176795 -9.801954096546615
89.00456984116931 -9.82291658628683
86.94342589057067 -9.387844493798518
84.88228193997203 -8.90934859885711
82.82113798937338 -8.106346360640684
80.75999403877475 -10.05350173592269
78.69885008817612 -8.5706831234782
76.63770613757747 -7.43255505967318
74.57656218697883 -10.243124240400677
72.51541823638019 -9.350024563494825
70.45427428578155 -9.051854947423495
68.3931303351829 -10.404517219791643
66.33198638458427 -7.759112548414013
64.27084243398562 -8.628499684643337
62.20969848338698 -9.339398715473079
60.14855453278834 -7.189108507544916
58.087410582189705 -8.89139360232515
56.026266631591064 -8.83245117292457
53.96512268099242 -11.010756469797618
51.90397873039378 -7.874293412575498
49.84283477979513 -7.32362473031525
47.78169082919649 -9.442326397176622
45.72054687859785 -9.310199591927017
43.65940292799922 -8.626116314143912
41.598258977400576 -8.407498809152901
39.537115026801935 -8.16460650495477
37.475971076203294 -8.045169999340333
35.41482712560465 -7.39040338694491
33.35368317500601 -6.005430803412627
31.29253922440737 -2.773428460979862
29.23139527380873 -3.266871075452173
27.170251323210092 -1.2667028299897667
25.109107372611447 -0.024812958886290315
23.047963422012803 7.2043886353983275
20.986819471414165 14.778670886115364
18.925675520815524 29.189234479497266
16.864531570216883 43.86631451774441
14.803387619618242 62.811893062045066
12.7422436690196 77.34243620984469
10.681099718420962 92.72247216518596
8.61995576782232 99.4088514725404
6.55881181722368 97.80051835444554
4.497667866625038 94.8677197399586
2.4365239160263976 95.87499682189595
0.375379965427757 93.46648504035197
-1.6857639851708839 85.17351097003845
-3.7469079357695247 87.2075800214078
-5.808051886368165 80.986011195492
-7.869195836966806 76.3526148350121
-9.930339787565446 67.53529151635972
-11.991483738164087 55.20544410474217
-14.052627688762728 43.72210173743211
-16.11377163936137 31.40510957565541
-18.174915589960012 26.280216959064948
-20.23605954055865 19.442003309593996
-22.297203491157294 15.736138409638933
-24.358347441755935 18.19047335380249
-26.419491392354573 19.875769619791562
-28.48063534295321 18.5774441347569
-30.54177929355185 21.253035821637265
-32.602923244150496 25.00824059407873
-34.66406719474914 29.41106417082297
-36.72521114534778 35.18787864945819
-38.78635509594641 37.12192176405667
-40.84749904654505 35.08714767255831
-42.908642997143694 30.37850268641852
-44.969786947742335 28.691208972231877
-47.03093089834098 26.589835156747547
-49.092074848939625 20.8617298372321
-51.153218799538266 14.423998488438462
-53.2143627501369 10.473169598450054
-55.27550670073554 9.5743575983832
-57.33665065133418 9.443105696321126
-59.39779460193282 13.338795932297765
-61.458938552531464 13.327711816643285
-63.520082503130105 18.857277643396426
-65.58122645372875 23.542968847587805
-67.6423704043274 25.583021736572512
-69.70351435492603 28.95283275941871
-71.76465830552468 28.510836457172736
-73.82580225612331 26.048812394258565
-75.88694620672194 24.32726464733387
-77.94809015732059 22.959945161570058
-80.00923410791923 19.820786308218445
-82.07037805851787 14.222270579650772
-84.13152200911651 16.480332611346117
-86.19266595971516 14.997442414415355
-88.25380991031379 11.236939019441937
-90.31495386091242 11.434293836595831
-92.37609781151107 6.47518990532003
-94.43724176210971 3.040007074703626
-96.49838571270837 1.9491263231679035
-98.559529663307 0.07787858595964767
-100.62067361390564 -1.8459099013873543
-102.68181756450429 -4.9182445094110205
-104.74296151510292 -3.7937522403274246
-106.80410546570157 -6.2913160251483315
-108.8652494163002 -7.066985073344407
-110.92639336689885 -4.29068383182789
-112.98753731749748 -5.669232702852094
-115.04868126809612 -5.980703110217867
-117.10982521869477 -5.266831649162986
-119.1709691692934 -8.815749050710107
-121.23211311989205 -7.772553617402858
-123.29325707049068 -9.041379645443573
-125.35440102108933 -7.495875885540994
-127.41554497168796 -9.013153342334908
-129.4766889222866 -6.170243138757598
-131.53783287288525 -4.746828956307808
-133.5989768234839 -6.580551932421825
-135.66012077408251 -7.616834037362964
-137.7212647246812 -9.345956272044592
-139.7824086752798 -8.527805171282376
-141.84355262587846 -5.831505271394176
-143.90469657647708 -6.322162918058144
-145.96584052707573 -6.068744223249856
-148.02698447767438 -6.06456987383213
-150.08812842827302 -5.24523432810069
-152.14927237887164 -6.525141826187801
-154.2104163294703 -10.376270223114831
-156.27156028006894 -6.574758346897119
-158.3327042306676 -6.115470353202995
-160.39384818126624 -7.858550502660335
-162.45499213186486 -9.963908225799894
-164.5161360824635 -7.68163543328501
-166.57728003306215 -7.109619615529206
-168.6384239836608 -9.264903592826565
-170.69956793425942 -8.037369664575301
-172.76071188485807 -5.48123985517911
-174.8218558354567 -6.052033375533577
-176.88299978605536 -8.57792962673278
-178.94414373665398 -7.410995387813544
-181.00528768725263 -7.311135800520959
-183.06643163785125 -7.789508664197341
-185.1275755884499 -5.134574320796525
-187.18871953904855 -7.396759815376037
-189.2498634896472 -4.943251306096939
-191.31100744024582 -7.795839751229867
-193.37215139084446 -7.856273293705439
-195.43329534144314 -4.319454959221435
-197.49443929204176 -6.827351330143619
-199.5555832426404 -6.3163849994843035
-201.61672719323903 -5.4342345319636145
-203.67787114383768 -3.472147640862756
-205.73901509443633 -5.534769738194877
-207.80015904503497 -5.523130244057877
-209.8613029956336 -4.901102972103985
-211.92244694623224 -4.380638079801026
-213.98359089683086 -3.8938300380316897
-216.04473484742954 -4.5620682667101855
-218.10587879802816 -7.061904013683278
-220.1670227486268 -5.236965119852044
-222.22816669922543 -8.18268400232701
-224.2893106498241 -5.9357801523981
-226.35045460042272 -5.6742249530136135
-228.41159855102137 -4.119155560099059
-230.47274250162 -7.336354280545019
-232.53388645221864 -5.830755518154219
-234.59503040281732 -3.9221601134262203
-236.65617435341593 -5.626455765350697
-238.71731830401458 -4.337611897316837
-240.7784622546132 -6.604668558046004
-242.83960620521185 -5.442221422779187
-244.9007501558105 -5.515630874065294
-246.96189410640915 -4.154356389948843
-249.02303805700777 -5.311828929438241
