-5555.56,18.3427,-35.9997
-5550.13,9.14365,-3.69663
-5544.7,-2.56473,29.0226
-5539.28,-1.60899,22.0249
-5533.85,-18.8131,-6.52829
-5528.43,-30.3658,-27.6793
-5523,-7.05854,-14.7599
-5517.58,10.7203,4.65501
-5512.15,3.05764,10.135
-5506.73,-5.08337,-0.0933555
-5501.3,-9.29204,-19.1584
-5495.88,-10.0215,-8.9946
-5490.45,1.02554,16.601
-5485.03,16.2717,34.6987
-5479.6,2.38833,44.7386
-5474.17,-10.0303,28.745
-5468.75,10.0613,-5.7148
-5463.32,7.0281,-32.9461
-5457.9,3.81468,-41.7209
-5452.47,19.8617,-40.7268
-5447.05,9.51324,-22.8492
-5441.62,-8.82595,-5.23289
-5436.2,-1.72323,-2.1064
-5430.77,-5.12077,-4.03694
-5425.35,-28.61,-12.0801
-5419.92,-12.0751,-1.60344
-5414.5,16.3247,-0.265401
-5409.07,3.67924,-15.6574
-5403.65,-7.26613,14.8197
-5398.22,20.3106,44.0121
-5392.79,42.881,18.7973
-5387.37,28.8794,-1.81485
-5381.94,0.546972,3.0913
-5376.52,-5.45688,5.33192
-5371.09,13.5156,0.885873
-5365.67,22.6534,-14.0622
-5360.24,14.0015,-19.8285
-5354.82,-2.37691,0.224472
-5349.39,-4.63344,0.284826
-5343.97,2.01594,-4.73954
-5338.54,-1.65938,-2.53511
-5333.12,-9.57881,-24.5574
-5327.69,-8.22865,-25.3534
-5322.27,0.651387,-3.41649
-5316.84,3.49647,8.46959
-5311.41,9.81998,21.561
-5305.99,10.9894,29.629
-5300.56,12.1095,21.5135
-5295.14,22.9908,3.5506
-5289.71,13.8204,-12.4571
-5284.29,5.23908,-15.1324
-5278.86,27.8798,-11.5966
-5273.44,37.8153,-2.17551
-5268.01,3.91666,0.803728
-5262.59,-24.8246,-16.4611
-5257.16,-4.33763,-30.2226
-5251.74,19.276,-29.2899
-5246.31,6.16982,-4.30897
-5240.88,-9.68076,17.4065
-5235.46,-2.20236,12.5571
-5230.03,11.8847,-1.44854
-5224.61,10.8571,-17.2621
-5219.18,15.7174,-16.742
-5213.76,21.4178,-9.74503
-5208.33,-4.27138,-14.8677
-5202.91,-24.8511,-12.2404
-5197.48,-4.67273,3.52802
-5192.06,16.4485,14.1619
-5186.63,23.9071,10.7017
-5181.21,29.8922,17.9229
-5175.78,23.5508,27.2926
-5170.36,14.6512,7.18826
-5164.93,9.295,-3.54964
-5159.5,6.15362,-7.91886
-5154.08,6.93785,-14.9809
-5148.65,27.6371,-6.31643
-5143.23,39.9724,-2.2687
-5137.8,13.8957,3.7379
-5132.38,-15.6979,0.462248
-5126.95,-19.2948,-8.72073
-5121.53,-5.7791,-29.3357
-5116.1,-9.68459,-57.5484
-5110.68,-15.8902,-53.9261
-5105.25,4.90352,-43.2377
-5099.83,33.3676,-35.2783
-5094.4,39.8262,-21.1243
-5088.98,25.344,4.57586
-5083.55,-4.91893,34.9289
-5078.12,-20.1981,52.4202
-5072.7,7.68524,45.6015
-5067.27,16.1999,15.9045
-5061.85,0.606659,4.90613
-5056.42,13.0235,9.78039
-5051,31.917,-5.69618
-5045.57,30.7379,-22.7801
-5040.15,11.0208,-22.4094
-5034.72,13.6472,-14.21
-5029.3,32.272,-8.13581
-5023.87,13.2218,-6.16154
-5018.45,-4.19315,-9.70336
-5013.02,-0.285354,-16.1751
-5007.6,-9.60042,-19.3404
-5002.17,-13.455,-8.26386
-4996.74,-9.56997,10.1141
-4991.32,-9.57292,3.64169
-4985.89,-2.35044,-5.19481
-4980.47,5.85554,-2.44306
-4975.04,19.9972,-14.9285
-4969.62,33.1433,-31.8613
-4964.19,25.1253,-23.9557
-4958.77,0.640943,10.2927
-4953.34,-20.2673,24.1843
-4947.92,-26.2084,-1.66345
-4942.49,-8.77026,-19.2419
-4937.07,10.7312,-14.8175
-4931.64,5.53733,-12.1923
-4926.21,5.41502,4.00091
-4920.79,6.16522,29.3617
-4915.36,-2.34963,37.6191
-4909.94,-17.4184,28.6963
-4904.51,-36.3108,17.1033
-4899.09,-18.8196,25.7376
-4893.66,5.69509,34.3298
-4888.24,-2.23229,17.172
-4882.81,-16.9048,-4.78188
-4877.39,-18.4193,-10.0262
-4871.96,-6.20937,-9.27444
-4866.54,11.6071,-10.7875
-4861.11,22.334,-4.3556
-4855.69,15.6726,-2.89808
-4850.26,-0.850995,-3.6939
-4844.83,-14.5862,-4.79537
-4839.41,-17.449,-0.809037
-4833.98,-7.74321,13.5796
-4828.56,-6.22589,12.0354
-4823.13,-10.5741,17.1973
-4817.71,13.398,25.3919
-4812.28,31.2936,17.6958
-4806.86,17.2509,24.3055
-4801.43,7.99305,36.0551
-4796.01,1.85496,23.5025
-4790.58,4.09629,3.92143
-4785.16,14.8001,-2.275
-4779.73,13.1961,-4.88652
-4774.31,10.8287,2.15615
-4768.88,-7.73915,4.24392
-4763.45,-30.8572,-5.03007
-4758.03,-23.7133,6.59287
-4752.6,9.19584,12.6702
-4747.18,31.9278,-14.8768
-4741.75,37.4731,-32.1901
-4736.33,37.3276,-10.4184
-4730.9,6.46235,6.07818
-4725.48,-9.50207,-0.864318
-4720.05,-11.1695,4.58438
-4714.63,-20.555,19.6348
-4709.2,-7.82821,23.5224
-4703.78,8.81407,-5.24933
-4698.35,15.7139,-37.6234
-4692.92,15.7231,-31.2392
-4687.5,0.179323,-25.7007
-4682.07,-29.3049,-19.6148
-4676.65,-26.2592,1.41808
-4671.22,-6.37897,1.78465
-4665.8,-21.2337,-2.07237
-4660.37,-32.0188,2.97152
-4654.95,-9.01131,6.17812
-4649.52,15.8228,5.02336
-4644.1,12.3679,4.45104
-4638.67,-6.92927,14.8278
-4633.25,9.7284,10.6994
-4627.82,43.9089,16.9615
-4622.4,26.8773,37.8435
-4616.97,-1.64589,38.4648
-4611.54,12.0676,34.3045
-4606.12,27.2908,10.6928
-4600.69,34.1034,-33.7363
-4595.27,30.0769,-34.771
-4589.84,0.530618,1.62801
-4584.42,-3.94064,0.84819
-4578.99,2.1296,-5.89393
-4573.57,-29.1806,2.77092
-4568.14,-37.7948,3.73619
-4562.72,-6.54432,17.2479
-4557.29,-13.574,19.0108
-4551.87,-33.5124,-1.89726
-4546.44,-10.8525,-10.2665
-4541.02,11.8424,-27.7716
-4535.59,15.1141,-47.2132
-4530.16,2.01518,-29.5407
-4524.74,-2.32461,-6.07492
-4519.31,22.9674,-1.39818
-4513.89,32.835,-10.749
-4508.46,18.8849,0.345687
-4503.04,4.03185,37.2027
-4497.61,4.39609,37.2067
-4492.19,17.071,-14.6122
-4486.76,21.4003,-41.4943
-4481.34,16.5115,-3.52715
-4475.91,1.92241,23.5429
-4470.49,-14.384,5.85979
-4465.06,-13.548,0.537052
-4459.63,0.70096,20.9635
-4454.21,0.176252,31.2898
-4448.78,-14.4691,9.23338
-4443.36,-25.1601,-19.059
-4437.93,-19.8875,-15.6858
-4432.51,-12.541,9.00296
-4427.08,-6.63764,22.4761
-4421.66,6.4264,21.6411
-4416.23,8.48881,24.6508
-4410.81,16.3582,26.4077
-4405.38,14.371,21.5508
-4399.96,2.56217,12.1203
-4394.53,14.9722,-4.76241
-4389.11,31.2093,-17.546
-4383.68,30.8592,-14.9494
-4378.25,8.53312,-8.85288
-4372.83,9.29463,-21.4104
-4367.4,30.3663,-23.537
-4361.98,15.6392,7.59726
-4356.55,-13.5215,0.0469697
-4351.13,-19.4893,-23.7215
-4345.7,3.1122,0.346461
-4340.28,4.62947,19.051
-4334.85,-30.4496,10.8217
-4329.43,-36.0441,-1.41177
-4324,-16.6374,17.5237
-4318.58,-16.4561,45.003
-4313.15,-16.7772,19.668
-4307.73,-9.89148,-1.90422
-4302.3,-16.527,15.7276
-4296.87,-40.5605,22.0661
-4291.45,-52.5347,10.7615
-4286.02,-29.2002,-8.036
-4280.6,-0.524436,-14.5876
-4275.17,-0.919844,9.43203
-4269.75,-8.98034,8.08772
-4264.32,9.8791,-20.6129
-4258.9,15.9961,-26.8872
-4253.47,-14.5006,-37.7597
-4248.05,-28.9165,-44.6219
-4242.62,-23.6455,-29.4448
-4237.2,-9.30317,-7.79212
-4231.77,16.9313,1.7884
-4226.35,23.772,-28.2073
-4220.92,14.1266,-40.8852
-4215.49,4.98606,-8.27327
-4210.07,10.4996,-2.89969
-4204.64,26.3688,-11.5144
-4199.22,27.3169,6.51772
-4193.79,9.7556,6.57154
-4188.37,-16.3588,-4.4456
-4182.94,-18.9752,8.0531
-4177.52,1.96202,15.4101
-4172.09,-4.9033,11.5173
-4166.67,-20.4154,17.9132
-4161.24,-1.65651,6.07948
-4155.82,12.4157,-29.6602
-4150.39,9.68941,-31.447
-4144.96,5.01151,-6.55141
-4139.54,-3.36861,14.9464
-4134.11,2.54599,10.5372
-4128.69,0.963018,-7.68029
-4123.26,-22.5092,13.7835
-4117.84,-29.7422,29.2177
-4112.41,4.29411,-0.365605
-4106.99,44.3846,-17.7325
-4101.56,29.6373,2.09935
-4096.14,7.65661,-4.18851
-4090.71,6.97536,-29.2335
-4085.29,-8.26015,-19.1438
-4079.86,-12.31,1.27676
-4074.44,-2.97571,15.2639
-4069.01,5.79982,19.0191
-4063.58,-4.26819,14.7691
-4058.16,-19.2622,12.2907
-4052.73,2.20152,6.48221
-4047.31,16.4314,-10.5259
-4041.88,-2.22001,-17.5483
-4036.46,-15.3874,-3.56675
-4031.03,-3.07968,11.1476
-4025.61,21.7714,23.5976
-4020.18,31.5594,5.86023
-4014.76,11.2276,-41.4909
-4009.33,-12.2502,-42.345
-4003.91,-12.7686,-9.96171
-3998.48,-8.13213,5.62864
-3993.06,-14.0038,10.9207
-3987.63,-9.47606,-6.44162
-3982.2,11.2999,-28.934
-3976.78,21.3221,-34.8476
-3971.35,22.0015,-12.1135
-3965.93,-8.15463,18.0807
-3960.5,-36.0527,21.2766
-3955.08,-17.1904,9.22852
-3949.65,-10.0075,-5.2732
-3944.23,-29.4005,-5.98661
-3938.8,-37.2188,-3.12901
-3933.38,-14.5311,4.28413
-3927.95,8.23544,19.8667
-3922.53,6.06572,24.0996
-3917.1,-3.36274,6.04413
-3911.68,-8.98108,-3.1623
-3906.25,-16.924,8.64296
-3900.82,-18.8036,-8.7131
-3895.4,-10.2442,-9.29985
-3889.97,5.32753,22.0758
-3884.55,21.3358,2.87133
-3879.12,22.9843,-34.0528
-3873.7,20.5135,-20.5975
-3868.27,28.7454,14.7859
-3862.85,33.3426,18.3734
-3857.42,10.9339,11.1075
-3852,-1.81403,16.5425
-3846.57,25.704,11.757
-3841.15,53.5197,-3.32061
-3835.72,35.625,-21.4121
-3830.29,12.2646,-8.74337
-3824.87,22.8393,11.2422
-3819.44,1.06364,9.50102
-3814.02,-12.5252,23.4766
-3808.59,31.7847,30.6438
-3803.17,51.0239,27.0398
-3797.74,19.2373,21.23
-3792.32,-17.1371,0.641817
-3786.89,-14.6583,-9.78407
-3781.47,0.292935,3.03679
-3776.04,-13.9922,25.2359
-3770.62,-36.332,36.628
-3765.19,-32.3993,35.7833
-3759.77,-7.13799,17.3011
-3754.34,9.84161,-19.1272
-3748.91,4.32435,-29.0845
-3743.49,-0.988654,-12.0251
-3738.06,-17.7543,-6.05609
-3732.64,-51.3801,-1.24983
-3727.21,-44.8122,0.0287107
-3721.79,-11.0896,-13.8812
-3716.36,-5.09118,-4.85063
-3710.94,-20.3864,19.2118
-3705.51,-24.5386,32.9614
-3700.09,-36.5189,30.6722
-3694.66,-52.2002,8.58898
-3689.24,-33.5814,4.76518
-3683.81,-21.5364,-0.577771
-3678.39,-37.9987,-23.3032
-3672.96,-24.9248,-25.0472
-3667.53,8.90152,-4.49952
-3662.11,16.9778,23.9095
-3656.68,-4.77031,33.5495
-3651.26,-34.1723,19.6949
-3645.83,-39.6682,15.0411
-3640.41,-38.8226,12.4424
-3634.98,-32.6578,-5.0908
-3629.56,-6.52427,-19.3919
-3624.13,11.2906,-20.4458
-3618.71,25.0636,-4.66543
-3613.28,40.3686,17.5363
-3607.86,34.4409,26.2407
-3602.43,11.5235,21.3425
-3597,5.70975,8.21218
-3591.58,34.7642,-16.5672
-3586.15,54.3233,-21.4879
-3580.73,27.7461,-6.07535
-3575.3,-14.9153,-19.1013
-3569.88,-13.1173,-22.1585
-3564.45,0.847438,-19.8183
-3559.03,-6.8139,-28.9062
-3553.6,18.3101,-4.63999
-3548.18,32.7078,13.0362
-3542.75,19.2676,-3.77629
-3537.33,23.1013,-20.9974
-3531.9,12.3381,-31.2279
-3526.48,-5.74604,-42.2874
-3521.05,0.734996,-30.4542
-3515.62,5.42974,-2.02013
-3510.2,3.60604,9.99226
-3504.77,5.5685,14.7233
-3499.35,-8.54141,5.24954
-3493.92,-19.0761,-21.9441
-3488.5,-5.71577,-32.0639
-3483.07,14.7713,-9.90153
-3477.65,24.9926,14.0442
-3472.22,5.58129,6.57283
-3466.8,-6.86575,2.03972
-3461.37,26.4229,28.7388
-3455.95,48.6088,48.8402
-3450.52,28.9189,25.7139
-3445.1,29.4303,-7.08065
-3439.67,26.5872,-8.04873
-3434.24,-10.3338,-6.85178
-3428.82,-13.9399,-27.6139
-3423.39,-13.8169,-15.7648
-3417.97,-8.43767,32.0066
-3412.54,23.2476,30.4758
-3407.12,22.9347,3.77669
-3401.69,14.301,3.94108
-3396.27,12.4447,3.81056
-3390.84,20.9237,-15.9083
-3385.42,37.5169,-17.8455
-3379.99,41.8405,3.38695
-3374.57,51.9077,-8.69857
-3369.14,42.9704,-16.9812
-3363.71,25.9126,36.043
-3358.29,8.52594,84.9196
-3352.86,-16.2671,53.5571
-3347.44,3.34667,4.96627
-3342.01,15.0573,-11.1188
-3336.59,-5.94822,-7.79128
-3331.16,2.74948,30.5686
-3325.74,23.8573,49.8052
-3320.31,14.3796,13.435
-3314.89,-13.5278,-23.5732
-3309.46,-17.3278,-22.5849
-3304.04,-3.58836,-3.87519
-3298.61,-4.91146,-6.48356
-3293.19,-13.4104,-24.8538
-3287.76,-13.0147,-9.09758
-3282.33,-1.39388,22.2609
-3276.91,-6.16734,11.4591
-3271.48,-38.8567,0.0521431
-3266.06,-45.1363,13.2501
-3260.63,-32.4499,1.8902
-3255.21,-25.644,-7.18457
-3249.78,-16.134,-11.0893
-3244.36,-9.03705,-37.8018
-3238.93,-1.11597,-17.037
-3233.51,-12.5105,35.8056
-3228.08,-33.5894,37.5476
-3222.66,-16.8878,5.07734
-3217.23,20.2548,7.89544
-3211.81,35.369,32.1085
-3206.38,25.4035,6.10047
-3200.95,7.90831,-30.2357
-3195.53,6.94439,-15.8572
-3190.1,4.12332,-7.79677
-3184.68,-10.1207,-22.5359
-3179.25,1.8746,-10.7789
-3173.83,19.9657,-3.20215
-3168.4,-8.43826,-30.375
-3162.98,-79.1123,-76.259
-3157.55,-112.272,-89.8607
-3152.13,-68.3346,-59.4034
-3146.7,-26.5311,-25.7067
-3141.28,-30.3436,7.73594
-3135.85,-50.2212,17.2801
-3130.43,-32.8202,-12.4236
-3125,-1.05494,-27.5307
-3119.57,-6.84262,-1.50086
-3114.15,-25.3852,34.1541
-3108.72,-32.6533,60.434
-3103.3,-24.1852,28.4769
-3097.87,-21.7113,-35.0842
-3092.45,-11.3575,-37.6346
-3087.02,15.6736,-25.6104
-3081.6,19.2064,-21.0522
-3076.17,4.81211,-8.9741
-3070.75,19.448,-20.083
-3065.32,53.2641,-45.0071
-3059.9,73.9764,-52.5737
-3054.47,57.532,-21.7251
-3049.04,2.98199,3.40623
-3043.62,-1.09473,-5.02008
-3038.19,27.1483,4.07449
-3032.77,25.7024,44.1803
-3027.34,39.3062,58.6069
-3021.92,40.2486,41.1013
-3016.49,10.3503,21.5057
-3011.07,6.94228,-7.88615
-3005.64,16.8277,-20.2712
-3000.22,12.5373,-1.41247
-2994.79,3.64125,-3.73158
-2989.37,6.16571,-8.09517
-2983.94,27.8295,13.0026
-2978.52,44.4513,12.3108
-2973.09,24.1071,3.65662
-2967.66,-12.354,14.0445
-2962.24,-1.21139,112.05
-2956.81,5.93771,183.71
-2951.39,-14.2524,63.7271
-2945.96,-23.753,-25.3839
-2940.54,-41.4498,-0.788509
-2935.11,-43.0397,2.06106
-2929.69,-58.7099,10.6051
-2924.26,-62.9883,52.7273
-2918.84,-29.1476,42.5674
-2913.41,-31.6132,-2.41163
-2907.99,-38.6568,-4.76259
-2902.56,-26.8834,6.09839
-2897.14,-9.3103,15.8756
-2891.71,12.4604,14.4882
-2886.28,3.47686,-10.1707
-2880.86,-13.0978,-37.0716
-2875.43,-8.99336,-19.3151
-2870.01,2.24298,23.9998
-2864.58,11.2345,4.47492
-2859.16,3.92827,-34.2182
-2853.73,-8.6192,-11.5298
-2848.31,-20.2107,25.4036
-2842.88,-24.5565,22.0003
-2837.46,-8.25288,29.3404
-2832.03,-10.9529,61.8088
-2826.61,-27.8781,43.5313
-2821.18,-19.4741,6.08665
-2815.75,11.4809,1.19448
-2810.33,49.8759,-6.7213
-2804.9,59.5976,-19.7976
-2799.48,22.7616,-4.60555
-2794.05,-7.56978,10.6083
-2788.63,-12.1117,10.7125
-2783.2,-28.79,9.84518
-2777.78,-40.3802,7.49902
-2772.35,-47.3466,24.9055
-2766.93,-51.8807,17.1425
-2761.5,-62.6121,-21.9758
-2756.08,-76.2443,-28.6155
-2750.65,-57.815,-17.6066
-2745.23,-7.47717,-8.6591
-2739.8,44.7502,-1.94234
-2734.37,24.259,-1.02975
-2728.95,-17.1029,0.0676772
-2723.52,-8.65888,-3.49373
-2718.1,-20.7365,-0.949519
-2712.67,-30.7344,-10.6353
-2707.25,10.4457,-8.61593
-2701.82,27.1047,43.7037
-2696.4,14.4416,75.9633
-2690.97,2.12035,55.4392
-2685.55,-22.8538,24.7132
-2680.12,-18.5334,-7.31836
-2674.7,1.28298,-37.789
-2669.27,4.66199,-32.9113
-2663.85,-30.9446,83.3965
-2658.42,-109.489,230.517
-2652.99,-78.2462,147.383
-2647.57,17.0139,-12.4188
-2642.14,11.9417,1.12932
-2636.72,7.17243,5.71925
-2631.29,28.7399,-27.4603
-2625.87,-0.483362,-4.74934
-2620.44,-25.2814,-0.47693
-2615.02,-7.08991,-12.6928
-2609.59,-25.3151,-20.9192
-2604.17,-15.5005,-36.8934
-2598.74,32.9533,-26.2313
-2593.32,-28.9298,3.54171
-2587.89,-58.6972,10.7851
-2582.47,-5.03819,-19.861
-2577.04,-22.1564,-76.3514
-2571.61,3.4655,-82.485
-2566.19,78.5814,2.9151
-2560.76,43.4572,71.1664
-2555.34,-10.377,88.3598
-2549.91,14.9638,92.5213
-2544.49,65.3833,21.8762
-2539.06,46.0445,-32.583
-2533.64,-27.6904,-19.0657
-2528.21,-35.4745,-9.78028
-2522.79,-16.9022,14.9179
-2517.36,-17.4964,33.3449
-2511.94,22.2093,33.1355
-2506.51,41.049,18.4169
-2501.08,-8.37805,-28.8937
-2495.66,-47.8245,-58.972
-2490.23,-25.0644,-29.2989
-2484.81,11.8741,-17.8888
-2479.38,9.96263,2.52219
-2473.96,18.1399,67.2322
-2468.53,42.5227,69.757
-2463.11,29.8898,9.12748
-2457.68,2.70337,-60.6822
-2452.26,-1.62945,-66.6274
-2446.83,34.2791,-11.6064
-2441.41,58.1186,-1.03087
-2435.98,15.2062,-25.2857
-2430.56,-19.749,-49.8683
-2425.13,-40.8698,-45.7698
-2419.7,-49.2877,5.44133
-2414.28,-12.6305,24.133
-2408.85,25.0364,-26.2328
-2403.43,67.3145,-16.3616
-2398,85.6899,70.7848
-2392.58,61.2106,71.159
-2387.15,13.745,20.5764
-2381.73,-63.8246,8.97012
-2376.3,-103.946,-35.5228
-2370.88,-49.9005,-48.3108
-2365.45,25.6195,40.3246
-2360.03,69.1342,91.7065
-2354.6,48.5457,62.2812
-2349.18,-6.08503,10.0687
-2343.75,-11.2362,-9.1293
-2338.32,-35.4421,-0.989054
-2332.9,-52.5311,-13.9159
-2327.47,-30.2498,-2.22866
-2322.05,-33.7357,42.9841
-2316.62,-21.8101,51.4715
-2311.2,24.4946,30.7334
-2305.77,2.14772,73.1229
-2300.35,-55.4888,149.764
-2294.92,-62.8603,83.7928
-2289.5,-29.536,32.6338
-2284.07,66.9821,123.424
-2278.65,142.743,68.2682
-2273.22,135.752,6.38182
-2267.79,96.2476,-2.55171
-2262.37,-21.8808,16.195
-2256.94,-239.735,188.105
-2251.52,-208.461,158.438
-2246.09,38.5995,61.3577
-2240.67,75.7635,98.452
-2235.24,4.66675,100.698
-2229.82,9.12183,108.387
-2224.39,42.1754,73.6965
-2218.97,1.73048,-14.6845
-2213.54,-75.5902,-53.8196
-2208.12,-37.9479,2.3939
-2202.69,25.1639,58.5622
-2197.27,-12.0452,76.0101
-2191.84,-6.66697,-13.0116
-2186.41,71.2079,-121.118
-2180.99,32.9438,-146.154
-2175.56,-33.4984,-205.956
-2170.14,-41.8758,-197.467
-2164.71,61.1184,-36.5157
-2159.29,511.775,192.549
-2153.86,677.702,204.398
-2148.44,234.846,26.7622
-2143.01,45.574,25.1943
-2137.59,160.234,175.229
-2132.16,182.761,164.751
-2126.74,137.006,19.3903
-2121.31,23.278,90.1322
-2115.89,-106.432,70.4222
-2110.46,-160.004,-73.6505
-2105.03,-94.3483,16.9664
-2099.61,42.2333,163.733
-2094.18,40.3972,306.883
-2088.76,-123.326,194.519
-2083.33,-352.315,-100.456
-2077.91,-657.398,-122.289
-2072.48,-570.446,24.1365
-2067.06,-128.178,88.7237
-2061.63,486.773,4.26501
-2056.21,1134.13,195.191
-2050.78,839.801,425.844
-2045.36,306.979,404.807
-2039.93,354.955,413.957
-2034.51,371.636,246.065
-2029.08,53.5552,2.92735
-2023.65,-134.178,-6.94226
-2018.23,-8538.21,-11889.5
-2012.8,-17624.9,-24346.9
-2007.38,-9289.98,-12539
-2001.95,-33.9497,49.5791
-1996.53,211.774,239.216
-1991.1,186.036,145.608
-1985.68,-19.8071,44.8361
-1980.25,-214.607,-131.118
-1974.83,-160.463,-211.491
-1969.4,-120.635,-37.278
-1963.98,-113.333,-72.8315
-1958.55,-639.695,-870.266
-1953.12,-791.642,-1118.79
-1947.7,-108.867,-323.682
-1942.27,87.5032,121.892
-1936.85,-19.8758,118.516
-1931.42,23.7535,52.6534
-1926,51.6657,-2.58179
-1920.57,61.1303,-62.1092
-1915.15,134.618,-97.9222
-1909.72,153.97,-6.72999
-1904.3,-8.57954,46.3887
-1898.87,-64.7011,44.2334
-1893.45,-63.2303,113.21
-1888.02,-113.092,133.065
-1882.6,-171.436,-40.6291
-1877.17,-147.784,-86.8452
-1871.74,-49.587,14.0859
-1866.32,-5.34857,17.7518
-1860.89,-111.515,-173.57
-1855.47,-328.804,-418.921
-1850.04,-221.174,-380.643
-1844.62,47.5804,-165.425
-1839.19,167.024,15.9856
-1833.77,192.337,89.1616
-1828.34,56.3587,100.721
-1822.92,-28.8344,82.1953
-1817.49,14.5897,-58.401
-1812.07,-7.41974,-110.098
-1806.64,-76.671,22.5919
-1801.22,-60.4085,67.6229
-1795.79,-8.79623,12.559
-1790.36,-38.647,-36.5147
-1784.94,-76.6247,-41.1149
-1779.51,-27.611,18.8324
-1774.09,-3.92444,56.1538
-1768.66,-29.5554,52.6926
-1763.24,-13.7134,13.7681
-1757.81,62.4377,-52.8661
-1752.39,141.144,-68.618
-1746.96,106.582,-24.2395
-1741.54,35.9221,9.18575
-1736.11,57.0485,65.152
-1730.69,116.476,122.576
-1725.26,107.452,115.524
-1719.83,1.8939,117.791
-1714.41,-67.3275,95.9251
-1708.98,-5.86099,-13.4509
-1703.56,19.5763,-73.2046
-1698.13,-42.5437,-46.099
-1692.71,-19.705,-22.0157
-1687.28,45.1767,-49.5041
-1681.86,8.28325,-110.373
-1676.43,-91.5657,-96.3364
-1671.01,-81.5967,-69.0821
-1665.58,29.8845,-74.5044
-1660.16,44.0578,-67.7667
-1654.73,-18.9588,-97.9111
-1649.31,-0.642899,-111.988
-1643.88,68.7458,-81.6163
-1638.45,70.3637,-31.4076
-1633.03,23.619,0.245097
-1627.6,-27.676,-12.1623
-1622.18,-54.3329,-51.9735
-1616.75,-39.1032,-63.1036
-1611.33,-4.97693,-15.3368
-1605.9,29.4548,48.8213
-1600.48,-0.0774816,64.7557
-1595.05,-37.6064,10.7101
-1589.63,-23.2829,-9.15511
-1584.2,-38.275,-17.3686
-1578.78,-46.6748,-15.5408
-1573.35,-9.49135,19.3849
-1567.93,26.8387,24.0126
-1562.5,43.9482,-55.5792
-1557.07,59.281,-254.514
-1551.65,70.2547,-255.076
-1546.22,46.8621,-57.9303
-1540.8,38.4076,-40.7432
-1535.37,44.3103,-85.6619
-1529.95,33.4027,-30.3715
-1524.52,13.0899,36.9471
-1519.1,-17.6924,62.5909
-1513.67,-21.1888,47.3248
-1508.25,24.4344,-4.29843
-1502.82,46.6589,-22.9919
-1497.4,-10.1762,-1.25996
-1491.97,-37.4605,-8.40472
-1486.55,-21.7342,-21.3894
-1481.12,-18.714,-16.3303
-1475.69,-12.069,-16.055
-1470.27,-35.1319,-64.8936
-1464.84,-46.1752,-71.5434
-1459.42,-57.9636,-6.24529
-1453.99,-47.9555,36.3231
-1448.57,97.6064,81.6026
-1443.14,153.546,74.7581
-1437.72,32.3485,10.4141
-1432.29,-38.4199,-12.9481
-1426.87,-10.182,4.57003
-1421.44,20.6389,23.1593
-1416.02,-0.592236,9.07022
-1410.59,-20.8483,-7.50069
-1405.16,-25.511,5.44574
-1399.74,-11.6025,28.8226
-1394.31,17.3403,43.9556
-1388.89,-0.982842,4.02727
-1383.46,-26.1134,-53.9502
-1378.04,-5.69857,-44.1773
-1372.61,-5.80575,-36.8193
-1367.19,-31.7132,-53.061
-1361.76,-14.3028,-27.88
-1356.34,15.0542,-17.6826
-1350.91,-23.7019,-35.3816
-1345.49,-51.1012,-23.6243
-1340.06,-28.1231,-2.4509
-1334.64,-5.19893,-10.2273
-1329.21,14.8513,-27.6596
-1323.78,16.7262,-41.8894
-1318.36,27.2087,-32.0166
-1312.93,6.6573,-4.96011
-1307.51,-33.9252,-2.46554
-1302.08,-4.04699,-22.3028
-1296.66,25.6953,-34.8244
-1291.23,-11.6929,-4.66032
-1285.81,-46.179,4.78302
-1280.38,-54.4695,-16.5717
-1274.96,-61.4898,-9.96607
-1269.53,-37.7609,-32.9037
-1264.11,-5.52846,-48.273
-1258.68,101.675,-31.4185
-1253.26,208.908,-51.9582
-1247.83,82.158,-30.4904
-1242.4,-43.5426,19.0038
-1236.98,-10.0424,10.5407
-1231.55,16.2982,-15.7762
-1226.13,2.84959,-26.1594
-1220.7,-30.596,-20.1604
-1215.28,-21.5616,8.58614
-1209.85,16.1406,12.3793
-1204.43,21.2524,-23.0014
-1199,39.6855,-17.7659
-1193.58,43.055,20.2885
-1188.15,23.5265,0.447347
-1182.73,41.7084,-60.4352
-1177.3,57.9584,-76.9391
-1171.87,20.0973,-85.8535
-1166.45,-29.3702,-89.6382
-1161.02,-62.103,-17.9639
-1155.6,-129.799,30.0603
-1150.17,-128.317,16.9094
-1144.75,-42.1135,36.9211
-1139.32,-12.9908,25.8476
-1133.9,-28.6897,-1.69797
-1128.47,-58.213,30.7288
-1123.05,-46.5532,26.4326
-1117.62,6.15995,0.944486
-1112.2,16.6477,20.7107
-1106.77,19.0749,-5.64056
-1101.35,18.83,-52.9058
-1095.92,3.18754,-34.6433
-1090.49,-9.09519,1.82939
-1085.07,-3.25797,-12.0342
-1079.64,34.1435,-29.0974
-1074.22,50.8046,5.10984
-1068.79,61.6684,-9.96672
-1063.37,66.5459,-37.7552
-1057.94,-22.8567,80.4935
-1052.52,-102.484,169.212
-1047.09,-54.4263,98.9286
-1041.67,-44.4923,64.2675
-1036.24,-62.884,67.6869
-1030.82,-24.9726,33.1129
-1025.39,-21.4758,-20.6814
-1019.97,-28.5186,-45.2649
-1014.54,-5.24149,4.40808
-1009.11,-15.0808,27.5817
-1003.69,-71.0929,-10.4957
-998.264,-67.3604,-10.1443
-992.838,-8.85475,12.8472
-987.413,11.1635,6.87626
-981.988,-9.71062,-6.01397
-976.562,5.77051,2.31452
-971.137,41.7706,21.3767
-965.712,40.7772,46.4949
-960.286,56.5418,19.1195
-954.861,50.6693,-81.0293
-949.436,-22.4363,-61.3944
-944.01,-64.6211,-9.29089
-938.585,-43.6304,-59.6212
-933.16,-50.4414,-81.0236
-927.734,-51.2361,-60.904
-922.309,-0.853863,-15.8018
-916.884,22.3875,-8.86437
-911.458,-2.76633,-39.0275
-906.033,-62.0764,-28.3928
-900.608,-69.3456,-1.34766
-895.182,-39.295,7.97561
-889.757,-31.3306,-5.41091
-884.331,22.4443,3.68505
-878.906,62.7931,6.14202
-873.481,32.7294,-24.1387
-868.055,2.75781,-11.0648
-862.63,27.6912,-0.158964
-857.205,312.651,214.886
-851.779,506.409,465.472
-846.354,194.167,262.262
-840.929,-36.3718,27.0879
-835.503,-1.20628,7.59413
-830.078,0.564819,-15.4647
-824.653,-27.1133,-32.1668
-819.227,-14.7295,-36.5633
-813.802,38.2554,-54.4086
-808.377,40.8413,-51.1015
-802.951,-7.24643,-26.2595
-797.526,-14.876,-0.242465
-792.101,7.86158,36.6039
-786.675,33.7872,72.7712
-781.25,35.4738,68.0041
-775.825,-9.58461,38.9438
-770.399,-19.2323,41.058
-764.974,-6.2032,44.9714
-759.549,-1.82955,-54.7026
-754.123,7.89315,-210.119
-748.698,14.4979,-169.213
-743.273,23.5335,-26.1736
-737.847,9.06996,-1.22446
-732.422,-3.39941,-22.9633
-726.996,12.9819,-7.58935
-721.571,26.9105,15.2292
-716.146,41.3339,17.7489
-710.72,49.4796,17.6751
-705.295,47.5741,20.4669
-699.87,22.2888,22.1433
-694.444,-43.6439,25.5092
-689.019,-69.7552,37.3979
-683.594,-29.5484,24.7811
-678.168,1.53556,-0.483875
-672.743,20.1187,-6.45674
-667.318,18.9893,8.41637
-661.892,31.8089,7.92642
-656.467,296.475,-137.764
-651.042,457.333,-213.789
-645.616,170.232,-60.3692
-640.191,-13.4259,15.5266
-634.766,7.71278,1.10234
-629.34,-0.280221,5.26025
-623.915,9.86718,-11.178
-618.49,27.8779,-21.0534
-613.064,16.7389,-10.9271
-607.639,-5.34145,-0.0628292
-602.214,14.2984,8.0291
-596.788,28.2434,1.68596
-591.363,13.0191,-16.82
-585.937,21.5722,-16.5606
-580.512,13.1031,-14.9158
-575.087,-18.208,-14.8128
-569.661,19.4382,15.0328
-564.236,1.92394,7.41499
-558.811,201.337,37.2263
-553.385,740.826,215.7
-547.96,641.514,227.878
-542.535,117.867,58.4266
-537.109,-9.4462,-13.4696
-531.684,-9.39499,-11.4719
-526.259,-13.023,37.3832
-520.833,15.8502,67.9247
-515.408,31.8737,36.0116
-509.983,13.9611,7.45333
-504.557,11.3679,-15.2648
-499.132,22.3771,-26.1717
-493.707,13.5109,-8.29463
-488.281,19.7127,5.78194
-482.856,15.1727,-7.71059
-477.431,-1.49508,-12.0669
-472.005,8.17979,1.56188
-466.58,2.64181,5.19704
-461.154,60.0088,-26.2755
-455.729,543.557,-312.025
-450.304,797.265,-486.879
-444.878,309.693,-177.23
-439.453,-7.85298,24.2421
-434.028,-23.9107,4.04463
-428.602,-52.3856,20.4252
-423.177,-34.4175,23.916
-417.752,-3.80878,4.36252
-412.326,19.4887,-6.06199
-406.901,32.1524,-0.244111
-401.476,24.3194,11.4569
-396.05,0.401099,-2.43471
-390.625,8.07524,-41.6384
-385.2,47.8656,-24.2647
-379.774,57.6642,25.746
-374.349,27.0576,46.3052
-368.924,-14.9314,31.3228
-363.498,8.81775,7.52138
-358.073,-142.951,-41.8621
-352.648,-523.554,-119.355
-347.222,-420.431,-108.295
-341.797,-54.5693,-38.4656
-336.371,31.1274,-7.0501
-330.946,30.0513,-3.82663
-325.521,0.401342,-8.75481
-320.095,-17.3021,-23.5334
-314.67,-6.02372,-21.8605
-309.245,8.60887,-4.91821
-303.819,15.7445,-20.9863
-298.394,10.7152,-22.8747
-292.969,19.7477,15.7539
-287.543,9.43314,26.9035
-282.118,-3.3833,25.69
-276.693,17.3441,15.7523
-271.267,29.0094,21.3359
-265.842,5.24804,-0.393474
-260.417,38.1522,84.1485
-254.991,432.802,1117.38
-249.566,657.216,1692.13
-244.141,259.825,624.913
-238.715,-3.08845,-23.5467
-233.29,1.47125,45.24
-227.865,3.36401,20.2553
-222.439,9.70229,-8.29513
-217.014,4.45912,-18.0357
-211.589,16.5698,-1.98622
-206.163,39.6697,-19.0743
-200.738,53.2587,-39.0085
-195.312,24.1864,-17.1559
-189.887,1.32064,2.61468
-184.462,13.6901,-7.36728
-179.036,18.2708,-21.1495
-173.611,0.727231,-17.7199
-168.186,15.9263,1.27057
-162.76,-10.7098,34.3154
-157.335,302.406,-40.3314
-151.91,929.498,-220.167
-146.484,692.77,-159.699
-141.059,74.7507,17.4127
-135.634,-20.9137,21.7971
-130.208,-15.8979,-19.3434
-124.783,-16.5411,-18.2058
-119.358,8.19869,-10.1334
-113.932,12.2285,0.353001
-108.507,-2.92137,25.2272
-103.082,-20.6279,37.0515
-97.6562,-14.3532,8.63621
-92.2309,-3.58593,-26.3978
-86.8055,-19.4669,-34.173
-81.3802,-39.241,-37.8422
-75.9549,-18.2745,-31.5049
-70.5295,6.43738,-19.5378
-65.1042,19.8733,-10.8107
-59.6788,16.0293,-11.9764
-54.2535,-4.79755,-94.773
-48.8281,-6.1432,-144.945
-43.4028,-5.38847,-55.911
-37.9774,-3.87397,15.4263
-32.5521,-5.81831,13.9151
-27.1267,-9.25789,-2.25127
-21.7014,9.06427,-1.96943
-16.276,17.6188,13.0682
-10.8507,3.76481,14.0816
-5.42535,106.375,-220.01
0,227.142,-445.792
5.42535,115.467,-215.378
10.8507,-13.6051,5.23114
16.276,-20.9284,-6.5728
21.7014,-3.73447,-8.49074
27.1267,7.26298,6.16656
32.5521,-7.83759,12.8862
37.9774,-10.2031,12.2014
43.4028,48.4002,-28.5043
48.8281,120.874,-80.2267
54.2535,79.4929,-51.8249
59.6788,0.267399,-20.0075
65.1042,-2.93494,-22.4322
70.5295,12.022,-16.6917
75.9549,36.2294,-3.7337
81.3802,53.6803,9.50349
86.8055,39.0889,-4.33732
92.2309,23.4641,-12.6151
97.6562,1.44981,16.6881
103.082,-17.8506,38.4667
108.507,-18.6921,17.1916
113.932,-7.47326,-9.68555
119.358,3.379,-12.5891
124.783,24.4514,2.68088
130.208,24.9937,1.4919
135.634,-5.34147,29.7315
141.059,-58.0245,-50.2396
146.484,-278.001,-654.331
151.91,-368.226,-881.391
157.335,-145.121,-268.357
162.76,-21.4665,28.8344
168.186,-10.3891,-12.1379
173.611,13.9083,-11.0039
179.036,6.37095,-27.2128
184.462,-2.08663,-15.4059
189.887,-2.89158,0.468395
195.312,-0.336984,-29.6512
200.738,0.253972,-66.0159
206.163,-7.88584,-43.305
211.589,-8.13253,-14.5728
217.014,11.9702,-14.2087
222.439,1.00803,-12.7251
227.865,-18.3642,9.18423
233.29,-37.4647,25.401
238.715,20.865,-11.3419
244.141,-658.286,157.112
249.566,-1755.26,462.911
254.991,-1158.37,306.634
260.417,-90.5029,18.5955
265.842,-2.76637,-4.47704
271.267,-34.3125,-10.9282
276.693,-22.9392,-4.7729
282.118,-18.7951,17.8374
287.543,-27.31,8.18193
292.969,-24.3525,-6.71627
298.394,12.2077,-22.1142
303.819,7.72391,-25.0729
309.245,-1.08125,-9.8556
314.67,21.2262,-7.97601
320.095,29.2088,0.165086
325.521,6.84685,-5.47071
330.946,-14.568,-26.5613
336.371,-12.5927,-29.3265
341.797,63.1944,21.538
347.222,334.736,276.481
352.648,404.298,353.409
358.073,117.892,91.0439
363.498,-11.2681,-2.71259
368.924,-16.5642,30.4908
374.349,-53.3657,5.32747
379.774,-54.7231,-31.5181
385.2,-8.5042,-52.9865
390.625,28.9396,-31.0074
396.05,1.73399,-1.75557
401.476,-23.5634,-12.9406
406.901,-18.7012,-26.1553
412.326,-6.55105,-19.3298
417.752,-1.29068,5.64583
423.177,0.881504,41.9018
428.602,14.2671,54.3865
434.028,10.7822,21.7215
439.453,-14.9964,20.6024
444.878,-38.6511,-354.72
450.304,-74.7268,-931.181
455.729,-67.0617,-623.15
461.154,-14.015,-63.9925
466.58,-5.75728,0.917483
472.005,-6.07156,-5.69954
477.431,10.6411,-5.88319
482.856,-2.68028,-16.8071
488.281,-16.2645,-12.5494
493.707,-1.23098,-15.806
499.132,8.02045,-33.4868
504.557,5.66789,-18.1693
509.983,-14.236,-6.91377
515.408,-47.8689,-4.61927
520.833,-64.2687,27.1021
526.259,-22.5889,32.5091
531.684,14.8032,0.857637
537.109,16.4495,-0.275189
542.535,-116.548,-61.0138
547.96,-561.43,-385.052
553.385,-609.952,-472.555
558.811,-148.46,-141.004
564.236,-7.12976,2.8019
569.661,-23.5874,-6.8897
575.087,22.6861,6.02385
580.512,4.36528,-19.3679
585.937,0.717997,-27.1864
591.363,5.95536,-20.4195
596.788,-17.9648,-21.8583
602.214,-14.9001,-6.84821
607.639,3.19045,4.28438
613.064,-0.998693,-19.9648
618.49,0.64602,-34.9288
623.915,3.24262,-14.5541
629.34,-4.09122,3.3181
634.766,-5.42532,-5.59184
640.191,-4.6697,19.988
645.616,-51.2203,-173.205
651.042,-95.855,-495.652
656.467,-62.8099,-320.829
661.892,-25.1094,-21.0749
667.318,-17.9707,-10.4156
672.743,-6.60183,-20.0715
678.168,-0.510986,-1.5267
683.594,-2.68024,38.4711
689.019,10.7455,78.4151
694.444,5.01591,50.3026
699.87,-31.0153,-5.01653
705.295,-44.5215,-26.4581
710.72,-43.3828,-29.6407
716.146,-38.6546,-23.0073
721.571,-28.1382,-12.8197
726.996,-1.49056,-14.9635
732.422,20.5758,-10.7472
737.847,-4.34051,-8.05749
743.273,7.34228,-34.4235
748.698,128.375,-111.19
754.123,165.35,-129.891
759.549,45.33,-30.6737
764.974,-32.7375,31.4506
770.399,-21.9122,39.6928
775.825,-25.8725,30.6447
781.25,-75.8675,11.2729
786.675,-78.7328,15.4395
792.101,-34.2344,15.1551
797.526,8.9398,11.8924
802.951,25.5036,-9.57257
808.377,17.3361,-63.078
813.802,21.5314,-62.9299
819.227,38.238,-9.57496
824.653,41.9603,3.02795
830.078,12.1792,-9.54689
835.503,-5.43472,5.43962
840.929,-0.535784,45.3473
846.354,-326.303,-2.93085
851.779,-674.235,-136.096
857.205,-357.618,-126.633
862.63,-16.1479,-22.4961
868.055,7.33059,-8.73485
873.481,0.290805,-40.667
878.906,-41.8779,-47.1905
884.331,-16.1738,-15.9919
889.757,22.7932,22.1665
895.182,16.6445,36.4782
900.608,41.8506,55.3096
906.033,59.4578,33.532
911.458,33.1999,-20.7018
916.884,-5.98765,-23.3223
922.309,13.2858,-8.59731
927.734,79.3881,5.65239
933.16,95.1982,-6.81665
938.585,73.8796,0.25295
944.01,45.4999,46.8183
949.436,62.8568,-17.9353
954.861,35.7714,-88.6202
960.286,-48.7024,-34.5051
965.712,-61.5834,-5.66042
971.137,-41.8471,-21.2283
976.562,-5.26453,-3.30785
981.988,10.573,4.3212
987.413,-12.1247,-4.98966
992.838,-5.18892,14.715
998.264,47.8004,48.533
1003.69,50.2786,51.3461
1009.11,-13.4498,28.4128
1014.54,-0.485414,6.83145
1019.97,53.3829,-3.53401
1025.39,29.3546,5.2181
1030.82,-12.1104,39.6666
1036.24,-17.7975,90.6596
1041.67,-25.8416,73.7705
1047.09,-48.0439,102.181
1052.52,-76.6571,182.371
1057.94,-51.6858,65.8043
1063.37,-8.57007,-76.0287
1068.79,-28.1846,-55.7491
1074.22,-33.9962,-38.0983
1079.64,3.47127,-44.7257
1085.07,11.6509,-4.4378
1090.49,3.86602,8.43346
1095.92,26.1534,-22.9416
1101.35,31.7337,-46.331
1106.77,-6.6488,-18.7474
1112.2,-26.5408,-1.29456
1117.62,-4.38491,-4.42847
1123.05,5.97886,53.199
1128.47,9.35661,65.1572
1133.9,18.2371,22.2125
1139.32,-13.2754,25.7026
1144.75,-5.11624,55.7723
1150.17,61.7426,113.75
1155.6,51.9748,122.679
1161.02,51.0363,39.6835
1166.45,89.7822,-28.927
1171.87,57.644,-66.7225
1177.3,28.1779,-92.113
1182.73,24.3775,-69.2657
1188.15,-14.1905,-18.7705
1193.58,-41.7209,-22.907
1199,-8.95357,-42.5487
1204.43,6.11656,-30.7134
1209.85,-19.5023,-5.78164
1215.28,5.72727,22.4905
1220.7,34.294,12.9026
1226.13,19.4883,-17.6815
1231.55,3.18316,-22.4585
1236.98,-2.62479,14.3201
1242.4,10.2193,46.3968
1247.83,-23.624,-84.389
1253.26,-80.7578,-199.55
1258.68,-34.3449,-100.724
1264.11,42.3031,-23.9016
1269.53,48.815,11.2089
1274.96,44.2055,43.8883
1280.38,45.4231,34.3261
1285.81,23.2738,40.1709
1291.23,10.6432,6.72033
1296.66,13.0701,-41.2572
1302.08,20.4221,-9.83515
1307.51,21.9354,25.9968
1312.93,0.0992498,-8.30111
1318.36,9.90728,-40.8317
1323.78,24.0581,-38.1535
1329.21,13.6476,-28.273
1334.64,11.3299,-1.80546
1340.06,18.5132,21.3115
1345.49,49.149,27.4557
1350.91,42.556,-1.62156
1356.34,5.45691,-22.5726
1361.76,30.9624,-4.81624
1367.19,61.5678,-5.53198
1372.61,33.1998,-16.945
1378.04,39.0895,-21.3565
1383.46,58.9957,-10.585
1388.89,-2.68043,3.16231
1394.31,-45.7532,11.8079
1399.74,-16.4983,26.3281
1405.16,10.5891,23.8396
1410.59,18.3225,12.4578
1416.02,-6.9899,5.81044
1421.44,-30.8675,-3.0845
1426.87,2.28759,10.9236
1432.29,33.0579,23.4716
1437.72,-27.4391,-20.0492
1443.14,-150.732,-80.2794
1448.57,-123.389,-31.0004
1453.99,-1.1982,60.1469
1459.42,39.1218,43.2226
1464.84,85.0211,-4.69583
1470.27,73.1501,-9.7212
1475.69,20.0827,0.327081
1481.12,24.2114,5.54125
1486.55,30.0793,5.01081
1491.97,28.8178,25.3662
1497.4,7.00058,7.49215
1502.82,-8.82463,-51.2621
1508.25,-10.8847,-22.2944
1513.67,-25.8321,44.959
1519.1,-40.2377,51.1035
1524.52,-37.5849,11.1269
1529.95,4.93746,-44.8753
1535.37,43.2569,-86.1986
1540.8,10.3865,-55.0207
1546.22,19.3218,-71.9628
1551.65,165.066,-206.767
1557.07,171.061,-197.559
1562.5,19.1324,-68.2235
1567.93,-35.202,-7.59867
1573.35,-10.104,19.0728
1578.78,40.0074,28.6261
1584.2,36.549,20.7561
1589.63,21.0919,13.455
1595.05,13.4398,36.7195
1600.48,-52.3429,38.1252
1605.9,-56.8104,4.86703
1611.33,15.3331,-4.98831
1616.75,74.0362,-5.45621
1622.18,73.9835,13.4069
1627.6,26.107,15.2415
1633.03,-14.0812,-18.9641
1638.45,-15.9497,-75.3864
1643.88,25.6212,-103.589
1649.31,90.9784,-65.3051
1654.73,90.3554,-42.2128
1660.16,28.9276,-75.4759
1665.58,42.7074,-67.9696
1671.01,103.85,25.4078
1676.43,131.759,17.453
1681.86,84.425,-71.5771
1687.28,13.4954,-65.6465
1692.71,29.3934,3.00112
1698.13,62.3014,7.32224
1703.56,47.7171,-58.8662
1708.98,14.327,-3.16461
1714.41,-38.0309,110.852
1719.83,-96.4078,67.7035
1725.26,-156.619,-19.0272
1730.69,-167.629,-22.183
1736.11,-86.2413,-7.85781
1741.54,-28.546,-23.6624
1746.96,-43.0376,-100.475
1752.39,-27.4496,-154.521
1757.81,6.06966,-81.5871
1763.24,-3.0781,19.1871
1768.66,-25.2569,54.8828
1774.09,-43.1226,36.1813
1779.51,0.993629,33.4071
1784.94,78.3015,37.8239
1790.36,52.2571,9.80325
1795.79,-4.99026,14.4982
1801.22,-19.2009,88.6192
1806.64,26.7885,75.3075
1812.07,93.4326,-58.7114
1817.49,38.6718,-46.1306
1822.92,-49.5489,71.6407
1828.34,-114.612,13.6074
1833.77,-185.186,-103.196
1839.19,-111.108,-125.73
1844.62,105.864,-135.727
1850.04,437.949,-44.8026
1855.47,532.18,19.7722
1860.89,205.968,-11.8048
1866.32,-11.2177,14.7613
1871.74,17.7507,48.3962
1877.17,157.124,68.5132
1882.6,133.637,114.813
1888.02,-41.1778,169.707
1893.45,-54.4226,117.698
1898.87,2.24463,78.344
1904.3,-32.4863,34.2076
1909.72,-85.0568,-128.52
1915.15,0.0940857,-166.465
1920.57,14.3149,-85.9627
1926,-28.2804,-43.3161
1931.42,-56.5594,11.7319
1936.85,-84.1985,85.7416
1942.27,-150.046,0.854711
1947.7,325.855,-102.18
1953.12,1370.44,-17.1597
1958.55,1080.06,5.99447
1963.98,125.537,48.8788
1969.4,101.065,75.6842
1974.83,265.417,5.50582
1980.25,232.219,96.5514
1985.68,-24.6308,42.3784
1991.1,-227.149,-64.9197
1996.53,-318.008,-30.7208
2001.95,-20.155,56.6078
2007.38,15604.7,145.525
2012.8,30056.8,-51.901
2018.23,14637.5,-80.9395
2023.65,84.4841,104.472
2029.08,-33.8472,-41.6064
2034.51,-417.514,-156.026
2039.93,-543.535,-43.8467
2045.36,-507.933,-10.4119
2050.78,-838.137,-429.108
2056.21,-824.538,-802.8
2061.63,-289.568,-391.3
2067.06,3.56188,155.848
2072.48,315.773,475.687
2077.91,485.343,459.967
2083.33,288.356,225.983
2088.76,-84.8799,214.108
2094.18,-272.017,147.699
2099.61,-157.286,62.0723
2105.03,41.7305,86.302
2110.46,153.632,86.1549
2115.89,5.58642,127.498
2121.31,-86.6009,34.1461
2126.74,-96.2174,-99.4432
2132.16,-240.711,-51.019
2137.59,-235.947,-26.6352
2143.01,-47.1701,-22.0613
2148.44,-159.69,-174.264
2153.86,-563.705,-428.13
2159.29,-456.589,-300.857
2164.71,-6.38268,-70.9092
2170.14,184.368,-82.1899
2175.56,186.311,-93.9569
2180.99,98.8775,-112.559
2186.41,56.1323,-128.8
2191.84,14.4456,-2.25458
2197.27,-54.4135,54.4224
2202.69,-62.1687,14.064
2208.12,20.3685,32.1076
2213.54,87.9717,29.5194
2218.97,10.8629,-10.0313
2224.39,-84.4119,9.1971
2229.82,-93.0483,56.3285
2235.24,-84.2091,55.4131
2240.67,-124.182,-3.42543
2246.09,-72.3277,4.83756
2251.52,-5.64868,261.776
2256.94,-11.2669,304.515
2262.37,-0.240739,27.2211
2267.79,-54.5082,-79.3658
2273.22,-84.9559,-106.075
2278.65,-139.132,-75.3546
2284.07,-139.223,18.3573
2289.5,-9.04045,43.0768
2294.92,-30.8414,100.107
2300.35,-88.5464,132.921
2305.77,-60.4201,41.2431
2311.2,-39.2614,-1.75189
2316.62,-28.8215,47.8989
2322.05,-14.9455,52.5582
2327.47,19.5835,23.1625
2332.9,42.1352,34.319
2338.32,21.6325,28.0918
2343.75,13.9902,3.72418
2349.18,-4.56908,10.8412
2354.6,-78.9208,-2.66635
2360.03,-114.826,-2.02713
2365.45,-47.6818,2.9755
2370.88,68.415,11.974
2376.3,89.8363,63.214
2381.73,30.2582,56.9077
2387.15,-24.7259,0.974571
2392.58,-93.5475,-7.69423
2398,-107.633,-27.7183
2403.43,-26.3296,-64.0757
2408.85,6.50669,-35.6741
2414.28,-12.0999,24.4033
2419.7,24.5684,43.0729
2425.13,61.0512,6.16158
2430.56,51.9524,-13.3346
2435.98,11.5185,-27.1647
2441.41,-33.327,-47.6248
2446.83,-10.7588,-34.5546
2452.26,54.8605,-37.8444
2457.68,47.5039,-37.8551
2463.11,-24.9531,-18.8164
2468.53,-81.4288,6.60054
2473.96,-65.0544,24.8426
2479.38,-7.89638,-6.57743
2484.81,7.49293,-20.1211
2490.23,38.4358,3.05602
2495.66,75.8198,4.02795
2501.08,28.2995,-10.205
2506.51,-39.0275,-22.384
2511.94,-39.8615,1.50884
2517.36,-16.6925,33.7545
2522.79,-2.13396,22.4427
2528.21,28.7641,22.9507
2533.64,31.7006,11.1955
2539.06,-0.703985,-56.4026
2544.49,-56.1295,-40.0377
2549.91,-83.6468,42.2767
2555.34,-65.3851,60.3318
2560.76,-83.1184,6.67294
2566.19,-48.5474,-61.8602
2571.61,64.6947,-51.2871
2577.04,74.7929,-26.9534
2582.47,19.0292,-7.59805
2587.89,25.776,53.8265
2593.32,14.1392,25.4865
2598.74,1.85211,-42.0782
2604.17,38.9583,-9.14526
2609.59,31.8039,8.18433
2615.02,14.4362,-1.7248
2620.44,15.246,20.1729
2625.87,4.12648,-2.40057
2631.29,5.32297,-39.3918
2636.72,-8.84283,-2.44092
2642.14,-7.93279,-8.99721
2647.57,0.0465565,-21.0641
2652.99,-73.2433,149.932
2658.42,-122.136,224.073
2663.85,-49.2803,74.0539
2669.27,23.8855,-23.1164
2674.7,29.8176,-23.2498
2680.12,16.8144,10.6921
2685.55,-6.56031,33.0151
2690.97,-46.0976,30.871
2696.4,-69.9441,32.9667
2701.82,-51.2885,3.75976
2707.25,0.831573,-13.5157
2712.67,26.6691,18.6134
2718.1,12.9568,16.2181
2723.52,7.91605,4.95162
2728.95,9.99805,13.8763
2734.37,-13.426,-20.2312
2739.8,-24.7322,-37.3454
2745.23,11.4003,0.959451
2750.65,48.227,36.4244
2756.08,67.9657,44.8631
2761.5,54.5814,37.7371
2766.93,16.6261,52.0485
2772.35,7.68068,52.9432
2777.78,17.6681,37.0761
2783.2,8.95743,29.0784
2788.63,-1.54738,16.0952
2794.05,-4.13271,12.3594
2799.48,-9.65298,-21.1216
2804.9,-19.0139,-59.8523
2810.33,-23.8787,-44.3011
2815.75,-7.7147,-8.58618
2821.18,6.52239,19.3325
2826.61,-18.8312,48.1409
2832.03,-43.5664,45.1914
2837.46,-18.8859,23.9225
2842.88,-3.36459,32.798
2848.31,-8.67209,31.2828
2853.73,14.3942,0.196028
2859.16,25.3741,-23.291
2864.58,-10.2238,-6.45863
2870.01,-20.7346,12.2921
2875.43,20.9125,-4.07743
2880.86,37.6902,-11.194
2886.28,6.1847,-8.7911
2891.71,-19.0453,-1.56482
2897.14,-7.37115,16.8636
2902.56,10.868,25.3337
2907.99,26.5749,28.4747
2913.41,20.5328,24.1581
2918.84,-17.3052,48.6014
2924.26,-5.63371,81.9511
2929.69,25.9291,53.7308
2935.11,23.6308,36.0312
2940.54,25.0015,33.0701
2945.96,34.4977,4.29626
2951.39,-43.1789,48.9883
2956.81,-152.115,103.179
2962.24,-89.9384,66.8415
2967.66,-4.10062,18.2498
2973.09,-17.1281,-17.3538
2978.52,-36.0875,-28.7258
2983.94,-26.8771,-14.8717
2989.37,2.925,-9.7464
2994.79,0.878636,-5.1392
3000.22,-6.22657,-10.9731
3005.64,6.50866,-25.529
3011.07,2.29949,-10.2518
3016.49,-23.4822,4.26719
3021.92,-56.9092,-8.40327
3027.34,-70.5175,2.64887
3032.77,-50.8501,5.17487
3038.19,-19.2537,-19.5685
3043.62,4.70478,-2.0651
3049.04,-4.50844,-0.410172
3054.47,-16.2401,-59.3143
3059.9,-0.949074,-90.7503
3065.32,5.10361,-69.5461
3070.75,4.81623,-27.5382
3076.17,4.4317,-9.16792
3081.6,5.74233,-27.9125
3087.02,11.5065,-27.7337
3092.45,37.1228,-12.9327
3097.87,41.1453,-3.05713
3103.3,-8.82259,36.3045
3108.72,-29.699,61.9393
3114.15,-12.7103,40.6123
3119.57,5.23622,4.65361
3125,22.8929,-15.3287
3130.43,29.3422,19.2497
3135.85,15.5395,50.7868
3141.28,11.5771,29.0954
3146.7,36.3917,6.35407
3152.13,88.2244,20.3674
3157.55,138.691,38.0114
3162.98,108.196,19.1792
3168.4,29.5338,-11.0273
3173.83,-9.14492,-18.0347
3179.25,7.61847,-7.85228
3184.68,24.1807,-5.05846
3190.1,3.88404,-7.91851
3195.53,8.74741,-14.9385
3200.95,19.8127,-24.1702
3206.38,-19.8672,-16.9661
3211.81,-46.7657,-9.74117
3217.23,-18.293,-11.7456
3222.66,5.81874,16.647
3228.08,-10.6332,49.2445
3233.51,-21.6138,31.1672
3238.93,14.4392,-9.11131
3244.36,35.8941,-14.9082
3249.78,18.4548,6.53453
3255.21,20.8856,16.5235
3260.63,17.5444,27.3635
3266.06,15.8109,44.3042
3271.48,22.7973,31.4663
3276.91,-5.64552,11.725
3282.33,-17.1903,14.2122
3287.76,15.01,5.18169
3293.19,27.9895,-3.75945
3298.61,8.13219,0.162509
3304.04,5.24429,0.625266
3309.46,28.4567,0.743326
3314.89,27.0227,-2.91183
3320.31,-19.3213,-3.73644
3325.74,-54.3162,9.97383
3331.16,-26.3466,15.7434
3336.59,9.79958,0.232613
3342.01,0.144896,-18.7171
3347.44,-5.98492,0.211568
3352.86,-33.7671,44.6405
3358.29,-73.7128,43.0169
3363.71,-44.3904,0.221757
3369.14,-11.5193,-44.745
3374.57,-23.4733,-47.1072
3379.99,-27.3334,-31.8589
3385.42,-7.6146,-40.8412
3390.84,0.571426,-26.2782
3396.27,-10.3973,-7.82873
3401.69,-11.5933,-9.25349
3407.12,-16.5358,-16.3348
3412.54,-38.32,-0.89446
3417.97,-20.9343,25.6392
3423.39,20.8754,1.91173
3428.82,30.5338,-4.95347
3434.24,11.6173,4.33285
3439.67,-9.11605,-26.2404
3445.1,-11.5703,-27.9716
3450.52,-37.8011,-8.28163
3455.95,-68.084,-10.6177
3461.37,-38.7812,-4.48438
3466.8,2.38545,6.75344
3472.22,-8.59814,-0.651927
3477.65,-26.0522,-11.9644
3483.07,-0.67179,-17.7702
3488.5,29.2999,-14.2226
3493.92,28.9658,2.5344
3499.35,0.773608,9.99573
3504.77,-15.1844,4.14909
3510.2,-10.2035,2.95591
3515.62,-1.5572,-5.58017
3521.05,24.2059,-18.4952
3526.48,37.5886,-20.2073
3531.9,18.0117,-28.337
3537.33,3.40823,-31.0319
3542.75,-8.27128,-17.808
3548.18,-29.772,-18.7996
3553.6,-7.00857,-17.5405
3559.03,27.3906,-11.4781
3564.45,15.5352,-12.3345
3569.88,25.6367,-2.41242
3575.3,24.2205,0.839169
3580.73,-11.3937,-26.0181
3586.15,-14.5464,-56.5788
3591.58,-7.03069,-37.8628
3597,-9.99992,0.207755
3602.43,-24.0398,3.22217
3607.86,-41.473,-12.4394
3613.28,-37.9152,-22.3514
3618.71,-10.9576,-23.0192
3624.13,9.9046,-21.152
3629.56,19.5231,-6.11996
3634.98,23.3142,23.4283
3640.41,12.7532,38.7216
3645.83,11.1479,40.9332
3651.26,4.15247,39.2224
3656.68,-24.3381,23.5791
3662.11,-29.3225,0.318339
3667.53,-1.59198,-9.84622
3672.96,34.9139,5.44219
3678.39,41.1878,17.0443
3683.81,13.1263,17.0837
3689.24,15.8835,29.9688
3694.66,23.7339,47.2793
3700.09,-3.34908,47.5731
3705.51,-12.2429,39.2264
3710.94,-3.55982,27.7854
3716.36,6.9167,1.26803
3721.79,17.7484,0.812524
3727.21,26.3167,36.2707
3732.64,31.2116,40.8327
3738.06,15.3352,10.8038
3743.49,10.3094,-6.26839
3748.91,20.9882,-20.5942
3754.34,9.68953,-19.2047
3759.77,-9.80124,15.9441
3765.19,-9.9055,47.2445
3770.62,-8.27729,50.9226
3776.04,-12.1918,26.1532
3781.47,-2.62899,1.54799
3786.89,16.5314,6.1079
3792.32,9.55375,14.2415
3797.74,-28.4829,-3.08462
3803.17,-51.8668,-25.3857
3808.59,-43.474,-7.70243
3814.02,-11.6309,23.9323
3819.44,-8.31167,4.72405
3824.87,-22.5197,-11.8694
3830.29,-0.135389,-15.0615
3835.72,-3.61707,-41.407
3841.15,-28.7717,-45.2502
3846.57,-24.6201,-13.8844
3852,-12.3169,11.191
3857.42,-15.4129,-2.31691
3862.85,-34.4627,-16.1751
3868.27,-28.8582,-14.5646
3873.7,4.60615,-28.7027
3879.12,14.0395,-38.6104
3884.55,-14.8637,-15.5733
3889.97,-20.9914,8.66596
3895.4,13.5451,2.82131
3900.82,18.1015,10.091
3906.25,2.9554,18.772
3911.68,7.83732,5.40709
3917.1,-2.91305,6.27311
3922.53,-23.062,9.25855
3927.95,-20.9132,5.01478
3933.38,5.07522,14.274
3938.8,24.4081,28.2715
3944.23,22.1244,20.2666
3949.65,10.1484,4.99675
3955.08,2.63823,19.3317
3960.5,3.97812,41.6733
3965.93,-9.83439,17.2249
3971.35,-3.13214,-24.9197
3976.78,15.6595,-37.7328
3982.2,16.7662,-26.1488
3987.63,10.7813,3.87999
3993.06,-0.603805,17.7483
3998.48,0.226288,9.88746
4003.91,15.5644,4.47466
4009.33,41.4585,-14.9793
4014.76,26.9674,-33.4711
4020.18,-23.2912,-22.0875
4025.61,-31.8878,-3.74309
4031.03,-7.2084,9.0439
4036.46,11.9301,10.3522
4041.88,15.5018,-8.51862
4047.31,-1.14251,-19.4803
4052.73,-6.53825,2.02906
4058.16,1.3787,22.8077
4063.58,-9.43981,12.1341
4069.01,-18.796,6.48686
4074.44,-10.5997,11.3793
4079.86,6.20272,10.7095
4085.29,20.3428,-4.56982
4090.71,19.5508,-22.8262
4096.14,-1.11148,-8.65745
4101.56,-19.1188,-22.7433
4106.99,-11.7428,-46.3307
4112.41,-2.22822,-3.68892
4117.84,-6.15559,41.2357
4123.26,2.07952,26.3121
4128.69,5.64744,-5.29347
4134.11,-10.0213,4.13385
4139.54,-10.1118,11.5105
4144.96,2.3545,-7.90522
4150.39,19.7457,-26.3229
4155.82,16.6979,-27.4783
4161.24,-3.94472,4.91358
4166.67,-2.49215,27.0455
4172.09,-6.43565,10.7366
4177.52,-13.6203,7.47051
4182.94,4.63826,20.0846
4188.37,13.2121,10.6215
4193.79,-11.0508,-4.02986
4199.22,-21.3294,-18.2688
4204.64,-6.18389,-28.1008
4210.07,-3.8256,-10.1987
4215.49,3.76248,-8.8967
4220.92,24.7734,-35.4604
4226.35,8.8473,-35.8117
4231.77,-11.3987,-12.6465
4237.2,11.7722,2.94656
4242.62,37.7198,1.82237
4248.05,53.0966,-2.83415
4253.47,39.0715,-10.4634
4258.9,12.35,-28.745
4264.32,10.8694,-20.1083
4269.75,-1.26453,12.0192
4275.17,-7.08997,6.28813
4280.6,12.1098,-8.15013
4286.02,23.6647,18.9
4291.45,22.173,48.8269
4296.87,5.98903,45.7843
4302.3,-3.00962,22.6151
4307.73,7.3546,6.88308
4313.15,-6.05037,25.1336
4318.58,-26.7356,39.7654
4324,-4.39778,23.76
4329.43,22.3283,28.3304
4334.85,9.14288,30.995
4340.28,-18.1337,7.45256
4345.7,-2.1096,-2.31416
4351.13,30.6467,1.82399
4356.55,7.9098,10.9667
4361.98,-15.3388,-8.18679
4367.4,1.19296,-38.4015
4372.83,11.8581,-20.1042
4378.25,2.14648,-12.107
4383.68,-6.04428,-33.7527
4389.11,-4.14933,-35.5622
4394.53,-4.94759,-14.9121
4399.96,-11.3115,5.05134
4405.38,-25.882,1.04086
4410.81,-30.9794,2.28778
4416.23,-24.9326,7.62187
4421.66,-21.2854,7.52132
4427.08,-14.2821,18.5811
4432.51,0.0878557,15.4377
4437.93,24.3796,6.86951
4443.36,30.2082,9.15169
4448.78,1.03469,17.1331
4454.21,-25.4176,18.2491
4459.63,-17.3718,11.7549
4465.06,7.52884,11.2763
4470.49,3.71403,15.0812
4475.91,-20.1766,12.2829
4481.34,-6.85167,-15.4313
4486.76,20.9908,-41.703
4492.19,1.78741,-22.3995
4497.61,-32.6849,18.3132
4503.04,-32.4675,18.6054
4508.46,-11.38,-15.075
4513.89,-10.6038,-32.8822
4519.31,-12.3688,-19.4029
4524.74,6.28118,-1.69016
4530.16,22.7143,-18.994
4535.59,29.3124,-39.9788
4541.02,15.5069,-25.9044
4546.44,14.6847,2.7454
4551.87,21.233,25.9969
4557.29,-7.40145,22.1559
4562.72,-10.1072,15.4325
4568.14,19.1926,32.7727
4573.57,14.9102,25.2363
4578.99,3.51648,-5.18722
4584.42,1.63018,3.6865
4589.84,-1.62919,0.527527
4595.27,10.4515,-44.7706
4600.69,7.24779,-47.42
4606.12,-24.6918,-15.7937
4611.54,-34.8459,10.4007
4616.97,-30.1513,23.9405
4622.4,-46.4141,0.499592
4627.82,-39.5312,-25.5533
4633.25,-14.3742,-1.58149
4638.67,-7.92303,14.3214
4644.1,-10.8707,-7.3896
4649.52,-13.3644,-9.84822
4654.95,0.298526,10.9217
4660.37,16.4162,27.6504
4665.8,14.1574,15.9603
4671.22,2.30566,6.20961
4676.65,14.2875,22.0777
4682.07,33.0937,12.1789
4687.5,20.6869,-15.2516
4692.92,16.0312,-31.0821
4698.35,21.2017,-34.8273
4703.78,-0.933933,-10.2163
4709.2,-14.4287,20.1592
4714.63,-3.80301,28.1705
4720.05,2.85643,11.731
4725.48,6.28444,7.1793
4730.9,-8.71584,-1.65559
4736.33,-13.5119,-36.3225
4741.75,4.01615,-49.2372
4747.18,-6.7311,-34.5745
4752.6,-15.6557,0.00775464
4758.03,8.60429,23.0601
4763.45,22.2068,22.0076
4768.88,1.11558,8.75565
4774.31,-8.10928,-7.49323
4779.73,-3.80321,-13.5481
4785.16,-6.85811,-13.3108
4790.58,-5.58139,-1.00901
4796.01,-20.1043,12.3128
4801.43,-33.8674,14.7261
4806.86,-29.8034,0.330119
4812.28,-32.7101,-14.9157
4817.71,-28.4176,4.08576
4823.13,-7.69765,18.663
4828.56,-6.07741,12.1111
4833.98,-6.43485,14.2464
4839.41,10.9108,13.641
4844.83,12.453,8.98186
4850.26,3.48875,-1.48281
4855.69,-6.86753,-14.3829
4861.11,-9.60386,-20.6288
4866.54,1.90484,-15.7311
4871.96,11.153,-0.427894
4877.39,18.938,9.00813
4882.81,13.805,10.8656
4888.24,-12.5803,11.8995
4893.66,-31.1209,15.5711
4899.09,-9.76034,30.3536
4904.51,7.50619,39.4291
4909.94,-12.9775,30.959
4915.36,-29.0535,24.0129
4920.79,-27.3779,12.2706
4926.21,-6.41982,-2.02938
4931.64,6.60786,-11.6455
4937.07,5.67998,-17.3909
4942.49,20.7221,-4.21483
4947.92,16.7507,20.2253
4953.34,-7.65267,30.6118
4958.77,-8.70377,5.53123
4964.19,4.61216,-34.4078
4969.62,6.29516,-45.5412
4975.04,0.323334,-24.9527
4980.47,-1.46534,-6.17322
4985.89,5.58426,-1.15187
4991.32,2.68064,9.88519
4996.74,-2.55743,13.6872
5002.17,14.5943,6.02789
5007.6,21.2897,-3.60102
5013.02,13.2537,-9.27661
5018.45,10.3149,-2.31108
5023.87,-2.78675,-14.3182
5029.3,-12.387,-30.8907
5034.72,3.47447,-19.3932
5040.15,11.6517,-22.0879
5045.57,0.362232,-38.2573
5051,-14.1519,-29.1694
5056.42,-15.5675,-4.78749
5061.85,-4.32574,2.39299
5067.27,-22.389,-3.75751
5072.7,-41.4096,20.5864
5078.12,-30.5367,47.1525
5083.55,-25.3668,24.5102
5088.98,-18.5988,-17.8141
5094.4,-6.31916,-44.6367
5099.83,8.92777,-47.731
5105.25,32.098,-29.3817
5110.68,52.967,-18.8415
5116.1,52.2501,-25.9911
5121.53,27.1299,-12.5677
5126.95,18.3964,10.4839
5132.38,8.85318,12.9714
5137.8,-11.1919,-9.04524
5143.23,-21.6598,-33.6719
5148.65,-11.1346,-26.0716
5154.08,8.04181,-14.4184
5159.5,2.78951,-9.63297
5164.93,-2.59176,-9.60623
5170.36,-14.4272,-7.62791
5175.78,-35.923,-3.01075
5181.21,-32.0702,-13.6484
5186.63,-22.7101,-13.0509
5192.06,-21.1252,-4.98278
5197.48,-0.107662,5.85405
5202.91,24.5098,12.9102
5208.33,14.5388,-5.2834
5213.76,-4.70515,-23.0553
5219.18,4.30606,-22.5564
5224.61,7.58379,-18.9303
5230.03,-5.81378,-10.4663
5235.46,-8.86451,9.16267
5240.88,-8.39195,18.0632
5246.31,-0.140516,-7.52424
5251.74,12.3659,-32.8108
5257.16,27.0002,-14.2552
5262.59,27.9089,10.408
5268.01,-2.95244,-2.69626
5273.44,-20.4674,-31.872
5278.86,-7.00477,-29.3715
5284.29,9.16278,-13.1331
5289.71,1.95458,-18.503
5295.14,-16.3861,-16.5129
5300.56,-24.5225,2.84842
5305.99,-30.4296,8.52461
5311.41,-23.2155,4.72838
5316.84,-8.90724,2.14959
5322.27,2.38108,-2.53519
5327.69,25.348,-8.24521
5333.12,25.4976,-6.68506
5338.54,3.02631,-0.147634
5343.97,2.64944,-4.41676
5349.39,2.49304,3.91594
5354.82,1.21551,2.05486
5360.24,7.81173,-22.9824
5365.67,-1.93868,-26.5925
5371.09,-8.66098,-10.4136
5376.52,-1.10613,7.54874
5381.94,-2.82241,1.37451
5387.37,-15.5067,-24.4307
5392.79,-40.4122,-23.6427
5398.22,-47.545,9.4379
5403.65,-7.71851,14.5892
5409.07,10.5045,-12.1798
5414.5,-9.38072,-13.3629
5419.92,8.39476,8.82648
5425.35,26.5896,16.0455
5430.77,6.27591,1.76996
5436.2,2.717,0.15604
5441.62,9.4212,4.06446
5447.05,12.8935,-21.1267
5452.47,21.2744,-40.0075
5457.9,31.5107,-27.609
5463.32,22.523,-25.0511
5468.75,-1.29049,-11.4988
5474.17,-17.3596,25.0106
5479.6,-37.5982,24.3643
5485.03,-37.6363,7.23096
5490.45,-14.0331,8.92794
5495.88,13.1673,2.82064
5501.3,20.9612,-3.74359
5506.73,3.06345,4.05767
5512.15,-9.99664,3.48353
5517.58,-10.0672,-5.93675
5523,16.0899,-2.96516
5528.43,40.2416,8.29688
5533.85,16.3395,11.3828
5539.28,-16.873,14.2478
5544.7,-21.9722,19.134
5550.13,-2.38388,-9.57019
