# BEGINHEADER
# This file contains data from the SALSA 2m radio telescope.
# DATE=2024-01-31T11:20:0050
# GLON and GLAT given in degrees
# GLON=34.74584717994666
# GLAT=-32.25121922334626
# DATA in two columns below. Col. 1 is velocity relative to LSR [km/s]. Col. 2 is uncalibrated antenna temperature [K].
# ENDHEADER
2385.343430064393 18.070358033599618
2383.2822861137943 37.320709941747275
2381.2211421631955 33.27504645771876
2379.159998212597 36.41696598950394
2377.0988542619984 35.96858417773228
2375.0377103113997 37.98940567679919
2372.976566360801 39.06994045071016
2370.9154224102026 40.52233665420314
2368.854278459604 42.10177257525368
2366.7931345090055 44.50832027633958
2364.731990558407 46.2992329868019
2362.670846607808 48.423364080856715
2360.6097026572093 50.29959162879289
2358.548558706611 52.06904681065702
2356.487414756012 55.057580047915685
2354.4262708054134 57.016128314548006
2352.3651268548147 58.79833039348975
2350.3039829042164 61.53891884734805
2348.2428389536176 62.72306181564126
2346.1816950030193 64.36361328658724
2344.1205510524205 67.75482621877015
2342.0594071018218 67.99559731527019
2339.998263151223 69.5723335644272
2337.9371192006247 70.37006346013811
2335.875975250026 72.65645131155544
2333.814831299427 73.38101697186352
2331.7536873488284 75.06022303182161
2329.69254339823 76.19366032325621
2327.6313994476313 76.91647510082306
2325.570255497033 77.41942178009383
2323.5091115464343 78.190227827116
2321.447967595835 78.79376553013081
2319.3868236452363 79.38993337797837
2317.325679694638 80.15113615752753
2315.264535744039 79.90007628246136
2313.2033917934405 80.66319439253742
2311.1422478428417 81.38784815145594
2309.0811038922434 81.53847324777367
2307.0199599416446 81.88696893755959
2304.9588159910463 82.79936510948052
2302.8976720404476 82.21391118217649
2300.836528089849 82.07772186426948
2298.77538413925 82.78689972039736
2296.7142401886517 82.53103427130596
2294.653096238053 82.6112258357574
2292.591952287454 83.19946656766149
2290.5308083368554 83.6571073281209
2288.469664386257 83.52779847591876
2286.4085204356584 84.10703839387615
2284.34737648506 84.10881718820607
2282.286232534461 83.99499886447835
2280.2250885838625 84.98675171249343
2278.163944633264 84.93486007739938
2276.1028006826655 85.0134658119462
2274.0416567320667 84.92870188785334
2271.980512781468 85.1824172065579
2269.919368830869 85.59462110255778
2267.858224880271 85.55591535393371
2265.797080929672 85.6436722655756
2263.735936979074 85.48678724147003
2261.674793028474 86.16941912837807
2259.613649077876 87.01629195867109
2257.552505127277 85.81055920050096
2255.4913611766788 85.7220796533881
2253.43021722608 85.78799771350147
2251.3690732754812 86.91014836000241
2249.3079293248825 87.44928514411136
2247.246785374284 86.41224825016357
2245.1856414236854 87.08169309559848
2243.124497473087 86.81910240377091
2241.063353522488 86.77224926255006
2239.0022095718896 86.96510281377562
2236.941065621291 86.7921978512622
2234.8799216706925 87.63789692317008
2232.8187777200937 87.27195963490676
2230.757633769495 87.92881137398173
2228.696489818896 88.31254341734856
2226.635345868298 87.37864943331711
2224.574201917699 88.3612708875699
2222.513057967101 87.78305279178404
2220.4519140165016 87.60304981985416
2218.3907700659033 88.34419521721375
2216.3296261153046 88.99119080182054
2214.2684821647063 88.491791543608
2212.2073382141075 88.48579252431003
2210.1461942635087 88.39766400440072
2208.08505031291 88.70990542021258
2206.0239063623117 91.10345789921799
2203.962762411713 88.04207559146252
2201.9016184611146 88.29826571614835
2199.8404745105154 88.73271474530061
2197.7793305599166 89.13596582086028
2195.718186609318 89.10842367693458
2193.6570426587195 90.29094424232046
2191.595898708121 88.80847313245901
2189.534754757522 88.696216506994
2187.4736108069233 89.06992115666452
2185.412466856325 89.02139180590395
2183.351322905726 88.83122328111354
2181.290178955128 89.37579029874613
2179.2290350045287 88.51330276474776
2177.1678910539304 88.95263278949369
2175.1067471033316 88.91932682214971
2173.0456031527333 89.15652982334659
2170.9844592021345 89.03556986041306
2168.9233152515358 88.93373822524981
2166.862171300937 89.67151976070738
2164.8010273503387 89.93375480796938
2162.73988339974 89.84710081127741
2160.6787394491416 88.88683380241525
2158.6175954985424 89.92205329687599
2156.556451547944 88.8188557990857
2154.4953075973453 88.80459638803679
2152.434163646747 90.66243230328541
2150.3730196961483 89.55640627763846
2148.3118757455495 89.63290082450698
2146.2507317949508 89.31437366494137
2144.1895878443524 89.43302089880045
2142.1284438937537 90.10941959654288
2140.0672999431554 89.57224107935183
2138.006155992556 90.04994207280146
2135.945012041958 90.74885382171115
2133.8838680913586 89.0786651977259
2131.8227241407603 89.64811526984033
2129.7615801901616 90.80907042281012
2127.700436239563 90.0907475329133
2125.639292288964 89.93795036315429
2123.5781483383657 93.4827447497489
2121.517004387767 93.89197440756841
2119.4558604371687 91.74671636369744
2117.3947164865695 90.5234891121329
2115.333572535971 89.8642919781608
2113.2724285853724 89.99427989983583
2111.211284634774 89.42452817841587
2109.1501406841753 90.52784279539455
2107.0889967335766 91.08702994558425
2105.027852782978 89.86314611170388
2102.9667088323795 89.4144805208991
2100.9055648817807 89.55720760638137
2098.8444209311824 89.15791332750955
2096.783276980583 88.901322190171
2094.722133029985 90.24920750027418
2092.660989079386 89.98083738873804
2090.5998451287874 90.00309857041397
2088.5387011781886 89.82027249498879
2086.4775572275903 88.84393838089643
2084.4164132769915 90.17959827331487
2082.355269326393 89.04637055294779
2080.2941253757945 90.13602170242461
2078.2329814251957 89.41947690094342
2076.171837474597 88.46349346345464
2074.1106935239986 89.09924698397893
2072.0495495733994 87.61687717422966
2069.988405622801 89.10624751671472
2067.9272616722023 89.34466683706249
2065.866117721604 90.61234934913499
2063.804973771005 89.75949123598969
2061.7438298204065 88.19554507050862
2059.6826858698078 90.57710043342911
2057.6215419192094 86.89584591231075
2055.5603979686107 93.02840858206943
2053.499254018012 83.19199090209413
2051.438110067413 126.76867263106274
2049.376966116815 107.42413878903109
2047.3158221662159 83.68999579472809
2045.2546782156176 91.11309835976085
2043.1935342650186 86.49753149599363
2041.1323903144203 89.676566161382
2039.0712463638215 88.09815292050388
2037.010102413223 90.20085436911033
2034.9489584626242 87.8758112147926
2032.8878145120257 88.20189990895301
2030.826670561427 88.28437541080963
2028.7655266108284 87.64306184523343
2026.7043826602296 87.38739648360551
2024.643238709631 87.18388870072721
2022.582094759032 88.38416807113049
2020.5209508084338 88.37710933510839
2018.459806857835 86.64864079652041
2016.3986629072365 86.97909115188912
2014.3375189566377 87.30594347835776
2012.2763750060392 85.89664892242887
2010.2152310554404 87.72722823925858
2008.154087104842 88.07941316495868
2006.0929431542431 87.99502025316306
2004.0317992036448 86.5719421685077
2001.9706552530458 86.03952529403182
1999.9095113024475 86.11059916121474
1997.8483673518488 86.30768842393356
1995.7872234012502 86.66364516997794
1993.7260794506512 87.52845403655608
1991.6649355000527 86.2958928436389
1989.603791549454 85.79879265996867
1987.5426475988554 85.71573141824904
1985.4815036482566 86.07698453246373
1983.4203596976583 84.91691862960178
1981.3592157470594 85.83160733126198
1979.298071796461 86.37385320680163
1977.2369278458623 84.8524328445468
1975.1757838952637 85.42506866529634
1973.114639944665 84.667367636729
1971.0534959940665 84.2928975834272
1968.9923520434677 83.98267857339171
1966.9312080928692 84.5543079287563
1964.8700641422704 84.17317987921128
1962.8089201916716 83.23514952785767
1960.7477762410729 83.91850478081541
1958.6866322904746 82.9865030785414
1956.6254883398758 83.11553795413154
1954.5643443892773 82.86687295700888
1952.5032004386785 83.10702909744835
1950.44205648808 83.363029454365
1948.3809125374812 82.5692135606863
1946.3197685868827 82.23593827613087
1944.258624636284 81.59492749521046
1942.1974806856854 81.63893495413512
1940.1363367350866 81.3371489178554
1938.0751927844883 81.66317297227667
1936.0140488338895 82.05013579933514
1933.952904883291 80.96400107819022
1931.891760932692 79.93984323993064
1929.8306169820935 80.3190510287419
1927.7694730314947 79.25213529732449
1925.7083290808962 80.11189951599282
1923.6471851302974 78.94271328473324
1921.586041179699 77.90286421636361
1919.5248972291001 78.08824528689883
1917.4637532785018 76.40669647848823
1915.402609327903 76.61529454578302
1913.3414653773045 76.48563237685757
1911.2803214267058 74.77553075223263
1909.2191774761072 73.41505880767863
1907.1580335255085 72.34943776360792
1905.09688957491 71.22295381719188
1903.0357456243112 69.19110240122029
1900.9746016737126 67.87338637154194
1898.9134577231137 67.07130725144904
1896.8523137725153 64.84886275263868
1894.7911698219164 63.264692037423536
1892.730025871318 61.453464499317825
1890.6688819207193 58.927250348770464
1888.6077379701208 56.829172311209284
1886.546594019522 55.06263723255201
1884.4854500689235 52.50244325777183
1882.4243061183247 50.243773497645336
1880.3631621677262 48.40371491955572
1878.3020182171274 46.51168797703903
1876.240874266529 44.014751081158515
1874.17973031593 41.85705859066284
1872.1185863653318 41.124002657435575
1870.057442414733 39.009588785329775
1867.9962984641343 38.32883857456744
1865.9351545135355 36.07264623534806
1863.874010562937 36.89545496439501
1861.8128666123382 33.81514251537567
1859.7517226617397 37.64655368635527
