-5555.56,1.60808,-4.18918
-5550.13,-1.6887,-8.79881
-5544.7,13.0289,-0.154915
-5539.28,0.785682,15.2086
-5533.85,-28.3031,17.6333
-5528.43,-45.9211,13.8212
-5523,-42.5614,17.5396
-5517.58,-19.9038,8.35851
-5512.15,-10.7389,8.87634
-5506.73,-22.4698,44.4104
-5501.3,-10.157,48.4985
-5495.88,16.8423,14.5506
-5490.45,9.71608,-13.9756
-5485.03,0.820938,-36.6995
-5479.6,-5.75875,-28.9611
-5474.17,-43.9489,-11.8137
-5468.75,-55.4892,-14.4456
-5463.32,-21.1841,-14.5728
-5457.9,-1.68754,-9.46617
-5452.47,3.3806,9.15143
-5447.05,10.7167,40.9886
-5441.62,5.89796,29.9063
-5436.2,6.70138,-15.5379
-5430.77,-0.826594,-20.1529
-5425.35,-13.6676,-2.02641
-5419.92,-13.9139,-6.06874
-5414.5,-31.8113,-6.94585
-5409.07,-39.5077,3.2617
-5403.65,-24.6843,-0.9681
-5398.22,-20.5688,-3.96419
-5392.79,-24.4939,-1.87936
-5387.37,-10.6413,-9.08344
-5381.94,8.27597,-6.76162
-5376.52,4.68803,8.02392
-5371.09,-10.5928,10.7313
-5365.67,-24.6821,0.515489
-5360.24,-14.9102,-2.01258
-5354.82,5.86176,9.26722
-5349.39,-1.41556,9.16559
-5343.97,-0.702489,7.04179
-5338.54,28.1588,10.8827
-5333.12,44.8818,-7.36154
-5327.69,35.8284,-21.0011
-5322.27,19.1231,-15.2028
-5316.84,21.5261,-12.5645
-5311.41,24.3312,-18.7141
-5305.99,4.07002,-10.5471
-5300.56,1.33497,13.6694
-5295.14,8.40475,19.8832
-5289.71,10.2084,12.1333
-5284.29,25.8569,18.1768
-5278.86,27.6968,34.6972
-5273.44,15.4757,23.2534
-5268.01,3.65568,-5.52994
-5262.59,-14.4956,-15.4886
-5257.16,-22.208,-16.8764
-5251.74,-8.23211,-3.13104
-5246.31,2.32019,5.04992
-5240.88,16.787,-9.60424
-5235.46,26.4499,-20.137
-5230.03,-3.44328,-34.4391
-5224.61,-13.8598,-41.4222
-5219.18,21.5897,-28.7797
-5213.76,28.5263,-20.702
-5208.33,6.61749,-6.84416
-5202.91,2.16634,6.64233
-5197.48,-18.3242,5.55342
-5192.06,-51.7167,4.26509
-5186.63,-61.6202,3.08736
-5181.21,-47.1581,-2.47464
-5175.78,-17.655,-13.8031
-5170.36,-11.2911,-16.445
-5164.93,-22.4037,-11.6094
-5159.5,-4.69738,-13.7114
-5154.08,31.4648,-16.4251
-5148.65,38.4486,-8.57269
-5143.23,9.64229,-8.66691
-5137.8,-12.1912,-10.7846
-5132.38,-14.1302,-1.24575
-5126.95,-22.2957,-5.52809
-5121.53,-35.7312,-7.55295
-5116.1,-31.8622,3.84797
-5110.68,-19.265,22.2217
-5105.25,16.0598,-5.19147
-5099.83,52.7349,-57.2688
-5094.4,31.6756,-26.8963
-5088.98,-0.692886,17.6484
-5083.55,-1.91264,23.271
-5078.12,18.265,10.539
-5072.7,41.8479,-13.956
-5067.27,34.6542,-24.0508
-5061.85,1.39563,-14.9205
-5056.42,16.0736,7.80618
-5051,54.0566,11.2102
-5045.57,41.3598,-23.6724
-5040.15,9.83661,-43.367
-5034.72,-18.4809,-4.33676
-5029.3,-36.1082,22.095
-5023.87,-23.2978,1.86933
-5018.45,7.23164,3.92732
-5013.02,6.70945,20.6863
-5007.6,-14.7082,1.96162
-5002.17,-1.12177,-11.9928
-4996.74,11.9434,14.3794
-4991.32,-8.00061,32.8848
-4985.89,-25.468,9.55961
-4980.47,-14.0557,-18.5625
-4975.04,18.3976,-23.1052
-4969.62,11.1262,-10.5889
-4964.19,-28.6963,-1.48738
-4958.77,-39.6812,-9.55198
-4953.34,-34.8697,-14.2336
-4947.92,-7.07752,-14.8602
-4942.49,27.3814,-8.66203
-4937.07,15.4018,-4.94543
-4931.64,-11.572,-13.551
-4926.21,-3.19679,-24.4435
-4920.79,6.73953,-36.789
-4915.36,-8.47209,-12.0563
-4909.94,-8.90666,29.1807
-4904.51,-12.6423,27.1039
-4899.09,-22.8698,8.88908
-4893.66,-2.95314,26.8515
-4888.24,18.5905,33.3144
-4882.81,20.2741,-2.24857
-4877.39,24.9212,-20.6333
-4871.96,31.5675,-21.4596
-4866.54,25.358,-21.6882
-4861.11,5.65212,-10.2175
-4855.69,4.84377,15.843
-4850.26,17.9838,8.01758
-4844.83,11.6692,-27.3568
-4839.41,7.78733,-13.1381
-4833.98,4.38105,14.4377
-4828.56,-5.95784,18.8667
-4823.13,-21.8575,32.7415
-4817.71,-27.5572,30.2595
-4812.28,-14.1022,-12.1068
-4806.86,-13.9376,-36.0792
-4801.43,-31.0994,-15.0932
-4796.01,-38.3142,-13.4883
-4790.58,-19.5685,-26.7888
-4785.16,0.410473,-9.01241
-4779.73,7.18005,9.50567
-4774.31,-0.553969,1.90823
-4768.88,-26.2953,-10.3934
-4763.45,-27.5652,-4.36551
-4758.03,-0.474687,-9.76732
-4752.6,-2.63258,-26.1438
-4747.18,-21.9186,-27.4975
-4741.75,-5.93005,-26.9622
-4736.33,11.1294,-5.5151
-4730.9,-16.4498,14.6105
-4725.48,-39.7539,-1.41736
-4720.05,-41.1095,1.5501
-4714.63,-32.7027,23.4767
-4709.2,-8.96238,11.7394
-4703.78,-18.8397,-21.1947
-4698.35,-35.9955,-32.7141
-4692.92,-17.5436,-17.621
-4687.5,1.33211,-6.91041
-4682.07,13.3706,-0.317758
-4676.65,14.7946,15.8094
-4671.22,3.46699,11.037
-4665.8,-13.5209,0.554461
-4660.37,-25.156,12.8435
-4654.95,-10.4534,21.1427
-4649.52,10.3162,18.6658
-4644.1,19.9636,2.10348
-4638.67,21.8533,-12.3936
-4633.25,9.35879,4.36475
-4627.82,-8.83175,7.83656
-4622.4,-25.0077,-27.2807
-4616.97,-22.1826,-20.4036
-4611.54,3.31846,3.65981
-4606.12,14.5733,-17.277
-4600.69,7.74715,-11.0077
-4595.27,-2.01894,6.48534
-4589.84,-13.3073,-13.9089
-4584.42,-7.58187,-16.9391
-4578.99,2.58339,2.83415
-4573.57,-3.05381,14.0013
-4568.14,-5.2847,20.5441
-4562.72,6.40927,28.1839
-4557.29,16.1825,17.2947
-4551.87,12.5534,-17.0641
-4546.44,9.97448,-23.5046
-4541.02,9.95918,-15.1201
-4535.59,-9.21019,-17.5892
-4530.16,-14.307,-8.49415
-4524.74,26.9817,15.7698
-4519.31,57.6915,30.2228
-4513.89,44.5709,-0.229052
-4508.46,19.6333,-22.8829
-4503.04,-0.363044,0.894498
-4497.61,-12.3206,1.04724
-4492.19,-4.64708,-24.3473
-4486.76,13.835,-27.2949
-4481.34,6.69429,-15.5804
-4475.91,-10.3632,-7.657
-4470.49,0.926789,-14.2487
-4465.06,-0.651577,4.68297
-4459.63,-23.7241,30.7181
-4454.21,-18.7711,33.0018
-4448.78,4.77772,31.0921
-4443.36,-2.56837,4.07714
-4437.93,-23.948,-11.1276
-4432.51,-6.86967,9.19935
-4427.08,4.23333,15.0297
-4421.66,-11.3929,6.28019
-4416.23,-19.4057,16.1619
-4410.81,-3.63426,30.0217
-4405.38,28.9797,17.379
-4399.96,31.7566,11.828
-4394.53,17.7828,28.7501
-4389.11,3.51931,21.7224
-4383.68,-10.0133,-9.51304
-4378.25,-1.11367,-28.4809
-4372.83,6.31067,-19.8582
-4367.4,-0.0208476,12.7395
-4361.98,3.19346,45.0749
-4356.55,13.3028,34.7837
-4351.13,4.83665,18.8684
-4345.7,-2.41265,7.92463
-4340.28,1.04479,-11.4773
-4334.85,-0.519589,-8.1385
-4329.43,6.17809,-9.93144
-4324,11.6973,-14.7946
-4318.58,8.12084,-13.9527
-4313.15,11.6353,-4.5418
-4307.73,17.9625,10.2807
-4302.3,9.44803,14.0245
-4296.87,3.20221,17.7528
-4291.45,4.24722,8.37974
-4286.02,-2.79854,-18.599
-4280.6,11.3631,-15.6562
-4275.17,39.0061,25.6865
-4269.75,29.912,37.126
-4264.32,0.879425,8.96891
-4258.9,-6.32197,-17.0866
-4253.47,12.1368,-0.827198
-4248.05,21.5681,21.8994
-4242.62,8.12115,1.07155
-4237.2,-0.870954,-3.88754
-4231.77,1.40936,9.27328
-4226.35,-4.38597,8.06012
-4220.92,-10.4446,10.1393
-4215.49,4.74902,15.8714
-4210.07,11.714,-2.40297
-4204.64,4.04891,-18.3707
-4199.22,2.09798,-1.18213
-4193.79,12.466,11.3262
-4188.37,26.2225,10.4635
-4182.94,8.66854,3.60093
-4177.52,1.46152,3.45557
-4172.09,26.9263,11.6453
-4166.67,20.8495,-5.75768
-4161.24,-10.0053,-27.397
-4155.82,-15.2179,-36.9405
-4150.39,1.41788,-47.6999
-4144.96,3.03278,-22.1668
-4139.54,-5.08473,7.16595
-4134.11,-12.6655,8.07186
-4128.69,-29.7762,20.9587
-4123.26,-33.4464,25.2845
-4117.84,-4.40661,12.3776
-4112.41,9.15976,-2.03827
-4106.99,-11.2374,-23.6916
-4101.56,3.98148,-18.012
-4096.14,33.0683,6.99822
-4090.71,29.5874,12.2542
-4085.29,23.3428,18.7459
-4079.86,32.4097,6.70723
-4074.44,46.4665,-17.6061
-4069.01,35.9894,-0.33344
-4063.58,22.6073,38.3761
-4058.16,25.6049,40.9813
-4052.73,13.4603,23.6498
-4047.31,-5.01087,15.7255
-4041.88,-1.56067,-5.34506
-4036.46,11.7986,-18.4221
-4031.03,7.34045,-24.3916
-4025.61,2.22632,-22.9937
-4020.18,11.0125,-0.339409
-4014.76,-4.12778,6.59316
-4009.33,-15.0685,-6.32509
-4003.91,-4.79545,0.555459
-3998.48,-14.4997,28.7841
-3993.06,-31.5169,29.3663
-3987.63,-48.712,3.32196
-3982.2,-34.5911,-8.12849
-3976.78,10.4677,-1.67275
-3971.35,17.3827,3.15133
-3965.93,6.51521,6.08702
-3960.5,-6.42337,18.5902
-3955.08,-21.019,15.7413
-3949.65,-6.54792,-8.87342
-3944.23,-0.388927,-3.61818
-3938.8,-14.4183,26.5404
-3933.38,-24.657,28.262
-3927.95,-16.5236,16.4335
-3922.53,18.815,12.0367
-3917.1,42.6682,-3.9174
-3911.68,31.0395,-23.2668
-3906.25,11.6411,-15.1842
-3900.82,12.4974,8.62198
-3895.4,12.8293,19.5655
-3889.97,-12.2206,34.07
-3884.55,-30.0704,37.518
-3879.12,-11.963,11.7057
-3873.7,17.7077,-15.4264
-3868.27,23.6977,-20.7554
-3862.85,27.9963,1.33699
-3857.42,28.2568,22.5372
-3852,5.62888,9.58634
-3846.57,-11.5585,-12.3489
-3841.15,-9.86109,-3.04436
-3835.72,5.68206,6.61694
-3830.29,11.812,-1.61228
-3824.87,3.32022,-4.53874
-3819.44,-0.965609,1.31122
-3814.02,18.1647,7.18898
-3808.59,27.004,-6.41837
-3803.17,-1.11684,-21.1797
-3797.74,-16.2247,-6.60195
-3792.32,-0.0436114,4.48555
-3786.89,15.0729,-4.14203
-3781.47,18.8429,-19.4523
-3776.04,24.6295,-29.5138
-3770.62,24.0885,-9.97611
-3765.19,13.17,6.54861
-3759.77,3.84114,8.43881
-3754.34,-1.71135,18.1623
-3748.91,-6.80422,1.3707
-3743.49,-4.2286,-34.1055
-3738.06,-12.8159,-25.8398
-3732.64,-20.0659,9.08185
-3727.21,22.8537,1.10369
-3721.79,40.935,-27.2747
-3716.36,-6.82761,-27.6851
-3710.94,-16.3865,-7.88277
-3705.51,22.9672,7.65727
-3700.09,19.2147,15.2881
-3694.66,-15.6149,25.5305
-3689.24,-21.7109,15.3854
-3683.81,-28.4816,5.04558
-3678.39,-39.6136,12.1615
-3672.96,-16.2987,7.37691
-3667.53,17.6324,6.93185
-3662.11,12.8402,11.2629
-3656.68,-16.5332,15.0632
-3651.26,-25.2877,7.09753
-3645.83,-4.41799,-9.32708
-3640.41,24.4924,-2.69424
-3634.98,14.3839,-7.46986
-3629.56,-15.7993,-20.7455
-3624.13,-11.9237,-8.71891
-3618.71,3.11998,6.48577
-3613.28,-4.12922,4.1986
-3607.86,-30.8001,4.55065
-3602.43,-45.3328,25.7391
-3597,-30.5,27.846
-3591.58,-35.4118,5.35052
-3586.15,-51.7032,-1.3701
-3580.73,-28.4674,10.3711
-3575.3,4.26911,14.7055
-3569.88,32.4623,-1.60556
-3564.45,55.0713,3.78961
-3559.03,48.9785,6.51789
-3553.6,28.8464,-50.1425
-3548.18,12.2095,-67.4774
-3542.75,2.23575,-19.5476
-3537.33,5.69755,8.7543
-3531.9,12.9238,9.06649
-3526.48,0.0204271,-10.337
-3521.05,-22.2707,-10.1654
-3515.62,-26.0711,19.2925
-3510.2,-20.8787,31.9314
-3504.77,-2.26032,22.7144
-3499.35,15.892,-2.3792
-3493.92,11.7112,-36.2229
-3488.5,-7.7934,-44.6145
-3483.07,-38.087,-16.3441
-3477.65,-37.789,16.7875
-3472.22,-17.2836,13.1089
-3466.8,-13.3148,-6.51603
-3461.37,7.43422,-4.78348
-3455.95,30.0742,-8.2591
-3450.52,6.0693,-0.425244
-3445.1,-22.924,23.3664
-3439.67,-34.5496,44.0496
-3434.24,-43.801,61.4928
-3428.82,-31.8063,54.1877
-3423.39,-21.469,36.1505
-3417.97,-13.5122,39.1179
-3412.54,5.84054,54.8103
-3407.12,2.13146,40.7317
-3401.69,-3.22701,12.4948
-3396.27,-1.21422,11.2358
-3390.84,-3.3792,25.1457
-3385.42,10.41,39.5133
-3379.99,-8.28965,36.0032
-3374.57,-42.6363,20.8818
-3369.14,-36.9707,6.40685
-3363.71,11.0266,-1.65761
-3358.29,57.9298,26.124
-3352.86,29.9718,35.5541
-3347.44,1.86087,-6.13392
-3342.01,27.2207,-43.9025
-3336.59,42.9604,-48.6102
-3331.16,15.3097,-4.66059
-3325.74,-19.738,43.9287
-3320.31,-10.2144,58.8248
-3314.89,22.5066,57.6235
-3309.46,24.5202,38.7493
-3304.04,-10.0785,14.6901
-3298.61,-26.3136,8.84624
-3293.19,-15.0741,26.0054
-3287.76,3.19735,37.4422
-3282.33,15.833,34.828
-3276.91,11.1988,1.75127
-3271.48,3.94405,-38.8019
-3266.06,-7.50025,-12.4593
-3260.63,-14.578,11.9475
-3255.21,-9.31432,-10.5167
-3249.78,-0.475487,-17.8324
-3244.36,-3.81414,4.25987
-3238.93,-9.82625,31.0065
-3233.51,-5.37757,32.3958
-3228.08,-21.7612,16.8964
-3222.66,-22.1931,8.41341
-3217.23,5.72915,-12.7521
-3211.81,6.32315,-22.4259
-3206.38,-13.4512,-6.15117
-3200.95,-17.0346,10.5728
-3195.53,1.35233,37.3824
-3190.1,12.5802,44.7263
-3184.68,6.4611,24.4775
-3179.25,6.88603,18.9273
-3173.83,18.362,29.4753
-3168.4,4.87504,29.7392
-3162.98,32.4307,9.14044
-3157.55,109.873,-20.5575
-3152.13,81.4284,-21.3963
-3146.7,7.56151,8.67886
-3141.28,6.15466,25.1769
-3135.85,29.521,10.6022
-3130.43,25.7861,-11.6545
-3125,-8.1213,-30.0737
-3119.57,-25.9266,-46.0199
-3114.15,-16.7874,-30.544
-3108.72,-8.6732,7.70294
-3103.3,-10.7348,43.265
-3097.87,-17.1591,44.1947
-3092.45,-15.7165,10.5526
-3087.02,-8.57072,18.9455
-3081.6,21.4984,44.0958
-3076.17,47.627,30.607
-3070.75,32.4446,27.7826
-3065.32,22.1843,37.1238
-3059.9,10.6737,31.3381
-3054.47,4.7458,21.1127
-3049.04,4.36862,15.0761
-3043.62,1.96858,22.3127
-3038.19,31.3914,37.9525
-3032.77,38.0865,30.801
-3027.34,13.8649,-1.36255
-3021.92,6.07099,-12.3397
-3016.49,2.07929,-18.7497
-3011.07,-18.5983,-27.6517
-3005.64,-35.7867,1.4754
-3000.22,-17.4613,16.0804
-2994.79,23.763,-21.8004
-2989.37,47.0303,-21.7208
-2983.94,28.2194,15.1181
-2978.52,18.5206,6.95049
-2973.09,48.0477,5.93488
-2967.66,47.7369,17.1923
-2962.24,52.8872,-11.5374
-2956.81,73.7429,-9.98523
-2951.39,42.6533,13.2318
-2945.96,10.1294,-17.3212
-2940.54,8.22871,-22.0771
-2935.11,24.8904,-4.76553
-2929.69,36.8651,-36.4267
-2924.26,27.6238,-50.069
-2918.84,30.6453,-41.6983
-2913.41,32.2174,-38.4309
-2907.99,-4.05961,-38.5408
-2902.56,-7.94231,-34.1005
-2897.14,37.5008,-9.62746
-2891.71,40.3841,-9.8986
-2886.28,10.043,-29.7681
-2880.86,3.73294,-23.0069
-2875.43,-4.99648,-4.32531
-2870.01,1.69048,2.99248
-2864.58,63.8745,36.2648
-2859.16,92.5024,66.6984
-2853.73,12.8486,41.1636
-2848.31,-62.8117,14.1642
-2842.88,-37.3097,-15.3866
-2837.46,-4.34263,-50.3568
-2832.03,-10.7655,-49.6964
-2826.61,5.74511,5.80148
-2821.18,25.0691,60.7517
-2815.75,15.1961,25.9236
-2810.33,16.2746,-33.9782
-2804.9,14.9727,-36.8574
-2799.48,9.96635,-18.4683
-2794.05,13.0002,-18.8589
-2788.63,-1.71909,-1.57493
-2783.2,-27.9335,46.4328
-2777.78,-47.0448,66.7287
-2772.35,-40.1656,63.6033
-2766.93,-12.4265,43.6836
-2761.5,-12.412,-29.0835
-2756.08,-38.2583,-46.3013
-2750.65,-31.3254,-5.37546
-2745.23,13.1602,-32.0535
-2739.8,30.2182,-22.7121
-2734.37,-20.0216,15.9456
-2728.95,-23.3903,-11.9162
-2723.52,32.391,-30.5129
-2718.1,21.3896,-14.6166
-2712.67,-6.91676,-2.63365
-2707.25,2.94576,-32.0681
-2701.82,0.379096,-53.4891
-2696.4,-1.95906,-21.8571
-2690.97,5.44956,-9.91211
-2685.55,25.0233,-17.6402
-2680.12,63.7756,-12.9245
-2674.7,45.915,-29.2556
-2669.27,-19.1196,-18.8939
-2663.85,60.7906,-50.902
-2658.42,303.789,-222.584
-2652.99,308.48,-223.723
-2647.57,88.2714,-48.9419
-2642.14,14.5209,-14.6788
-2636.72,31.8863,-21.261
-2631.29,1.47871,-7.8324
-2625.87,-18.7888,-39.5065
-2620.44,24.2054,-37.4668
-2615.02,24.3108,-35.4708
-2609.59,-1.90039,-55.6674
-2604.17,6.7514,-33.7979
-2598.74,-14.0125,-7.04856
-2593.32,-12.2802,-2.01823
-2587.89,13.9968,-17.2562
-2582.47,2.26712,-15.2266
-2577.04,9.2613,20.1444
-2571.61,23.1834,31.25
-2566.19,17.2149,4.60817
-2560.76,17.716,-21.7074
-2555.34,8.13189,-47.748
-2549.91,-1.46541,-36.207
-2544.49,21.555,-5.33848
-2539.06,59.6018,-20.8617
-2533.64,66.5464,-33.0567
-2528.21,27.8988,-49.1968
-2522.79,0.098203,-66.6655
-2517.36,-7.33429,-45.8021
-2511.94,-22.9294,30.2136
-2506.51,3.17829,94.4354
-2501.08,15.667,63.8446
-2495.66,-4.14528,16.1988
-2490.23,15.1194,-4.09776
-2484.81,3.42445,14.8364
-2479.38,-21.1594,34.017
-2473.96,-17.7842,15.1348
-2468.53,-9.61426,41.6497
-2463.11,-42.6122,86.1812
-2457.68,-135.371,83.9544
-2452.26,-128.674,32.7494
-2446.83,-65.8962,-38.1468
-2441.41,-55.7424,-72.2561
-2435.98,-40.528,-61.4156
-2430.56,-7.49989,-44.2813
-2425.13,-8.89451,-21.9111
-2419.7,-67.1554,-4.82389
-2414.28,-83.669,-36.4342
-2408.85,-24.4137,-14.4251
-2403.43,-24.0205,49.5908
-2398,-77.8939,38.2096
-2392.58,-75.9776,4.02133
-2387.15,-56.1017,7.6532
-2381.73,-17.872,15.2638
-2376.3,9.71979,-19.5707
-2370.88,7.60146,-12.7597
-2365.45,7.52426,32.6822
-2360.03,21.3705,42.2918
-2354.6,60.3342,46.9881
-2349.18,39.6415,6.63206
-2343.75,46.1537,-8.00641
-2338.32,86.635,55.5527
-2332.9,12.823,31.9775
-2327.47,-37.0723,-22.8046
-2322.05,-23.9608,-6.0479
-2316.62,-35.6907,1.44311
-2311.2,-37.0237,12.1517
-2305.77,8.90672,29.2838
-2300.35,56.3039,15.0954
-2294.92,14.2196,-9.66368
-2289.5,-29.6151,-10.3479
-2284.07,7.88164,43.4958
-2278.65,9.84429,72.9881
-2273.22,-23.3421,6.3561
-2267.79,-76.2116,2.02347
-2262.37,-64.9437,-127.625
-2256.94,186.423,-477.452
-2251.52,302.844,-402.002
-2246.09,91.3486,-94.7763
-2240.67,-73.8164,9.99032
-2235.24,-41.9874,89.8031
-2229.82,65.4355,-3.01169
-2224.39,134.907,-154.712
-2218.97,109.442,-97.2863
-2213.54,10.6452,7.42656
-2208.12,-23.2405,-1.89276
-2202.69,51.6724,-69.1876
-2197.27,88.0439,-86.8635
-2191.84,-34.3905,-27.1045
-2186.41,-112.706,-42.8448
-2180.99,-130.447,-106.605
-2175.56,-146.362,-114.224
-2170.14,-36.9407,-141.549
-2164.71,-48.1747,-108.987
-2159.29,-525.874,-197.096
-2153.86,-780.348,-378.077
-2148.44,-256.384,-347.087
-2143.01,117.9,-159.399
-2137.59,103.342,32.5582
-2132.16,123.8,-11.2537
-2126.74,137.356,-197.485
-2121.31,188.081,-250.937
-2115.89,111.813,-251.203
-2110.46,-143.586,-65.0502
-2105.03,-205.828,165.914
-2099.61,-33.265,126.286
-2094.18,-24.0358,35.5636
-2088.76,-129.018,-87.4444
-2083.33,20.3403,-219.727
-2077.91,193.508,-208.329
-2072.48,-20.4107,-175.176
-2067.06,-271.617,29.4497
-2061.63,-689.184,-593.769
-2056.21,-1023.92,-2159.35
-2050.78,-532.179,-1828.08
-2045.36,37.9177,-324.102
-2039.93,210.642,-97.1303
-2034.51,313.709,28.1249
-2029.08,30.0963,89.2706
-2023.65,426.171,411.305
-2018.23,-8725.03,-8080.18
-2012.8,-21429.5,-19710.1
-2007.38,-13061.4,-11852
-2001.95,-707.725,-332.025
-1996.53,75.2864,366.927
-1991.1,-23.3456,-35.4889
-1985.68,147.753,-240.946
-1980.25,-19.3272,-276.351
-1974.83,-148.278,-56.9053
-1969.4,-48.6849,-191.567
-1963.98,33.3015,-280.27
-1958.55,-188.877,851.721
-1953.12,-198.404,1690.01
-1947.7,-30.1955,737.708
-1942.27,30.8786,-44.014
-1936.85,-23.61,-77.0902
-1931.42,-36.4133,45.5464
-1926,101.861,79.8643
-1920.57,201.029,34.7774
-1915.15,151.144,77.0245
-1909.72,79.3857,180.279
-1904.3,196.824,155.313
-1898.87,295.666,-42.9214
-1893.45,109.499,-131.109
-1888.02,-102.952,-35.1068
-1882.6,-99.226,95.3158
-1877.17,41.491,57.9864
-1871.74,85.1745,46.8833
-1866.32,27.0744,101.565
-1860.89,115.377,142.048
-1855.47,224.116,170.507
-1850.04,180.291,71.714
-1844.62,231.809,-1.1839
-1839.19,221.563,41.8434
-1833.77,28.5292,85.0985
-1828.34,-19.5499,55.9811
-1822.92,20.6332,80.3577
-1817.49,1.17558,218.184
-1812.07,45.5996,230.93
-1806.64,94.664,97.2348
-1801.22,73.7833,24.6327
-1795.79,40.1953,27.6925
-1790.36,25.8259,68.1119
-1784.94,2.82352,69.3129
-1779.51,-31.7771,8.22126
-1774.09,-28.6011,39.7979
-1768.66,-47.3582,122.235
-1763.24,-104.26,133.669
-1757.81,-51.0574,228.985
-1752.39,40.0108,277.12
-1746.96,24.064,150.387
-1741.54,17.2479,99.0356
-1736.11,-24.8574,97.5384
-1730.69,-122.117,78.118
-1725.26,-125.737,46.4709
-1719.83,-6.66046,27.2155
-1714.41,83.1184,16.6074
-1708.98,23.7616,-51.5834
-1703.56,-72.6658,-70.7515
-1698.13,-91.5634,-32.2874
-1692.71,-47.5651,-44.7489
-1687.28,3.41786,-40.3059
-1681.86,56.2307,22.7359
-1676.43,33.1523,63.1696
-1671.01,-52.8891,46.1493
-1665.58,-30.358,23.2305
-1660.16,-23.7508,-5.81171
-1654.73,-109.742,-88.3435
-1649.31,-79.0601,-84.0044
-1643.88,-11.0662,-6.63517
-1638.45,24.2568,16.1389
-1633.03,100.693,19.483
-1627.6,132.939,-13.1833
-1622.18,60.8245,-58.2667
-1616.75,-10.2174,-50.6574
-1611.33,-18.789,-44.6484
-1605.9,-4.50985,-38.9888
-1600.48,33.6733,1.21989
-1595.05,38.5671,34.3045
-1589.63,10.218,17.0853
-1584.2,19.2859,-29.2711
-1578.78,47.7395,-7.39235
-1573.35,28.11,47.4573
-1567.93,15.7525,8.87314
-1562.5,-28.4753,-41.0878
-1557.07,-279.213,117.137
-1551.65,-353.593,227.024
-1546.22,-98.0112,72.9635
-1540.8,28.6146,-29.5636
-1535.37,3.0065,-21.0489
-1529.95,-7.42491,-4.96419
-1524.52,23.6657,33.7107
-1519.1,34.653,75.1027
-1513.67,-2.59778,68.4649
-1508.25,-14.0462,43.2303
-1502.82,1.68693,29.1559
-1497.4,-15.7526,-2.60025
-1491.97,-60.6495,-25.0037
-1486.55,-57.0745,-39.6304
-1481.12,-27.7145,-50.4543
-1475.69,-38.0999,-34.3005
-1470.27,-49.8982,-46.0677
-1464.84,-22.7795,-41.2015
-1459.42,-7.19251,-148.562
-1453.99,-42.1078,-308.219
-1448.57,-84.3583,-117.239
-1443.14,-60.0351,79.9514
-1437.72,13.0501,34.7655
-1432.29,42.2239,-5.65337
-1426.87,9.21618,-23.6957
-1421.44,-13.0118,-1.7478
-1416.02,-38.1597,-13.1353
-1410.59,-67.2975,-76.6393
-1405.16,-22.6465,-75.4546
-1399.74,-10.7717,-57.5035
-1394.31,-51.8596,-62.2296
-1388.89,-56.8971,-16.8881
-1383.46,-46.497,61.9789
-1378.04,-15.691,66.581
-1372.61,14.162,10.7642
-1367.19,-7.41632,6.60666
-1361.76,27.2366,31.4952
-1356.34,237.708,-18.5391
-1350.91,287.808,-59.4497
-1345.49,85.5787,-36.0517
-1340.06,-12.6752,-42.4455
-1334.64,-23.2848,-43.5182
-1329.21,-40.396,1.69014
-1323.78,-23.1251,39.4291
-1318.36,-4.54674,9.54039
-1312.93,-5.97302,-29.1064
-1307.51,-22.2339,2.22989
-1302.08,-51.7474,37.8486
-1296.66,-70.6866,26.1332
-1291.23,-50.7891,-0.869966
-1285.81,-24.3246,-21.5383
-1280.38,-18.9807,-26.8071
-1274.96,-10.2271,-12.0643
-1269.53,-7.35656,1.58383
-1264.11,-7.25764,6.00388
-1258.68,-72.1236,53.9053
-1253.26,-117.563,97.4762
-1247.83,-33.9637,28.1136
-1242.4,16.9271,-21.4106
-1236.98,9.88677,14.0977
-1231.55,-11.052,40.3658
-1226.13,1.07845,45.8898
-1220.7,33.4145,33.0073
-1215.28,13.9656,40.8749
-1209.85,12.5463,46.713
-1204.43,8.8988,7.1695
-1199,-34.5777,-21.2578
-1193.58,-45.0507,-5.98752
-1188.15,-29.6826,26.3572
-1182.73,-6.81114,18.3528
-1177.3,33.5573,-22.1817
-1171.87,38.9165,-20.4822
-1166.45,-0.934381,1.60073
-1161.02,10.1975,-4.41116
-1155.6,85.9394,-6.14509
-1150.17,59.4937,-3.73236
-1144.75,-27.2239,-6.38369
-1139.32,-44.7275,-16.8495
-1133.9,-18.5292,-54.3399
-1128.47,17.7025,-47.039
-1123.05,2.59795,20.9596
-1117.62,-39.9109,17.8448
-1112.2,-47.6323,-51.7311
-1106.77,-19.5432,-49.703
-1101.35,-15.4858,4.75633
-1095.92,-46.7728,29.6822
-1090.49,-52.388,47.9289
-1085.07,-32.7979,49.5526
-1079.64,0.0153507,8.93006
-1074.22,10.612,-60.6779
-1068.79,-14.4489,-47.2186
-1063.37,-24.6098,38.6979
-1057.94,176.156,317.638
-1052.52,389.628,576.044
-1047.09,201.614,285.339
-1041.67,-8.6755,4.05397
-1036.24,5.24786,23.0135
-1030.82,29.3859,11.5475
-1025.39,33.9765,28.3592
-1019.97,19.3024,37.7776
-1014.54,24.6032,-20.585
-1009.11,58.5612,-39.8374
-1003.69,55.7705,-0.815022
-998.264,9.76684,-3.54711
-992.838,-42.5243,-41.9168
-987.413,-41.3789,-43.5883
-981.988,-20.7399,-17.971
-976.562,-45.6093,4.45268
-971.137,-53.2832,2.27312
-965.712,5.02981,-48.655
-960.286,-45.5228,-14.7128
-954.861,-268.559,141.071
-949.436,-240.357,174.422
-944.01,-37.8183,70.1229
-938.585,-28.0372,-11.1865
-933.16,-51.0469,-25.7754
-927.734,-19.851,9.25834
-922.309,-4.0668,3.39973
-916.884,2.31291,-66.4263
-911.458,18.0707,-90.888
-906.033,8.24785,-22.8463
-900.608,-12.0266,1.48107
-895.182,-13.7352,3.20581
-889.757,0.322385,32.7679
-884.331,6.2117,19.2935
-878.906,-12.2411,11.7167
-873.481,-16.2432,-2.06591
-868.055,7.19378,-2.57832
-862.63,32.5577,49.1113
-857.205,-464.494,60.0258
-851.779,-959.648,22.627
-846.354,-457.928,21.565
-840.929,12.7029,41.7069
-835.503,-8.14466,29.119
-830.078,11.7155,16.1107
-824.653,45.7522,22.6885
-819.227,34.0228,31.6423
-813.802,8.51277,35.0915
-808.377,5.87111,7.12012
-802.951,13.0646,-21.8508
-797.526,35.782,-18.0678
-792.101,16.7449,-13.8515
-786.675,-51.8473,-16.2713
-781.25,-68.1083,-13.0365
-775.825,-0.323027,10.2624
-770.399,71.0646,48.7874
-764.974,40.4904,69.1004
-759.549,52.183,43.3764
-754.123,236.735,13.0348
-748.698,242.329,8.63815
-743.273,58.6581,12.4833
-737.847,-19.7122,13.7314
-732.422,-11.3836,-16.7577
-726.996,18.5772,-34.5841
-721.571,7.36284,-11.0891
-716.146,-30.3476,13.8362
-710.72,-7.93325,26.4493
-705.295,50.8602,15.0252
-699.87,54.5934,-17.5015
-694.444,18.5567,-36.9877
-689.019,0.785047,-12.7067
-683.594,-16.021,9.21884
-678.168,-24.4698,9.99385
-672.743,-0.932692,16.2896
-667.318,22.1573,17.8099
-661.892,34.3192,18.3631
-656.467,-134.495,64.585
-651.042,-306.534,111.963
-645.616,-165.059,65.7496
-640.191,-6.35706,21.3858
-634.766,34.0373,23.2336
-629.34,6.83004,22.3642
-623.915,-19.172,26.5676
-618.49,26.7264,19.596
-613.064,40.8964,21.6511
-607.639,26.6044,-3.71523
-602.214,1.78967,-64.6111
-596.788,-18.8343,-61.21
-591.363,-3.94115,-14.482
-585.937,10.1418,22.8301
-580.512,-2.35684,46.8404
-575.087,-11.2367,58.8689
-569.661,3.33024,14.2365
-564.236,7.38342,-7.99936
-558.811,-18.0235,-104.698
-553.385,-44.9909,-402.196
-547.96,-30.6118,-354.529
-542.535,1.5573,-33.3676
-537.109,16.3952,55.0049
-531.684,21.812,48.3999
-526.259,15.2431,47.7794
-520.833,8.75057,22.2798
-515.408,9.31897,-2.99342
-509.983,13.6788,-5.93326
-504.557,25.0012,3.01249
-499.132,28.5232,-1.62795
-493.707,-7.33657,-15.2347
-488.281,-36.1445,8.94471
-482.856,-3.97233,53.5706
-477.431,16.3932,44.8949
-472.005,-22.9476,34.5974
-466.58,-43.4248,38.9815
-461.154,-19.5664,85.4391
-455.729,-107.222,987.207
-450.304,-188.624,1635.37
-444.878,-80.3924,679.639
-439.453,-6.52118,-9.43356
-434.028,-2.3142,24.2188
-428.602,17.2349,-22.4048
-423.177,18.4829,-13.973
-417.752,27.6586,29.8978
-412.326,35.6465,33.4531
-406.901,37.6974,19.3299
-401.476,47.6332,3.40976
-396.05,53.8289,-13.3641
-390.625,50.1414,-16.2563
-385.2,41.2837,-19.8035
-379.774,39.8722,-23.1579
-374.349,7.82307,2.83019
-368.924,-15.2035,5.67383
-363.498,-17.5399,50.8355
-358.073,93.0451,-377.234
-352.648,378.723,-1325.02
-347.222,351.723,-1064.7
-341.797,75.0812,-129.022
-336.371,11.0791,42.3076
-330.946,40.7218,20.759
-325.521,36.6397,19.7297
-320.095,15.056,-8.11986
-314.67,7.0065,7.69031
-309.245,6.23684,-5.79864
-303.819,1.81507,-31.6938
-298.394,9.15917,-7.98533
-292.969,6.85612,21.3872
-287.543,3.26146,14.6795
-282.118,3.12069,-3.1629
-276.693,4.44718,29.6928
-271.267,4.48005,41.7442
-265.842,7.80189,39.6473
-260.417,-19.7581,-101.124
-254.991,-357.449,-1452.77
-249.566,-569.494,-2225.27
-244.141,-228.536,-823.927
-238.715,1.23808,73.6406
-233.29,-0.335548,19.4109
-227.865,26.1999,36.0039
-222.439,34.6638,0.712437
-217.014,23.0786,-18.2446
-211.589,4.75561,4.35994
-206.163,-4.57148,14.481
-200.738,-11.0521,-21.872
-195.312,0.139407,-22.538
-189.887,6.42032,-4.29176
-184.462,-2.39296,1.34594
-179.036,-7.52837,14.7862
-173.611,-10.8732,17.3543
-168.186,-33.9266,19.6874
-162.76,-7.49718,-5.15375
-157.335,-243.267,163.573
-151.91,-744.768,555.302
-146.484,-566.522,441.297
-141.059,-68.2033,48.4178
-135.634,6.27145,-17.3274
-130.208,-13.1207,5.96237
-124.783,-14.9617,16.3372
-119.358,-17.7512,25.8254
-113.932,-17.6937,6.52542
-108.507,-29.2407,6.25673
-103.082,-64.6798,40.116
-97.6562,-81.7442,29.9749
-92.2309,-35.0669,-8.30287
-86.8055,8.6626,-4.16738
-81.3802,11.3431,13.3313
-75.9549,-9.90073,26.6531
-70.5295,-13.0563,7.6477
-65.1042,1.75434,5.19474
-59.6788,33.3251,-7.80265
-54.2535,105.842,-295.731
-48.8281,110.121,-450.775
-43.4028,22.4804,-156.479
-37.9774,-17.0568,21.765
-32.5521,-6.05115,4.10549
-27.1267,16.0299,-0.196118
-21.7014,22.0484,2.20782
-16.276,1.33135,-8.32654
-10.8507,-9.2783,-24.3614
-5.42535,77.9311,-232.605
0,169.227,-440.851
5.42535,97.7289,-225.005
10.8507,23.196,-11.8958
16.276,4.5821,-7.0786
21.7014,-17.8626,-13.1125
27.1267,-11.7814,-10.8719
32.5521,1.74981,7.09996
37.9774,-1.88797,27.5878
43.4028,87.9984,-131.329
48.8281,219.791,-408.676
54.2535,119.227,-290.593
59.6788,-19.5444,-28.0974
65.1042,-4.77969,2.68642
70.5295,4.58442,14.419
75.9549,-10.4766,26.4317
81.3802,-17.35,2.31708
86.8055,-3.64905,-8.89337
92.2309,31.6155,17.294
97.6562,40.6907,76.9734
103.082,21.2235,73.091
108.507,17.5435,24.2155
113.932,8.78261,16.6888
119.358,-4.08889,31.0698
124.783,0.186942,22.1523
130.208,5.761,13.2104
135.634,6.9337,-17.0732
141.059,18.2871,81.6183
146.484,125.722,707.025
151.91,181.901,911.017
157.335,71.3311,284.336
162.76,9.01982,1.18668
168.186,12.0389,37.3319
173.611,-3.53193,20.1724
179.036,-4.2992,16.0257
184.462,0.877715,2.60137
189.887,-1.89948,-7.48534
195.312,14.9772,-16.8423
200.738,22.8485,-8.85876
206.163,-6.29242,13.8204
211.589,-6.45156,0.0580131
217.014,-4.94272,-29.001
222.439,-26.2369,-22.6651
227.865,-43.5616,9.22497
233.29,-12.7391,14.6497
238.715,-50.1952,53.8973
244.141,721.149,-459.377
249.566,1912.21,-1272.63
254.991,1237.73,-840.436
260.417,82.3482,-61.9291
265.842,-32.3272,24.2432
271.267,-31.2616,28.024
276.693,-23.173,19.0901
282.118,-0.202769,-4.43859
287.543,-12.2463,8.72665
292.969,-19.4059,11.3061
298.394,-1.4633,-12.063
303.819,19.8584,-24.7677
309.245,-0.754881,-8.48242
314.67,-10.3527,1.02677
320.095,-5.75549,-16.1086
325.521,-40.4304,-9.8547
330.946,-44.1526,-11.8211
336.371,-36.5427,24.0272
341.797,30.5361,-146.121
347.222,451.043,-1026.58
352.648,605.163,-1238.1
358.073,183.273,-342.599
363.498,-20.9807,49.5146
368.924,7.50187,14.3896
374.349,-7.70745,-3.13144
379.774,-14.1351,-43.8893
385.2,-17.4286,-42.3411
390.625,-26.3847,-45.6319
396.05,-31.0603,-45.9501
401.476,-37.6799,-29.3389
406.901,-40.9488,-10.8597
412.326,-48.875,1.00822
417.752,-40.56,3.71125
423.177,-4.38581,-22.7516
428.602,2.18374,-28.1824
434.028,-14.4857,19.5466
439.453,11.1585,-2.64701
444.878,-395.024,558.863
450.304,-954.102,1341.53
455.729,-580.889,805.384
461.154,-42.6293,76.5862
466.58,6.18726,58.0257
472.005,-6.0968,41.0658
477.431,-42.223,22.3942
482.856,-32.8937,42.4686
488.281,20.8754,30.8326
493.707,15.646,-6.41238
499.132,-20.1076,-20.2956
504.557,-20.595,-14.4905
509.983,-6.19518,-13.5621
515.408,-4.92238,-8.46015
520.833,-21.4111,10.7019
526.259,-43.2985,25.3073
531.684,-48.5955,21.3731
537.109,-48.9894,29.9062
542.535,21.1699,-25.839
547.96,259.975,-242.983
553.385,302.556,-268.785
558.811,83.4508,-65.7458
564.236,-0.134277,-10.8852
569.661,-12.0009,8.35136
575.087,-31.0405,51.267
580.512,-29.5909,36.3862
585.937,-22.8131,10.1799
591.363,12.6189,-8.12509
596.788,54.954,-32.8852
602.214,41.9034,-49.213
607.639,-17.2849,-20.5628
613.064,-44.8794,-11.2751
618.49,-32.9744,-3.32113
623.915,-3.53019,32.5714
629.34,-20.0403,12.0495
634.766,-40.841,-5.5096
640.191,-9.58568,20.1465
645.616,78.6674,159.307
651.042,152.881,288.316
656.467,56.7332,137.99
661.892,-37.7915,-9.3176
667.318,-28.3833,-1.59081
672.743,-10.2068,12.7296
678.168,11.4974,23.8005
683.594,5.73727,17.5711
689.019,7.91905,-9.96825
694.444,10.9593,-39.9041
699.87,-28.86,-49.5363
705.295,-47.8504,-22.8663
710.72,-11.8024,24.9639
716.146,13.2943,30.5888
721.571,1.94818,-13.1675
726.996,9.33565,-38.1316
732.422,19.6727,-4.83629
737.847,5.46095,23.3945
743.273,-51.9445,-29.9731
748.698,-185.866,-155.73
754.123,-184.651,-148.72
759.549,-67.8045,-2.68211
764.974,-76.3286,24.2572
770.399,-85.4567,-11.2954
775.825,-6.62687,7.84256
781.25,59.3374,35.8853
786.675,49.4177,22.6007
792.101,-3.17545,-21.4983
797.526,-14.5016,-37.3701
802.951,4.91211,-24.9801
808.377,-9.12744,1.3627
813.802,-29.807,20.3819
819.227,-46.4567,0.74906
824.653,-49.182,-13.7532
830.078,-19.4865,4.13335
835.503,-13.4318,27.0895
840.929,-37.3475,22.4944
846.354,325.877,322.439
851.779,698.017,658.945
857.205,305.021,355.415
862.63,-57.057,14.7115
868.055,-3.62079,-6.72962
873.481,13.4535,9.33356
878.906,1.25678,16.898
884.331,-17.5261,10.1814
889.757,-22.1656,24.1355
895.182,8.06211,11.573
900.608,7.94653,9.14805
906.033,9.15784,-22.4971
911.458,47.3868,-79.6346
916.884,42.729,-50.912
922.309,0.747324,5.24772
927.734,8.55709,20.1632
933.16,55.1822,15.0022
938.585,28.3208,10.4476
944.01,-18.8168,77.417
949.436,61.9091,290.451
954.861,105.183,284.537
960.286,43.6748,19.5269
965.712,28.8184,-39.5234
971.137,38.0757,37.3424
976.562,30.9148,33.8276
981.988,27.4378,0.522655
987.413,59.9167,-4.70453
992.838,59.6495,-2.69589
998.264,-4.88469,-9.1713
1003.69,-40.9001,-37.9234
1009.11,-16.863,-68.79
1014.54,-4.50963,-31.7604
1019.97,-39.6226,15.1584
1025.39,-44.2255,-1.65964
1030.82,-29.5648,-11.0816
1036.24,-19.2989,13.5908
1041.67,3.73453,8.81773
1047.09,-340.758,77.1418
1052.52,-674.999,167.372
1057.94,-343.451,118.179
1063.37,-7.6053,45.2253
1068.79,42.3331,-25.4221
1074.22,32.7152,-52.1933
1079.64,-5.98677,6.62603
1085.07,-8.78355,58.7709
1090.49,6.86111,70.6725
1095.92,14.8977,53.3553
1101.35,8.32546,13.8966
1106.77,47.7812,-23.8594
1112.2,70.0122,-6.57101
1117.62,17.7187,39.9668
1123.05,-15.9554,13.8376
1128.47,18.3197,-46.8021
1133.9,50.1303,-27.984
1139.32,44.5133,17.4067
1144.75,24.503,13.472
1150.17,-41.715,-42.5826
1155.6,-59.7535,-62.0714
1161.02,-4.62657,-10.1016
1166.45,-0.376714,1.81479
1171.87,-15.2154,-41.2614
1177.3,-10.0955,-38.9385
1182.73,-7.2188,18.1964
1188.15,4.42194,39.4487
1193.58,37.4856,25.6952
1199,39.9205,7.33937
1204.43,-11.4105,-0.62637
1209.85,-40.5808,26.3194
1215.28,-37.7292,21.0312
1220.7,-46.918,2.17055
1226.13,-31.5079,33.381
1231.55,-18.7967,37.3927
1236.98,-16.7805,3.86114
1242.4,1.74718,-27.2376
1247.83,6.42827,43.6186
1253.26,22.1421,151.104
1258.68,17.5287,88.3195
1264.11,1.37614,9.31805
1269.53,4.40721,6.09953
1274.96,15.6728,-2.12229
1280.38,32.0428,-7.22108
1285.81,32.4887,0.270399
1291.23,38.3258,33.3381
1296.66,35.0439,66.7193
1302.08,13.1302,62.7528
1307.51,15.0309,16.5345
1312.93,23.914,-17.6335
1318.36,-3.00615,10.1323
1323.78,-9.19772,44.7753
1329.21,28.8891,28.2863
1334.64,46.4233,-16.7598
1340.06,37.8211,-23.0618
1345.49,-39.4741,-84.055
1350.91,-174.103,-236.761
1356.34,-164.246,-172.835
1361.76,-41.3151,5.18058
1367.19,1.09067,9.87217
1372.61,-17.727,-1.47695
1378.04,-32.8907,59.9787
1383.46,-6.91795,77.1718
1388.89,53.5832,25.5213
1394.31,80.1789,-11.5448
1399.74,46.4821,-35.5257
1405.16,67.3185,-40.9203
1410.59,101.293,-11.9233
1416.02,37.1474,15.7724
1421.44,10.8391,7.4077
1426.87,9.00657,-23.7762
1432.29,-27.5956,-32.4546
1437.72,-32.9608,17.1035
1443.14,-8.88312,99.5868
1448.57,141.139,-30.6789
1453.99,237.531,-200.876
1459.42,104.752,-105.59
1464.84,44.4974,-15.3761
1470.27,67.9069,-0.84655
1475.69,51.2652,0.00361633
1481.12,54.3563,-18.9503
1486.55,68.9321,8.73915
1491.97,61.8017,22.0007
1497.4,13.4462,8.60825
1502.82,-20.7628,20.5383
1508.25,-18.4883,41.5251
1513.67,-43.8814,52.6176
1519.1,-76.0057,32.6249
1524.52,-40.1439,9.21649
1529.95,8.83945,1.27913
1535.37,11.8501,-17.6541
1540.8,-1.48292,-41.1169
1546.22,24.0144,119.805
1551.65,110.862,405.312
1557.07,129.116,273.88
1562.5,48.6544,-11.4805
1567.93,-17.6437,-3.94646
1573.35,-52.6451,16.4584
1578.78,-30.531,-37.4375
1584.2,5.25397,-34.6575
1589.63,-19.0258,5.85963
1595.05,-51.6151,-0.313204
1600.48,-25.8404,-21.6253
1605.9,29.4401,-25.9567
1611.33,43.8385,-20.6079
1616.75,41.4894,-30.8089
1622.18,-6.21351,-84.0002
1627.6,-89.9719,-98.751
1633.03,-87.8664,-52.8984
1638.45,-28.8253,-4.23776
1643.88,12.6636,2.47377
1649.31,114.963,-9.52587
1654.73,140.668,7.77978
1660.16,21.5388,11.5736
1665.58,7.01424,37.5762
1671.01,8.42421,69.6853
1676.43,-66.9056,24.761
1681.86,-57.0008,-20.7296
1687.28,24.43,-32.2401
1692.71,65.2906,-1.42764
1698.13,89.6494,37.2737
1703.56,101.343,-3.95571
1708.98,16.8576,-54.2336
1714.41,-72.8816,-43.2753
1719.83,-13.2611,24.6816
1725.26,62.3457,118.669
1730.69,38.4793,139.765
1736.11,-46.7933,89.118
1741.54,-79.0854,62.0567
1746.96,-118.512,95.6574
1752.39,-215.164,179.168
1757.81,-115.278,204.333
1763.24,-11.9613,169.099
1768.66,-46.5969,122.527
1774.09,-5.37523,48.7134
1779.51,18.1139,27.3726
1784.94,-48.4777,49.6202
1790.36,-64.7681,33.3361
1795.79,-48.401,-6.31645
1801.22,-71.3142,-31.065
1806.64,-135.412,8.91644
1812.07,-188.409,141.102
1817.49,-146.867,161.356
1822.92,-69.1032,45.9111
1828.34,-22.9303,54.6835
1833.77,-78.1438,44.1506
1839.19,-192.653,-117.159
1844.62,-171.476,-155.99
1850.04,-181.968,-67.3439
1855.47,-280.642,-23.2511
1860.89,-180.79,28.3599
1866.32,-88.0806,57.3614
1871.74,-94.668,-22.1518
1877.17,-69.6344,15.3295
1882.6,9.96017,137.229
1888.02,99.9996,42.7992
1893.45,6.35562,-170.702
1898.87,-191.003,-229.736
1904.3,-250.194,-16.2811
1909.72,-179.625,80.8537
1915.15,-163.862,-43.895
1920.57,-172.665,-108.67
1926,-129.138,-8.80735
1931.42,-3.41613,58.2129
1936.85,69.1291,-41.491
1942.27,6.5038,-53.3706
1947.7,-471.184,568.429
1953.12,-983.396,1388.68
1958.55,-429.55,759.336
1963.98,162.789,-230.564
1969.4,164.362,-109.786
1974.83,148.269,56.9282
1980.25,199.278,-192.436
1985.68,51.4222,-277.924
1991.1,41.0959,-10.7521
1996.53,-301.471,222.304
2001.95,748.11,226.818
2007.38,17637,-67.9525
2012.8,29113.8,-308.319
2018.23,11890.7,-166.563
2023.65,-591.924,20.4945
2029.08,-82.0996,46.2026
2034.51,-251.95,-189.011
2039.93,-91.5445,-213.129
2045.36,188.688,-266.226
2050.78,1618.71,-1002.43
2056.21,2205.81,-919.568
2061.63,909.473,19.8976
2067.06,182.145,203.633
2072.48,132.383,-116.523
2077.91,-4.4053,-284.301
2083.33,131.91,-176.899
2088.76,154.391,21.3461
2094.18,-5.93337,42.5121
2099.61,-59.7805,116.108
2105.03,41.9415,261.024
2110.46,150.233,47.7364
2115.89,84.9939,-261.498
2121.31,28.1379,-312.333
2126.74,30.0677,-238.669
2132.16,-84.4709,-91.2013
2137.59,-98.5837,-44.9538
2143.01,19.042,-197.347
2148.44,422.777,-86.3818
2153.86,832.894,241.189
2159.29,522.684,205.407
2164.71,108.727,-48.7581
2170.14,122.167,-80.4734
2175.56,185.198,13.0503
2180.99,168.274,8.06332
2186.41,112.426,43.5751
2191.84,43.6939,2.86899
2197.27,-7.30629,-123.465
2202.69,7.89543,-85.992
2208.12,18.5376,14.1444
2213.54,-12.8803,-1.60401
2218.97,-16.234,-145.529
2224.39,3.26671,-205.244
2229.82,-46.6126,-46.0231
2235.24,-28.8872,94.8318
2240.67,48.1714,56.817
2246.09,-4.46752,-131.557
2251.52,43.935,-501.387
2256.94,180.939,-479.557
2262.37,133.661,-51.3882
2267.79,55.2827,52.4994
2273.22,13.0937,20.3426
2278.65,-56.1543,47.6537
2284.07,-34.9615,27.0498
2289.5,28.9324,12.1264
2294.92,-4.10099,-16.6963
2300.35,-51.9427,-26.4566
2305.77,-26.2136,15.8023
2311.2,19.3829,33.8042
2316.62,25.5579,24.9541
2322.05,21.8532,11.5385
2327.47,42.8089,7.85915
2332.9,-30.9263,15.1838
2338.32,-101.554,-16.6864
2343.75,-28.9415,-36.8328
2349.18,-33.8971,-21.5968
2354.6,-76.2776,-5.45266
2360.03,-44.1782,17.1292
2365.45,-27.46,19.2529
2370.88,2.88893,-14.5686
2376.3,5.87217,-21.0477
2381.73,3.06805,23.3019
2387.15,36.5707,43.2268
2392.58,53.7716,53.8274
2398,32.3193,80.5165
2403.43,-15.3319,52.926
2408.85,27.7952,5.61599
2414.28,86.5578,28.9099
2419.7,53.134,41.3508
2425.13,21.2712,-10.3316
2430.56,35.2034,-27.8891
2435.98,71.2132,-18.5222
2441.41,89.7736,-16.3978
2446.83,74.4957,15.7446
2452.26,73.7098,110.437
2457.68,44.4237,152.971
2463.11,-25.9994,92.5583
2468.53,-20.7243,37.385
2473.96,3.0891,23.1473
2479.38,-7.03729,39.4379
2484.81,-12.4724,8.7342
2490.23,-8.49384,-13.162
2495.66,-7.75869,14.8118
2501.08,-54.3635,36.9627
2506.51,-65.5514,68.0526
2511.94,-3.17703,37.7959
2517.36,36.098,-29.13
2522.79,44.5349,-49.6078
2528.21,12.1865,-55.228
2533.64,-27.3341,-69.0937
2539.06,-30.3335,-55.3846
2544.49,-12.4464,-18.3904
2549.91,25.3162,-25.9265
2555.34,25.9065,-40.925
2560.76,1.35946,-27.986
2566.19,-15.8766,-8.0945
2571.61,-38.1389,7.71055
2577.04,-20.3616,8.77317
2582.47,8.50378,-12.8325
2587.89,1.14492,-22.1895
2593.32,10.4764,6.7172
2598.74,15.1297,4.13807
2604.17,17.5979,-29.6343
2609.59,38.661,-40.0973
2615.02,5.66829,-42.627
2620.44,7.08226,-44.0398
2625.87,40.3978,-16.7868
2631.29,4.14205,-6.81001
2636.72,-9.46969,-37.1361
2642.14,-0.969058,-20.6249
2647.57,-32.8499,-95.436
2652.99,-79.5453,-372.671
2658.42,-76.8217,-368.687
2663.85,-11.1161,-78.5044
2669.27,26.8512,-1.24739
2674.7,-14.546,-52.4645
2680.12,-38.7462,-52.2789
2685.55,-6.79239,-29.8531
2690.97,2.58267,-11.0126
2696.4,16.0812,-14.9322
2701.82,35.5098,-40.004
2707.25,19.2703,-25.8027
2712.67,6.90188,2.67115
2718.1,-6.11519,-25.1747
2723.52,-3.65416,-44.3493
2728.95,25.3558,6.79573
2734.37,4.20928,25.2469
2739.8,-7.25915,-37.0983
2745.23,11.6681,-32.6264
2750.65,26.8764,16.9663
2756.08,59.4131,-8.80877
2761.5,28.6843,-13.3082
2766.93,-19.9954,40.7782
2772.35,-12.71,74.1425
2777.78,-9.68905,81.0682
2783.2,-10.311,53.1974
2788.63,2.33147,-0.0200516
2794.05,2.95818,-22.7138
2799.48,4.9513,-20.3934
2804.9,13.5355,-37.4091
2810.33,10.6415,-36.1406
2815.75,-28.6391,9.09678
2821.18,-59.2808,28.3728
2826.61,-8.15137,0.467079
2832.03,41.2537,-29.7281
2837.46,36.9225,-34.5167
2842.88,38.0222,13.5303
2848.31,37.2001,52.5554
2853.73,-37.0926,21.9934
2859.16,-113.373,-12.3296
2864.58,-71.7338,-15.7904
2870.01,-3.25861,1.0927
2875.43,6.60735,0.129025
2880.86,12.6208,-19.5953
2886.28,12.4555,-28.8421
2891.71,-23.3878,-34.3783
2897.14,-21.4265,-32.2475
2902.56,28.7199,-20.0272
2907.99,28.8057,-25.925
2913.41,1.77308,-50.1174
2918.84,5.12766,-51.4936
2924.26,12.9744,-55.6924
2929.69,-3.02181,-51.7379
2935.11,-15.3085,-20.1964
2940.54,8.65734,-21.9126
2945.96,4.06253,-19.6501
2951.39,-40.5514,-18.7074
2956.81,-48.1202,-56.7641
2962.24,-31.5827,-43.9624
2967.66,-46.9791,-19.1657
2973.09,-39.6776,-27.7397
2978.52,-18.4142,-7.22746
2983.94,-31.0871,-7.64755
2989.37,-20.4163,-47.6111
2994.79,-3.07203,-32.1015
3000.22,2.21637,23.6339
3005.64,25.6075,25.0424
3011.07,32.3239,-8.10458
3016.49,11.0008,-15.325
3021.92,3.74519,-13.2321
3027.34,-9.39176,-10.2899
3032.77,-48.9137,-2.59527
3038.19,-48.7236,7.19926
3043.62,-16.393,15.2643
3049.04,-13.3341,8.28068
3054.47,-17.6539,12.5141
3059.9,-28.9012,16.1466
3065.32,-41.3268,12.7442
3070.75,-42.7012,-1.06319
3076.17,-55.8738,-9.12323
3081.6,-45.4823,18.3843
3087.02,-6.30771,19.8141
3092.45,4.61854,18.3584
3097.87,-16.8202,44.3248
3103.3,-20.9724,39.3351
3108.72,1.2912,11.5279
3114.15,32.9135,-11.4656
3119.57,50.0605,-16.8512
3125,26.1585,-16.915
3130.43,-11.3644,-25.9152
3135.85,-29.0326,-11.8744
3141.28,-21.4204,14.592
3146.7,-11.4266,1.39004
3152.13,-46.1961,-70.3868
3157.55,-67.896,-88.7967
3162.98,-30.2168,-14.9077
3168.4,-23.5222,18.8385
3173.83,-33.3684,9.6178
3179.25,-17.7822,9.45808
3184.68,-21.1802,13.867
3190.1,-39.2766,24.8203
3195.53,-26.0188,26.8757
3200.95,5.58469,19.2552
3206.38,14.1121,4.4294
3211.81,10.3069,-20.8967
3217.23,4.27522,-13.3102
3222.66,10.8632,21.1024
3228.08,4.86619,27.1181
3233.51,-17.6806,27.673
3238.93,-13.4451,29.6174
3244.36,-0.0159648,5.71784
3249.78,12.2855,-12.9339
3255.21,13.9589,-1.58291
3260.63,2.83915,18.6333
3266.06,13.9107,-4.24044
3271.48,23.0326,-31.4745
3276.91,-9.49417,-6.192
3282.33,-35.0708,15.288
3287.76,-27.4299,25.6855
3293.19,-6.19877,29.4123
3298.61,13.6355,24.1813
3304.04,-2.33977,17.6607
3309.46,-44.1504,12.3891
3314.89,-55.2832,27.7627
3320.31,-31.7707,50.5502
3325.74,-14.7259,45.8527
3331.16,-8.25879,-13.7077
3336.59,0.60075,-64.8706
3342.01,9.14758,-50.84
3347.44,2.72151,-5.80354
3352.86,-46.0637,6.36683
3358.29,-60.5305,-19.3487
3363.71,-7.08521,-8.61009
3369.14,23.1874,29.4996
3374.57,17.7122,44.0476
3379.99,-17.9305,32.3025
3385.42,-34.1757,22.3985
3390.84,-14.3145,20.948
3396.27,-6.61477,9.16229
3401.69,-5.9624,11.444
3407.12,-28.8384,28.8435
3412.54,-41.0157,36.824
3417.97,-16.1335,38.1117
3423.39,-8.23487,41.2306
3428.82,-12.6219,61.5518
3434.24,-8.59623,75.0067
3439.67,-3.79961,55.8533
3445.1,1.40078,32.7038
3450.52,-4.22578,-4.37716
3455.95,-16.8231,-26.2613
3461.37,-2.32399,-8.52927
3466.8,14.2549,4.06699
3472.22,4.07268,21.3068
3477.65,16.8497,37.7613
3483.07,39.2405,13.3391
3488.5,35.6448,-27.9403
3493.92,15.5346,-34.7551
3499.35,-10.2182,-12.4019
3504.77,-13.5192,18.3926
3510.2,-5.85036,37.7002
3515.62,6.46545,31.7821
3521.05,23.3523,7.34766
3526.48,6.90164,-7.69562
3531.9,-15.6708,-1.91
3537.33,-10.0911,2.69309
3542.75,11.4191,-16.021
3548.18,36.0785,-58.3153
3553.6,12.1148,-56.5651
3559.03,-40.7594,-27.9293
3564.45,-43.4617,-34.0337
3569.88,-23.0498,-22.9147
3575.3,-13.0124,8.07183
3580.73,14.2159,26.7556
3586.15,39.3397,33.578
3591.58,22.7358,27.6713
3597,4.03332,41.1021
3602.43,16.466,49.4615
3607.86,19.844,23.9911
3613.28,0.259184,5.88315
3618.71,-6.65841,2.73209
3624.13,14.6951,1.49914
3629.56,25.6227,-4.84505
3634.98,-5.69102,-15.1759
3640.41,-16.3986,-18.3908
3645.83,9.52425,-3.97519
3651.26,14.0432,22.1952
3656.68,2.20733,22.257
3662.11,-17.0784,-0.221837
3667.53,-17.7417,-6.647
3672.96,7.17624,16.3881
3678.39,21.301,35.5444
3683.81,17.7898,22.8075
3689.24,5.83942,25.961
3694.66,-5.47909,29.4213
3700.09,-24.509,-1.49586
3705.51,-22.1916,-9.67758
3710.94,17.4522,5.10669
3716.36,23.599,-16.0055
3721.79,-12.1703,-47.6598
3727.21,-17.7221,-14.4719
3732.64,8.83494,20.1759
3738.06,26.8143,-10.6272
3743.49,25.9637,-22.5162
3748.91,4.13974,5.57144
3754.34,-10.8811,14.6422
3759.77,-8.50119,3.70099
3765.19,-14.1691,-3.94585
3770.62,-11.226,-23.5321
3776.04,1.44529,-38.4134
3781.47,-0.98689,-27.0642
3786.89,-8.42978,-13.1639
3792.32,-2.9689,3.36259
3797.74,16.4749,5.95023
3803.17,15.0019,-14.9923
3808.59,-15.7732,-22.839
3814.02,-18.3094,-6.8121
3819.44,-0.159781,1.62055
3824.87,0.569618,-5.59459
3830.29,-7.69921,-9.10194
3835.72,-8.65016,1.11525
3841.15,9.36528,4.33597
3846.57,16.8526,-1.44279
3852,-10.5976,3.35756
3857.42,-36.0792,-2.15903
3862.85,-21.6999,-17.7396
3868.27,-3.72272,-31.2811
3873.7,-2.8371,-23.3128
3879.12,1.05769,16.7039
3884.55,-2.75787,48.0023
3889.97,-13.7156,33.4964
3895.4,-22.6259,5.95556
3900.82,-15.0566,-1.95501
3906.25,1.50919,-19.0735
3911.68,-7.49837,-38.0601
3917.1,-29.0874,-31.4619
3922.53,-22.0363,-3.64446
3927.95,1.28332,23.2689
3933.38,-0.587215,37.5015
3938.8,-7.04407,29.3711
3944.23,2.71003,-2.42857
3949.65,10.8035,-2.21282
3955.08,5.08714,25.7625
3960.5,-7.66578,18.1133
3965.93,-8.91467,0.163935
3971.35,-15.0265,-9.28944
3976.78,-6.65975,-8.24743
3982.2,31.1451,17.1054
3987.63,33.9772,35.0634
3993.06,3.77176,42.9124
3998.48,-8.48498,31.093
4003.91,3.19209,3.6215
4009.33,15.4304,5.38235
4014.76,-1.34414,7.66172
4020.18,-7.95676,-7.621
4025.61,13.7313,-18.5774
4031.03,10.8661,-23.0382
4036.46,3.55867,-21.5851
4041.88,4.73634,-2.92786
4047.31,-6.79859,15.0392
4052.73,-25.8277,8.56849
4058.16,-46.45,13.322
4063.58,-42.479,13.3921
4069.01,-26.522,-24.3293
4074.44,-22.7506,-44.1761
4079.86,-28.5731,-16.7018
4085.29,-29.8905,-1.68846
4090.71,-30.1872,-10.6914
4096.14,-29.2567,-16.9268
4101.56,9.09334,-16.0498
4106.99,24.2037,-10.0869
4112.41,-5.44316,-7.6438
4117.84,-5.0075,12.147
4123.26,7.93685,41.1701
4128.69,8.10392,35.4995
4134.11,4.01116,14.4734
4139.54,-1.01618,8.72767
4144.96,12.5787,-18.5025
4150.39,30.8639,-36.3966
4155.82,36.0271,-17.2693
4161.24,25.7675,-13.6651
4166.67,-11.6416,-18.2298
4172.09,-27.8024,-9.36307
4177.52,-3.39825,1.59005
4182.94,-8.85148,-3.12446
4188.37,-26.4886,-9.77037
4193.79,-16.8428,0.0756683
4199.22,-0.768096,-2.28233
4204.64,9.28349,-16.3614
4210.07,-7.09734,-9.62398
4215.49,-14.1493,8.61702
4220.92,0.97733,14.5238
4226.35,-2.13385,8.92461
4231.77,-7.25265,5.9484
4237.2,3.24833,-2.30641
4242.62,-6.75246,-4.63788
4248.05,-30.6817,1.84258
4253.47,-8.46585,-8.73581
4258.9,16.1313,-8.46758
4264.32,-6.65499,6.07664
4269.75,-47.0711,7.5748
4275.17,-46.1748,-7.01133
4280.6,2.03151,-19.2382
4286.02,14.5249,-11.9491
4291.45,-8.76344,3.38543
4296.87,-14.2586,11.0502
4302.3,-16.4055,4.10031
4307.73,-20.2279,-4.37924
4313.15,-5.60761,-11.1608
4318.58,3.3012,-15.8028
4324,1.20676,-18.8217
4329.43,2.05419,-11.5146
4334.85,5.8319,-5.70046
4340.28,6.90335,-9.22836
4345.7,-3.50968,7.50352
4351.13,-16.2197,10.7856
4356.55,-33.1607,16.9478
4361.98,-32.5342,31.3603
4367.4,-8.50893,9.48128
4372.83,8.598,-18.9802
4378.25,19.8851,-20.4203
4383.68,13.8068,-0.369404
4389.11,-17.1505,13.788
4394.53,-32.4528,9.46644
4399.96,-31.5143,-12.4595
4405.38,-33.165,-6.47605
4410.81,-17.3876,24.7421
4416.23,3.60673,24.9956
4421.66,4.26429,12.2904
4427.08,-13.2028,8.33657
4432.51,-1.05041,11.4332
4437.93,25.2427,7.75488
4443.36,-0.819239,4.74835
4448.78,-24.3552,19.9088
4454.21,-8.13278,37.0855
4459.63,-2.92393,38.7025
4465.06,-2.64931,3.91612
4470.49,8.8455,-11.209
4475.91,12.8249,1.24405
4481.34,5.45052,-16.0579
4486.76,7.98244,-29.5416
4492.19,19.745,-14.9841
4497.61,8.4553,9.0221
4503.04,-0.328799,0.907644
4508.46,0.721232,-30.1426
4513.89,-32.9694,-29.994
4519.31,-63.0961,-16.1433
4524.74,-30.6033,-6.33492
4530.16,16.3158,3.26077
4535.59,18.614,-6.90851
4541.02,2.7162,-17.9005
4546.44,8.3152,-24.1416
4551.87,2.08906,-21.081
4557.29,-23.5984,2.02424
4562.72,-23.6217,16.6561
4568.14,-9.81942,18.8034
4573.57,-7.09931,12.4484
4578.99,-3.81631,0.377577
4584.42,16.969,-7.51503
4589.84,19.1963,-1.43186
4595.27,-2.83919,6.17048
4600.69,1.60831,-13.3641
4606.12,0.73046,-22.5908
4611.54,-4.91476,0.499477
4616.97,30.1376,-0.319628
4622.4,36.8387,-3.54008
4627.82,1.31954,11.7333
4633.25,-9.87552,-3.01861
4638.67,-7.94725,-23.833
4644.1,-16.2434,-11.7951
4649.52,-20.1563,6.96855
4654.95,-6.37879,22.7068
4660.37,10.1006,26.3772
4665.8,9.67697,9.45928
4671.22,-9.9615,5.88244
4676.65,-21.5731,1.84911
4682.07,-9.7237,-9.18282
4687.5,3.634,-6.02678
4692.92,24.8282,-1.356
4698.35,48.6399,-0.225641
4703.78,28.1828,-3.14439
4709.2,-1.19487,14.7211
4714.63,8.59389,39.329
4720.05,29.5131,28.6596
4725.48,30.4913,25.5472
4730.9,2.44828,21.8648
4736.33,-4.58046,-11.5456
4741.75,22.4481,-16.0689
4747.18,34.6882,-5.76821
4752.6,19.45,-17.6671
4758.03,6.8884,-6.94098
4763.45,23.4059,15.2005
4768.88,26.4958,9.87116
4774.31,-0.865174,1.78876
4779.73,-11.6964,2.25965
4785.16,5.72546,-6.97172
4790.58,32.4663,-6.81414
4796.01,37.4987,15.6136
4801.43,33.2107,9.59313
4806.86,34.4994,-17.486
4812.28,18.581,0.439147
4817.71,0.231416,40.9266
4823.13,-5.6651,38.9572
4828.56,-8.19682,18.0071
4833.98,-12.9165,7.79761
4839.41,3.00403,-14.9742
4844.83,9.6335,-28.1384
4850.26,-18.7294,-6.07523
4855.69,-14.2006,8.53252
4861.11,2.63649,-11.3751
4866.54,-4.33246,-33.0853
4871.96,-9.09997,-37.0704
4877.39,-4.71369,-32.0091
4882.81,-13.562,-15.237
4888.24,-36.1071,12.3181
4893.66,-15.7725,21.9306
4899.09,11.0476,21.9088
4904.51,-8.74102,28.6014
4909.94,-12.9068,27.6452
4915.36,14.3632,-3.29063
4920.79,19.6082,-31.8492
4926.21,18.7316,-16.0259
4931.64,17.6675,-2.32773
4937.07,-8.13694,-13.9807
4942.49,-14.5523,-24.7589
4947.92,15.203,-6.30749
4953.34,35.4374,12.7547
4958.77,35.8806,19.4536
4964.19,22.3209,18.0963
4969.62,-1.18302,-15.3139
4975.04,1.78822,-29.4809
4980.47,22.8661,-4.38954
4985.89,12.5299,24.1456
4991.32,-16.0585,29.7916
4996.74,-18.4974,2.69426
5002.17,8.85838,-8.1618
5007.6,9.61778,11.2994
5013.02,-18.8279,10.8834
5018.45,-8.00206,-1.92031
5023.87,16.0628,16.9784
5029.3,12.0492,40.5808
5034.72,16.6358,9.14326
5040.15,21.7082,-38.8099
5045.57,-14.8963,-45.2672
5051,-47.673,-27.8402
5056.42,-17.1684,-4.95424
5061.85,8.94666,-12.022
5067.27,-9.65992,-41.0614
5072.7,-21.7607,-38.373
5078.12,-20.6255,-4.38967
5083.55,-14.15,18.5735
5088.98,-11.2942,13.5789
5094.4,-5.54243,-41.1829
5099.83,-0.869349,-77.8456
5105.25,-8.46076,-14.6041
5110.68,-0.552437,29.4048
5116.1,21.1034,24.1796
5121.53,31.6074,18.2959
5126.95,20.2679,10.8105
5132.38,11.3345,8.52925
5137.8,16.2761,0.143022
5143.23,-1.36624,-12.8927
5148.65,-22.8366,-32.0978
5154.08,-12.3924,-33.2603
5159.5,12.6656,-7.04644
5164.93,24.4174,6.36357
5170.36,19.3947,-4.66581
5175.78,22.3563,1.5558
5181.21,36.7011,29.7159
5186.63,43.7269,43.5263
5192.06,35.5791,37.7746
5197.48,9.90155,16.3882
5202.91,-6.05452,3.48664
5208.33,-0.338151,-9.51413
5213.76,-7.34678,-34.4723
5219.18,3.21323,-35.8338
5224.61,38.0167,-21.5086
5230.03,25.6031,-23.2892
5235.46,-6.18184,-32.6631
5240.88,-6.0487,-18.3701
5246.31,-5.1033,2.20029
5251.74,8.21273,3.18155
5257.16,27.7963,2.31842
5262.59,21.1362,-1.81087
5268.01,0.983558,-6.55567
5273.44,-27.0604,6.9253
5278.86,-43.8,7.25248
5284.29,-31.3783,-3.79367
5289.71,-15.7051,2.18603
5295.14,-19.5504,9.15226
5300.56,-10.1388,9.26518
5305.99,4.03263,-10.5612
5311.41,-5.55946,-30.188
5316.84,-7.58967,-23.7411
5322.27,-4.03869,-24.0938
5327.69,-12.5732,-39.5808
5333.12,-28.4279,-35.5025
5338.54,-28.208,-10.7545
5343.97,-4.18984,5.70311
5349.39,-5.08101,7.75854
5354.82,-10.5571,2.96462
5360.24,12.4271,8.48124
5365.67,17.9976,16.8986
5371.09,0.691336,15.0629
5376.52,-8.85294,2.82604
5381.94,-1.62583,-10.5626
5387.37,13.986,0.370138
5392.79,19.4601,14.993
5398.22,17.9383,10.8173
5403.65,18.9918,15.7976
5409.07,27.1775,28.8598
5414.5,28.2881,16.1242
5419.92,14.4009,4.8003
5425.35,11.5129,7.63952
5430.77,14.0992,-14.4234
5436.2,5.41676,-16.031
5441.62,-24.3943,18.2782
5447.05,-35.3907,23.2896
5452.47,-8.63607,4.53911
5457.9,7.58818,-5.90522
5463.32,25.494,3.34525
5468.75,50.9025,26.3944
5474.17,40.5653,20.6283
5479.6,23.6582,-17.6689
5485.03,23.9468,-27.8228
5490.45,2.13117,-16.8872
5495.88,-22.2525,-0.456479
5501.3,-24.9038,42.8378
5506.73,-13.0179,48.0385
5512.15,2.04116,13.7822
5517.58,9.19845,19.5298
5523,19.893,41.5135
5528.43,24.8779,40.9984
5533.85,9.23435,32.0426
5539.28,-10.7601,10.7766
5544.7,-9.57867,-8.83314
5550.13,7.14248,-5.40886
