-5555.56,-5.46364,12.8715
-5550.13,16.6497,23.5721
-5544.7,30.4155,1.92
-5539.28,21.802,-11.6265
-5533.85,17.2419,20.3295
-5528.43,21.9158,9.63105
-5523,7.53922,-7.83212
-5517.58,-9.01013,17.0669
-5512.15,-8.09235,32.5113
-5506.73,-2.5882,39.5663
-5501.3,-9.06334,33.6868
-5495.88,-29.7665,1.32439
-5490.45,-42.2052,-27.4295
-5485.03,-14.9772,-15.8264
-5479.6,18.2857,11.6618
-5474.17,13.7316,2.08429
-5468.75,-1.14448,-24.5613
-5463.32,-22.0473,-25.4886
-5457.9,-28.239,-17.3132
-5452.47,-8.54485,-11.6447
-5447.05,-13.5484,2.97264
-5441.62,-11.8179,11.7166
-5436.2,7.48458,-6.09153
-5430.77,6.61109,-36.2555
-5425.35,-2.50755,-35.9942
-5419.92,-23.2029,-17.98
-5414.5,-35.0032,-13.3106
-5409.07,-12.8258,-18.5685
-5403.65,-4.09022,-10.3173
-5398.22,-20.6119,-1.08284
-5392.79,-12.5891,-0.798027
-5387.37,5.79649,8.15333
-5381.94,-8.08267,4.82531
-5376.52,-27.1855,-5.98994
-5371.09,-26.4125,-13.8958
-5365.67,-26.9073,-10.9634
-5360.24,-14.0653,14.8043
-5354.82,12.2984,28.7081
-5349.39,-5.33302,18.1168
-5343.97,-22.6059,15.6807
-5338.54,6.25379,28.1983
-5333.12,16.1646,28.9278
-5327.69,5.73153,-2.46347
-5322.27,5.71866,-40.8524
-5316.84,7.09755,-37.6194
-5311.41,7.27343,-16.5794
-5305.99,-0.870978,-3.44349
-5300.56,-18.4479,20.932
-5295.14,-7.65449,21.3109
-5289.71,3.18983,10.2849
-5284.29,-18.8202,20.2673
-5278.86,-26.7329,41.1259
-5273.44,-29.86,39.7187
-5268.01,-17.4092,3.06432
-5262.59,11.7163,-9.78115
-5257.16,-5.63864,18.2181
-5251.74,-20.9188,42.798
-5246.31,-3.65378,29.9219
-5240.88,-20.03,1.07123
-5235.46,-39.8267,-13.3142
-5230.03,-21.4742,-7.92309
-5224.61,-1.53874,-2.68169
-5219.18,-4.22056,-9.02289
-5213.76,-14.7798,6.59823
-5208.33,-16.9117,27.7113
-5202.91,-11.205,19.8603
-5197.48,12.195,9.34827
-5192.06,35.9238,6.85775
-5186.63,25.4105,-9.85576
-5181.21,2.34051,-12.4443
-5175.78,-6.75464,19.9841
-5170.36,-0.20878,31.7649
-5164.93,14.308,18.4878
-5159.5,9.08179,20.6622
-5154.08,-20.1448,33.6972
-5148.65,-39.042,33.0148
-5143.23,-26.0517,23.2001
-5137.8,2.45531,34.2499
-5132.38,14.0136,27.7523
-5126.95,-8.08797,-11.3361
-5121.53,-32.9006,2.615
-5116.1,-28.6699,33.5253
-5110.68,-13.2661,12.3404
-5105.25,-25.3869,5.12677
-5099.83,-33.5193,20.6425
-5094.4,-7.05118,13.7131
-5088.98,6.98453,3.32515
-5083.55,-1.80517,8.13207
-5078.12,-4.4679,16.535
-5072.7,16.4939,18.7456
-5067.27,37.287,9.58243
-5061.85,22.7395,10.1823
-5056.42,-3.62341,7.00156
-5051,-11.3669,-25.8919
-5045.57,-6.21997,-28.1041
-5040.15,-6.2161,-7.90247
-5034.72,-21.5328,-15.7462
-5029.3,-10.9451,-20.2687
-5023.87,15.2176,4.06799
-5018.45,19.9202,26.3646
-5013.02,40.9109,14.1419
-5007.6,69.6418,-8.30065
-5002.17,56.9653,-9.86512
-4996.74,11.6376,4.54328
-4991.32,-9.90258,-3.23267
-4985.89,-2.92364,-15.8113
-4980.47,5.16171,11.0061
-4975.04,24.2249,28.1045
-4969.62,33.7155,1.69392
-4964.19,21.76,-17.1666
-4958.77,14.4241,-8.66392
-4953.34,-3.38859,5.36701
-4947.92,-24.565,15.2036
-4942.49,-21.7244,-2.44605
-4937.07,-15.4025,-22.661
-4931.64,-0.629814,-22.1744
-4926.21,4.1758,-21.2301
-4920.79,-20.2381,-9.69258
-4915.36,-32.2334,-4.18325
-4909.94,-24.7541,-5.83254
-4904.51,-5.69877,6.81676
-4899.09,-1.92934,15.7248
-4893.66,-14.8361,-1.44375
-4888.24,-18.6603,-26.377
-4882.81,-18.1897,-21.772
-4877.39,-5.16996,-5.528
-4871.96,9.88142,2.25617
-4866.54,13.4155,16.6512
-4861.11,11.6481,22.2392
-4855.69,1.35168,9.41394
-4850.26,-5.59765,-10.7255
-4844.83,-3.73016,-21.4796
-4839.41,-6.82568,-12.3784
-4833.98,-10.8041,-9.7752
-4828.56,-11.5211,-16.4863
-4823.13,3.99868,-2.60939
-4817.71,19.2931,16.4987
-4812.28,18.197,13.929
-4806.86,27.1585,13.9101
-4801.43,26.1749,14.8959
-4796.01,-3.09026,5.36362
-4790.58,-24.2796,9.01086
-4785.16,-27.3288,1.75445
-4779.73,-11.111,-13.9891
-4774.31,26.9319,4.25339
-4768.88,36.6408,13.727
-4763.45,7.50683,-2.15889
-4758.03,-9.57755,-15.445
-4752.6,12.8188,-12.9688
-4747.18,42.8975,6.49769
-4741.75,50.7929,11.7963
-4736.33,39.976,2.54026
-4730.9,17.1793,-0.994258
-4725.48,3.35853,1.66609
-4720.05,10.0744,-0.652483
-4714.63,31.327,-6.1
-4709.2,43.0738,-15.7467
-4703.78,35.5897,-19.3658
-4698.35,24.0472,-14.736
-4692.92,12.6417,-12.251
-4687.5,7.58752,-3.80918
-4682.07,17.9024,-18.6938
-4676.65,28.6683,-39.0757
-4671.22,33.7884,-11.1692
-4665.8,41.7848,22.5907
-4660.37,36.8289,28.7008
-4654.95,13.6404,18.2916
-4649.52,3.01272,-4.49233
-4644.1,4.75958,-14.6935
-4638.67,-9.84422,-9.46696
-4633.25,-8.43841,-0.0507971
-4627.82,13.0089,9.50397
-4622.4,20.0578,7.81861
-4616.97,17.5115,-1.60384
-4611.54,11.0976,-13.0743
-4606.12,12.7616,-39.0775
-4600.69,18.1775,-47.5986
-4595.27,7.01572,-13.8259
-4589.84,-13.6716,17.0267
-4584.42,-27.4075,28.3317
-4578.99,-23.8777,19.4124
-4573.57,-16.1247,-5.31672
-4568.14,-23.1183,-12.4428
-4562.72,-16.2159,10.3986
-4557.29,16.0317,27.4495
-4551.87,30.4239,1.15732
-4546.44,27.7957,-29.4049
-4541.02,23.6616,-23.0228
-4535.59,2.65948,-15.6376
-4530.16,-19.3108,-13.7058
-4524.74,-35.4641,1.6631
-4519.31,-38.4537,-6.54781
-4513.89,-21.1656,-17.5684
-4508.46,10.1835,10.8917
-4503.04,43.0415,18.8287
-4497.61,33.3946,-5.93947
-4492.19,-2.21866,-22.2712
-4486.76,-15.4775,-30.885
-4481.34,-13.7344,-26.5721
-4475.91,-11.6464,-14.6573
-4470.49,2.14697,3.51249
-4465.06,26.6344,9.33093
-4459.63,42.3605,-13.7558
-4454.21,41.9758,-28.8056
-4448.78,34.1351,-21.2194
-4443.36,40.0395,2.66677
-4437.93,38.7548,14.3215
-4432.51,13.2508,9.37129
-4427.08,-0.587671,11.3387
-4421.66,7.52582,8.18153
-4416.23,16.0727,-4.61125
-4410.81,18.9425,-22.8405
-4405.38,22.0111,-30.7497
-4399.96,11.1001,-6.59318
-4394.53,6.07226,12.6475
-4389.11,8.68524,-15.9519
-4383.68,-2.25369,-37.2318
-4378.25,9.64832,-29.8269
-4372.83,34.0015,-27.4762
-4367.4,10.543,-26.1952
-4361.98,-31.3545,-43.9468
-4356.55,-18.8349,-44.1323
-4351.13,-5.20114,-3.52145
-4345.7,-32.5776,3.69879
-4340.28,-46.1392,-10.105
-4334.85,-37.167,-11.4357
-4329.43,-22.7372,-8.55613
-4324,2.05108,12.038
-4318.58,17.7821,20.8503
-4313.15,10.6623,6.95841
-4307.73,14.015,7.57233
-4302.3,14.1664,8.23603
-4296.87,-8.21995,-13.7572
-4291.45,-15.8559,-29.9685
-4286.02,7.92499,-16.5847
-4280.6,31.618,10.8738
-4275.17,33.027,7.73129
-4269.75,19.7785,-19.382
-4264.32,5.81635,-23.1357
-4258.9,22.9282,-4.74621
-4253.47,37.3976,2.70788
-4248.05,14.1514,-8.77874
-4242.62,10.3444,3.98222
-4237.2,14.8105,38.4798
-4231.77,8.39273,37.2933
-4226.35,36.1961,11.4865
-4220.92,46.1559,11.4005
-4215.49,0.903305,30.2416
-4210.07,-30.8553,33.399
-4204.64,-17.9104,41.5434
-4199.22,12.0858,41.2523
-4193.79,14.8383,9.27199
-4188.37,1.81526,-2.75525
-4182.94,16.0796,-3.34132
-4177.52,24.4886,-17.853
-4172.09,4.12098,-11.4935
-4166.67,-14.8428,4.59492
-4161.24,-27.1344,-4.32988
-4155.82,-9.7678,-8.79313
-4150.39,22.9522,0.688486
-4144.96,19.3743,7.87654
-4139.54,12.0493,20.9194
-4134.11,11.0892,19.2745
-4128.69,-7.62195,1.75677
-4123.26,-6.03481,-0.890937
-4117.84,20.3927,19.7996
-4112.41,27.7037,44.6267
-4106.99,4.26989,42.1158
-4101.56,-33.4248,10.8485
-4096.14,-63.8401,-2.95951
-4090.71,-61.4486,27.5938
-4085.29,-19.655,41.8391
-4079.86,9.61764,7.78325
-4074.44,8.08058,-10.8943
-4069.01,21.2626,-11.2369
-4063.58,38.6471,-11.5324
-4058.16,28.2181,15.5347
-4052.73,3.02484,18.8016
-4047.31,-7.59226,-10.9179
-4041.88,6.46787,-7.75098
-4036.46,3.83757,-4.63068
-4031.03,-8.9552,-24.5656
-4025.61,-7.83837,-32.2053
-4020.18,-5.53082,-32.1153
-4014.76,11.3967,-21.7079
-4009.33,-1.89736,4.51866
-4003.91,-39.316,22.2015
-3998.48,-43.4495,18.2765
-3993.06,-26.2035,15.8956
-3987.63,12.1468,16.2094
-3982.2,36.3954,10.0603
-3976.78,28.2461,10.4016
-3971.35,24.1657,-2.37213
-3965.93,16.7951,-14.6946
-3960.5,8.22842,-8.08133
-3955.08,5.7613,10.9395
-3949.65,5.24733,24.0251
-3944.23,6.09438,-3.04518
-3938.8,12.9825,-35.3657
-3933.38,25.8478,-29.3388
-3927.95,20.8937,-4.08556
-3922.53,3.73493,5.01735
-3917.1,8.48642,12.3767
-3911.68,29.3038,29.447
-3906.25,16.0346,29.5467
-3900.82,10.3426,3.08594
-3895.4,54.0464,-15.5187
-3889.97,76.4049,-11.5917
-3884.55,46.5806,-14.9026
-3879.12,15.0587,-18.1421
-3873.7,21.0285,-16.3121
-3868.27,23.0231,-25.0118
-3862.85,-19.0936,-51.2614
-3857.42,-38.5059,-46.3553
-3852,-8.04639,-6.39961
-3846.57,13.5153,6.24119
-3841.15,28.9864,6.96302
-3835.72,40.0502,-0.10311
-3830.29,19.7266,-10.9829
-3824.87,4.51622,-15.4377
-3819.44,16.4992,-16.7255
-3814.02,0.978248,5.10522
-3808.59,-29.9866,42.9973
-3803.17,-39.9404,68.9645
-3797.74,-25.8899,49.2417
-3792.32,2.96066,-8.4937
-3786.89,-7.16259,-22.3461
-3781.47,-12.1518,6.13342
-3776.04,23.0435,-1.58859
-3770.62,28.5837,-21.1511
-3765.19,14.6123,-33.2401
-3759.77,33.8419,-28.2011
-3754.34,41.7948,10.2146
-3748.91,9.99702,27.9984
-3743.49,-6.64217,22.2417
-3738.06,-11.6683,17.9325
-3732.64,-30.7658,9.6589
-3727.21,-39.8331,-1.05697
-3721.79,-10.8966,-8.33445
-3716.36,22.5426,-4.08324
-3710.94,5.02531,-5.34151
-3705.51,-20.6673,-5.28951
-3700.09,-20.9051,8.92963
-3694.66,-18.3774,10.0483
-3689.24,-8.62029,4.36351
-3683.81,-9.41789,31.0326
-3678.39,-10.2403,36.3865
-3672.96,5.23961,-0.977964
-3667.53,10.1987,2.55088
-3662.11,30.942,-4.95047
-3656.68,39.4932,-50.4889
-3651.26,15.783,-57.4086
-3645.83,15.6915,-20.4538
-3640.41,13.0403,20.1302
-3634.98,0.0719026,27.8457
-3629.56,-2.05173,8.27943
-3624.13,-1.9728,-7.62282
-3618.71,-6.73418,-5.38638
-3613.28,-15.0806,9.67482
-3607.86,-16.18,18.997
-3602.43,-6.90444,15.2846
-3597,7.87974,30.2971
-3591.58,17.9393,47.7306
-3586.15,16.2628,23.9441
-3580.73,-0.418592,22.7677
-3575.3,-16.2467,50.155
-3569.88,-13.018,41.5445
-3564.45,-9.06245,-8.91339
-3559.03,-25.4234,-84.198
-3553.6,-30.4482,-79.3318
-3548.18,-24.2884,-17.5498
-3542.75,-19.0175,1.82078
-3537.33,8.29134,1.16286
-3531.9,3.82472,-5.11357
-3526.48,-34.9787,-2.72595
-3521.05,-35.0298,2.67548
-3515.62,-15.2508,-8.46076
-3510.2,-13.9548,-30.7173
-3504.77,-14.0351,-30.1807
-3499.35,5.33582,-7.2715
-3493.92,25.6213,9.32552
-3488.5,10.442,24.8711
-3483.07,-29.3379,38.8347
-3477.65,-29.6072,42.7249
-3472.22,0.587014,39.7597
-3466.8,-17.2766,23.8024
-3461.37,-55.8876,-15.2028
-3455.95,-47.9985,-28.3545
-3450.52,-17.7229,-2.10358
-3445.1,-11.4428,14.695
-3439.67,1.20548,13.0481
-3434.24,31.9706,1.38379
-3428.82,27.1206,-8.11508
-3423.39,10.6209,-12.1867
-3417.97,24.5558,-2.56548
-3412.54,40.1967,18.5465
-3407.12,27.0308,42.395
-3401.69,10.1426,48.5811
-3396.27,-19.1292,20.414
-3390.84,-58.0148,-10.8795
-3385.42,-30.4389,-37.1506
-3379.99,18.5308,-42.7763
-3374.57,10.6358,-1.10044
-3369.14,-4.35382,11.9332
-3363.71,17.9069,2.71957
-3358.29,24.78,47.8106
-3352.86,-9.56313,70.8138
-3347.44,-4.42997,35.5777
-3342.01,9.17686,0.756331
-3336.59,-26.8341,-16.5301
-3331.16,-26.9299,-14.9226
-3325.74,-14.6858,12.0184
-3320.31,-23.8568,36.994
-3314.89,-6.95516,28.4917
-3309.46,8.27641,-0.702506
-3304.04,23.3477,-15.6454
-3298.61,52.5812,-7.53826
-3293.19,62.9355,-8.22041
-3287.76,31.7089,-29.9449
-3282.33,-11.2616,-33.9994
-3276.91,-20.0557,-16.3626
-3271.48,-13.8646,-4.8522
-3266.06,-9.25483,26.0352
-3260.63,1.8949,54.2333
-3255.21,13.2666,23.3281
-3249.78,18.193,-13.7357
-3244.36,21.1512,-30.9305
-3238.93,41.3524,-33.7688
-3233.51,57.7949,-7.67029
-3228.08,31.0002,13.9367
-3222.66,-4.82033,18.4493
-3217.23,-16.363,23.0623
-3211.81,-18.0714,9.85101
-3206.38,-24.9835,-2.41924
-3200.95,-44.9741,7.61446
-3195.53,-39.844,-5.02607
-3190.1,-6.39343,4.86895
-3184.68,7.51275,42.2465
-3179.25,26.4434,35.7103
-3173.83,37.9749,11.9787
-3168.4,-10.8381,8.17338
-3162.98,-57.3241,-14.435
-3157.55,-48.1027,-56.1325
-3152.13,-23.7654,-40.2157
-3146.7,-2.27034,8.32264
-3141.28,13.1832,24.5607
-3135.85,9.07008,16.4154
-3130.43,4.7261,11.2969
-3125,0.942783,26.5116
-3119.57,-7.52521,15.9242
-3114.15,-9.72268,-30.3746
-3108.72,-9.6108,-35.5864
-3103.3,-3.80827,-15.6917
-3097.87,-4.63259,-23.9478
-3092.45,-12.5671,-27.0237
-3087.02,5.49302,-0.627829
-3081.6,8.56861,12.2901
-3076.17,-17.2785,-7.22675
-3070.75,-14.3412,-13.8981
-3065.32,-7.35309,10.0339
-3059.9,-34.2145,32.5983
-3054.47,-54.9433,7.74577
-3049.04,-19.8931,-29.0408
-3043.62,22.2604,-32.0147
-3038.19,7.39205,-42.3875
-3032.77,-15.4532,-55.587
-3027.34,10.221,-35.7001
-3021.92,17.4332,2.39391
-3016.49,-13.6323,25.9658
-3011.07,-21.9542,47.8143
-3005.64,-9.53072,47.527
-3000.22,6.40613,13.5583
-2994.79,8.54751,-8.89285
-2989.37,8.26653,-17.4735
-2983.94,-1.08352,-15.1898
-2978.52,-28.9514,-9.00256
-2973.09,-37.0762,2.18991
-2967.66,-26.7192,12.7309
-2962.24,30.817,31.133
-2956.81,107.43,45.1814
-2951.39,85.2196,19.1632
-2945.96,42.3124,1.03962
-2940.54,60.5756,10.9459
-2935.11,66.0257,2.39274
-2929.69,47.4554,-16.3999
-2924.26,24.8714,-9.99165
-2918.84,4.26341,24.9224
-2913.41,5.96099,54.0217
-2907.99,30.2688,36.7094
-2902.56,26.586,30.9813
-2897.14,-17.5291,30.1958
-2891.71,-40.3328,-9.53588
-2886.28,-46.8833,-1.2191
-2880.86,-42.5801,24.7394
-2875.43,-7.74731,19.3594
-2870.01,14.7128,6.0428
-2864.58,-15.2085,11.6588
-2859.16,-72.201,63.9887
-2853.73,-64.8443,82.9216
-2848.31,-29.283,62.4008
-2842.88,-30.1097,47.0862
-2837.46,7.10351,24.8707
-2832.03,49.3371,31.5904
-2826.61,50.0307,32.2037
-2821.18,41.522,-17.9748
-2815.75,14.2209,-7.2157
-2810.33,-29.7377,52.271
-2804.9,-44.2578,43.7025
-2799.48,-12.9626,16.8433
-2794.05,6.79136,6.02493
-2788.63,-11.8304,-4.96398
-2783.2,-42.1006,1.19021
-2777.78,-39.8804,4.32145
-2772.35,-10.3758,2.26322
-2766.93,0.449088,15.1437
-2761.5,-30.6454,69.2536
-2756.08,-66.7194,130.493
-2750.65,-36.9298,83.3852
-2745.23,-11.1729,-1.95546
-2739.8,-20.2896,6.56082
-2734.37,11.0906,54.2269
-2728.95,27.8643,47.793
-2723.52,5.15229,11.2964
-2718.1,-16.8871,14.3722
-2712.67,-23.2051,-0.89486
-2707.25,14.4807,-65.5574
-2701.82,30.5098,-89.8724
-2696.4,8.68339,-50.3075
-2690.97,-8.9121,2.79659
-2685.55,7.08947,46.0314
-2680.12,59.6038,61.9799
-2674.7,81.3573,4.64374
-2669.27,69.1813,-58.991
-2663.85,91.1313,-49.6903
-2658.42,248.49,-41.4652
-2652.99,264.857,-42.763
-2647.57,72.9077,-21.3755
-2642.14,35.3583,16.4111
-2636.72,71.0555,58.2892
-2631.29,37.759,56.7011
-2625.87,-8.52533,27.5832
-2620.44,-16.9533,0.351278
-2615.02,5.97108,-36.5448
-2609.59,2.4008,-15.6837
-2604.17,-22.5665,33.9906
-2598.74,-7.8227,1.43866
-2593.32,30.4611,-20.5204
-2587.89,19.0507,28.313
-2582.47,20.6642,45.1852
-2577.04,71.2533,31.2817
-2571.61,62.9042,51.4001
-2566.19,3.01048,50.0091
-2560.76,-13.9632,40.4304
-2555.34,25.0847,71.6247
-2549.91,58.4735,52.5109
-2544.49,68.9881,2.34935
-2539.06,64.8799,-21.168
-2533.64,14.0294,-37.9203
-2528.21,-13.379,-16.6284
-2522.79,13.3469,-4.98779
-2517.36,31.7305,2.26983
-2511.94,4.22901,34.5679
-2506.51,-44.2026,22.1562
-2501.08,-53.9852,14.5798
-2495.66,-43.7396,7.32147
-2490.23,-12.9324,-43.6781
-2484.81,-0.842822,-55.1759
-2479.38,-10.4677,6.65678
-2473.96,-8.12907,73.695
-2468.53,3.09069,72.6778
-2463.11,-7.70069,67.1341
-2457.68,-145.128,163.954
-2452.26,-212.642,173.536
-2446.83,-88.3713,44.4388
-2441.41,-0.353835,-1.09322
-2435.98,-6.04135,15.4833
-2430.56,-8.65353,65.6438
-2425.13,7.91371,94.6343
-2419.7,-10.4697,49.6637
-2414.28,-35.7589,39.6508
-2408.85,-43.3609,25.3598
-2403.43,-45.1917,13.2045
-2398,-27.2813,17.1832
-2392.58,-39.0985,-53.7871
-2387.15,-58.5595,-76.8031
-2381.73,-32.6593,-40.9458
-2376.3,-30.5329,-31.64
-2370.88,-17.7431,-14.693
-2365.45,40.1239,-21.8064
-2360.03,41.26,-46.3076
-2354.6,6.40549,-36.1802
-2349.18,6.12846,-8.91968
-2343.75,-6.97013,-26.9483
-2338.32,-15.1929,-44.5638
-2332.9,5.679,24.6747
-2327.47,-5.47276,84.1379
-2322.05,-38.4348,53.5797
-2316.62,3.08069,43.6584
-2311.2,56.5122,23.3663
-2305.77,13.3988,-75.7999
-2300.35,-53.6689,-85.1522
-2294.92,-92.1067,-29.5856
-2289.5,-44.6636,-29.9113
-2284.07,28.2018,6.42133
-2278.65,4.74756,10.3219
-2273.22,-2.81621,-45.2886
-2267.79,8.67881,-24.5121
-2262.37,3.38383,29.317
-2256.94,151.242,51.6375
-2251.52,168.034,44.5074
-2246.09,-47.3318,135.772
-2240.67,-80.228,278.099
-2235.24,4.21985,252.277
-2229.82,-24.867,75.0294
-2224.39,-97.9701,-88.4683
-2218.97,-100.077,-123.677
-2213.54,-76.3214,-159.119
-2208.12,-68.6118,-157.346
-2202.69,-66.6271,-37.4317
-2197.27,-104.38,20.5771
-2191.84,-79.2841,16.5674
-2186.41,-50.3114,-52.5297
-2180.99,-115.99,-98.7308
-2175.56,-47.0922,28.0961
-2170.14,62.6052,77.5391
-2164.71,63.5369,3.31518
-2159.29,167.023,-74.7072
-2153.86,213.406,-151.463
-2148.44,-2.00485,-182.731
-2143.01,-89.6668,-178.231
-2137.59,-25.2288,-98.0341
-2132.16,-160.289,-33.8428
-2126.74,-232.418,23.3898
-2121.31,-65.3511,64.8311
-2115.89,-71.9245,99.3466
-2110.46,-142.218,204.856
-2105.03,1.6891,170.907
-2099.61,109.181,127.884
-2094.18,123.485,193.399
-2088.76,157.452,252.673
-2083.33,265.215,299.146
-2077.91,409.158,236.394
-2072.48,377.761,15.7578
-2067.06,184.212,-177.666
-2061.63,-86.586,28.9203
-2056.21,-242.12,482.121
-2050.78,-86.8321,469.306
-2045.36,152.344,243.351
-2039.93,182.98,144.575
-2034.51,117.422,105.817
-2029.08,27.4429,127.011
-2023.65,172.128,64.8059
-2018.23,-10701,-11799.5
-2012.8,-22838.6,-24266
-2007.38,-12285.6,-12800.3
-2001.95,-353.14,-197.319
-1996.53,-235.57,300.868
-1991.1,-338.261,191.062
-1985.68,-197.915,37.6199
-1980.25,-113.509,34.8051
-1974.83,17.2381,121.527
-1969.4,79.2868,12.1451
-1963.98,-118.315,-327.934
-1958.55,-84.9405,-2.35112
-1953.12,320.979,523.8
-1947.7,286.316,219.311
-1942.27,111.876,67.9008
-1936.85,120.862,288.745
-1931.42,93.183,249.742
-1926,152.126,78.014
-1920.57,170.912,-84.8195
-1915.15,70.7987,-98.1709
-1909.72,140.886,60.3211
-1904.3,380.691,100.817
-1898.87,390.224,-6.50356
-1893.45,135.314,-46.1965
-1888.02,21.9757,44.1481
-1882.6,17.8684,70.0312
-1877.17,14.3618,-43.2544
-1871.74,234.12,-136.126
-1866.32,312.404,-63.4979
-1860.89,104.84,194.205
-1855.47,80.1052,333.329
-1850.04,123.592,256.22
-1844.62,44.4733,194.728
-1839.19,-26.4432,141.629
-1833.77,-78.5143,80.1713
-1828.34,-59.4868,0.210304
-1822.92,29.5822,-102.113
-1817.49,50.3585,-107.522
-1812.07,21.0858,-47.7579
-1806.64,21.3287,-34.1655
-1801.22,46.6393,-18.094
-1795.79,44.5105,60.6771
-1790.36,-17.0794,20.0236
-1784.94,-53.3949,-34.311
-1779.51,-33.7248,31.2269
-1774.09,37.0077,16.7325
-1768.66,86.738,15.8764
-1763.24,12.6237,45.1371
-1757.81,-70.6032,-88.7829
-1752.39,-50.1188,-159.564
-1746.96,-0.322032,-48.2779
-1741.54,-23.3189,-10.0076
-1736.11,-48.4245,-44.0861
-1730.69,-17.8313,-69.5931
-1725.26,-13.7953,-9.88154
-1719.83,-68.8393,85.4852
-1714.41,-78.4894,74.21
-1708.98,-37.1144,29.0651
-1703.56,-70.3357,20.6891
-1698.13,-111.87,46.1208
-1692.71,-78.0531,-1.98486
-1687.28,-24.4844,-82.0602
-1681.86,23.667,-50.4069
-1676.43,25.3023,-28.591
-1671.01,-5.24234,-47.7803
-1665.58,-4.0332,-35.1259
-1660.16,20.2849,2.31305
-1654.73,27.1041,60.6903
-1649.31,15.1544,63.8375
-1643.88,6.51559,17.5896
-1638.45,16.1021,-16.3365
-1633.03,32.6623,-6.43059
-1627.6,9.3105,-0.113314
-1622.18,-21.514,-73.7806
-1616.75,-18.4037,-96.9397
-1611.33,30.648,16.7368
-1605.9,39.3927,59.638
-1600.48,-11.0636,-22.49
-1595.05,-12.3474,-60.153
-1589.63,23.8307,-42.2216
-1584.2,72.2254,-18.5221
-1578.78,54.3675,-27.7142
-1573.35,-21.6626,-8.3216
-1567.93,-1.00463,45.0795
-1562.5,25.3515,5.86575
-1557.07,-80.6002,-61.5486
-1551.65,-100.842,-36.1551
-1546.22,15.1033,26.7964
-1540.8,30.9211,8.57553
-1535.37,0.227702,-20.2778
-1529.95,36.5811,7.40603
-1524.52,53.5259,11.6486
-1519.1,18.1073,-10.3916
-1513.67,27.2722,3.76632
-1508.25,65.2549,49.2332
-1502.82,27.7858,56.5665
-1497.4,-22.1619,27.1659
-1491.97,11.3004,-5.25018
-1486.55,50.4599,-35.6655
-1481.12,16.8152,-32.4877
-1475.69,-1.57319,7.0955
-1470.27,34.4368,22.9338
-1464.84,23.2553,-13.475
-1459.42,-19.3149,6.71537
-1453.99,-71.9981,55.6841
-1448.57,-190.838,-29.7823
-1443.14,-227.216,-66.8085
-1437.72,-136.395,27.5574
-1432.29,-46.7479,47.2211
-1426.87,13.5667,-7.26161
-1421.44,5.38861,-17.2039
-1416.02,-38.759,19.8323
-1410.59,-29.0652,13.4789
-1405.16,-3.69538,-3.12998
-1399.74,-18.1788,13.9188
-1394.31,-8.35343,26.4973
-1388.89,-0.392245,33.8164
-1383.46,-31.9317,14.4001
-1378.04,-25.6563,21.7851
-1372.61,-6.76819,60.3176
-1367.19,4.4743,46.9928
-1361.76,15.8748,28.1583
-1356.34,49.4408,20.1965
-1350.91,39.4929,16.0658
-1345.49,-18.2561,15.2035
-1340.06,21.6018,-25.3995
-1334.64,51.3953,-58.9059
-1329.21,15.2077,-36.2336
-1323.78,-14.6955,-7.21879
-1318.36,-56.5522,3.18903
-1312.93,-83.3768,24.8138
-1307.51,-71.2839,39.4114
-1302.08,-31.9285,-0.192987
-1296.66,-8.30944,-23.7828
-1291.23,3.67563,-3.46632
-1285.81,10.6739,-3.10505
-1280.38,-9.47745,3.15191
-1274.96,-24.5139,23.386
-1269.53,-5.05341,21.3547
-1264.11,19.8828,-18.1372
-1258.68,47.3958,-94.3175
-1253.26,84.8731,-152.945
-1247.83,65.214,-87.1803
-1242.4,22.7621,26.5985
-1236.98,16.0157,64.3191
-1231.55,14.4926,62.8955
-1226.13,-11.172,46.22
-1220.7,-34.0651,18.202
-1215.28,-33.5392,-10.9634
-1209.85,-17.4534,-19.3916
-1204.43,14.7919,0.407145
-1199,38.4575,25.4808
-1193.58,30.3576,12.2235
-1188.15,13.0473,5.71629
-1182.73,13.2108,63.5016
-1177.3,2.72956,82.2266
-1171.87,-18.3346,42.9213
-1166.45,-15.349,29.4201
-1161.02,-15.2371,9.8218
-1155.6,-41.6805,-46.9416
-1150.17,-58.6866,-77.0984
-1144.75,-65.8425,-53.8688
-1139.32,-63.1995,-11.3029
-1133.9,-55.2994,3.15699
-1128.47,-32.7761,-20.5136
-1123.05,9.36048,-30.0552
-1117.62,13.965,-30.3461
-1112.2,-19.0667,-13.6584
-1106.77,-59.9258,22.0684
-1101.35,-68.431,8.26299
-1095.92,-16.7075,-22.3823
-1090.49,27.6124,-24.4412
-1085.07,25.524,-10.532
-1079.64,-17.2768,18.2536
-1074.22,-43.2087,40.355
-1068.79,0.288202,50.7321
-1063.37,-3.00583,12.8083
-1057.94,87.8576,164.222
-1052.52,262.017,420.517
-1047.09,163.825,229.437
-1041.67,15.9285,-19.2577
-1036.24,3.13775,51.6779
-1030.82,-31.719,112.375
-1025.39,-65.4769,88.282
-1019.97,-60.5147,43.7535
-1014.54,-25.2782,-33.7233
-1009.11,6.75505,-49.2906
-1003.69,-2.24724,11.9194
-998.264,-25.8571,6.20577
-992.838,-1.4578,-12.8704
-987.413,21.6511,36.0038
-981.988,3.77365,54.3197
-976.562,16.0849,28.8759
-971.137,17.5763,3.72474
-965.712,-37.7415,-2.59804
-960.286,-8.92232,-14.1666
-954.861,108.378,-149.695
-949.436,75.0954,-189.192
-944.01,-52.5927,-62.786
-938.585,-47.6514,-45.9753
-933.16,27.1753,-35.4841
-927.734,29.5382,26.7734
-922.309,-9.09462,34.2632
-916.884,5.27486,10.3375
-911.458,48.7184,-13.4456
-906.033,106.037,-28.8185
-900.608,89.553,-46.0873
-895.182,-17.2282,-49.1044
-889.757,-69.1092,-13.116
-884.331,-61.3009,35.0926
-878.906,-34.7059,51.6642
-873.481,-15.4004,35.193
-868.055,18.1599,6.83092
-862.63,67.8303,-39.5794
-857.205,101.872,242.782
-851.779,117.462,607.953
-846.354,71.8913,344.549
-840.929,18.2635,12.3727
-835.503,-5.41366,5.99693
-830.078,-11.6779,9.79219
-824.653,3.39932,14.449
-819.227,-6.75414,29.4752
-813.802,-23.8585,20.2453
-808.377,-15.0854,10.0823
-802.951,9.16567,-10.6154
-797.526,37.2081,-19.2481
-792.101,36.3507,15.8579
-786.675,15.3393,36.3163
-781.25,31.508,33.0307
-775.825,54.5335,1.5268
-770.399,57.0429,-19.9512
-764.974,36.0497,-7.56841
-759.549,30.4288,14.9311
-754.123,111.992,83.0119
-748.698,119.328,96.9787
-743.273,42.8014,39.4935
-737.847,34.9275,27.1921
-732.422,22.8197,29.9266
-726.996,-3.96645,25.0413
-721.571,5.0728,13.7059
-716.146,19.7086,18.7403
-710.72,30.6355,43.9881
-705.295,23.9549,44.6492
-699.87,0.250074,15.9611
-694.444,-4.85259,-9.9486
-689.019,-1.53247,-3.34179
-683.594,-11.5168,-2.78008
-678.168,-25.2668,9.28197
-672.743,-15.388,34.9512
-667.318,5.07169,4.81088
-661.892,4.79103,-31.2218
-656.467,59.2994,-149.995
-651.042,105.964,-257.235
-645.616,40.1161,-133.318
-640.191,5.86884,-24.8618
-634.766,9.10376,-28.2762
-629.34,2.42652,1.10201
-623.915,14.0217,31.3015
-618.49,7.6381,24.1323
-613.064,10.8563,18.7849
-607.639,29.105,22.9157
-602.214,26.0635,16.0726
-596.788,4.91377,2.55159
-591.363,-13.7704,-4.30127
-585.937,-30.752,6.81139
-580.512,-32.6884,12.5516
-575.087,-19.7481,-5.2126
-569.661,-18.0952,14.5366
-564.236,-16.0149,39.1792
-558.811,37.9215,102.686
-553.385,138.846,271.617
-547.96,137.192,231.902
-542.535,51.337,36.3158
-537.109,9.53429,-23.2872
-531.684,-0.16015,-30.0216
-526.259,3.2157,-19.5248
-520.833,-2.6422,4.4666
-515.408,12.2024,13.882
-509.983,32.3541,24.7533
-504.557,22.1842,45.0485
-499.132,18.2047,63.6304
-493.707,-7.80438,75.7876
-488.281,-24.3004,59.6291
-482.856,9.82125,17.1033
-477.431,19.6537,-7.53809
-472.005,-2.33243,-16.9577
-466.58,-7.1353,-13.8047
-461.154,34.4651,-38.6201
-455.729,310.513,-353.002
-450.304,488.427,-555.658
-444.878,205.263,-226.794
-439.453,-5.30831,13.2383
-434.028,11.1315,5.86729
-428.602,23.4772,-9.16702
-423.177,23.2076,-18.2965
-417.752,4.66168,6.29789
-412.326,-9.91239,14.2976
-406.901,-10.2821,-17.2096
-401.476,-1.90999,-39.9527
-396.05,2.02236,-18.4511
-390.625,-11.3976,8.87837
-385.2,-25.8731,32.2943
-379.774,-28.6161,29.9252
-374.349,-14.0267,8.57958
-368.924,7.04222,-22.2121
-363.498,20.1072,-11.482
-358.073,-46.4363,-240.434
-352.648,-204.184,-769.386
-347.222,-175.617,-634.369
-341.797,-11.5819,-88.4788
-336.371,23.9149,7.86512
-330.946,7.79757,-29.6881
-325.521,7.71372,-1.76822
-320.095,19.8521,21.7983
-314.67,31.6999,16.844
-309.245,16.3763,-0.799025
-303.819,4.81766,-17.9337
-298.394,10.0321,-36.5124
-292.969,17.4034,-17.2302
-287.543,-4.29874,3.91723
-282.118,-25.5776,-10.7604
-276.693,-8.81636,-4.99291
-271.267,7.16217,21.0434
-265.842,-36.8491,40.6519
-260.417,34.7359,5.59986
-254.991,1061.72,-215.382
-249.566,1707.03,-315.986
-244.141,669.316,-109.953
-238.715,-29.8081,10.6406
-233.29,29.9101,0.553729
-227.865,11.0096,-12.8044
-222.439,-7.16529,-22.4374
-217.014,-12.0247,4.59299
-211.589,-2.59211,26.1874
-206.163,14.0179,-11.9167
-200.738,31.9512,-45.2568
-195.312,14.8039,-12.5652
-189.887,11.7012,1.47627
-184.462,6.90507,-14.7403
-179.036,2.82428,-4.66816
-173.611,5.68731,7.05992
-168.186,15.8302,2.73049
-162.76,-25.9994,-0.638337
-157.335,303.079,45.3341
-151.91,994.909,115.085
-146.484,762.054,68.9909
-141.059,84.801,-2.37553
-135.634,-18.4895,-15.9809
-130.208,1.30193,-33.7135
-124.783,-15.5968,-21.1637
-119.358,-2.7929,8.299
-113.932,14.0314,20.3693
-108.507,26.9078,34.0534
-103.082,59.4575,55.845
-97.6562,52.242,53.0817
-92.2309,-0.601509,26.2329
-86.8055,-17.7138,-3.95924
-81.3802,-21.864,-45.9243
-75.9549,-20.4583,-47.3698
-70.5295,-13.8559,-32.4933
-65.1042,2.58741,-5.906
-59.6788,10.8106,-76.4378
-54.2535,-91.7216,-760.444
-48.8281,-158.148,-1096.68
-43.4028,-56.2593,-388.767
-37.9774,2.63545,23.0564
-32.5521,-19.6387,-8.69157
-27.1267,-26.9264,2.34653
-21.7014,-21.4069,-13.8819
-16.276,-19.6988,-22.0304
-10.8507,-18.0126,-15.5292
-5.42535,86.6821,-234.611
0,195.297,-460.09
5.42535,108.55,-225.328
10.8507,23.6834,2.1696
16.276,29.5313,-1.13337
21.7014,24.8564,5.75574
27.1267,17.0167,20.9993
32.5521,19.8944,8.0892
37.9774,-18.4162,14.1205
43.4028,318.737,-229.59
48.8281,898.743,-648.054
54.2535,610.733,-462.269
59.6788,47.4752,-60.8747
65.1042,2.45112,-5.96399
70.5295,32.9982,-12.6043
75.9549,48.2866,-18.1894
81.3802,48.2232,-16.174
86.8055,15.1531,9.99193
92.2309,-18.4524,18.6555
97.6562,-74.4742,-0.706182
103.082,-81.4743,-3.97723
108.507,-43.1877,4.29969
113.932,-24.3994,4.05643
119.358,-4.02969,7.77394
124.783,26.0584,-3.48207
130.208,23.3471,-24.3559
135.634,24.3397,2.19893
141.059,-57.1988,-62.6509
146.484,-578.995,-500.251
151.91,-773.907,-635.733
157.335,-243.146,-186.525
162.76,18.5199,18.2591
168.186,-12.9607,-9.49055
173.611,-9.02922,0.81312
179.036,1.39611,-5.2744
184.462,5.80658,-15.2066
189.887,-9.19017,-7.3916
195.312,-1.24495,-19.3775
200.738,10.3599,-54.4219
206.163,-1.16553,-18.3617
211.589,-17.037,20.056
217.014,5.04914,11.8404
222.439,21.1175,-10.432
227.865,1.56287,-16.8143
233.29,-21.1757,-21.1309
238.715,13.0523,28.8337
244.141,-385.852,-557.845
249.566,-958.503,-1447.44
254.991,-582.596,-913.351
260.417,-28.1578,-21.0969
265.842,-3.64502,54.7462
271.267,-20.1129,9.46586
276.693,9.71525,2.87293
282.118,25.508,10.9243
287.543,0.168307,5.81336
292.969,0.304983,-24.4881
298.394,19.2959,-32.5801
303.819,9.55379,-15.9233
309.245,-10.8012,-12.3352
314.67,-34.1372,-11.1022
320.095,-29.4709,0.861835
325.521,-4.08649,-6.77715
330.946,15.9391,-26.2323
336.371,-22.2705,-11.7395
341.797,71.6918,-53.1312
347.222,578.321,-314.341
352.648,695.289,-387.582
358.073,205.211,-133.616
363.498,-5.70823,-22.44
368.924,11.0861,-20.4955
374.349,3.57207,16.0499
379.774,-1.64792,41.3725
385.2,-5.25763,41.0451
390.625,1.53089,14.3661
396.05,11.8678,-14.272
401.476,30.0665,-26.3796
406.901,19.5221,-4.55849
412.326,-3.39932,17.0623
417.752,-7.76883,1.02154
423.177,-2.96003,-29.404
428.602,-9.71441,-23.2561
434.028,-11.9532,-3.93161
439.453,-5.83534,13.0146
444.878,20.5544,-305.198
450.304,60.4174,-737.337
455.729,38.2278,-468.58
461.154,3.83948,-51.62
466.58,14.8868,-4.45682
472.005,13.8186,-10.102
477.431,-8.23015,-19.3741
482.856,-19.1254,4.81611
488.281,-26.0131,58.902
493.707,-49.0957,58.2604
499.132,-58.418,31.106
504.557,-47.8156,15.3354
509.983,-40.2812,-6.07853
515.408,-18.4623,0.865576
520.833,-1.37757,5.00341
526.259,11.8112,-15.8763
531.684,21.707,-20.7396
537.109,10.1282,-23.0352
542.535,-61.785,-11.7018
547.96,-262.118,62.4054
553.385,-291.836,88.8033
558.811,-100.209,44.0535
564.236,-17.0583,38.7364
569.661,2.11317,23.1145
575.087,17.4678,10.5846
580.512,13.6784,32.2331
585.937,16.4623,26.8528
591.363,12.6598,6.9178
596.788,-5.24879,-1.76204
602.214,-29.667,-7.58358
607.639,-36.7022,-5.01784
613.064,-21.0541,5.23969
618.49,-22.6655,11.2687
623.915,-32.2575,11.6578
629.34,-2.47863,-0.979941
634.766,14.0162,-26.191
640.191,13.8072,-21.4921
645.616,68.034,-121.467
651.042,111.431,-254.914
656.467,66.7046,-146.852
661.892,19.131,-25.1349
667.318,-6.98388,-0.30633
672.743,-14.4524,35.3484
678.168,10.8748,24.6231
683.594,10,6.35328
689.019,3.46844,-1.21906
694.444,10.5273,-3.42022
699.87,-11.6551,10.9076
705.295,-48.7585,13.7841
710.72,-52.9236,8.51961
716.146,-27.1714,-1.1591
721.571,-13.383,5.87187
726.996,-15.2579,20.2484
732.422,-37.3793,4.37358
737.847,-43.823,-6.23555
743.273,-58.1415,-3.35437
748.698,-152.653,-18.4707
754.123,-137.51,-22.8952
759.549,-31.8784,-11.5168
764.974,-19.5987,-31.1894
770.399,-25.2746,-54.8921
775.825,-38.9804,-38.1675
781.25,-45.6476,0.280057
786.675,-36.7793,14.1932
792.101,-36.6585,-15.1326
797.526,-12.0011,-40.136
802.951,1.26899,-13.9673
808.377,3.22656,17.8553
813.802,2.01022,31.2259
819.227,-16.5109,25.3337
824.653,-12.7551,7.59179
830.078,1.06824,15.2026
835.503,-0.553191,8.06007
840.929,-21.5872,-4.54294
846.354,-297.788,187.629
851.779,-518.921,337.825
857.205,-245.409,95.3698
862.63,-18.6478,-76.2872
868.055,-17.5287,-8.31802
873.481,-14.6177,35.5252
878.906,-13.0555,60.8542
884.331,17.3394,68.4737
889.757,57.4422,40.6019
895.182,47.2904,-21.7178
900.608,-29.0563,-96.434
906.033,-52.929,-96.2956
911.458,-24.1707,-44.3852
916.884,-11.1004,3.38662
922.309,-18.3293,30.3433
927.734,-39.7782,-2.64968
933.16,6.64757,-44.1977
938.585,66.1733,2.34061
944.01,81.6982,-5.78282
949.436,83.9281,-185.443
954.861,32.3958,-181.948
960.286,16.3885,-3.42274
965.712,28.0859,25.3442
971.137,-14.8892,-10.056
976.562,-31.9451,8.48862
981.988,-41.6957,35.0191
987.413,-40.9391,9.43581
992.838,10.2708,-7.8919
998.264,13.4978,22.9109
1003.69,-7.01298,9.89639
1009.11,30.7643,-39.0993
1014.54,41.8183,-5.24252
1019.97,10.5634,73.9244
1025.39,-18.0206,108.426
1030.82,-58.8018,100.879
1036.24,-39.3537,33.6414
1041.67,2.78796,-24.8355
1047.09,-278.845,41.5344
1052.52,-484.507,103.636
1057.94,-179.162,50.8784
1063.37,-7.12549,11.0596
1068.79,-36.6938,35.0341
1074.22,0.986259,59.1147
1079.64,-1.12905,25.1079
1085.07,-10.1543,-25.6766
1090.49,-1.59965,-36.841
1095.92,27.7065,-3.52971
1101.35,41.5922,54.9651
1106.77,25.7532,58.4372
1112.2,23.0693,4.22725
1117.62,12.1283,-31.1257
1123.05,15.1176,-27.6115
1128.47,37.5245,9.32727
1133.9,36.1432,41.9721
1139.32,52.0326,37.6102
1144.75,84.4878,9.94298
1150.17,96.2271,-11.3415
1155.6,62.7207,-2.62594
1161.02,3.51935,17.7834
1166.45,-10.5007,31.4781
1171.87,-18.1388,43.0045
1177.3,-61.045,55.1558
1182.73,-54.8563,34.6089
1188.15,-13.1754,-5.41462
1193.58,-29.881,-13.3463
1199,-45.0441,-9.96357
1204.43,-10.5682,-10.3575
1209.85,26.0734,-0.915538
1215.28,31.1847,16.5103
1220.7,10.5702,37.1486
1226.13,-25.4873,40.1435
1231.55,-55.3108,33.2655
1236.98,-57.3927,33.1591
1242.4,-34.9452,2.10309
1247.83,17.4109,-107.471
1253.26,51.0621,-167.297
1258.68,34.9225,-99.6121
1264.11,-0.764864,-26.9016
1269.53,-11.8509,18.4693
1274.96,0.206168,33.8792
1280.38,4.31632,9.00698
1285.81,-5.1812,-9.83511
1291.23,-0.059937,-5.05177
1296.66,22.8801,-10.5436
1302.08,22.3182,22.8333
1307.51,21.1677,78.6549
1312.93,40.0681,77.2137
1318.36,36.9883,42.8958
1323.78,15.4014,5.55678
1329.21,15.5002,-36.1094
1334.64,6.67123,-77.8901
1340.06,3.26499,-33.183
1345.49,1.74523,23.6936
1350.91,-38.9908,-17.2486
1356.34,-48.8726,-21.5351
1361.76,-31.2831,8.14092
1367.19,-36.9119,29.4254
1372.61,-38.6873,46.7688
1378.04,2.1515,33.5889
1383.46,11.823,32.9729
1388.89,-24.053,23.773
1394.31,-13.2578,24.4155
1399.74,2.61556,22.7454
1405.16,4.81849,0.484006
1410.59,10.4945,30.271
1416.02,12.6581,41.6576
1421.44,8.63224,-15.8271
1426.87,-4.20067,-14.8034
1432.29,-1.49426,66.4301
1437.72,74.9246,117.257
1443.14,205.896,117.037
1448.57,153.991,116.589
1453.99,9.95797,90.4724
1459.42,8.58588,18.5595
1464.84,-6.4615,-26.0887
1470.27,-40.419,-8.8406
1475.69,-4.01124,6.06061
1481.12,11.6889,-34.6637
1486.55,-9.39687,-61.0732
1491.97,-4.07352,-11.7762
1497.4,-4.14672,34.813
1502.82,-59.9922,19.3069
1508.25,-80.7452,-12.7402
1513.67,-21.6541,-17.0017
1519.1,-5.10332,-20.2439
1524.52,-45.5615,-30.4115
1529.95,-30.7388,-21.1696
1535.37,14.4283,-14.25
1540.8,-27.6483,-16.2858
1546.22,-29.7674,7.74986
1551.65,96.0587,47.4245
1557.07,100.264,15.2237
1562.5,-21.8301,-14.1616
1567.93,-31.7296,32.0375
1573.35,21.034,9.80195
1578.78,-17.831,-58.3607
1584.2,-36.8482,-64.8212
1589.63,13.8175,-46.472
1595.05,51.8477,-32.9038
1600.48,23.8634,-7.66439
1605.9,-70.2644,13.0913
1611.33,-33.3293,-10.42
1616.75,82.517,-54.1014
1622.18,68.0182,-35.7764
1627.6,-6.38616,-6.77622
1633.03,-18.0636,-27.962
1638.45,0.565847,-22.9312
1643.88,-17.179,7.53176
1649.31,-56.448,33.4441
1654.73,-62.485,22.662
1660.16,-15.7556,-12.9851
1665.58,28.0667,-21.4993
1671.01,38.0117,-29.42
1676.43,2.99036,-38.0619
1681.86,19.8192,-52.0402
1687.28,76.0374,-39.3912
1692.71,55.648,54.7679
1698.13,44.5345,112.51
1703.56,33.9767,64.9672
1708.98,4.87405,46.8881
1714.41,1.14103,108.011
1719.83,-13.6732,108.902
1725.26,16.6911,3.05915
1730.69,62.4479,-35.5167
1736.11,65.3514,4.20893
1741.54,23.3976,9.82239
1746.96,34.9516,-33.3051
1752.39,149.596,-74.7899
1757.81,112.91,-10.886
1763.24,-41.2381,22.2742
1768.66,-71.6737,-51.3655
1774.09,-37.744,-14.9977
1779.51,0.964472,45.9516
1784.94,61.7725,14.5747
1790.36,-2.53943,26.1955
1795.79,-74.5671,10.1315
1801.22,-19.3828,-46.1185
1806.64,9.76011,-39.0759
1812.07,19.7066,-48.3433
1817.49,42.3626,-110.916
1822.92,52.9044,-92.2132
1828.34,41.1717,42.9373
1833.77,-3.13056,112.17
1839.19,-83.5109,117.405
1844.62,-170.97,103.278
1850.04,-270.163,89.0802
1855.47,-295.423,173.927
1860.89,-212.528,59.4903
1866.32,-171.337,-268.834
1871.74,-64.7121,-262.973
1877.17,21.1381,-40.378
1882.6,-62.789,35.7941
1888.02,-47.0232,14.8598
1893.45,-60.7658,-129.427
1898.87,-266.394,-285.222
1904.3,-336.972,-203.813
1909.72,-141.259,-59.4426
1915.15,21.4375,-119.124
1920.57,-57.7126,-181.865
1926,-161.795,-55.2377
1931.42,-244.38,106.455
1936.85,-291.664,113.638
1942.27,-126.559,-33.3089
1947.7,-356.651,-53.612
1953.12,-599.761,132.969
1958.55,60.6959,59.4679
1963.98,318.085,-142.694
1969.4,-63.8146,-48.5979
1974.83,-99.3936,72.0194
1980.25,53.813,105.829
1985.68,110.422,168.501
1991.1,97.537,376.048
1996.53,-52.7861,378.456
2001.95,387.251,116.959
2007.38,17742,-54.3385
2012.8,33320.5,-427.832
2018.23,15921.4,-498.997
2023.65,-166.187,-78.8005
2029.08,-110.427,68.4883
2034.51,-157.686,-10.9596
2039.93,-231.107,-31.1947
2045.36,-280.88,59.4584
2050.78,-277.272,388.469
2056.21,-178.618,509.076
2061.63,39.3441,82.3745
2067.06,-0.162191,-255.928
2072.48,-273.75,-260.793
2077.91,-454.273,-130.111
2083.33,-399.421,17.0242
2088.76,-291.134,62.2598
2094.18,-224.898,45.5189
2099.61,-167.835,10.2977
2105.03,-124.114,117.507
2110.46,-48.5683,244.608
2115.89,-21.5011,120.75
2121.31,-1.23895,92.0451
2126.74,144.626,183.436
2132.16,135.69,91.7929
2137.59,88.0452,-49.9521
2143.01,190.497,-59.3084
2148.44,132.839,-125.493
2153.86,-39.2894,-258.725
2159.29,-62.2843,-172.042
2164.71,-46.5212,-43.4017
2170.14,-99.2662,8.82879
2175.56,12.5022,53.3925
2180.99,151.595,14.8528
2186.41,72.7376,-0.298856
2191.84,43.1581,68.5407
2197.27,57.7068,89.379
2202.69,73.2092,21.9254
2208.12,160.847,-59.9464
2213.54,167.478,-55.6323
2218.97,158.485,-13.9238
2224.39,131.695,9.01867
2229.82,-36.6974,70.0078
2235.24,-184.404,172.211
2240.67,-144.317,250.895
2246.09,-64.7867,128.363
2251.52,-148.742,-89.9562
2256.94,-142.207,-72.9243
2262.37,-23.4395,17.9312
2267.79,11.6042,-23.2704
2273.22,34.5344,-29.4344
2278.65,-10.7229,3.75509
2284.07,-24.2098,-15.8261
2289.5,52.5423,11.3502
2294.92,85.2648,45.7042
2300.35,98.5349,-20.5454
2305.77,45.2183,-62.2933
2311.2,-56.0649,-24.4199
2316.62,-33.5451,28.1117
2322.05,-11.8431,64.8672
2327.47,-56.7223,62.3837
2332.9,-21.6944,13.0554
2338.32,42.6104,-20.0277
2343.75,24.2269,-13.706
2349.18,2.15913,-10.6046
2354.6,21.5766,-29.7408
2360.03,4.65174,-61.8477
2365.45,-12.1857,-44.0108
2370.88,22.8947,2.55672
2376.3,43.9699,-0.0154076
2381.73,52.141,-4.95022
2387.15,95.9264,-11.2277
2392.58,65.8513,-9.23848
2398,6.59066,31.561
2403.43,21.8944,41.6809
2408.85,11.8787,48.8077
2414.28,-3.6821,53.2664
2419.7,-28.4523,42.0306
2425.13,-73.5716,60.0458
2430.56,-41.209,51.8248
2435.98,-6.94111,15.1014
2441.41,1.03245,-0.504843
2446.83,29.4215,94.4387
2452.26,22.8823,273.51
2457.68,-17.1243,218.288
2463.11,-42.9429,52.1747
2468.53,-54.4271,48.263
2473.96,-47.3649,57.0404
2479.38,2.48302,12.1541
2484.81,40.2758,-37.7221
2490.23,40.4031,-21.0385
2495.66,25.1175,36.5494
2501.08,27.0129,48.9622
2506.51,14.7678,47.1873
2511.94,-27.8038,20.9708
2517.36,-23.6747,-21.2483
2522.79,-5.68359,-13.0658
2528.21,21.2553,-1.92677
2533.64,17.5325,-36.4337
2539.06,-29.8422,-61.3753
2544.49,-49.6131,-47.9939
2549.91,-78.3923,-5.58521
2555.34,-68.9478,31.7103
2560.76,-19.3836,38.1295
2566.19,-38.0648,32.5737
2571.61,-80.6711,-9.54399
2577.04,-71.9988,-29.5252
2582.47,-46.8581,16.5237
2587.89,-33.6004,5.96386
2593.32,-6.39895,-36.1666
2598.74,4.3992,6.62657
2604.17,-8.77484,39.8448
2609.59,9.61421,-12.6218
2615.02,22.1405,-29.6813
2620.44,11.5245,12.439
2625.87,-13.9194,25.2935
2631.29,-67.0169,12.2263
2636.72,-91.289,-10.622
2642.14,-36.3671,-14.0346
2647.57,-35.2697,-67.2941
2652.99,-153.224,-220.228
2658.42,-142.788,-207.553
2663.85,-27.5608,-100.072
2669.27,-5.6227,-90.7435
2674.7,-59.856,-55.2978
2680.12,-85.9889,0.17953
2685.55,-38.037,26.8764
2690.97,4.17917,8.35354
2696.4,30.1562,-41.1928
2701.82,43.4555,-84.3778
2707.25,37.1008,-55.958
2712.67,16.7628,16.0703
2718.1,1.39227,22.1314
2723.52,-11.7051,4.14085
2728.95,-53.7357,13.1559
2734.37,-46.7118,29.6912
2739.8,9.3749,19.1526
2745.23,9.168,6.67875
2750.65,-34.3288,84.4892
2756.08,-47.5215,138.642
2761.5,-28.5287,70.1521
2766.93,-11.2054,10.1966
2772.35,5.5796,9.03592
2777.78,24.5946,31.6895
2783.2,28.3893,31.1114
2788.63,11.789,5.06188
2794.05,-9.05147,-0.699926
2799.48,-3.1115,21.0249
2804.9,-0.693016,62.1947
2810.33,-16.9431,57.702
2815.75,-4.68813,-15.2421
2821.18,-15.9136,-42.3548
2826.61,-57.9196,-13.6186
2832.03,-56.9967,-13.5457
2837.46,-22.8249,12.1667
2842.88,-12.9552,54.3677
2848.31,-24.5459,64.4122
2853.73,-14.6042,104.247
2859.16,4.1253,96.3873
2864.58,2.17808,19.039
2870.01,-14.5672,-6.38587
2875.43,-8.54422,19.0208
2880.86,11.7827,47.8147
2886.28,33.445,32.8782
2891.71,34.8771,22.3888
2897.14,-9.54434,33.5851
2902.56,-40.7543,2.39702
2907.99,-47.433,3.72692
2913.41,-43.0008,33.2386
2918.84,-20.8893,14.2457
2924.26,-10.0897,-24.8317
2929.69,-21.1681,-45.5289
2935.11,-47.5865,-45.8329
2940.54,-49.9532,-35.9708
2945.96,-30.1405,-29.7148
2951.39,-72.9833,-47.9899
2956.81,-107.128,-45.8931
2962.24,-43.8024,-0.541129
2967.66,9.40284,28.0637
2973.09,24.18,28.1917
2978.52,26.5872,14.5723
2983.94,11.6793,-9.77231
2989.37,6.82701,-18.0846
2994.79,0.45939,-12.3261
3000.22,-14.2031,4.81017
3005.64,-27.5675,39.8708
3011.07,-19.144,49.0071
3016.49,-9.2085,27.8435
3021.92,-13.8324,-10.8773
3027.34,18.5805,-32.1516
3032.77,50.7207,-27.4979
3038.19,25.356,-34.7622
3043.62,7.56616,-38.2521
3049.04,34.7091,-5.8636
3054.47,32.5953,44.9028
3059.9,0.318203,47.2566
3065.32,-2.10993,12.2595
3070.75,19.9597,0.661845
3076.17,17.2011,7.40898
3081.6,-14.793,2.37365
3087.02,-3.36413,-4.38749
3092.45,28.1691,-9.73221
3097.87,20.4448,-13.3032
3103.3,13.9332,-8.16091
3108.72,32.275,-17.8067
3114.15,28.6036,-14.1061
3119.57,-6.22748,16.475
3125,-19.7258,17.7383
3130.43,-11.4093,4.4477
3135.85,-18.1088,4.87867
3141.28,-26.8253,7.57817
3146.7,-4.40968,7.41454
3152.13,45.4376,-10.8408
3157.55,73.7933,-4.39067
3162.98,50.2044,31.2082
3168.4,1.64933,13.474
3173.83,-34.9963,-18.9958
3179.25,-44.057,5.78463
3184.68,-35.6084,23.9427
3190.1,0.938961,7.98141
3195.53,31.2932,25.1704
3200.95,25.7642,37.6412
3206.38,19.0953,16.2911
3211.81,5.46722,19.8426
3217.23,-5.22297,27.791
3222.66,-9.92263,16.2834
3228.08,-31.5597,-12.6185
3233.51,-34.6301,-46.9025
3238.93,-4.43454,-53.2042
3244.36,7.55672,-36.701
3249.78,-2.75728,-22.6286
3255.21,-25.9966,6.66186
3260.63,-40.3285,36.3105
3266.06,-12.2992,24.7429
3271.48,13.1216,6.60275
3276.91,25.7021,3.06045
3282.33,32.2802,-15.5172
3287.76,-0.48632,-43.611
3293.19,-37.8054,-50.9824
3298.61,-31.1034,-43.0603
3304.04,-4.96431,-27.6631
3309.46,-5.24392,-6.44152
3314.89,-15.6637,24.7951
3320.31,-10.039,42.8593
3325.74,1.55637,18.9128
3331.16,29.4415,9.00565
3336.59,30.5312,7.82009
3342.01,-6.91885,-6.07588
3347.44,-22.5152,27.901
3352.86,-44.2961,56.0705
3358.29,-51.6058,15.3868
3363.71,-14.3955,-10.992
3369.14,-5.56001,11.4212
3374.57,-6.5967,-8.41512
3379.99,17.8981,-43.0449
3385.42,47.8686,-3.91105
3390.84,48.1265,34.1749
3396.27,-1.39605,27.9413
3401.69,-41.991,26.4512
3407.12,-49.2726,10.0059
3412.54,-41.2642,-16.0316
3417.97,-15.2124,-19.4461
3423.39,1.38842,-16.1056
3428.82,-13.002,-25.1461
3434.24,-23.204,-22.0365
3439.67,-10.2234,8.19683
3445.1,-2.62183,18.4392
3450.52,13.8245,11.2875
3455.95,53.7391,14.8307
3461.37,49.7587,29.6415
3466.8,-5.12065,28.9623
3472.22,-29.0086,27.1971
3477.65,-10.1668,50.9768
3483.07,-7.55545,48.0808
3488.5,-25.1445,9.76548
3493.92,-24.5063,-11.9524
3499.35,1.52412,-8.8894
3504.77,31.4598,-10.8693
3510.2,31.79,-11.2997
3515.62,16.6803,5.09321
3521.05,22.4092,27.0569
3526.48,26.2591,23.268
3531.9,1.02156,-6.30342
3537.33,-6.59567,-5.15595
3542.75,11.9024,14.9448
3548.18,29.4964,5.28055
3553.6,78.2176,-33.2059
3559.03,78.2275,-40.2007
3564.45,12.7071,0.327217
3569.88,-20.8413,38.2237
3575.3,-24.7924,46.5277
3580.73,-16.0868,16.1168
3586.15,-28.521,4.93444
3591.58,-46.7962,20.2519
3597,-27.2677,15.3779
3602.43,-6.19862,15.5842
3607.86,-2.42571,24.8353
3613.28,3.51639,17.5688
3618.71,8.55268,1.10252
3624.13,6.85386,-3.87614
3629.56,-4.53049,7.22737
3634.98,-20.0805,19.2915
3640.41,-23.5391,4.6032
3645.83,3.81304,-25.4959
3651.26,30.3325,-51.2328
3656.68,8.88449,-63.4816
3662.11,-17.933,-25.6967
3667.53,-8.91954,-5.56433
3672.96,-2.93619,-4.44838
3678.39,-19.0608,32.6424
3683.81,-15.7808,28.3317
3689.24,2.8493,9.23209
3694.66,5.53788,20.1997
3700.09,8.09848,21.2409
3705.51,18.1616,11.1925
3710.94,0.351477,-7.32541
3716.36,-12.7222,-19.0525
3721.79,13.5649,2.04875
3727.21,28.4307,27.9193
3732.64,14.4237,28.8407
3738.06,-4.7941,20.8505
3743.49,-11.3851,20.2283
3748.91,-27.0843,12.2586
3754.34,-36.3808,-22.969
3759.77,-3.22237,-43.9339
3765.19,13.7604,-33.6018
3770.62,-4.64101,-35.2542
3776.04,-14.8646,-17.6796
3781.47,4.0293,13.0019
3786.89,21.05,-10.3706
3792.32,4.05321,-8.02988
3797.74,-17.4369,52.8298
3803.17,-21.8642,76.6374
3808.59,-10.0994,51.439
3814.02,-4.35195,2.8427
3819.44,0.570049,-23.487
3824.87,7.9677,-13.9726
3830.29,-5.80273,-21.8195
3835.72,-27.7469,-28.8813
3841.15,-25.1444,-16.0141
3846.57,-13.8781,-5.38658
3852,10.193,1.34256
3857.42,60.0937,-4.50222
3862.85,50.1379,-21.8744
3868.27,1.99881,-33.9361
3873.7,-2.87367,-26.458
3879.12,2.58969,-23.4348
3884.55,-21.6375,-43.8596
3889.97,-44.7368,-63.0134
3895.4,-26.3805,-49.658
3900.82,-9.4044,-5.29616
3906.25,-32.3927,8.99056
3911.68,-41.5385,-0.623881
3917.1,-14.7983,2.49294
3922.53,-6.20345,0.798848
3927.95,-11.5751,-17.8678
3933.38,3.14919,-38.9738
3938.8,16.4215,-33.9059
3944.23,-2.043,-6.4993
3949.65,-20.9273,12.9146
3955.08,-11.8714,3.4549
3960.5,0.0972951,-11.5328
3965.93,-1.0964,-22.2891
3971.35,-15.0805,-19.0311
3976.78,-27.1036,-13.093
3982.2,-32.5192,-19.1922
3987.63,-20.0979,2.52228
3993.06,6.76813,29.8912
3998.48,17.0355,43.9509
4003.91,11.3408,43.7041
4009.33,-1.93245,4.50379
4014.76,7.69852,-23.2776
4020.18,26.9438,-18.3306
4025.61,28.6115,-16.7332
4031.03,23.8918,-10.6228
4036.46,0.665228,-5.97727
4041.88,1.08265,-10.0369
4047.31,13.1277,-2.12281
4052.73,-15.6259,10.8848
4058.16,-30.7766,-9.50712
4063.58,-18.5507,-35.8114
4069.01,-6.6871,-23.1007
4074.44,2.22348,-13.3805
4079.86,-12.2798,-1.51165
4085.29,-16.4431,43.2025
4090.71,22.8365,63.3705
4096.14,46.4771,43.8665
4101.56,15.4151,31.5798
4106.99,-33.2617,26.1846
4112.41,-51.3463,11.0719
4117.84,-28.4086,-0.91534
4123.26,4.83302,3.72218
4128.69,4.03094,6.70313
4134.11,-21.5681,5.41225
4139.54,-23.4183,5.86431
4144.96,-19.1244,-8.46521
4150.39,-16.4393,-16.0323
4155.82,13.1105,0.918192
4161.24,21.9638,16.5111
4166.67,7.00536,13.8689
4172.09,5.40504,-10.9484
4177.52,-4.16878,-30.0173
4182.94,-8.76621,-13.8879
4188.37,0.720973,-3.21975
4193.79,-16.9773,-4.23289
4199.22,-38.0699,19.9625
4204.64,-17.4423,41.7422
4210.07,-2.59132,45.3963
4215.49,-22.3815,20.3578
4220.92,-40.2634,-25.2823
4226.35,-33.4066,-18.0582
4231.77,-32.657,19.8689
4237.2,-37.9679,16.0765
4242.62,-10.0506,-4.67485
4248.05,-3.5155,-16.2779
4253.47,-27.9264,-25.0205
4258.9,-12.5131,-19.7901
4264.32,12.6021,-20.2556
4269.75,0.203091,-27.6912
4275.17,-28.5039,-18.3871
4280.6,-29.7856,-15.1905
4286.02,6.42486,-17.2215
4291.45,32.5719,-9.41209
4296.87,15.6062,-3.64361
4302.3,-15.7653,-4.46925
4307.73,-15.1827,-4.82136
4313.15,-12.4121,-2.83616
4318.58,-27.3509,1.69246
4324,-10.0842,6.88703
4329.43,21.9493,10.4123
4334.85,34.0445,18.7918
4340.28,39.3199,26.1702
4345.7,19.9696,26.0038
4351.13,6.14618,1.29517
4356.55,44.83,-17.1082
4361.98,53.3933,-7.97341
4367.4,11.5195,-25.7807
4372.83,-3.85472,-43.5452
4378.25,14.7534,-27.6599
4383.68,28.3479,-24.2422
4389.11,5.44157,-17.3288
4394.53,-13.316,4.41768
4399.96,-2.96806,-12.5648
4405.38,6.82927,-37.1939
4410.81,3.27138,-29.4927
4416.23,-7.84796,-14.7648
4421.66,-11.1132,0.269722
4427.08,-7.74817,8.29928
4432.51,-15.9459,-3.02201
4437.93,-37.2234,-17.9292
4443.36,-29.7317,-26.9499
4448.78,-8.4483,-39.2951
4454.21,-8.43784,-50.2049
4459.63,-19.531,-40.0272
4465.06,-25.2139,-12.6774
4470.49,-4.01808,0.895574
4475.91,18.6339,-1.80408
4481.34,28.6551,-8.57881
4486.76,32.9684,-10.321
4492.19,17.5618,-13.8749
4497.61,-18.9253,-28.1481
4503.04,-43.4433,-17.8821
4508.46,-14.9089,0.240629
4513.89,27.3405,3.02119
4519.31,31.4223,23.1128
4524.74,23.4391,26.666
4530.16,23.2737,4.37028
4535.59,9.40133,-12.7759
4541.02,0.124531,-33.0137
4546.44,1.84362,-40.421
4551.87,-21.9667,-21.0812
4557.29,-30.8821,7.53577
4562.72,3.78442,18.8882
4568.14,25.0099,7.98642
4573.57,15.0258,7.90589
4578.99,2.62297,30.6612
4584.42,-1.34133,39.3965
4589.84,-2.75117,21.6623
4595.27,5.07201,-14.651
4600.69,21.6124,-46.1406
4606.12,19.2451,-36.3254
4611.54,1.69602,-17.0651
4616.97,-11.0107,-13.7112
4622.4,-19.5576,-8.99703
4627.82,-15.8734,-2.75579
4633.25,5.89835,6.03478
4638.67,13.6483,0.505056
4644.1,7.2633,-13.6307
4649.52,1.13873,-5.28783
4654.95,-22.6332,2.89432
4660.37,-46.2291,-6.5553
4665.8,-45.2765,-14.3646
4671.22,-15.437,-32.0641
4676.65,8.19403,-47.7665
4682.07,1.01109,-25.8637
4687.5,-2.53065,-8.10409
4692.92,0.0309772,-17.6039
4698.35,-6.10434,-27.5346
4703.78,-10.7919,-39.0537
4709.2,-18.5943,-41.9234
4714.63,-17.3736,-26.7721
4720.05,-6.52888,-7.70015
4725.48,-3.53153,-1.25857
4730.9,-11.2186,-13.0484
4736.33,-29.597,-26.9917
4741.75,-43.7692,-28.343
4747.18,-34.4731,-26.3443
4752.6,0.424305,-18.23
4758.03,17.7633,-3.83935
4763.45,-3.66165,-6.89963
4768.88,-35.3273,-16.8217
4774.31,-21.7681,-16.4186
4779.73,17.7813,-1.72503
4785.16,17.7221,20.8778
4790.58,10.3837,23.7242
4796.01,-1.71189,5.9487
4801.43,-28.8978,-8.4811
4806.86,-28.872,-9.87347
4812.28,-22.6604,-3.41398
4817.71,-25.2703,-2.41731
4823.13,-0.900665,-4.68903
4828.56,19.8625,-3.16473
4833.98,14.5368,0.981381
4839.41,13.6458,-3.6888
4844.83,18.0422,-12.2379
4850.26,11.6037,-3.42387
4855.69,-7.71082,5.56717
4861.11,-24.089,7.06972
4866.54,-21.297,1.91655
4871.96,-8.48715,-5.54085
4877.39,7.56792,-0.121318
4882.81,28.2971,-2.03949
4888.24,31.9366,-4.89976
4893.66,11.3446,9.66927
4899.09,-9.97122,12.3112
4904.51,-0.94487,8.83466
4909.94,21.3912,13.755
4915.36,25.4003,20.2808
4920.79,21.0308,7.82502
4926.21,12.3708,-17.7513
4931.64,16.3888,-14.9493
4937.07,27.0006,-4.66208
4942.49,16.8506,13.9281
4947.92,6.12766,28.2319
4953.34,-1.50679,6.16577
4958.77,-3.78739,-16.3942
4964.19,-2.76708,-27.5779
4969.62,-24.6392,-23.0762
4975.04,-37.0446,2.09703
4980.47,-11.5027,3.93246
4985.89,13.4047,-8.88036
4991.32,9.20431,4.87771
4996.74,-11.3523,-5.21536
5002.17,-32.475,-47.8304
5007.6,-42.4062,-55.8624
5013.02,-38.5919,-19.6051
5018.45,-32.8027,3.98519
5023.87,-13.4973,-8.12074
5029.3,22.1831,-6.20656
5034.72,26.2848,4.55114
5040.15,10.0026,-1.01803
5045.57,24.5373,-15.0485
5051,26.5211,-9.80941
5056.42,-2.51948,7.47015
5061.85,-23.1207,-9.28422
5067.27,-32.7947,-20.1655
5072.7,-24.9421,1.157
5078.12,-8.79067,14.7001
5083.55,-4.59575,6.94752
5088.98,-7.24378,-2.71441
5094.4,-4.96629,14.5981
5099.83,8.43537,38.4513
5105.25,13.9472,21.823
5110.68,0.3383,18.1151
5116.1,-4.20029,43.912
5121.53,20.9736,25.4833
5126.95,13.7729,-2.05673
5132.38,-29.6979,9.19742
5137.8,-26.3428,22.0251
5143.23,1.40837,34.8562
5148.65,3.37199,51.0185
5154.08,-10.246,37.899
5159.5,-21.1719,7.82027
5164.93,-23.2381,2.55041
5170.36,-22.7047,22.2159
5175.78,-9.68319,18.741
5181.21,7.32587,-10.3282
5186.63,-10.562,-25.1252
5192.06,-29.8879,-21.0776
5197.48,-15.196,-2.27843
5202.91,-6.50269,21.8562
5208.33,-8.18596,31.4152
5213.76,5.52049,15.2151
5219.18,9.42237,-3.23189
5224.61,2.99775,-0.756089
5230.03,20.6167,9.94345
5235.46,37.2434,19.4002
5240.88,13.1434,15.1525
5246.31,-18.9859,23.4138
5251.74,-16.2549,44.7778
5257.16,-9.18806,16.7114
5262.59,-1.10286,-15.2226
5268.01,9.88919,14.6518
5273.44,-7.82884,49.0705
5278.86,-11.0131,47.7988
5284.29,-1.5054,27.6171
5289.71,-9.61419,4.84991
5295.14,-10.0125,20.31
5300.56,-2.24226,27.8108
5305.99,3.08201,-1.76559
5311.41,6.87345,-16.7491
5316.84,22.1308,-31.2382
5322.27,25.4142,-32.4921
5327.69,-2.20937,-5.83418
5333.12,-32.0378,8.46707
5338.54,-24.6284,15.0896
5343.97,4.42359,27.154
5349.39,-9.32755,16.4213
5354.82,-29.194,11.0956
5360.24,-0.878735,20.4017
5365.67,26.5779,11.7397
5371.09,28.3434,9.34677
5376.52,23.1934,15.3947
5381.94,2.14366,9.16613
5387.37,-9.89159,1.49412
5392.79,9.31921,8.50152
5398.22,15.0971,14.0747
5403.65,10.263,-4.22476
5409.07,22.2667,-3.6726
5414.5,33.8901,15.9329
5419.92,29.0518,4.20079
5425.35,27.634,-23.1999
5430.77,21.4876,-29.9408
5436.2,-0.817363,-9.61549
5441.62,-0.218822,16.6401
5447.05,7.2731,11.8108
5452.47,14.3123,-1.94254
5457.9,32.0705,8.28661
5463.32,33.6503,-1.84633
5468.75,18.4629,-16.2384
5474.17,-11.038,-8.42981
5479.6,-21.0911,-5.05278
5485.03,21.7891,-0.220423
5490.45,49.0491,11.3057
5495.88,19.7248,22.3323
5501.3,-17.9364,29.9204
5506.73,-26.6637,29.3469
5512.15,-17.7652,28.4054
5517.58,-6.01797,18.337
5523,0.396782,-10.8639
5528.43,-22.152,-9.07466
5533.85,-26.6011,1.71921
5539.28,-6.78155,-23.7595
5544.7,-22.5095,-20.5453
5550.13,-28.5222,4.39777
