# BEGINHEADER
# This file contains data from the SALSA 2m radio telescope.
# DATE=2024-01-31T11:45:0009
# GLON and GLAT given in degrees
# GLON=26.698304344316185
# GLAT=-26.83359012824356
# DATA in two columns below. Col. 1 is velocity relative to LSR [km/s]. Col. 2 is uncalibrated antenna temperature [K].
# ENDHEADER
2390.3057221850668 20.348862944779206
2388.244578234468 41.65147426682065
2386.1834342838697 37.51081702048205
2384.122290333271 41.04119812369059
2382.0611463826726 40.549884242765614
2380.000002432074 42.760412102402576
2377.938858481475 43.71791053776405
2375.8777145308763 46.04355769231284
2373.816570580278 47.635723102686725
2371.7554266296793 50.25333908272069
2369.6942826790805 52.45472076479553
2367.6331387284818 54.45866432106129
2365.5719947778834 57.212536270173636
2363.5108508272847 59.10241468535959
2361.4497068766864 62.07416535794473
2359.3885629260876 64.55150574438565
2357.327418975489 67.1471667186905
2355.26627502489 69.45236205184227
2353.205131074292 71.80963445045825
2351.143987123693 73.51320463965905
2349.0828431730943 75.96815999096295
2347.0216992224955 77.62987195359321
2344.960555271897 78.66052704433032
2342.8994113212984 80.7191722142604
2340.8382673707 82.26393696012903
2338.7771234201014 83.71371788585138
2336.7159794695026 84.6600124703456
2334.654835518904 86.28773461604133
2332.593691568305 86.6640476149239
2330.5325476177063 87.36720255904528
2328.4714036671076 89.36929260412018
2326.410259716509 89.99495086991823
2324.3491157659105 89.71975286111764
2322.2879718153117 90.51086027657173
2320.2268278647134 90.25115241345092
2318.1656839141147 91.67368081292223
2316.104539963516 92.45197269732263
2314.043396012917 92.80694274098552
2311.982252062319 92.96664055176007
2309.92110811172 94.06497804511704
2307.8599641611213 93.54044437073283
2305.7988202105225 93.49110452434361
2303.7376762599242 94.45900646915366
2301.6765323093255 92.5576367872328
2299.615388358727 93.49167399575123
2297.5542444081284 93.94394700907257
2295.4931004575296 95.02565744755003
2293.431956506931 95.28067540424045
2291.3708125563326 95.36838275104252
2289.309668605734 96.23015242634854
2287.248524655135 95.11494939155413
2285.1873807045363 95.52266612166987
2283.126236753938 96.17426409465452
2281.065092803339 96.33909797572794
2279.003948852741 95.01324194642585
2276.942804902142 95.11326966574853
2274.8816609515434 96.4883863957341
2272.8205170009446 95.97867101150545
2270.7593730503463 97.51816292980676
2268.698229099747 97.8319511971658
2266.6370851491483 97.50450972323264
2264.5759411985496 98.12546561742944
2262.5147972479513 97.18494321547213
2260.4536532973525 97.60648772924728
2258.392509346754 98.45783778763365
2256.3313653961554 97.79828027959832
2254.2702214455567 96.68001388345539
2252.209077494958 97.44371123381045
2250.1479335443596 99.60570564689371
2248.086789593761 99.32890487937982
2246.025645643162 98.6973155259723
2243.9645016925633 99.21513861058588
2241.903357741965 99.57775945632264
2239.8422137913662 98.93396830392648
2237.781069840768 99.55165030007021
2235.719925890169 98.9671633584995
2233.6587819395704 100.2002447869204
2231.5976379889717 99.48368381481903
2229.5364940383733 98.84050029997739
2227.4753500877746 100.3261304439282
2225.414206137176 100.14720693078547
2223.353062186577 99.21949824553435
2221.2919182359788 98.31914757422996
2219.23077428538 100.28016573739723
2217.1696303347817 99.9427714440378
2215.108486384183 100.1474516506446
2213.047342433584 100.5845856053088
2210.9861984829854 101.971782010123
2208.925054532387 100.51014232710945
2206.863910581788 100.19764342217643
2204.802766631189 100.92966483222712
2202.7416226805904 100.20496703868942
2200.680478729992 100.6438362444566
2198.6193347793933 101.48776416415348
2196.558190828795 102.21755833268494
2194.497046878196 100.70432053428814
2192.4359029275975 100.94055793619678
2190.3747589769987 101.93537790738095
2188.3136150264004 102.54747774325763
2186.2524710758016 101.22566848883284
2184.191327125203 101.58135152644856
2182.130183174604 101.32157546988071
2180.069039224006 100.92020162363657
2178.007895273407 101.32774588404048
2175.9467513228087 101.58578101329417
2173.88560737221 101.72836390739874
2171.824463421611 101.37539302657784
2169.7633194710124 100.94309978061455
2167.702175520414 102.05921639851705
2165.6410315698154 101.56201853814683
2163.5798876192166 100.54292119372823
2161.518743668618 99.72769766538934
2159.4575997180195 101.37576273542312
2157.396455767421 102.67401911225625
2155.3353118168225 101.14822153350333
2153.2741678662237 100.43151591674905
2151.213023915625 101.3066133623165
2149.151879965026 101.15547599979969
2147.090736014428 101.29908696741167
2145.0295920638287 101.65183431435925
2142.96844811323 101.47846159946576
2140.907304162631 101.79041374153586
2138.846160212033 100.84757013655162
2136.785016261434 101.54396163111038
2134.7238723108358 102.18522071590223
2132.662728360237 101.55996203250788
2130.6015844096382 101.61554241392845
2128.5404404590395 103.82646452978629
2126.479296508441 104.88684789075609
2124.4181525578424 103.87811879357942
2122.3570086072436 102.01177318268802
2120.295864656645 102.1416721159164
2118.2347207060466 102.02424134514906
2116.173576755448 101.34630066359686
2114.1124328048495 101.80509102790379
2112.0512888542507 101.54515216411173
2109.990144903652 100.89909406403393
2107.929000953053 101.33383553717054
2105.867857002455 100.83371817116864
2103.806713051856 100.37742733053031
2101.7455691012574 100.30709370400695
2099.6844251506586 101.44386983135756
2097.6232812000603 100.64894357832917
2095.5621372494616 101.02872987798533
2093.500993298863 100.41177114972581
2091.439849348264 101.0961041688903
2089.3787053976657 100.40675434637906
2087.317561447067 100.61741680307665
2085.2564174964687 101.86357258286935
2083.1952735458694 100.3739230221717
2081.134129595271 100.52469489614626
2079.0729856446724 100.53970829266427
2077.0118416940736 100.57096091315668
2074.950697743475 100.01790671072696
2072.8895537928765 100.87669883692882
2070.828409842278 101.37243507372104
2068.767265891679 98.84117159507046
2066.7061219410803 100.77601380474844
2064.644977990482 99.81353178312466
2062.583834039883 100.461789700396
2060.522690089285 99.09327432841006
2058.461546138686 106.7538285789177
2056.4004021880874 111.19319872302547
2054.3392582374886 99.30245204871679
2052.2781142868903 99.95984541377572
2050.216970336291 98.89985636949247
2048.1558263856928 99.63854605239277
2046.094682435094 98.97971049388406
2044.0335384844957 100.10750619008623
2041.9723945338967 99.61407903714161
2039.9112505832984 98.40783835461589
2037.8501066326996 98.4653592085184
2035.7889626821009 99.06649183050291
2033.727818731502 98.48367915329327
2031.6666747809036 99.44313216400612
2029.6055308303048 98.88001339575615
2027.5443868797063 99.530402132917
2025.4832429291075 98.88578071537047
2023.4220989785092 97.37964444008452
2021.3609550279102 97.61679546807231
2019.299811077312 97.91132326091375
2017.2386671267132 97.13499911182556
2015.1775231761146 98.43818446811825
2013.1163792255159 98.20632425732728
2011.0552352749173 97.05140071889385
2008.9940913243186 97.15376501717854
2006.93294737372 96.80462795986561
2004.871803423121 97.86635442820773
2002.8106594725225 97.54316744146396
2000.7495155219237 97.95592524219765
1998.6883715713254 97.82035293349414
1996.6272276207267 96.14279358991544
1994.5660836701281 96.20898975266043
1992.5049397195294 96.25707607486206
1990.4437957689308 95.72270591954467
1988.382651818332 95.40897013104424
1986.3215078677335 96.95060906054353
1984.2603639171348 95.77354957898572
1982.1992199665362 95.50256098799262
1980.1380760159375 96.11000511086213
1978.0769320653392 96.25566142905657
1976.0157881147404 95.6364619775355
1973.9546441641419 95.1016445333018
1971.893500213543 94.45889317001301
1969.8323562629444 94.70211183754516
1967.7712123123456 93.64793989400437
1965.710068361747 93.55438674574394
1963.6489244111483 92.6165612035156
1961.5877804605498 93.56796545543519
1959.526636509951 91.78134648544473
1957.4654925593527 93.17498957684975
1955.4043486087537 93.31716249927811
1953.3432046581554 92.40090189729564
1951.2820607075566 92.43026817682579
1949.220916756958 92.51697657599712
1947.1597728063593 92.06600161584149
1945.0986288557608 91.45652010609794
1943.037484905162 91.46972654857285
1940.9763409545633 90.7467671613388
1938.9151970039645 90.38127625541871
1936.8540530533662 89.51218721544805
1934.7929091027672 90.3218086980909
1932.731765152169 89.53322572796283
1930.6706212015702 88.75759790297101
1928.6094772509716 88.10585377397405
1926.5483333003729 87.74032890970386
1924.4871893497743 87.54365746709026
1922.4260453991756 85.83237131307224
1920.364901448577 85.5535179686326
1918.3037574979783 84.66499206450843
1916.24261354738 83.68847652884826
1914.181469596781 82.88675912005816
1912.1203256461827 80.35930537614199
1910.0591816955837 78.2967754701165
1907.9980377449851 78.46225522397185
1905.9368937943864 76.88841628107866
1903.8757498437878 74.41167766329417
1901.814605893189 72.70586173021601
1899.7534619425905 70.247758429121
1897.6923179919918 68.36726708546524
1895.6311740413935 66.09585873511477
1893.5700300907945 64.00742921823553
1891.5088861401962 61.6215270656337
1889.4477421895974 58.642653688366856
1887.3865982389989 56.19630988836761
1885.3254542884001 54.49837504971034
1883.2643103378016 51.80695350026352
1881.2031663872028 49.45055787698611
1879.142022436604 47.764884598402254
1877.0808784860053 45.77402721416143
1875.019734535407 43.56252686620539
1872.958590584808 42.519191325934734
1870.8974466342097 40.391068553608555
1868.836302683611 41.19927587852494
1866.7751587330124 37.79181703595612
1864.7140147824136 41.808734190920475
