# BEGINHEADER
# This file contains data from the SALSA 2m radio telescope.
# DATE=2024-01-31T11:32:0000
# GLON and GLAT given in degrees
# GLON=34.49685714846305
# GLAT=-24.930676230952482
# DATA in two columns below. Col. 1 is velocity relative to LSR [km/s]. Col. 2 is uncalibrated antenna temperature [K].
# ENDHEADER
2390.273960216394 20.41504955969668
2388.212816265795 41.90946757326127
2386.1516723151967 37.48277404728867
2384.090528364598 40.869686845705324
2382.0293844139997 39.938775629820135
2379.968240463401 42.697542353467334
2377.907096512802 43.540600346650166
2375.8459525622034 45.833049794085554
2373.784808611605 47.531648431960996
2371.7236646610063 49.32217817925632
2369.6625207104075 51.7740534672407
2367.6013767598088 54.49719440857719
2365.5402328092105 56.6346379993686
2363.4790888586112 58.935468840510424
2361.417944908013 61.478714683773624
2359.356800957414 63.92703771944632
2357.2956570068154 66.2480975320528
2355.2345130562167 68.2437157333444
2353.1733691056183 71.29213171985224
2351.1122251550196 72.15413616525095
2349.051081204421 74.52395039947254
2346.989937253822 76.7503915542325
2344.9287933032238 77.98026675672861
2342.867649352625 79.6055863449569
2340.8065054020267 81.275442216442
2338.745361451428 83.13355258695222
2336.684217500829 84.43588106843326
2334.6230735502304 84.84047413668807
2332.561929599632 85.93872756742182
2330.5007856490333 87.29507625711932
2328.4396416984346 88.42703025699171
2326.378497747836 88.56548374191917
2324.3173537972375 89.52476658885537
2322.2562098466387 89.68026128013767
2320.1950658960404 90.22069644229944
2318.1339219454417 90.22933568684864
2316.072777994843 90.39940311379466
2314.011634044244 91.82847466728373
2311.950490093646 92.91770651584137
2309.889346143047 92.50758299387353
2307.8282021924483 92.03770215483755
2305.7670582418496 92.65411615471938
2303.7059142912512 92.23201876329047
2301.644770340652 92.97851597608977
2299.5836263900537 92.86101038602504
2297.522482439455 92.44396905298079
2295.461338488856 94.42813566210108
2293.4001945382574 94.04806797709969
2291.339050587659 94.97436668860617
2289.2779066370604 93.70908793602824
2287.2167626864616 94.23865328641749
2285.155618735863 94.933982012205
2283.0944747852645 95.11902010303369
2281.033330834666 94.99349828522051
2278.9721868840675 95.19628811737896
2276.9110429334687 95.08070144654991
2274.84989898287 96.30918347366487
2272.788755032271 96.10253504245523
2270.727611081673 96.06155573334014
2268.666467131074 96.01146774003493
2266.6053231804754 95.97849605474677
2264.5441792298766 96.68270949530006
2262.4830352792783 96.29182202876274
2260.4218913286795 95.67943045705503
2258.360747378081 96.05396698435591
2256.2996034274825 96.47246983111326
2254.2384594768837 97.42748931368656
2252.177315526285 97.05388888630047
2250.1161715756866 97.45621397937451
2248.055027625088 97.072784450671
2245.993883674489 97.13397186322844
2243.9327397238903 98.44485098479281
2241.871595773292 97.91483075043476
2239.8104518226933 98.25033931691571
2237.7493078720945 98.81675779859
2235.6881639214953 98.34935943253353
2233.627019970897 98.41720687716166
2231.565876020298 98.39356703353279
2229.5047320697 98.97030184475393
2227.443588119101 98.81729723312085
2225.3824441685024 98.09907706665169
2223.3213002179036 97.95225812765219
2221.2601562673053 99.045652693533
2219.1990123167066 99.7583248905979
2217.1378683661083 100.11647713157802
2215.076724415509 98.31435201217072
2213.0155804649107 101.80941207524299
2210.954436514312 108.6162240405056
2208.8932925637137 98.72961366685618
2206.832148613115 100.09558186534802
2204.771004662516 98.59625241301332
2202.7098607119174 100.44423179594462
2200.648716761319 100.17591127353484
2198.5875728107203 100.73189014940367
2196.526428860122 100.50845568255629
2194.465284909523 99.79433483503746
2192.4041409589245 99.8011295690795
2190.3429970083257 99.07127051295949
2188.2818530577274 100.42747606339493
2186.2207091071286 100.6198142779491
2184.15956515653 100.03309224820278
2182.098421205931 99.91507881614713
2180.037277255333 100.36201025914573
2177.976133304734 101.44973922485129
2175.9149893541353 101.09726327834849
2173.853845403536 99.64950876311761
2171.7927014529378 99.54737904603408
2169.731557502339 99.74067269180028
2167.6704135517407 100.63963163294416
2165.609269601142 101.04123181388854
2163.548125650543 100.82973066769107
2161.4869816999444 100.12705185767659
2159.425837749346 101.08173669329624
2157.3646937987473 101.59286209553306
2155.303549848149 100.5779350233859
2153.24240589755 100.34149856109134
2151.1812619469515 100.31512756070136
2149.1201179963527 100.12334336556748
2147.0589740457544 99.61030332992301
2144.9978300951557 100.48123329513449
2142.936686144557 102.05766573861035
2140.875542193958 101.48176049402375
2138.81439824336 100.67854152551493
2136.753254292761 100.3569386831794
2134.692110342163 99.51629933566913
2132.6309663915636 101.73247457978155
2130.5698224409653 101.38914263423186
2128.5086784903665 103.60134107017345
2126.447534539768 104.30371026478228
2124.3863905891694 102.08060202908048
2122.3252466385707 102.01589437853997
2120.264102687972 100.61845308675102
2118.2029587373736 100.37721563076046
2116.141814786775 99.73852167623208
2114.0806708361765 100.28800503947306
2112.019526885577 101.35407384711891
2109.9583829349785 99.69114591647657
2107.89723898438 100.76208263692567
2105.8360950337815 99.18608748520973
2103.7749510831827 99.98753449188153
2101.713807132584 101.06739183306246
2099.652663181985 100.75149638295397
2097.591519231387 100.96064149185297
2095.530375280788 99.76691767251617
2093.46923133019 99.71460144680977
2091.408087379591 99.97188027139798
2089.3469434289923 99.78867183996043
2087.2857994783935 100.19398022520775
2085.224655527795 101.06995636708423
2083.163511577196 100.83945996602537
2081.1023676265977 99.40083188910268
2079.041223675999 99.86935221353264
2076.9800797254006 99.56544924203256
2074.918935774802 98.77749735873745
2072.857791824203 100.1699295362556
2070.7966478736043 100.04191083077302
2068.735503923006 100.30981478409285
2066.6743599724073 98.53453453006762
2064.6132160218085 101.22624749513425
2062.5520720712097 97.40193599515834
2060.4909281206114 103.43459619903378
2058.4297841700127 93.79923364153245
2056.3686402194144 144.3658742772599
2054.3074962688156 117.37866320818983
2052.246352318217 93.94601847724594
2050.185208367618 102.17361482291106
2048.1240644170193 96.3482156427857
2046.0629204664208 100.24373376843728
2044.0017765158223 98.55585023948538
2041.9406325652235 100.79502885705568
2039.8794886146252 98.4992498913563
2037.8183446640262 99.32592800558754
2035.757200713428 97.93893963148174
2033.696056762829 98.15899747732766
2031.6349128122304 97.84036919463166
2029.5737688616316 98.79402778341095
2027.512624911033 99.76188192971948
2025.4514809604343 97.5742354896759
2023.3903370098358 97.26999898716748
2021.329193059237 97.52358696018597
2019.2680491086387 97.41746110394153
2017.2069051580397 97.04336069872019
2015.1457612074414 96.74335985809321
2013.0846172568426 97.35218726100368
2011.0234733062441 99.05979521841952
2008.9623293556454 97.27968330318208
2006.9011854050468 96.1853229478458
2004.8400414544478 95.94649963624259
2002.7788975038493 96.4052131023892
2000.7177535532505 97.02751881723292
1998.6566096026522 97.85132673946909
1996.5954656520532 95.5567987158335
1994.534321701455 95.27834770490848
1992.4731777508562 95.65077451446632
1990.4120338002576 95.20827915142196
1988.3508898496589 95.7365268757753
1986.2897458990603 95.88949467629088
1984.2286019484616 95.64517213569373
1982.167457997863 94.35254560722895
1980.1063140472643 94.09560467489734
1978.045170096666 94.01362865912856
1975.984026146067 94.52110090075111
1973.9228821954687 94.21728058543907
1971.8617382448697 94.21257955546224
1969.8005942942711 93.86026927874343
1967.7394503436724 93.79633389551793
1965.6783063930739 92.99344339779644
1963.617162442475 92.90728505517102
1961.5560184918766 91.94641446721451
1959.4948745412778 92.82404706774155
1957.4337305906795 92.93914253937159
1955.3725866400805 92.42679849474875
1953.3114426894822 93.08575962427514
1951.2502987388834 91.71463767629918
1949.189154788285 91.2703275835368
1947.1280108376861 92.02180915358902
1945.0668668870876 90.03501329534605
1943.0057229364888 91.33191354479094
1940.94457898589 90.51458796947482
1938.8834350352913 89.87113177808259
1936.822291084693 90.17727526641208
1934.761147134094 89.67876385355522
1932.7000031834957 89.35076368158656
1930.638859232897 87.53283339226752
1928.5777152822984 89.24178127585064
1926.5165713316997 87.32353758671242
1924.4554273811011 86.61646380206294
1922.3942834305024 85.92697474010549
1920.3331394799038 84.35997523199605
1918.271995529305 84.93514801170929
1916.2108515787068 82.82467573322256
1914.1497076281078 82.09972799726756
1912.0885636775095 80.49075742226478
1910.0274197269105 79.10236764993529
1907.966275776312 78.0404662367998
1905.9051318257132 75.55486107988567
1903.8439878751146 73.81870577850539
1901.7828439245159 71.6589261732807
1899.7216999739173 70.13731771568422
1897.6605560233186 67.62813354862031
1895.59941207272 64.94296217387011
1893.5382681221213 63.01333407081034
1891.477124171523 60.70344868713064
1889.4159802209242 58.77946435092871
1887.3548362703257 56.45872553314979
1885.293692319727 54.03377929806605
1883.2325483691284 51.53946944515706
1881.1714044185296 48.913647608922304
1879.1102604679309 47.17064033969821
1877.049116517332 45.62338329149306
1874.9879725667336 43.39267255960121
1872.9268286161348 42.039659699330386
1870.8656846655365 40.06083164860394
1868.8045407149377 40.966920586176926
1866.7433967643392 37.141016876774636
1864.6822528137404 42.1489741197194
