# BEGINHEADER
# This file contains data from the SALSA 2m radio telescope.
# DATE=2024-01-31T12:03:0019
# GLON and GLAT given in degrees
# GLON=38.425443684970325
# GLAT=-31.676019637451542
# DATA in two columns below. Col. 1 is velocity relative to LSR [km/s]. Col. 2 is uncalibrated antenna temperature [K].
# ENDHEADER
2385.0078182052666 20.130984103295265
2382.946674254668 41.55595950534943
2380.885530304069 37.274863209527595
2378.824386353471 40.200589810403955
2376.763242402872 39.53263804944941
2374.7020984522733 42.00029395981866
2372.6409545016745 42.493398487114156
2370.579810551076 45.16081567811847
2368.5186666004774 46.533289539719725
2366.457522649879 49.552059862015156
2364.39637869928 51.18946796649477
2362.3352347486816 53.57175574288366
2360.274090798083 55.773366888210504
2358.2129468474845 57.904184459324064
2356.151802896886 60.62607292248755
2354.090658946287 62.091005321751524
2352.0295149956883 64.99647147985323
2349.96837104509 68.177164696274
2347.907227094491 69.82790739587554
2345.846083143893 71.81927739477102
2343.7849391932937 74.34039774260438
2341.7237952426954 75.23618762283795
2339.6626512920966 77.04290753457721
2337.6015073414983 78.72620373205721
2335.5403633908995 80.18431806121997
2333.4792194403003 80.95354409720974
2331.4180754897016 82.71544017100103
2329.3569315391032 83.64374015308253
2327.2957875885045 84.5109023151588
2325.234643637906 85.23473340849642
2323.173499687307 86.91186643663471
2321.1123557367087 87.36736671120043
2319.05121178611 87.81951973472931
2316.9900678355116 88.37174840041824
2314.928923884913 89.07218758644582
2312.867779934314 88.45202927369715
2310.8066359837153 89.6556839934119
2308.745492033117 90.16758012781574
2306.684348082518 90.29274096317648
2304.62320413192 90.11040204863095
2302.5620601813207 90.95248939855254
2300.5009162307224 90.75083556639841
2298.4397722801236 90.90517842419288
2296.3786283295253 91.56116108015435
2294.3174843789266 90.91722361580148
2292.256340428328 91.30158327624916
2290.195196477729 91.98796133063827
2288.1340525271307 92.19188542397981
2286.072908576532 93.27819589711845
2284.0117646259337 93.03658393991076
2281.9506206753344 92.77054694232017
2279.889476724736 93.33873895387593
2277.8283327741374 93.33125692684233
2275.767188823539 93.12348452749157
2273.7060448729403 94.32337739303455
2271.644900922341 94.53078972622946
2269.5837569717423 94.24392897745373
2267.522613021144 94.53724963750926
2265.4614690705453 94.77338590206345
2263.400325119947 94.6274893752647
2261.3391811693477 95.64427961012409
2259.2780372187494 93.58309580595785
2257.2168932681507 95.59787868506632
2255.1557493175524 94.911684088346
2253.0946053669536 94.86080177098586
2251.033461416355 96.10126359097416
2248.972317465756 95.5073634315855
2246.9111735151578 95.85467005600864
2244.850029564559 96.53151204779229
2242.7888856139607 95.96159171395679
2240.7277416633615 96.72717503602088
2238.666597712763 94.96741916506569
2236.6054537621644 96.71092187439277
2234.544309811566 96.62622413416754
2232.4831658609673 96.07680478156792
2230.4220219103686 96.53446650183011
2228.36087795977 96.33906219139419
2226.2997340091715 96.50186453717671
2224.2385900585728 96.8578772708979
2222.1774461079744 96.43698492613632
2220.1163021573752 98.69729160985938
2218.055158206777 97.07432494090915
2215.994014256178 96.84428455928482
2213.93287030558 97.03885043067494
2211.871726354981 97.05051365745064
2209.8105824043823 97.7627063643246
2207.749438453783 99.80603361336935
2205.688294503185 106.81759569497106
2203.627150552586 95.55814583846657
2201.5660066019877 97.59737902568824
2199.5048626513885 97.71710984698444
2197.44371870079 98.69770604940399
2195.3825747501915 98.86827323578565
2193.321430799593 98.50535258433031
2191.2602868489944 97.78149264115478
2189.1991428983956 98.73397526092616
2187.137998947797 98.25695113502695
2185.0768549971986 98.89188731328117
2183.0157110466 98.49327924649153
2180.9545670960015 97.17913364695426
2178.8934231454023 98.90628122482372
2176.832279194804 97.99314352194773
2174.771135244205 98.38840560693326
2172.709991293607 97.49794964117883
2170.648847343008 97.97283678173883
2168.5877033924094 99.02790082620876
2166.5265594418106 98.18614186388687
2164.4654154912123 99.57820506076882
2162.4042715406135 99.37854158345228
2160.343127590015 97.98704145127019
2158.281983639416 99.42506493110227
2156.2208396888177 98.28899436241976
2154.159695738219 99.24159294224303
2152.0985517876206 98.67897678692715
2150.037407837022 98.0933829676519
2147.976263886423 98.94546088526025
2145.915119935824 98.38937929081264
2143.8539759852256 97.94556374851352
2141.792832034627 99.13286491010425
2139.731688084028 97.91881470624043
2137.6705441334293 98.4441270768914
2135.609400182831 100.20645894519522
2133.5482562322322 98.53797498981544
2131.487112281634 99.45754766891771
2129.425968331035 98.50536004410834
2127.3648243804364 99.0467107606724
2125.3036804298376 98.28810526673831
2123.2425364792393 99.77315496566477
2121.1813925286406 102.71239613312227
2119.120248578042 100.34127665496248
2117.059104627443 98.69942393878557
2114.9979606768447 98.64618328707124
2112.936816726246 98.63460727271845
2110.8756727756477 99.00271882974937
2108.814528825049 99.30803676979345
2106.75338487445 99.67491785144213
2104.6922409238514 98.84169934236157
2102.631096973253 99.49130553547441
2100.5699530226543 98.63282918358819
2098.5088090720556 98.43305163277998
2096.447665121457 98.06448945616157
2094.3865211708585 99.7637747468224
2092.3253772202597 100.14098104260655
2090.264233269661 97.42370583091189
2088.203089319062 98.15052536279124
2086.141945368464 97.21313329419142
2084.0808014178647 97.83316335200463
2082.0196574672664 97.54142298415553
2079.9585135166676 99.25385980932435
2077.8973695660693 98.92997670638053
2075.8362256154705 97.68658751897624
2073.775081664872 98.6108552408005
2071.713937714273 97.99215125494315
2069.6527937636747 98.28473846452887
2067.591649813076 97.82739248353093
2065.5305058624776 98.5148965962916
2063.4693619118784 98.74835947837094
2061.40821796128 96.76107839991107
2059.3470740106814 98.91287507239693
2057.285930060083 95.93287864789306
2055.2247861094843 99.57724516029263
2053.1636421588855 93.58417221261995
2051.1024982082868 136.0891945963348
2049.041354257688 114.63602620499339
2046.9802103070895 92.68265002646692
2044.919066356491 99.39311296778293
2042.8579224058922 95.68848151150408
2040.7967784552939 98.00652396874285
2038.735634504695 97.25872985357373
2036.6744905540966 98.72373895340773
2034.6133466034976 96.9628415879368
2032.552202652899 96.49820661750736
2030.4910587023003 95.78219332403569
2028.4299147517017 95.6465058775988
2026.368770801103 95.66442082644676
2024.3076268505044 96.21088672541389
2022.2464828999057 98.134028684286
2020.1853389493074 95.77240644207677
2018.1241949987086 96.25168036231256
2016.06305104811 95.50273636145526
2014.0019070975113 95.6276136516023
2011.9407631469128 96.45324087451515
2009.879619196314 94.64866831534948
2007.8184752457155 95.51230638251378
2005.7573312951165 95.3003221805914
2003.696187344518 95.1845315830174
2001.6350433939192 94.82778105833174
1999.573899443321 95.44936829636937
1997.5127554927221 94.42074952798731
1995.4516115421236 94.41733441139056
1993.3904675915248 95.0052034379208
1991.3293236409263 95.37813253227655
1989.2681796903275 94.4576698913356
1987.207035739729 93.88698075720532
1985.1458917891302 93.46929141932732
1983.0847478385317 94.04580936428081
1981.023603887933 93.9123852305668
1978.9624599373346 93.86434082292335
1976.9013159867357 93.4783195194779
1974.8401720361373 92.14964417218212
1972.7790280855384 93.82115718997791
1970.7178841349398 92.60439484136583
1968.656740184341 92.36039264477816
1966.5955962337425 91.59220320662888
1964.5344522831438 91.90342603335493
1962.4733083325452 92.02876124017162
1960.4121643819465 92.22722583295757
1958.3510204313482 91.02526331384746
1956.2898764807492 91.19638937116203
1954.2287325301509 91.0617455849106
1952.167588579552 90.60001674683289
1950.1064446289536 91.40281633459854
1948.0453006783548 90.36753686169584
1945.9841567277563 90.34576336667435
1943.9230127771575 91.1383484603617
1941.8618688265587 90.21823262083217
1939.80072487596 89.81181902482672
1937.7395809253617 89.15847714236087
1935.6784369747627 89.09368237006288
1933.6172930241644 88.1305256725895
1931.5561490735656 88.41700844739772
1929.495005122967 89.01495901329626
1927.4338611723683 87.84805546269226
1925.3727172217698 87.1549300336077
1923.311573271171 87.53099868366476
1921.2504293205725 86.45194958179232
1919.1892853699737 85.36637756876972
1917.1281414193754 84.53200427872454
1915.0669974687764 84.17040335018707
1913.0058535181781 82.72900879428565
1910.9447095675791 81.0699458975758
1908.8835656169806 81.42144848886198
1906.8224216663818 79.97420139432207
1904.7612777157833 78.31628155432534
1902.7001337651845 76.54231291667485
1900.638989814586 74.55772961088601
1898.5778458639872 73.62928033254083
1896.516701913389 71.90848675409997
1894.45555796279 68.7055813283105
1892.3944140121916 67.23225337030063
1890.3332700615929 65.33613734028697
1888.2721261109943 62.801176555003345
1886.2109821603956 59.89405162815123
1884.149838209797 57.89584407958918
1882.0886942591983 55.34955269192473
1880.0275503085995 53.66015713143357
1877.9664063580008 51.530278791539466
1875.9052624074025 48.76973199130737
1873.8441184568035 46.638346238121734
1871.7829745062052 45.24279764345415
1869.7218305556064 42.33831096786232
1867.6606866050079 41.970582241811435
1865.599542654409 39.87124252891673
1863.5383987038106 40.6228668612451
1861.4772547532118 36.737885272563005
1859.4161108026133 41.39592034354011
