# BEGINHEADER
# This file contains data from the SALSA 2m radio telescope.
# DATE=2024-01-31T12:17:0029
# GLON and GLAT given in degrees
# GLON=99.83492362282897
# GLAT=0.007091065332034524
# DATA in two columns below. Col. 1 is velocity relative to LSR [km/s]. Col. 2 is uncalibrated antenna temperature [K].
# ENDHEADER
265.7808272853153 -3.9094525328564065
263.71968333471665 -5.9226522917514695
261.658539384118 -2.093088025038902
259.5973954335194 -6.330639104678969
257.53625148292076 -6.503707469000315
255.4751075323221 -5.348463202114509
253.41396358172346 -7.257700507163429
251.35281963112482 -5.06510288997461
249.2916756805262 -6.1964899513295
247.23053172992755 0.6447162495306631
245.16938777932893 2.3763430473782554
243.10824382873025 -8.733005032338152
241.04709987813163 -2.6467516659222246
238.98595592753298 -8.482338954528581
236.92481197693436 -5.256805464199959
234.8636680263357 -6.265041169983598
232.80252407573704 -4.717746209022875
230.74138012513842 -4.424907490036672
228.68023617453977 -8.035401534664269
226.61909222394115 -7.252441220909738
224.55794827334248 -1.2124700647444067
222.49680432274386 -5.602280761776065
220.4356603721452 -5.872552786651106
218.3745164215466 -1.8074902135954782
216.31337247094794 -3.0957613154249053
214.2522285203493 -9.53827602865229
212.19108456975064 -8.81191738506636
210.12994061915202 -10.018367600136049
208.06879666855338 -6.279230241839931
206.00765271795473 -9.739908509430471
203.94650876735608 -7.4059439011556645
201.88536481675746 -7.540751101279116
199.8242208661588 -5.572660193655646
197.7630769155602 -6.050269677151111
195.70193296496154 -8.001981885065813
193.6407890143629 -6.416865630434929
191.57964506376427 -10.542563314094938
189.51850111316563 -6.980535106503932
187.45735716256698 -9.060531983692336
185.39621321196833 -10.175442215331646
183.3350692613697 -6.439487779866263
181.27392531077106 -6.155512113815327
179.21278136017241 -4.578049779127777
177.15163740957377 -7.993971265896839
175.09049345897515 -7.902454787741029
173.0293495083765 -10.567019252681892
170.96820555777788 -11.362248109868498
168.9070616071792 -3.5361576929825804
166.84591765658058 -7.014771409562984
164.78477370598193 -7.243662951229003
162.7236297553833 -10.298902742374281
160.66248580478467 -8.06116339886496
158.60134185418602 -7.67700096671139
156.54019790358737 -9.281493438947685
154.47905395298872 -9.276091164756503
152.4179100023901 -10.219414026437207
150.35676605179142 -6.60169235214816
148.2956221011928 -7.231340035901302
146.23447815059416 -10.457567157506286
144.17333419999554 -10.248132645723372
142.1121902493969 -7.494322125673577
140.05104629879824 -8.189750202390416
137.9899023481996 -12.628336773211982
135.92875839760097 -6.9553936607515015
133.86761444700232 -7.558240502592363
131.8064704964037 -9.456837636749528
129.74532654580506 -13.877321935142977
127.6841825952064 -9.17035972904074
125.62303864460776 -10.166785846459385
123.56189469400911 -12.206191752071337
121.50075074341048 -8.418584938342887
119.43960679281184 -10.118139338061402
117.3784628422132 -6.87160887606876
115.31731889161456 -8.753210734087503
113.25617494101591 -8.639956513263886
111.19503099041728 -6.455468115605631
109.13388703981863 -9.146410488187707
107.07274308922 -9.167416017133084
105.01159913862136 -10.403651421423039
102.95045518802272 -9.360527015561468
100.88931123742408 -9.952136473484785
98.82816728682543 -12.588605024613278
96.76702333622677 -8.891147705673886
94.70587938562814 -8.67205795595326
92.64473543502949 -10.3561610813589
90.58359148443085 -8.520729118071886
88.5224475338322 -10.807252283187076
86.46130358323357 -8.364757490364005
84.40015963263494 -7.872252519718271
82.33901568203629 -11.496323249610489
80.27787173143766 -9.034295259286534
78.21672778083901 -10.235147010451799
76.15558383024037 -10.570892623244115
74.09443987964173 -13.702832908273153
72.03329592904309 -11.173355078688594
69.97215197844446 -10.6217356121692
67.91100802784581 -9.529092431240024
65.84986407724718 -10.460575402786557
63.78872012664853 -10.021195006559246
61.72757617604989 -10.491039948414791
59.666432225451246 -9.66784514344527
57.605288274852605 -8.174433934865935
55.54414432425396 -10.438560519239726
53.48300037365532 -11.738042700078243
51.42185642305669 -12.75693355296876
49.36071247245804 -12.569523779361083
47.2995685218594 -11.431145069282712
45.23842457126076 -10.547636891550763
43.17728062066212 -11.791886024769262
41.116136670063476 -10.96113333766643
39.05499271946484 -10.287078723055522
36.9938487688662 -9.38538966041497
34.93270481826756 -5.003095196942161
32.87156086766892 -9.401746321344962
30.810416917070274 -11.809526498437037
28.749272966471636 -8.331332197917874
26.688129015872995 -11.431464742668679
24.626985065274354 -8.872224116754051
22.565841114675713 -9.719791232285486
20.504697164077072 -9.794016444762168
18.443553213478435 -7.937938505102845
16.382409262879793 -6.832417672199659
14.321265312281152 -1.6607686658476741
12.26012136168251 -2.994836299979674
10.198977411083868 5.2600485577952965
8.137833460485227 13.526882688080715
6.076689509886587 28.695670751337612
4.015545559287946 43.97624316259095
1.9544016086893057 54.30654114113976
-0.10674234190933506 55.678070956685545
-2.167886292507976 49.390494115462
-4.2290302431066165 49.83244766422522
-6.2901741937052575 46.09347739729956
-8.351318144303898 40.345574638599814
-10.412462094902539 33.239536495354265
-12.47360604550118 24.353861991959402
-14.53474999609982 22.110329096047042
-16.59589394669846 25.359363668298588
-18.6570378972971 30.302333713768874
-20.718181847895742 33.338737043753156
-22.77932579849438 31.92282483418312
-24.840469749093028 27.080754257181795
-26.901613699691666 24.82586243687926
-28.962757650290307 28.4614148187829
-31.023901600888948 28.96534337168562
-33.08504555148759 29.457081071949222
-35.14618950208623 31.226886261364
-37.20733345268487 32.458318642669816
-39.26847740328351 33.38459597370427
-41.32962135388215 32.2303315653336
-43.390765304480794 28.73282824920069
-45.45190925507943 28.297398380450204
-47.51305320567808 32.891126764857646
-49.57419715627672 33.46151576716675
-51.63534110687536 35.237927493913006
-53.696485057474 29.27192002722111
-55.75762900807264 33.322413723272014
-57.818772958671275 34.16071957139081
-59.879916909269916 32.116776081179744
-61.94106085986856 30.323324562159492
-64.0022048104672 27.2732251041127
-66.06334876106584 26.493492022976763
-68.12449271166449 18.493949438857936
-70.18563666226312 16.856907871805674
-72.24678061286177 13.91844319209346
-74.3079245634604 11.823643832043016
-76.36906851405905 5.351991333810636
-78.43021246465769 -2.843976326887581
-80.49135641525632 1.1444904556917899
-82.55250036585497 -0.6850546375490323
-84.6136443164536 2.6021199715211076
-86.67478826705225 1.46143447236493
-88.73593221765088 -0.7194231105523682
-90.79707616824953 0.29306485657603837
-92.85822011884817 3.6051364816027562
-94.9193640694468 5.853591301125248
-96.98050802004546 3.392051631300515
-99.0416519706441 1.5154631729422192
-101.10279592124273 1.4646776314242118
-103.16393987184136 1.742822047844996
-105.22508382244001 -1.0641057547181512
-107.28622777303865 -0.555116754231684
-109.3473717236373 -1.6439353715992007
-111.40851567423593 -5.854864648727067
-113.46965962483456 -8.14767608084935
-115.53080357543321 -2.962217608914946
-117.59194752603184 -8.607721975190083
-119.6530914766305 -6.778265540125808
-121.71423542722913 -3.3943743413019565
-123.77537937782778 -5.05027820944989
-125.83652332842641 -6.772469114792495
-127.89766727902504 -9.933123968562677
-129.9588112296237 -7.639222282189431
-132.01995518022235 -8.469557496918794
-134.08109913082097 -6.842418282600411
-136.14224308141962 -5.615953863724943
-138.20338703201824 -9.843523811926358
-140.26453098261692 -10.747186655838636
-142.32567493321554 -7.390684182268624
-144.3868188838142 -9.505468516858162
-146.4479628344128 -11.231587370180351
-148.50910678501145 -7.687680973372675
-150.5702507356101 -7.2037805674091295
-152.63139468620875 -7.449837081080746
-154.6925386368074 -10.475220159931377
-156.75368258740602 -8.784663431484365
-158.81482653800467 -9.60276400325881
-160.87597048860331 -8.686100870736752
-162.93711443920196 -8.216160035878156
-164.99825838980058 -8.770661781946233
-167.05940234039923 -6.615940010431655
-169.12054629099785 -8.78037220026653
-171.18169024159653 -8.766832641606655
-173.24283419219515 -7.562645888237037
-175.3039781427938 -9.932319008767289
-177.36512209339242 -9.501925948712021
-179.4262660439911 -7.263468197875489
-181.4874099945897 -6.518973377479717
-183.54855394518836 -9.088176547975937
-185.60969789578698 -5.485282191233635
-187.67084184638563 -7.425584964169216
-189.73198579698428 -9.156838071399653
-191.79312974758292 -6.121542280604296
-193.85427369818157 -5.760895246619093
-195.9154176487802 -8.728536628932366
-197.97656159937884 -4.853612124948359
-200.0377055499775 -8.774567464215448
-202.09884950057616 -7.553506117171879
-204.15999345117478 -11.843907534918225
-206.22113740177343 -5.445836914618208
-208.28228135237205 -5.5695960210689535
-210.3434253029707 -6.4972153528906516
-212.40456925356935 -7.0489403008728
-214.465713204168 -10.302333776492457
-216.52685715476662 -5.895318462483177
-218.58800110536527 -7.805951357463746
-220.6491450559639 -8.85109824321179
-222.71028900656256 -7.784457702801036
-224.77143295716118 -5.76458335781714
-226.83257690775983 -7.258674988243578
-228.89372085835845 -10.401395532835691
-230.95486480895713 -6.176394085094183
-233.01600875955577 -8.71722076270224
-235.0771527101544 -7.816848317252466
-237.13829666075304 -6.278217193914553
-239.19944061135166 -5.779455130667076
-241.26058456195034 -5.247255537252589
-243.32172851254896 -7.261715452507009
-245.3828724631476 -7.222357307252509
-247.44401641374623 -7.217535088643357
-249.5051603643449 -10.556083284606673
-251.56630431494352 -4.381939398265094
-253.62744826554217 -1.1829306401253594
-255.6885922161408 -6.300232144604278
-257.7497361667394 -5.871278524893754
-259.8108801173381 -6.251015719678963
