# BEGINHEADER
# This file contains data from the SALSA 2m radio telescope.
# DATE=2024-01-31T11:27:0044
# GLON and GLAT given in degrees
# GLON=42.71787602373039
# GLAT=-34.14991312318796
# DATA in two columns below. Col. 1 is velocity relative to LSR [km/s]. Col. 2 is uncalibrated antenna temperature [K].
# ENDHEADER
2382.3697073389744 18.772014276341398
2380.3085633883757 38.53563891514288
2378.247419437777 34.637076495187166
2376.186275487178 38.012656622252955
2374.12513153658 37.31308084273479
2372.063987585981 39.27559939775517
2370.0028436353823 40.20576121606397
2367.9416996847835 42.48203783095894
2365.8805557341852 43.968074522526116
2363.8194117835865 45.90663072050568
2361.758267832988 48.21697722640178
2359.6971238823894 50.060234050023595
2357.6359799317906 52.40883490015707
2355.5748359811914 54.055016986233674
2353.513692030593 56.7922047996649
2351.4525480799944 59.081712688429775
2349.3914041293956 61.25274852612394
2347.330260178797 63.435144776548775
2345.2691162281985 65.45283244969036
2343.2079722775998 66.964716896043
2341.1468283270015 69.958660385136
2339.0856843764027 71.07603560602128
2337.024540425804 72.44597559614398
2334.963396475205 74.726811340942
2332.902252524607 75.69610841331898
2330.841108574008 76.96800047703843
2328.7799646234093 77.21954579798351
2326.7188206728106 78.04079986460047
2324.6576767222123 79.56034238693331
2322.5965327716135 80.64616058167506
2320.535388821015 81.77690690199113
2318.4742448704164 82.06906378033042
2316.4131009198177 83.5905932357702
2314.351956969219 82.46469081688862
2312.2908130186206 83.06702177205342
2310.229669068022 84.24694780986366
2308.168525117423 83.6996446273323
2306.1073811668243 84.53072020419842
2304.046237216226 85.01317224712908
2301.9850932656273 85.36195080453275
2299.923949315029 84.84343150858624
2297.86280536443 85.54837365170403
2295.8016614138314 85.7947805458261
2293.7405174632327 85.74251493570999
2291.679373512634 85.4892087056301
2289.618229562035 86.52530021503144
2287.5570856114364 86.46723107288362
2285.4959416608376 87.04646422057878
2283.4347977102393 86.64683377250047
2281.3736537596405 86.3118945077054
2279.3125098090422 87.6486245470449
2277.2513658584435 87.81496612354401
2275.1902219078447 88.01478902292048
2273.129077957246 87.23403967064692
2271.0679340066476 87.5575701354409
2269.006790056049 88.58577575518437
2266.94564610545 88.23622617816187
2264.8845021548514 89.00668945957156
2262.823358204253 89.24591836458742
2260.7622142536543 88.6979519068348
2258.701070303056 89.0094415234844
2256.639926352457 89.69475908895556
2254.5787824018585 89.88359320589133
2252.5176384512597 90.06120526669642
2250.4564945006614 90.56312290674043
2248.3953505500626 90.89402555620795
2246.334206599464 90.89049070909743
2244.273062648865 89.16389811707806
2242.211918698267 90.25174928881734
2240.150774747668 90.22949115543105
2238.0896307970697 90.411430559056
2236.028486846471 91.39435214579136
2233.967342895872 91.65567191991799
2231.9061989452734 90.86916473592416
2229.845054994675 90.72949443453705
2227.783911044076 91.64338899017126
2225.722767093477 90.64190530833534
2223.6616231428784 91.8050632090672
2221.60047919228 91.73735944732977
2219.5393352416813 92.864469240058
2217.478191291083 92.61264145544227
2215.4170473404843 91.87788935220236
2213.3559033898855 91.50004692402133
2211.2947594392867 92.33985596954153
2209.2336154886884 91.62932995653499
2207.1724715380897 93.15307980317768
2205.111327587491 93.3572626504974
2203.050183636892 95.1333939011117
2200.989039686294 92.25704042676288
2198.927895735695 93.09390946434519
2196.8667517850968 93.19731036052022
2194.805607834498 91.30857953705383
2192.7444638838992 94.04772252474207
2190.6833199333005 93.77895589002576
2188.622175982702 92.49933324313417
2186.5610320321034 92.37330720990856
2184.4998880815047 92.72539749667246
2182.438744130906 91.69417005440854
2180.3776001803076 92.48213954143634
2178.316456229709 92.86938378845406
2176.2553122791105 93.18636493142499
2174.1941683285118 92.5849472053279
2172.133024377913 92.62376559012822
2170.071880427314 93.40940050089347
2168.010736476716 94.42812611361424
2165.9495925261167 93.30471059624348
2163.888448575518 93.50916062325793
2161.827304624919 93.99453550628812
2159.766160674321 93.29188734624219
2157.705016723722 92.85721586516344
2155.643872773124 93.44528228316652
2153.582728822525 93.48298741821388
2151.5215848719263 92.7857123770604
2149.4604409213275 94.81647908151817
2147.399296970729 93.71317243899733
2145.3381530201304 93.44201497753967
2143.2770090695317 93.74977492860286
2141.215865118933 93.72288753022214
2139.1547211683346 94.57726029851636
2137.093577217736 93.38764616611117
2135.0324332671375 94.23761087136553
2132.971289316539 95.29782862869912
2130.91014536594 93.22237842124699
2128.8490014153413 94.17090014248112
2126.787857464743 94.18240690039643
2124.726713514144 93.80821248402715
2122.6655695635454 93.64127477462708
2120.6044256129467 95.15597743193007
2118.5432816623484 96.70988663689667
2116.4821377117496 95.28386357012029
2114.4209937611513 93.46986973769802
2112.3598498105525 94.37720337051539
2110.2987058599538 93.4492635555346
2108.237561909355 93.97197191999543
2106.1764179587567 95.21438640497256
2104.1152740081575 93.84201620870247
2102.0541300575587 93.1406248094601
2099.99298610696 92.99612892768464
2097.9318421563617 92.68501467660188
2095.870698205763 92.96980073753613
2093.8095542551646 94.61633147511705
2091.748410304566 93.61046861659439
2089.687266353967 91.77184354779332
2087.6261224033683 92.1979614985199
2085.56497845277 92.7991760971398
2083.5038345021712 93.13932422930998
2081.442690551573 94.07694131597422
2079.381546600974 92.34398429801146
2077.3204026503754 94.31891919782129
2075.2592586997766 92.99045788178354
2073.198114749178 92.71340059111934
2071.136970798579 92.46824816418483
2069.075826847981 92.52350447735238
2067.014682897382 91.1885267279371
2064.9535389467837 92.86582546944437
2062.8923949961845 93.29703513043252
2060.831251045586 92.59212575442469
2058.7701070949875 92.71884770586466
2056.708963144389 91.39999744750905
2054.6478191937904 91.67439249665232
2052.5866752431916 90.93929771882395
2050.525531292593 95.14737923310278
2048.4643873419946 99.56873271622247
2046.4032433913956 94.30269829476808
2044.3420994407973 91.04409972709189
2042.2809554901983 91.23464884469168
2040.2198115396 92.57340519473159
2038.1586675890012 91.89707011889013
2036.0975236384027 92.08349700533017
2034.036379687804 90.99679301852933
2031.9752357372054 91.81335906598318
2029.9140917866066 91.65826860381755
2027.852947836008 91.26347109695084
2025.791803885409 90.65285441662064
2023.7306599348108 90.54658919260898
2021.6695159842118 91.39154493678127
2019.6083720336135 90.39748347078496
2017.5472280830147 90.12102414993218
2015.4860841324162 90.38732843790308
2013.4249401818174 89.61607132094771
2011.3637962312189 91.04146305980603
2009.3026522806201 90.95869498908283
2007.2415083300216 91.78161050101008
2005.1803643794228 89.8083004601129
2003.1192204288245 90.53326548789182
2001.0580764782255 90.25869746803832
1998.9969325276272 89.89403668818956
1996.9357885770285 89.91771344045868
1994.8746446264297 89.83188867347164
1992.813500675831 89.75276332615776
1990.7523567252324 88.18529272283644
1988.6912127746336 89.14209010089063
1986.630068824035 88.4094462792666
1984.5689248734363 89.02025889820004
1982.5077809228378 88.66265562690644
1980.446636972239 88.01340164835732
1978.3854930216407 89.17809902484552
1976.324349071042 88.171716346009
1974.2632051204434 87.87106601050056
1972.2020611698447 88.44889183773329
1970.1409172192461 88.19102165354413
1968.0797732686474 87.14353294210704
1966.0186293180489 86.83315093395203
1963.9574853674499 87.37000553508638
1961.8963414168513 87.53953936079873
1959.8351974662526 86.88977384737017
1957.7740535156543 87.11968735751226
1955.7129095650555 87.17853517938411
1953.651765614457 86.50011001416863
1951.5906216638582 86.06965075652117
1949.5294777132597 86.21659805287666
1947.468333762661 86.18550943178165
1945.4071898120624 85.2039392961765
1943.3460458614636 85.52010448361686
1941.284901910865 85.4847967360439
1939.2237579602663 84.85076413459662
1937.162614009668 84.83165958690613
1935.1014700590692 85.38410003186767
1933.0403261084707 84.14814012281236
1930.9791821578717 83.37720409646198
1928.9180382072732 84.17144790543277
1926.8568942566744 81.3160366428084
1924.795750306076 82.5472100740406
1922.7346063554771 82.2905266550547
1920.6734624048786 81.7053005559599
1918.6123184542798 81.29469721059932
1916.5511745036815 80.45981648364119
1914.4900305530825 79.28943208370308
1912.4288866024842 79.0671505101688
1910.3677426518855 78.3109975450421
1908.306598701287 77.78144237003154
1906.2454547506882 76.35974203676228
1904.1843108000896 74.61875988107953
1902.1231668494909 73.90698189452272
1900.062022898892 72.52252740504188
1898.0008789482933 70.72111380015954
1895.939734997695 68.87148640207978
1893.878591047096 66.74625058597704
1891.8174470964977 64.97877029134523
1889.756303145899 63.0313899152566
1887.6951591953004 60.55283930136107
1885.6340152447017 58.676566822209786
1883.5728712941032 56.54738324676815
1881.5117273435044 54.367966218705796
1879.4505833929059 51.953052728392485
1877.389439442307 50.05000593059212
1875.3282954917088 47.78559717114138
1873.2671515411098 45.95495312107371
1871.2060075905115 43.9003016706553
1869.1448636399125 41.900870241259135
1867.083719689314 40.096903392802155
1865.0225757387152 39.137395949845356
1862.9614317881167 37.25126554624579
1860.900287837518 37.890965111588194
1858.8391438869194 34.57817738389211
1856.7779999363206 38.98921163642452
