iter      chisq       delta/lim  lambda   a             t             c            
   0 7.5746244717e+02   0.00e+00  8.16e-01    1.000000e+00   1.000000e+00   1.000000e+00
   1 4.9027020477e-03  -1.54e+10  8.16e-02    2.871564e-02   9.992270e-01   2.794161e-02
   2 2.7995178519e-03  -7.51e+04  8.16e-03    4.162897e-02   9.983932e-01   1.179630e-02
   3 2.2730458629e-03  -2.32e+04  8.16e-04    1.333531e+00   8.908397e-01  -1.279460e+00
   * 1.0577668488e-02   7.85e+04  8.16e-03    2.963559e+00  -4.006840e+00  -2.904413e+00
   * 6.3720426453e-03   6.43e+04  8.16e-02    2.100622e+00  -1.398875e+00  -2.044134e+00
   4 2.2411168405e-03  -1.42e+03  8.16e-03    1.347725e+00   8.485891e-01  -1.293533e+00
   * 6.7078897089e-03   6.66e+04  8.16e-02    2.073663e+00  -1.449937e+00  -2.016907e+00
   5 2.2042801683e-03  -1.67e+03  8.16e-03    1.362429e+00   8.020400e-01  -1.308183e+00
   * 7.1565855903e-03   6.92e+04  8.16e-02    2.035011e+00  -1.474984e+00  -1.977950e+00
   6 2.1588074450e-03  -2.11e+03  8.16e-03    1.377780e+00   7.500788e-01  -1.323467e+00
   * 7.7482726767e-03   7.21e+04  8.16e-02    1.981705e+00  -1.459769e+00  -1.924300e+00
   7 2.1004579890e-03  -2.78e+03  8.16e-03    1.393911e+00   6.910707e-01  -1.339511e+00
   * 8.5239577509e-03   7.54e+04  8.16e-02    1.910777e+00  -1.384331e+00  -1.852990e+00
   8 2.0214061966e-03  -3.91e+03  8.16e-03    1.411000e+00   6.224852e-01  -1.356481e+00
   * 9.5497628168e-03   7.88e+04  8.16e-02    1.820393e+00  -1.222842e+00  -1.762199e+00
   9 1.9053275165e-03  -6.09e+03  8.16e-03    1.429283e+00   5.401368e-01  -1.374588e+00
   * 1.1001076315e-02   8.27e+04  8.16e-02    1.712670e+00  -9.480168e-01  -1.654070e+00
  10 1.7118741222e-03  -1.13e+04  8.16e-03    1.449027e+00   4.366085e-01  -1.394037e+00
   * 1.3861211968e-02   8.76e+04  8.16e-02    1.599524e+00  -5.501221e-01  -1.540577e+00
  11 1.3232249880e-03  -2.94e+04  8.16e-03    1.470083e+00   2.991260e-01  -1.414486e+00
   * 4.8410366417e-02   9.73e+04  8.16e-02    1.511520e+00  -9.913928e-02  -1.452360e+00
  12 1.1088043349e-03  -1.93e+04  8.16e-03    1.487621e+00   1.350186e-01  -1.430408e+00
  13 5.5072884532e-04  -1.01e+05  8.16e-04    1.484257e+00   1.262469e-01  -1.425043e+00
  14 5.4936576210e-04  -2.48e+02  8.16e-05    9.416590e-01   8.037600e-02  -8.824420e-01
   * 8.2478653186e-04   3.34e+04  8.16e-04   -8.848147e+01  -7.607657e+00   8.854183e+01
   * 5.6370497511e-04   2.54e+03  8.16e-03   -3.899645e-01  -3.428915e-02   4.492031e-01
  15 5.4929101738e-04  -1.36e+01  8.16e-04    9.282874e-01   7.904310e-02  -8.690655e-01
   * 5.6070899381e-04   2.04e+03  8.16e-03   -4.481342e-01  -3.901400e-02   5.073743e-01
  16 5.4923894831e-04  -9.48e+00  8.16e-04    9.144508e-01   7.785861e-02  -8.552286e-01
   * 5.5988676500e-04   1.90e+03  8.16e-03   -5.036411e-01  -4.377743e-02   5.628826e-01
  17 5.4918362168e-04  -1.01e+01  8.16e-04    9.001908e-01   7.663482e-02  -8.409683e-01
   * 5.5918202433e-04   1.79e+03  8.16e-03   -5.629499e-01  -4.886225e-02   6.221930e-01
  18 5.4912463522e-04  -1.07e+01  8.16e-04    8.854725e-01   7.537174e-02  -8.262496e-01
   * 5.5858582045e-04   1.69e+03  8.16e-03   -6.264229e-01  -5.430393e-02   6.856677e-01
  19 5.4906154674e-04  -1.15e+01  8.16e-04    8.702575e-01   7.406604e-02  -8.110343e-01
   * 5.5807704911e-04   1.62e+03  8.16e-03   -6.946083e-01  -6.014939e-02   7.538551e-01
  20 5.4899383378e-04  -1.23e+01  8.16e-04    8.545023e-01   7.271398e-02  -7.952787e-01
   * 5.5764064326e-04   1.55e+03  8.16e-03   -7.681591e-01  -6.645454e-02   8.274081e-01
  21 5.4892087395e-04  -1.33e+01  8.16e-04    8.381567e-01   7.131127e-02  -7.789327e-01
   * 5.5726573417e-04   1.50e+03  8.16e-03   -8.478610e-01  -7.328668e-02   9.071125e-01
  22 5.4884191867e-04  -1.44e+01  8.16e-04    8.211629e-01   6.985293e-02  -7.619384e-01
   * 5.5694469125e-04   1.45e+03  8.16e-03   -9.346702e-01  -8.072768e-02   9.939245e-01
  23 5.4875605795e-04  -1.56e+01  8.16e-04    8.034535e-01   6.833318e-02  -7.442284e-01
   * 5.5667258174e-04   1.42e+03  8.16e-03   -1.029762e+00  -8.887822e-02   1.089020e+00
  24 5.4866217229e-04  -1.71e+01  8.16e-04    7.849490e-01   6.674522e-02  -7.257234e-01
   * 5.5644697083e-04   1.40e+03  8.16e-03   -1.134601e+00  -9.786366e-02   1.193863e+00
  25 5.4855886575e-04  -1.88e+01  8.16e-04    7.655552e-01   6.508095e-02  -7.063290e-01
   * 5.5626805999e-04   1.39e+03  8.16e-03   -1.251036e+00  -1.078423e-01   1.310302e+00
  26 5.4844437071e-04  -2.09e+01  8.16e-04    7.451589e-01   6.333066e-02  -6.859321e-01
   * 5.5613925151e-04   1.38e+03  8.16e-03   -1.381438e+00  -1.190171e-01   1.440708e+00
  27 5.4831640907e-04  -2.33e+01  8.16e-04    7.236220e-01   6.148250e-02  -6.643944e-01
   * 5.5606836632e-04   1.39e+03  8.16e-03   -1.528902e+00  -1.316531e-01   1.588179e+00
  28 5.4817198407e-04  -2.63e+01  8.16e-04    7.007736e-01   5.952182e-02  -6.415452e-01
   * 5.5607000570e-04   1.42e+03  8.16e-03   -1.697558e+00  -1.461036e-01   1.756842e+00
  29 5.4800705759e-04  -3.01e+01  8.16e-04    6.763986e-01   5.743016e-02  -6.171692e-01
   * 5.5617011181e-04   1.47e+03  8.16e-03   -1.893038e+00  -1.628509e-01   1.952331e+00
  30 5.4781603009e-04  -3.49e+01  8.16e-04    6.502201e-01   5.518377e-02  -5.909896e-01
   * 5.5641509583e-04   1.55e+03  8.16e-03   -2.123248e+00  -1.825713e-01   2.182553e+00
  31 5.4759086263e-04  -4.11e+01  8.16e-04    6.218723e-01   5.275129e-02  -5.626405e-01
   * 5.5689123240e-04   1.67e+03  8.16e-03   -2.399652e+00  -2.062457e-01   2.458973e+00
  32 5.4731950794e-04  -4.96e+01  8.16e-04    5.908571e-01   5.008998e-02  -5.316238e-01
   * 5.5776929815e-04   1.87e+03  8.16e-03   -2.739533e+00  -2.353526e-01   2.798876e+00
  33 5.4698290145e-04  -6.15e+01  8.16e-04    5.564687e-01   4.713933e-02  -4.972335e-01
   * 5.5941844332e-04   2.22e+03  8.16e-03   -3.170186e+00  -2.722263e-01   3.229560e+00
  34 5.4654864133e-04  -7.95e+01  8.16e-04    5.176550e-01   4.380914e-02  -4.584174e-01
   * 5.6273807970e-04   2.88e+03  8.16e-03   -3.737171e+00  -3.207620e-01   3.796592e+00
  35 5.4595599748e-04  -1.09e+02  8.16e-04    4.727390e-01   3.995565e-02  -4.134983e-01
   * 5.7031306268e-04   4.27e+03  8.16e-03   -4.521376e+00  -3.878722e-01   4.580875e+00
  36 5.4507366665e-04  -1.62e+02  8.16e-04    4.187820e-01   3.532703e-02  -3.595368e-01
   * 5.9155612879e-04   7.86e+03  8.16e-03   -5.673449e+00  -4.864209e-01   5.733097e+00
  37 5.4354418513e-04  -2.81e+02  8.16e-04    3.498468e-01   2.941468e-02  -2.905944e-01
   * 6.7526733775e-04   1.95e+04  8.16e-03   -7.437994e+00  -6.372449e-01   7.497989e+00
  38 5.3984124682e-04  -6.86e+02  8.16e-04    2.506862e-01   2.091334e-02  -1.914195e-01
   * 1.2192901505e-03   5.57e+04  8.16e-03   -9.161171e+00  -7.840499e-01   9.222216e+00
  39 4.9681647712e-04  -8.66e+03  8.16e-04    5.670455e-02   4.299742e-03   2.612025e-03
   * 3.1806712699e-03   8.44e+04  8.16e-03   -6.714928e-01  -5.796106e-02   7.343153e-01
   * 2.5744485496e-03   8.07e+04  8.16e-02   -5.695694e-01  -4.925837e-02   6.319400e-01
  40 3.8754740300e-04  -2.82e+04  8.16e-03    1.506845e-02   6.606925e-04   4.471021e-02
   * 4.3608804968e-01   9.99e+04  8.16e-02    6.912645e-03  -3.766854e-04   5.678771e-02
   * 4.8282879559e-01   9.99e+04  8.16e-01    6.993409e-03  -3.687884e-04   5.669257e-02
   * 1.6275823706e-03   7.62e+04  8.16e+00    1.128693e-02   5.327439e-05   5.161799e-02
  41 2.2139305280e-04  -7.50e+04  8.16e-01    1.546435e-02   6.546199e-04   4.526243e-02
   * 1.3257494774e-03   8.33e+04  8.16e+00    1.127896e-02   6.590179e-05   5.167518e-02
  42 1.8841352549e-04  -1.75e+04  8.16e-01    1.565842e-02   5.947806e-04   4.563877e-02
   * 7.2958720737e-04   7.42e+04  8.16e+00    1.167716e-02   1.021899e-04   5.155938e-02
  43 1.6859355551e-04  -1.18e+04  8.16e-01    1.575181e-02   5.534065e-04   4.596253e-02
   * 4.5079340882e-04   6.26e+04  8.16e+00    1.203761e-02   1.283440e-04   5.139219e-02
  44 1.5403202935e-04  -9.45e+03  8.16e-01    1.577869e-02   5.199564e-04   4.625734e-02
   * 2.9290776857e-04   4.74e+04  8.16e+00    1.237092e-02   1.492599e-04   5.120963e-02
  45 1.4135088506e-04  -8.97e+03  8.16e-01    1.576149e-02   4.911216e-04   4.653874e-02
   * 1.9523784790e-04   2.76e+04  8.16e+00    1.267961e-02   1.667932e-04   5.102472e-02
  46 1.2911084354e-04  -9.48e+03  8.16e-01    1.571463e-02   4.649622e-04   4.681544e-02
   * 1.3099375868e-04   1.44e+03  8.16e+00    1.296942e-02   1.821430e-04   5.084073e-02
  47 1.1668714210e-04  -1.06e+04  8.16e-01    1.564800e-02   4.403874e-04   4.709225e-02
  48 8.7580838337e-05  -3.32e+04  8.16e-02    1.324327e-02   1.959382e-04   5.065968e-02
  49 1.7521405007e-05  -4.00e+05  8.16e-03    1.428850e-02   2.507555e-04   4.988705e-02
  50 1.6301454237e-05  -7.48e+03  8.16e-04    1.454317e-02   2.531826e-04   4.975758e-02
  51 1.6301377037e-05  -4.74e-01  8.16e-05    1.454367e-02   2.531187e-04   4.975778e-02
iter      chisq       delta/lim  lambda   a             t             c            

After 51 iterations the fit converged.
final sum of squares of residuals : 1.63014e-05
rel. change during last iteration : -4.73576e-06

degrees of freedom    (FIT_NDF)                        : 197
rms of residuals      (FIT_STDFIT) = sqrt(WSSR/ndf)    : 0.00028766
variance of residuals (reduced chisquare) = WSSR/ndf   : 8.27481e-08

Final set of parameters            Asymptotic Standard Error
=======================            ==========================
a               = 0.0145437        +/- 8.108e-05    (0.5575%)
t               = 0.000253119      +/- 3.638e-06    (1.437%)
c               = 0.0497578        +/- 5.181e-05    (0.1041%)

correlation matrix of the fit parameters:
                a      t      c      
a               1.000 
t              -0.221  1.000 
c              -0.188 -0.836  1.000 
