# BEGINHEADER
# This file contains data from the SALSA 2m radio telescope.
# DATE=2024-01-31T11:47:0010
# GLON and GLAT given in degrees
# GLON=28.59084472742887
# GLAT=-32.388977978574964
# DATA in two columns below. Col. 1 is velocity relative to LSR [km/s]. Col. 2 is uncalibrated antenna temperature [K].
# ENDHEADER
2386.263026758758 92.46849233044881
2384.201882808159 193.19236351350227
2382.1407388575603 170.41908788357497
2380.0795949069616 185.33246036755293
2378.0184509563633 185.88248021260213
2375.9573070057645 197.1200861375591
2373.896163055166 198.55537992863628
2371.8350191045674 207.27724218652673
2369.7738751539687 216.1498332610513
2367.71273120337 225.13217313036145
2365.6515872527716 235.7273659252596
2363.590443302173 248.8644247103276
2361.529299351574 258.6656796561166
2359.4681554009753 267.79858349259
2357.407011450377 279.64202151658134
2355.3458674997783 293.4860441558188
2353.28472354918 300.02508732508676
2351.223579598581 312.2961060014037
2349.1624356479824 321.05274530059535
2347.1012916973837 335.08637055067607
2345.0401477467854 345.1498955664711
2342.979003796186 349.8977898800965
2340.9178598455874 357.8173079991689
2338.8567158949886 364.3199372375331
2336.7955719443903 371.4278319844117
2334.7344279937915 377.09839176565254
2332.6732840431932 382.2107995606377
2330.6121400925945 392.11035674058957
2328.5509961419957 391.05744573630955
2326.489852191397 396.77589993802087
2324.4287082407986 399.277427788961
2322.3675642902 400.6202305136652
2320.306420339601 409.1869676898115
2318.2452763890024 410.09480160549276
2316.184132438404 410.77305083791265
2314.1229884878053 409.05117656433424
2312.061844537207 412.32593733352445
2310.000700586608 417.5559971515786
2307.9395566360095 415.08337279800196
2305.8784126854107 417.0116118758578
2303.8172687348124 417.24401327329
2301.7561247842136 421.4593216584208
2299.694980833615 422.1451428337641
2297.633836883016 426.33330281768275
2295.572692932418 425.16418669113585
2293.511548981819 422.85356847780633
2291.4504050312207 428.7093117113269
2289.389261080622 428.59355535998924
2287.328117130023 428.6964858511717
2285.2669731794244 430.294011016185
2283.205829228826 430.16794362780774
2281.144685278227 430.25783463175145
2279.083541327628 433.85600765511055
2277.0223973770294 433.7734859498852
2274.961253426431 432.7883307391965
2272.9001094758323 434.64975424118103
2270.838965525234 434.7774620509792
2268.7778215746353 437.75737823049013
2266.7166776240365 438.371172823354
2264.6555336734377 442.3554752854
2262.5943897228394 443.7987670750618
2260.5332457722407 443.4379421659761
2258.472101821642 442.0658928427446
2256.410957871043 439.79018396336966
2254.349813920445 444.63014562736095
2252.288669969846 444.6906495540918
2250.2275260192478 443.05835988782906
2248.166382068649 446.0807147909412
2246.1052381180502 444.79549482314354
2244.0440941674515 449.92859264122137
2241.982950216853 448.8683886848078
2239.9218062662544 444.9642875940059
2237.8606623156556 447.4683727726255
2235.799518365057 451.10305919462405
2233.7383744144586 450.4383131504714
2231.67723046386 449.52063312183793
2229.6160865132615 450.9485058094943
2227.5549425626627 451.67896709576695
2225.493798612064 450.2607350151771
2223.432654661465 451.5569513897571
2221.371510710867 452.08950555490395
2219.3103667602677 451.36434947002266
2217.249222809669 454.87918945881484
2215.18807885907 454.44634584532315
2213.126934908472 455.60900436205833
2211.065790957873 455.12585907574476
2209.004647007275 454.72211967010463
2206.943503056676 466.56587492269165
2204.8823591060773 453.17347330432506
2202.8212151554785 453.3116085423727
2200.76007120488 454.89969987415446
2198.6989272542814 450.7022887150468
2196.6377833036827 453.1330688276898
2194.576639353084 459.4930170210898
2192.5154954024856 461.8549353258145
2190.454351451887 450.5630779944522
2188.3932075012885 456.62201784201307
2186.33206355069 452.7293532446525
2184.270919600091 451.9849178096827
2182.2097756494923 459.0239406930079
2180.148631698894 454.90445110489566
2178.087487748295 456.7167680492209
2176.0263437976964 456.1597378637617
2173.9651998470977 455.7547077587356
2171.9040558964994 455.5018738735271
2169.8429119459006 455.2792779271223
2167.7817679953023 458.8791799544002
2165.7206240447035 455.97405861976705
2163.6594800941048 457.8254245093412
2161.598336143506 452.67006516625275
2159.5371921929077 456.8332117260796
2157.476048242309 454.6494066183748
2155.4149042917097 459.25725576118157
2153.353760341111 461.6257450871908
2151.2926163905126 456.51097881846766
2149.231472439914 461.4601551754195
2147.1703284893156 457.1506546000473
2145.109184538717 459.4879710219719
2143.048040588118 459.0034528790389
2140.9868966375193 456.182889170043
2138.925752686921 462.0907521469751
2136.864608736322 458.9889807357975
2134.8034647857235 459.71441141485315
2132.7423208351247 455.80808969038657
2130.6811768845264 457.75879972429715
2128.6200329339276 460.9943350515441
2126.5588889833293 459.63592657055364
2124.4977450327306 457.10300106151107
2122.436601082132 446.1442032849824
2120.375457131533 455.1824290699382
2118.3143131809347 458.97737328831073
2116.253169230336 460.9381770211351
2114.192025279737 458.28507341448596
2112.1308813291384 458.57466043258694
2110.06973737854 458.39146064730215
2108.0085934279414 460.3748531534445
2105.947449477343 457.2768106640125
2103.886305526744 459.2609507833068
2101.8251615761455 457.0818374310129
2099.764017625547 455.4010839900306
2097.7028736749485 455.39536635206696
2095.6417297243493 456.77525917850204
2093.580585773751 455.7217174484702
2091.519441823152 458.81762691195655
2089.4582978725534 456.25906609847294
2087.3971539219547 453.89135116576733
2085.3360099713564 457.98890074143213
2083.2748660207576 453.02323870233386
2081.213722070159 453.14347619480066
2079.15257811956 452.3412724859813
2077.0914341689618 454.4736774602918
2075.030290218363 454.292603193063
2072.9691462677647 454.6338123873941
2070.908002317166 453.4322019263517
2068.846858366567 453.09451975351425
2066.7857144159684 460.92945224099935
2064.72457046537 451.5331622360833
2062.663426514771 451.612001911605
2060.6022825641726 452.89716995785864
2058.541138613574 447.0209990800326
2056.4799946629755 451.8871144978707
2054.4188507123763 450.52944154644655
2052.357706761778 489.19763858671286
2050.2965628111792 470.4564825825791
2048.235418860581 446.14543425026085
2046.174274909982 456.5155646442318
2044.1131309593834 452.56461701988076
2042.0519870087846 449.70955280859806
2039.990843058186 451.42722580423055
2037.9296991075873 453.7466344591951
2035.868555156989 449.0990296650709
2033.80741120639 448.3495109325043
2031.7462672557917 444.79758348773373
2029.685123305193 446.6241286082021
2027.6239793545944 448.11459265609363
2025.5628354039957 449.8089997302454
2023.5016914533971 448.67176643984806
2021.4405475027984 442.1603998254629
2019.3794035521998 443.02501463008
2017.318259601601 447.2514080934909
2015.2571156510023 446.8732858098944
2013.1959717004036 441.9029817266853
2011.1348277498053 438.34593668931046
2009.0736837992065 442.7145327535859
2007.012539848608 442.6610920488007
2004.9513958980092 438.622023975703
2002.8902519474107 439.539227027566
2000.829107996812 439.27315482627347
1998.7679640462134 439.84151312744086
1996.7068200956146 444.0038669978387
1994.645676145016 440.2335314777179
1992.5845321944173 439.40835332411103
1990.523388243819 438.7852980237825
1988.4622442932202 435.08867898313366
1986.4011003426217 437.1057363236938
1984.3399563920227 430.77182268168104
1982.2788124414242 432.1158273328786
1980.2176684908254 434.62731486030464
1978.1565245402269 433.9859719171019
1976.0953805896281 438.4133161668307
1974.0342366390296 431.92411247402174
1971.9730926884308 429.0561112206547
1969.9119487378325 429.6167754482378
1967.8508047872335 432.609394189966
1965.7896608366352 428.6774828833683
1963.7285168860365 430.62772104524726
1961.667372935438 426.9486633796377
1959.6062289848392 426.2983073925349
1957.5450850342406 427.7574228689169
1955.4839410836419 421.53080986648877
1953.422797133043 420.85305943398333
1951.3616531824443 416.87865125687557
1949.300509231846 419.31468410092396
1947.239365281247 417.17083381643437
1945.1782213306487 417.44861003670326
1943.11707738005 416.2091668398848
1941.0559334294514 414.24565921731283
1938.9947894788527 414.7978641160489
1936.9336455282541 411.47338680018976
1934.8725015776554 415.8243257575513
1932.8113576270569 411.5496641313475
1930.750213676458 409.95131195778083
1928.6890697258598 409.4582202951973
1926.6279257752608 408.8675952748192
1924.5667818246625 399.3578953839351
1922.5056378740637 397.50894686856486
1920.444493923465 397.86757904711754
1918.3833499728662 393.7734390455474
1916.3222060222677 391.03965041712735
1914.261062071669 387.2780435653649
1912.1999181210704 379.2625990739285
1910.1387741704716 375.1792330216271
1908.0776302198733 371.3133369471422
1906.0164862692743 362.17600756214193
1903.955342318676 354.31457383433974
1901.8941983680772 348.768670396926
1899.8330544174787 340.80104414839303
1897.77191046688 330.0853233711893
1895.7107665162814 324.52459717959005
1893.6496225656826 309.61093783232866
1891.5884786150841 301.5887934985486
1889.5273346644851 291.829278141737
1887.4661907138868 276.8624069775327
1885.4050467632878 269.2691911249782
1883.3439028126895 258.24489826526695
1881.2827588620908 246.22824129339034
1879.2216149114922 234.20567059049336
1877.1604709608935 225.10782751273024
1875.099327010295 215.571631496315
1873.0381830596962 208.10162719205536
1870.9770391090976 196.6237802865766
1868.9158951584989 194.23345494642288
1866.8547512079006 184.60247274809333
1864.7936072573016 187.24574012925262
1862.7324633067033 170.7459947006459
1860.6713193561045 192.0487398394134
