# BEGINHEADER
# This file contains data from the SALSA 2m radio telescope.
# DATE=2024-01-31T12:03:0055
# GLON and GLAT given in degrees
# GLON=39.55837572804107
# GLAT=-31.364655012576687
# DATA in two columns below. Col. 1 is velocity relative to LSR [km/s]. Col. 2 is uncalibrated antenna temperature [K].
# ENDHEADER
2384.967192049419 19.794557513511815
2382.90604809882 40.656313263925945
2380.8449041482218 36.33275214616603
2378.7837601976225 39.689527691384924
2376.722616247024 38.902277840906486
2374.661472296425 41.67339098776752
2372.6003283458267 42.11405123980364
2370.539184395228 44.539364824732566
2368.4780404446296 46.17625753409984
2366.416896494031 47.998792085161185
2364.355752543432 50.79148121663585
2362.2946085928334 52.13934902282915
2360.233464642235 54.83271906065104
2358.1723206916363 57.100122149731334
2356.1111767410375 59.87349377302679
2354.0500327904388 62.42541810662255
2351.9888888398405 63.93544898481705
2349.9277448892417 66.28166004730913
2347.8666009386434 67.99786084851846
2345.8054569880446 70.56697052329206
2343.744313037446 72.72950948774462
2341.683169086847 74.89617309420515
2339.622025136249 75.34662939523659
2337.56088118565 76.69043580382048
2335.4997372350513 78.88456706937268
2333.4385932844525 80.31745837064454
2331.377449333854 81.6065360542728
2329.3163053832554 82.07371819581901
2327.255161432657 82.82370295323787
2325.1940174820584 83.8921393212023
2323.1328735314596 85.29127489266992
2321.071729580861 85.89009098152005
2319.0105856302625 86.61816238629855
2316.9494416796633 86.7801523240691
2314.8882977290646 87.66262800487111
2312.827153778466 87.15547327880323
2310.7660098278675 88.3398133617107
2308.7048658772687 88.33817540688953
2306.6437219266704 87.92071437651919
2304.5825779760717 89.4165408605609
2302.521434025473 89.52753358856081
2300.460290074874 90.34235906590085
2298.399146124276 89.46500425247197
2296.338002173677 90.08889975578295
2294.2768582230783 89.51883231837957
2292.2157142724795 89.89500894287681
2290.1545703218812 90.63656383134777
2288.0934263712825 91.01456321133949
2286.032282420684 91.21153888057029
2283.9711384700854 89.86432264062987
2281.9099945194866 91.40513333869482
2279.848850568888 92.5126610988878
2277.7877066182896 92.2593079864261
2275.726562667691 92.51118287881981
2273.665418717092 91.74699718265873
2271.6042747664933 91.83303239357114
2269.543130815895 92.85929832683546
2267.481986865296 92.6057789324717
2265.420842914698 92.83564440060175
2263.359698964099 92.57734782633688
2261.2985550135004 93.8407550359027
2259.2374110629016 92.50507184046465
2257.1762671123033 93.56434624175196
2255.115123161704 94.33485319743606
2253.0539792111053 94.07704551188105
2250.9928352605066 93.77868475074384
2248.9316913099083 95.12270047415434
2246.8705473593095 94.13318908291852
2244.809403408711 95.4786481922332
2242.7482594581124 94.71469221063884
2240.6871155075137 94.2153902865882
2238.625971556915 94.52173674183969
2236.5648276063166 95.32641982024907
2234.503683655718 95.13509478517064
2232.442539705119 95.07202309052167
2230.3813957545203 95.46962804238824
2228.320251803922 94.47194625654964
2226.2591078533233 95.16242233950501
2224.197963902725 95.29601645818803
2222.136819952126 95.62444766823565
2220.0756760015274 95.5487397453401
2218.0145320509287 95.62084625702134
2215.9533881003304 95.21012229107399
2213.8922441497316 95.82904648874694
2211.831100199133 96.48617573305269
2209.769956248534 95.15217185564994
2207.7088122979358 97.56436676407006
2205.647668347337 104.02994896344555
2203.5865243967387 96.63654348702147
2201.52538044614 96.66696265789379
2199.464236495541 95.8051066408529
2197.4030925449424 96.06902022649255
2195.341948594344 95.7800915043515
2193.2808046437453 96.87002872045765
2191.219660693146 96.61367106466595
2189.1585167425474 96.61356425318029
2187.097372791949 96.34332602751194
2185.0362288413503 96.94338310224173
2182.975084890752 95.99236874604492
2180.913940940153 96.47230782081384
2178.8527969895545 96.2529693078539
2176.7916530389557 97.3073786198792
2174.7305090883574 97.05320569145884
2172.6693651377586 97.08073447149285
2170.60822118716 95.87543363908398
2168.547077236561 97.0562118013789
2166.485933285963 97.2077156427496
2164.424789335364 96.80793189129257
2162.3636453847657 96.67086357365235
2160.302501434167 96.96013114003031
2158.241357483568 96.83116864508958
2156.1802135329694 97.97267244251655
2154.119069582371 97.16520063206777
2152.0579256317724 96.97662472389891
2149.9967816811736 97.52994189317896
2147.935637730575 96.76099026723334
2145.8744937799765 96.83663709120579
2143.813349829378 97.28367803133641
2141.7522058787795 97.05414104555268
2139.6910619281807 96.79002578968708
2137.629917977582 97.49763117519747
2135.568774026983 99.61806206574308
2133.507630076385 97.50083414542118
2131.446486125786 96.98013051578202
2129.385342175187 98.11775920105825
2127.324198224588 98.34247204548794
2125.26305427399 97.24829540354092
2123.201910323391 99.75010522289445
2121.1407663727928 101.78591647123467
2119.079622422194 99.12140140298514
2117.0184784715952 97.13444211280732
2114.9573345209965 96.9951196367582
2112.896190570398 97.50227567009006
2110.8350466197994 97.04342332754143
2108.7739026692007 97.81850293510809
2106.712758718602 97.06111756815461
2104.6516147680036 96.241293214814
2102.590470817405 95.89078619216146
2100.5293268668065 97.24945560305922
2098.4681829162073 97.50679749404289
2096.407038965609 96.74717953997238
2094.3458950150102 97.17032872828742
2092.284751064412 97.12837696282251
2090.2236071138127 96.06113328314896
2088.1624631632144 96.18150154560354
2086.1013192126156 96.48642843638761
2084.0401752620173 96.79975367613244
2081.9790313114186 96.51515579118903
2079.91788736082 98.26883369573092
2077.856743410221 97.00518036418711
2075.7955994596227 96.16901705819353
2073.734455509024 97.28706427059774
2071.6733115584257 96.19773170853652
2069.6121676078264 96.75141954319118
2067.551023657228 96.74243817671854
2065.4898797066294 97.46296617782616
2063.4287357560306 97.03000494590535
2061.367591805432 95.07619604290325
2059.3064478548336 96.81964540735466
2057.245303904235 93.76168973469142
2055.184159953636 99.36307366675503
2053.1230160030373 91.65520703461199
2051.061872052439 135.19076861851684
2049.00072810184 112.84321669280193
2046.9395841512417 91.29151048349742
2044.878440200643 98.44680323241677
2042.8172962500444 94.46365662842241
2040.7561522994456 96.94473681654911
2038.695008348847 95.55128262229873
2036.6338643982483 96.76351901305507
2034.5727204476498 95.43148926918664
2032.511576497051 95.14476294981154
2030.4504325464525 94.45148963828349
2028.3892885958537 95.68920522032283
2026.3281446452554 94.9677673679556
2024.2670006946566 94.78642874487647
2022.205856744058 95.52999650390935
2020.1447127934591 95.25423280671924
2018.0835688428606 94.72218968744193
2016.0224248922618 95.49762139061073
2013.9612809416633 94.15272008039794
2011.9001369910645 93.77949570617673
2009.838993040466 93.23130506224486
2007.7778490898672 95.30645259324169
2005.716705139269 93.97223290863323
2003.6555611886702 94.46567415534783
2001.5944172380716 94.11478586885848
1999.5332732874729 93.40240284987996
1997.4721293368743 93.70972370098109
1995.4109853862756 93.39189796357044
1993.349841435677 95.23289779073941
1991.2886974850783 93.36134265409048
1989.2275535344795 93.5347809619973
1987.1664095838807 93.39887296224505
1985.1052656332824 93.11623755431407
1983.0441216826835 92.61678801302081
1980.9829777320851 92.92756941199451
1978.9218337814864 92.45252883089871
1976.8606898308878 91.83512141795472
1974.799545880289 91.78178197226181
1972.7384019296906 91.70221833231508
1970.6772579790918 91.86115786653265
1968.6161140284933 91.28209834751858
1966.5549700778945 91.53032424243551
1964.4938261272962 91.4006839000764
1962.4326821766972 90.41004760321316
1960.371538226099 89.83494118526814
1958.3103942755 90.15588568769954
1956.2492503249014 90.44005714045402
1954.1881063743026 90.62362268171616
1952.126962423704 90.42185759805108
1950.0658184731053 90.14609726976357
1948.0046745225068 89.4136701019812
1945.943530571908 88.9267087374368
1943.8823866213097 89.52332932745867
1941.8212426707107 88.56007641770988
1939.7600987201124 89.08797243505721
1937.6989547695136 88.37177981302773
1935.637810818915 87.39088428978489
1933.5766668683164 88.31766029470148
1931.5155229177178 87.38894868028213
1929.454378967119 86.76013614699228
1927.3932350165205 87.17569464860752
1925.3320910659215 86.79899076539729
1923.2709471153232 85.97973743756692
1921.2098031647242 85.98514426217704
1919.148659214126 84.12475536468182
1917.0875152635272 83.7784954629823
1915.0263713129286 83.37571292831656
1912.9652273623299 83.28537676753105
1910.9040834117313 81.62559452116153
1908.8429394611326 79.77198981988968
1906.781795510534 78.90937960353669
1904.7206515599353 77.47816465301231
1902.659507609337 75.49529238578268
1900.598363658738 74.19478932720155
1898.5372197081397 72.74057986988896
1896.476075757541 70.7049636882253
1894.4149318069421 68.50132216242628
1892.3537878563434 66.68820804075064
1890.2926439057449 64.17396012660318
1888.231499955146 61.691901102614395
1886.1703560045476 59.68263943801705
1884.1092120539488 57.036019157297126
1882.0480681033505 54.62842172083845
1879.9869241527515 52.8350378247437
1877.9257802021532 50.32382324141827
1875.8646362515544 48.1561420906167
1873.803492300956 46.09460879884018
1871.7423483503571 44.31057194371499
1869.6812043997586 42.22793444897651
1867.6200604491598 41.344074689991615
1865.5589164985613 39.14754599196795
1863.4977725479623 39.88442981402434
1861.436628597364 36.18239768227156
1859.375484646765 40.70289187873578
