# BEGINHEADER
# This file contains data from the SALSA 2m radio telescope.
# DATE=2024-01-31T12:08:0015
# GLON and GLAT given in degrees
# GLON=45.90830486838061
# GLAT=-29.180296410476075
# DATA in two columns below. Col. 1 is velocity relative to LSR [km/s]. Col. 2 is uncalibrated antenna temperature [K].
# ENDHEADER
2384.8155361626573 17.631816752781415
2382.7543922120585 37.050189688603346
2380.69324826146 33.192551846638175
2378.6321043108615 36.29540841817451
2376.570960360263 35.55179780414663
2374.5098164096644 37.37755018443972
2372.4486724590656 38.16336725455596
2370.387528508467 39.91250260629605
2368.3263845578686 41.353484023327596
2366.26524060727 43.52565317084849
2364.204096656671 45.05091975116067
2362.1429527060723 46.94707022377673
2360.081808755474 49.25608066754064
2358.0206648048747 51.16054120369805
2355.9595208542764 53.29951889477032
2353.8983769036777 55.611818956412996
2351.837232953079 57.734219981713146
2349.77608900248 60.27726064006555
2347.714945051882 62.06488674174277
2345.653801101283 63.70280247574521
2343.5926571506843 66.11470872704061
2341.5315132000856 67.11375057025872
2339.4703692494872 68.87531572022066
2337.4092252988885 69.84033772098832
2335.34808134829 71.6638489874612
2333.2869373976914 72.34587952774055
2331.2257934470927 73.6259306806149
2329.164649496494 74.67160602066144
2327.1035055458956 75.83844864580703
2325.042361595297 75.7790049621439
2322.981217644698 75.92750889794496
2320.9200736940993 77.67225719273563
2318.858929743501 77.01863303204001
2316.7977857929022 77.2940787013797
2314.736641842304 78.68929357287601
2312.675497891705 78.83229401541628
2310.6143539411064 79.77054921363181
2308.5532099905076 79.33042730276694
2306.4920660399093 80.02984026587573
2304.4309220893106 81.46392942312795
2302.369778138712 81.02566748079715
2300.308634188113 80.91994086363961
2298.2474902375147 80.48087894493028
2296.186346286916 80.81960015633179
2294.125202336317 81.05274139456913
2292.0640583857185 81.84736025610545
2290.0029144351197 80.9519863038367
2287.941770484521 82.32585176336057
2285.8806265339226 81.56908098366334
2283.819482583324 82.24884952974513
2281.758338632725 82.22241801922536
2279.6971946821263 82.15010151299643
2277.636050731528 83.18331518774174
2275.5749067809293 82.15550899933164
2273.513762830331 83.12461382329752
2271.452618879732 83.29720447008312
2269.3914749291334 82.90862844995624
2267.3303309785347 83.28688950840179
2265.2691870279364 84.43204678869778
2263.2080430773376 84.52283805551586
2261.146899126739 83.54089333676367
2259.08575517614 84.71766124527005
2257.024611225542 85.03975522153428
2254.963467274943 85.10822314233923
2252.9023233243447 84.95241250261935
2250.841179373746 84.87035177473685
2248.780035423147 85.47365996957551
2246.7188914725484 84.87947082622506
2244.65774752195 85.28704295414227
2242.5966035713514 85.59916380291223
2240.5354596207526 85.28023661747896
2238.474315670154 85.33518880435442
2236.4131717195555 86.10617567401425
2234.3520277689568 85.37040296305995
2232.2908838183585 85.6398844686284
2230.2297398677592 86.24029280707964
2228.1685959171605 86.27172936590755
2226.1074519665617 85.89257018538535
2224.0463080159634 85.04412070059884
2221.9851640653646 85.50546034171708
2219.924020114766 86.138656873906
2217.862876164167 86.45336168159741
2215.801732213569 86.22284050431865
2213.74058826297 86.1376753622523
2211.6794443123717 85.99226629415153
2209.618300361773 87.07032325022384
2207.557156411174 87.21987303054033
2205.4960124605755 87.12381751815334
2203.434868509977 86.68936425286182
2201.3737245593784 86.96016067729533
2199.3125806087796 87.18410342992134
2197.251436658181 86.50518329329128
2195.1902927075826 86.32061793350404
2193.129148756984 87.41790130957573
2191.0680048063855 86.34990293803679
2189.0068608557867 87.21801485610054
2186.945716905188 87.23779824232905
2184.884572954589 87.07040239627672
2182.823429003991 87.37102677066481
2180.762285053392 88.00003977219879
2178.7011411027934 87.42703535085406
2176.6399971521946 88.18002565612423
2174.5788532015963 87.12859768729705
2172.5177092509975 88.06462646775728
2170.4565653003992 87.61814400763498
2168.3954213498 87.01836266352574
2166.3342773992013 88.1374668646281
2164.2731334486025 87.5740419690948
2162.211989498004 87.02514308062007
2160.1508455474054 87.59399916562991
2158.0897015968067 88.40488160760023
2156.028557646208 87.23319882050741
2153.9674136956096 88.19496346509916
2151.906269745011 88.46808365828603
2149.8451257944125 87.5607741505176
2147.7839818438138 87.82483835791545
2145.722837893215 87.94003157369724
2143.6616939426162 87.94037840280161
2141.600549992018 88.01441347652509
2139.539406041419 88.13325723983525
2137.4782620908204 88.86890484893718
2135.4171181402216 88.99023209276724
2133.3559741896233 88.47560019241241
2131.2948302390246 88.69558409536765
2129.2336862884263 88.34484558666033
2127.1725423378275 88.72844177146371
2125.1113983872287 89.14906844092556
2123.05025443663 91.02314451341837
2120.9891104860317 92.96938646767214
2118.927966535433 89.23106660392095
2116.866822584834 88.65493924652738
2114.8056786342354 88.06611990047455
2112.744534683637 87.6833748338781
2110.6833907330383 88.4337245112523
2108.62224678244 88.27758992113989
2106.561102831841 88.26186242341157
2104.499958881242 87.64119559774525
2102.4388149306433 88.39166369161875
2100.377670980045 88.11898877373771
2098.316527029446 87.02715687111254
2096.255383078848 87.20792793263502
2094.194239128249 88.67018086094717
2092.1330951776504 87.83489533587915
2090.0719512270516 87.51382917032375
2088.0108072764533 87.38260237667396
2085.9496633258545 88.18184054041433
2083.888519375256 88.59403973314299
2081.827375424657 86.80769167958839
2079.7662314740587 88.35488586331067
2077.70508752346 87.95591930809941
2075.6439435728616 87.78315501227253
2073.5827996222624 87.09139221173453
2071.521655671664 86.16083007238635
2069.4605117210654 86.56596343393774
2067.3993677704666 87.069214827467
2065.338223819868 87.70850934506473
2063.2770798692695 87.6186870185914
2061.2159359186708 86.19573543035108
2059.1547919680725 87.88288342080502
2057.0936480174732 84.98470073650012
2055.032504066875 89.10362177387624
2052.971360116276 81.97102076614718
2050.910216165678 117.63704088354507
2048.849072215079 102.4874639584107
2046.7879282644803 81.1411896570986
2044.7267843138816 89.74446786547905
2042.665640363283 85.65812435017246
2040.6044964126843 87.94026676889465
2038.543352462086 86.2220474550942
2036.482208511487 88.19612241481057
2034.4210645608887 86.52325204358849
2032.35992061029 85.77295494318713
2030.2987766596914 87.05642702104295
2028.2376327090924 85.93248157122521
2026.1764887584939 86.00957712135909
2024.115344807895 85.36523748219699
2022.0542008572966 86.38434693601411
2019.9930569066978 85.79099086862017
2017.9319129560995 84.66099252825342
2015.8707690055005 85.47363385627115
2013.8096250549022 84.99560517487907
2011.7484811043034 85.48669222151362
2009.687337153705 86.3032247203617
2007.6261932031061 85.84561165119868
2005.5650492525076 84.9509941037281
2003.5039053019088 85.63784647631017
2001.4427613513103 85.3531771128202
1999.3816174007115 84.58906281192041
1997.3204734501128 84.59424037017511
1995.259329499514 85.60899237060688
1993.1981855489157 85.47959259065867
1991.137041598317 84.26317924597012
1989.0758976477184 84.28181712742136
1987.0147536971197 84.37697811435004
1984.9536097465211 84.14225847794769
1982.8924657959224 83.65993381915855
1980.8313218453238 84.30509376043531
1978.770177894725 83.69167056859716
1976.7090339441265 83.3088816639305
1974.6478899935278 83.63057858995214
1972.5867460429295 83.58442825419795
1970.5256020923307 83.6063552242736
1968.4644581417322 82.32308827624315
1966.4033141911334 83.1048914074528
1964.3421702405346 82.34763070920569
1962.2810262899359 82.77281350310687
1960.2198823393373 82.11951868432062
1958.1587383887386 82.21403474231798
1956.09759443814 81.9656644524643
1954.0364504875413 82.1589878391376
1951.975306536943 81.72044652864602
1949.914162586344 81.67380646486949
1947.8530186357457 81.36669458504922
1945.791874685147 81.11858624237395
1943.7307307345484 80.96081791500545
1941.6695867839496 80.13856019006563
1939.608442833351 80.84291649917017
1937.5472988827523 79.921838530535
1935.4861549321538 80.6135595044172
1933.4250109815548 79.13755988778942
1931.3638670309565 79.27308892123699
1929.3027230803575 79.22081897335633
1927.2415791297592 78.37038240666566
1925.1804351791604 77.66373112414549
1923.119291228562 78.45881807222946
1921.0581472779631 77.73910101261784
1918.9970033273646 77.16504365006402
1916.9358593767658 75.76148721982057
1914.8747154261673 74.98507721445405
1912.8135714755686 73.74472241929813
1910.7524275249702 72.85874062614643
1908.6912835743713 72.81307867348791
1906.630139623773 71.53708505779466
1904.5689956731742 69.24085261009479
1902.5078517225754 68.21283434702768
1900.4467077719767 67.0779180416075
1898.3855638213781 65.35877427821589
1896.3244198707794 63.508931253754945
1894.2632759201808 62.14514028874787
1892.202131969582 60.11529496976906
1890.1409880189838 57.948825882112935
1888.0798440683848 55.96003611035175
1886.0187001177865 53.923053364690816
1883.9575561671877 51.29779115354352
1881.8964122165892 49.576723120255
1879.8352682659904 47.13391475766156
1877.7741243153919 45.65486866520613
1875.712980364793 43.8121552992753
1873.6518364141946 41.75969651759004
1871.5906924635956 40.362984860535825
1869.5295485129973 38.11012879045874
1867.4684045623983 37.37549205012818
1865.4072606118 35.690256449462694
1863.3461166612012 35.962257669191565
1861.2849727106027 33.07901627173731
1859.223828760004 36.95945501060474
