# BEGINHEADER
# This file contains data from the SALSA 2m radio telescope.
# DATE=2024-01-31T11:50:0045
# GLON and GLAT given in degrees
# GLON=33.61317645610493
# GLAT=-43.27137636306975
# DATA in two columns below. Col. 1 is velocity relative to LSR [km/s]. Col. 2 is uncalibrated antenna temperature [K].
# ENDHEADER
2377.9186105999347 17.75307687621662
2375.857466649336 36.611253785561274
2373.7963226987376 32.586327252319656
2371.735178748139 35.66142352883428
2369.67403479754 35.261804852153325
2367.6128908469414 37.12089361913672
2365.551746896343 37.69698834879502
2363.4906029457443 39.782264578723385
2361.4294589951455 40.99194614187567
2359.3683150445468 43.235683112438714
2357.3071710939485 45.164343319053216
2355.2460271433492 46.94500114680581
2353.184883192751 48.854401584634346
2351.123739242152 50.94505387993433
2349.0625952915534 53.305555391722
2347.0014513409546 55.34506238186044
2344.9403073903563 57.33140090919496
2342.8791634397576 59.496791971667
2340.818019489159 62.362935569521845
2338.75687553856 63.257289256452054
2336.6957315879617 64.38858068082854
2334.634587637363 66.58179077417184
2332.5734436867647 67.58994709325998
2330.512299736166 69.2294904077448
2328.451155785567 71.12725849129967
2326.3900118349684 72.13078643967391
2324.32886788437 72.83219028314284
2322.2677239337713 74.84370467939014
2320.2065799831726 74.7221303150169
2318.145436032574 75.97137742747948
2316.0842920819755 77.09838460316065
2314.0231481313767 77.43059291749795
2311.9620041807784 77.04082574391829
2309.9008602301797 78.15061888047823
2307.839716279581 78.40011136697527
2305.778572328982 78.90842226869628
2303.717428378384 79.12192802897673
2301.656284427785 79.8198236063695
2299.5951404771863 80.33394507348429
2297.5339965265875 80.48604609564467
2295.4728525759892 79.9909021280127
2293.41170862539 79.99904033145498
2291.3505646747917 80.72340621260649
2289.289420724193 80.52137110351353
2287.228276773594 80.47907235739811
2285.1671328229954 81.36401910062297
2283.105988872397 81.3273716381879
2281.0448449217984 81.11928992837746
2278.9837009711996 81.52321741767923
2276.922557020601 82.30017220241643
2274.8614130700025 81.98245165316492
2272.8002691194038 81.86772400296955
2270.7391251688055 82.5246235530984
2268.6779812182067 82.28730759408047
2266.616837267608 82.3177613234873
2264.555693317009 82.57080708528692
2262.494549366411 82.89293851256184
2260.433405415812 82.91265300478658
2258.3722614652133 83.77355246985557
2256.3111175146146 83.21568814110665
2254.2499735640163 83.65148493777288
2252.1888296134175 83.47772295015142
2250.127685662819 84.1495804512011
2248.0665417122204 84.20698614877243
2246.0053977616217 83.92901127062478
2243.944253811023 84.1928378690099
2241.8831098604246 84.30242944648552
2239.821965909826 84.49959246964374
2237.760821959227 84.65567210600707
2235.6996780086283 84.48788211811303
2233.63853405803 84.68042036454763
2231.5773901074313 85.27887601834789
2229.5162461568325 85.71149777432422
2227.4551022062337 83.8182324847909
2225.393958255635 85.1962367369189
2223.332814305036 85.45534442270562
2221.271670354438 85.08583152347946
2219.210526403839 85.86170351399298
2217.1493824532404 86.11982746550682
2215.0882385026416 86.27519579193931
2213.0270945520433 86.02037124195037
2210.9659506014445 86.5197601443647
2208.9048066508462 85.39383777339081
2206.8436627002475 85.62842700525252
2204.7825187496487 87.6008203317023
2202.72137479905 86.26054584527658
2200.6602308484516 89.08836490434946
2198.599086897853 98.69034654241857
2196.537942947254 85.79875739290853
2194.4767989966554 86.84095111426154
2192.415655046057 86.56238063255071
2190.3545110954583 87.37501566262459
2188.29336714486 86.48539202550866
2186.232223194261 87.54741136839117
2184.1710792436625 87.04857617243218
2182.1099352930637 87.25784274231187
2180.0487913424654 86.30289081921687
2177.9876473918666 86.57874667076335
2175.926503441268 88.43852224226025
2173.865359490669 86.94570117134492
2171.804215540071 86.88787849085095
2169.743071589472 87.14612177375292
2167.6819276388733 87.16252802719829
2165.6207836882745 86.50340374672737
2163.5596397376758 87.03154663123772
2161.498495787077 87.00467246054664
2159.4373518364787 87.25813212091995
2157.37620788588 87.21886083692729
2155.315063935281 87.55909758021102
2153.2539199846824 87.10506007502866
2151.192776034084 86.70333079384538
2149.1316320834853 87.68658995169872
2147.070488132887 87.19218311431193
2145.0093441822883 87.81669644153214
2142.9482002316895 87.56647423082477
2140.8870562810907 87.45538000469563
2138.8259123304924 88.4904659646243
2136.7647683798937 87.21266159681834
2134.703624429295 86.81229006052124
2132.642480478696 86.6024625294937
2130.581336528098 87.64177343956071
2128.520192577499 88.14325527131301
2126.4590486269008 87.65774976304274
2124.397904676302 86.73840266546723
2122.3367607257032 87.38855934549267
2120.2756167751045 87.76467183528632
2118.214472824506 87.68027331651153
2116.1533288739074 88.60134285716497
2114.0921849233087 91.49126207736401
2112.03104097271 88.94448774624222
2109.9698970221116 87.97824047933337
2107.908753071513 88.93465646300103
2105.8476091209145 87.72549088008984
2103.7864651703153 87.26458647595649
2101.7253212197165 88.48150606045859
2099.6641772691178 87.6404984533435
2097.6030333185195 86.25196401912874
2095.5418893679207 86.74002944161137
2093.4807454173224 87.78368397847295
2091.4196014667236 87.6225413934613
2089.358457516125 87.21933135221767
2087.297313565526 87.50925315704986
2085.236169614928 88.09983546643512
2083.175025664329 87.615054135651
2081.1138817137303 87.51709357920727
2079.0527377631315 86.622621882284
2076.991593812533 86.81145928549158
2074.930449861934 86.49521944568923
2072.8693059113357 88.39714700637654
2070.808161960737 88.60504929231048
2068.7470180101386 86.4290891419034
2066.68587405954 85.99525529779564
2064.624730108941 87.39229451048253
2062.5635861583423 86.39929850653517
2060.502442207744 85.59048251913839
2058.4412982571453 87.59594102076679
2056.380154306547 87.55587103681496
2054.3190103559477 85.20838529307768
2052.2578664053494 87.68266834243467
2050.1967224547507 83.83667407822904
2048.1355785041524 88.95338195527616
2046.0744345535534 81.58468283733838
2044.0132906029548 115.95532093203128
2041.952146652356 101.63886502248238
2039.8910027017575 81.81415287108959
2037.8298587511588 88.77196534629924
2035.7687148005605 84.49934324423059
2033.7075708499615 87.74182486652053
2031.6464268993632 85.23281253304074
2029.5852829487644 87.56752479588182
2027.5241389981659 85.76951561446924
2025.462995047567 84.69954546868303
2023.4018510969684 85.78020423679226
2021.3407071463696 85.51581868469297
2019.279563195771 84.73844716075986
2017.2184192451723 84.82058792693374
2015.157275294574 86.29621216533756
2013.096131343975 85.41000750565384
2011.0349873933767 84.45147390073186
2008.973843442778 85.13471577483773
2006.9126994921794 84.90581821371431
2004.8515555415806 85.04088555319389
2002.790411590982 85.40640129334899
2000.7292676403833 85.50859804985
1998.6681236897848 84.26936245543975
1996.6069797391858 84.59502693956414
1994.5458357885873 83.74114176051273
1992.4846918379885 84.8393125727635
1990.4235478873902 84.06450719412096
1988.3624039367915 84.79632729747912
1986.301259986193 83.91060669198765
1984.2401160355942 83.58379223571198
1982.1789720849956 83.05781636881812
1980.1178281343969 83.34530560926169
1978.0566841837983 84.01731646143051
1975.9955402331996 82.82806210774741
1973.934396282601 83.41521244706813
1971.8732523320023 83.54793386941185
1969.812108381404 83.18015138233488
1967.7509644308052 81.766370595135
1965.6898204802067 81.97900958440704
1963.6286765296077 82.51816480828909
1961.5675325790091 83.04604027228342
1959.5063886284104 81.46026963791017
1957.4452446778118 82.41636484686947
1955.384100727213 82.04403561951086
1953.3229567766145 81.44406544984645
1951.2618128260158 80.89747663358013
1949.2006688754175 81.07346507934848
1947.1395249248187 81.33609498295452
1945.0783809742202 81.92590173636077
1943.0172370236214 80.27508171068024
1940.9560930730229 80.3261060021123
1938.8949491224241 79.64898323289938
1936.8338051718256 79.53290842387635
1934.7726612212268 80.05121598044626
1932.711517270628 80.66312002107449
1930.6503733200293 80.0628534589167
1928.589229369431 79.33550186078736
1926.528085418832 79.00019858627344
1924.4669414682337 78.57393758912298
1922.405797517635 77.27550854924411
1920.3446535670364 78.13932019473268
1918.2835096164376 78.5811248188598
1916.222365665839 77.61266082248126
1914.1612217152403 76.58970186045771
1912.1000777646418 76.95060112480527
1910.038933814043 75.4372592242284
1907.9777898634447 75.02798692562628
1905.9166459128458 73.89731511063098
1903.8555019622474 73.0271564770982
1901.7943580116485 72.23104774896967
1899.73321406105 70.47146733991983
1897.6720701104512 69.91604652124659
1895.6109261598526 67.51528630007036
1893.5497822092539 66.26218568640003
1891.4886382586553 64.98919605880877
1889.4274943080566 63.01460731191964
1887.3663503574583 61.71262464532667
1885.3052064068593 59.70492450928125
1883.244062456261 57.47394695040107
1881.1829185056622 55.349584401593845
1879.1217745550637 53.840935844142024
1877.060630604465 51.966616924257195
1874.9994866538664 49.09532373295895
1872.9383427032676 47.416250042407256
1870.8771987526688 45.43113124946385
1868.81605480207 43.16165898587029
1866.7549108514718 41.44395534077282
1864.6937669008728 39.869910844951754
1862.6326229502745 38.19270876324089
1860.5714789996757 36.848727873344615
1858.5103350490772 35.296710849359684
1856.4491910984784 35.79429102239445
1854.38804714788 32.77711511347547
1852.3269031972811 36.29843593808606
