0,4477.47
4.88281e-005,422.063
9.76563e-005,-3915.53
0.000146484,-7000.48
0.000195313,-8056.53
0.000244141,-7032.83
0.000292969,-4176.07
0.000341797,-381.519
0.000390625,3340.6
0.000439453,6087.32
0.000488281,7134
0.000537109,6324.68
0.000585938,3946.57
0.000634766,703.285
0.000683594,-2532.73
0.000732422,-4962.22
0.00078125,-5964.72
0.000830078,-5385.19
0.000878906,-3436.62
0.000927734,-686.993
0.000976563,2088.04
0.00102539,4223.88
0.00107422,5170.77
0.00112305,4751.74
0.00117188,3138.2
0.0012207,814.472
0.00126953,-1588.31
0.00131836,-3482.94
0.00136719,-4359.38
0.00141602,-4082.63
0.00146484,-2761.77
0.00151367,-801.208
0.0015625,1278.05
0.00161133,2924.17
0.00166016,3737.86
0.00170898,3546.78
0.00175781,2483.51
0.00180664,820.959
0.00185547,-970.407
0.0019043,-2411.13
0.00195313,-3169.85
0.00200195,-3076.67
0.00205078,-2189.82
0.00209961,-780.557
0.00214844,740.235
0.00219727,2015.78
0.00224609,2705.4
0.00229492,2668.54
0.00234375,1945.11
0.00239258,762.475
0.00244141,-541.015
0.00249023,-1652.99
0.00253906,-2286.58
0.00258789,-2293.09
0.00263672,-1700.31
0.00268555,-714.204
0.00273437,401.444
0.0027832,1371.74
0.00283203,1946.22
0.00288086,1988.86
0.00292969,1510.84
0.00297852,682.709
0.00302734,-273.012
0.00307617,-1122.4
0.003125,-1635.17
0.00317383,-1707.3
0.00322266,-1329.24
0.00327148,-637.687
0.00332031,184.257
0.00336914,941.842
0.00341797,1395.23
0.0034668,1485.64
0.00351563,1183.87
0.00356445,599.14
0.00361328,-108.94
0.00366211,-750.174
0.00371094,-1160.82
0.00375977,-1245.24
0.00380859,-1016.56
0.00385742,-524.877
0.00390625,64.7755
0.00395508,631.403
0.00400391,991.615
0.00405273,1097.5
0.00410156,906.462
0.00415039,499.106
0.00419922,-9.03928
0.00424805,-504.226
0.00429688,-820.657
0.0043457,-924.665
0.00439453,-787.573
0.00444336,-447.654
0.00449219,-13.2448
0.00454102,404.591
0.00458984,696.513
0.00463867,794.158
0.0046875,691.092
0.00473633,406.977
0.00478516,34.5013
0.00483398,-313.597
0.00488281,-581.959
0.00493164,-681.988
0.00498047,-585.921
0.0050293,-355.257
0.00507813,-50.5532
0.00512695,255.977
0.00517578,493.238
0.00522461,587.08
0.00527344,522.579
0.00532227,334.634
0.00537109,57.6125
0.00541992,-200.858
0.00546875,-412.398
0.00551758,-496.203
0.00556641,-445.651
0.00561523,-294.598
0.00566406,-68.3374
0.00571289,152.159
0.00576172,347.005
0.00581055,421.14
0.00585938,399.71
0.0059082,260.178
0.00595703,66.7544
0.00600586,-129.077
0.00605469,-284.421
0.00610352,-364.812
0.00615234,-344.061
0.00620117,-234.898
0.00625,-69.0438
0.00629883,95.5203
0.00634766,243.579
0.00639648,310.868
0.00644531,290.775
0.00649414,199.364
0.00654297,71.1913
0.0065918,-74.6461
0.00664063,-200.759
0.00668945,-262.931
0.00673828,-258.217
0.00678711,-187.396
0.00683594,-62.2219
0.00688477,61.9794
0.00693359,177.95
0.00698242,235.136
0.00703125,234.219
0.00708008,175.877
0.00712891,78.6572
0.00717773,-32.0525
0.00722656,-134.805
0.00727539,-187.285
0.00732422,-190.074
0.00737305,-143.753
0.00742187,-59.3726
0.0074707,27.8311
0.00751953,114.356
0.00756836,169.139
0.00761719,168.48
0.00766602,126.723
0.00771484,57.9972
0.00776367,-20.3898
0.0078125,-91.3964
0.00786133,-134.874
0.00791016,-144.425
0.00795898,-117.097
0.00800781,-66.6514
0.00805664,9.95874
0.00810547,69.4394
0.0081543,111.987
0.00820313,114.832
0.00825195,94.7753
0.00830078,45.5752
0.00834961,-3.24268
0.00839844,-64.6008
0.00844727,-96.5234
0.00849609,-108.967
0.00854492,-92.5798
0.00859375,-47.6994
0.00864258,0
0.00869141,50.4834
0.00874023,75.43
0.00878906,97.0505
0.00883789,71.7245
0.00888672,46.5945
0.00893555,3.09419
0.00898437,-43.1498
0.0090332,-70.6125
0.00908203,-73.3954
0.00913086,-67.0168
0.00917969,-39.4464
0.00922852,-6.04502
0.00927734,21.0751
0.00932617,62.9788
0.009375,62.7333
0.00942383,62.4887
0.00947266,35.5686
0.00952148,-2.95249
0.00957031,-32.3508
0.00961914,-49.8018
0.00966797,-64.1981
0.0097168,-49.4143
0.00976563,-37.6401
0.00981445,-8.6523
0.00986328,8.61857
0.00991211,37.2015
0.00996094,45.608
0.0100098,42.5908
0.0100586,25.4549
0.0101074,-2.81729
0.0101563,-30.8694
0.0102051,-44.7259
0.0102539,-44.5515
0.0103027,-47.1514
0.0103516,-35.9164
0.0104004,-16.5122
0.0104492,8.2239
0.010498,24.5755
0.0105469,35.3596
0.0105957,32.5123
0.0106445,21.5904
0.0106934,-2.68828
0.0107422,-13.389
0.010791,-26.6736
0.0108398,-26.5696
0.0108887,-29.1126
0.0109375,-15.8177
0.0109863,-2.626
0.0110352,2.61577
0.011084,26.0557
0.0111328,31.1449
0.0111816,23.2676
0.0112305,25.7521
0.0112793,10.2607
0.0113281,-2.55517
0.011377,-15.2713
0.0114258,-17.747
0.0114746,-20.2032
0.0115234,-17.6089
0.0115723,-5.0115
0.0116211,4.99196
0.0116699,22.3763
0.0117188,22.289
0.0117676,24.669
0.0118164,17.201
0.0118652,12.2385
0.0119141,4.87632
0.0119629,-4.85731
0.0120117,-12.0959
0.0120605,-14.4585
0.0121094,-12.0018
0.0121582,-7.17301
0.012207,-2.38168
0.0122559,2.3724
0.0123047,16.542
0.0123535,18.8315
0.0124023,11.7238
0.0124512,11.6781
0.0125,2.32651
0.0125488,-2.31744
0.0125977,-13.8504
0.0126465,-13.7964
0.0126953,-11.4522
0.0127441,-11.4076
0.012793,0
0.0128418,6.79127
0.0128906,11.2747
0.0129395,13.4768
0.0129883,15.6617
0.0130371,2.22866
0.0130859,2.21997
0.0131348,-4.42263
0.0131836,-11.0135
0.0132324,-8.77643
0.0132813,-8.74222
0.0133301,-6.5311
0.0133789,-2.16855
0.0134277,-2.16009
0.0134766,2.15167
0.0135254,6.42984
0.0135742,4.26985
0.013623,0
0.0136719,0
0.0137207,-6.33016
0.0137695,-12.611
0.0138184,-14.6554
0.0138672,-10.4274
0.013916,-8.30936
0.0139648,-2.06924
0.0140137,-6.18352
0.0140625,-2.05314
0.0141113,0
0.0141602,6.11148
0.014209,0
0.0142578,-2.02131
0.0143066,-2.01343
0.0143555,-4.01115
0.0144043,-5.99327
0.0144531,-5.96991
0.014502,-1.98221
0.0145508,0
0.0145996,5.90036
0.0146484,5.87735
0.0146973,7.80592
0.0147461,5.83162
0.0147949,-1.93629
0.0148437,-1.92874
0.0148926,-5.76368
0.0149414,-7.65494
0.0149902,-9.53137
0.0150391,-7.59537
0.0150879,-5.67432
0.0151367,-1.88407
0.0151855,-1.87672
0.0152344,-1.8694
0.0152832,1.86212
0.015332,7.41942
0.0153809,3.69525
0.0154297,3.68084
0.0154785,-1.83325
0.0155273,-3.6522
0.0155762,-1.81898
0.015625,-5.43566
0.0156738,-3.60965
0.0157227,-1.79779
0.0157715,-1.79078
0.0158203,0
0.0158691,5.33053
0.015918,3.53983
0.0159668,1.76302
0.0160156,1.75614
0.0160645,0
0.0161133,1.74248
0.0161621,-1.73568
0.0162109,-5.18675
0.0162598,-1.72218
0.0163086,-6.86184
0.0163574,0
0.0164063,0
0.0164551,3.39095
0.0165039,5.0666
0.0165527,3.36456
0.0166016,5.02717
0.0166504,1.66919
0.0166992,0
0.016748,-1.6562
0.0167969,-4.94923
0.0168457,-8.21655
0.0168945,-8.18452
0.0169434,-4.89157
0.0169922,-3.24833
0.017041,-4.8535
0.0170898,-4.83458
0.0171387,-3.21049
0.0171875,-4.79696
0.0172363,-3.1855
0.0172852,-4.75963
0.017334,-1.58036
0.0173828,-3.14839
0.0174316,-1.56806
0.0174805,-4.68583
0.0175293,-4.66757
0.0175781,-1.54979
0.017627,0
0.0176758,1.53773
0.0177246,3.06347
0.0177734,-1.52576
0.0178223,-3.03963
0.0178711,-1.51389
0.0179199,-1.50799
0.0179687,-1.50211
0.0180176,0
0.0180664,4.47125
0.0181152,4.45382
0.0181641,2.95764
0.0182129,2.94611
0.0182617,2.93462
0.0183105,2.92318
0.0183594,-1.45589
0.0184082,-1.45022
0.018457,-1.44456
0.0185059,-1.43893
0.0185547,-1.43332
0.0186035,-1.42773
0.0186523,-1.42217
0.0187012,-1.41662
0.01875,-1.4111
0.0187988,-1.4056
0.0188477,-2.80024
0.0188965,-2.78932
0.0189453,-1.38922
0.0189941,-1.38381
0.019043,-1.37841
0.0190918,-2.74608
0.0191406,-1.36768
0.0191895,-1.36235
0.0192383,-1.35704
0.0192871,-2.7035
0.0193359,-2.69296
0.0193848,-1.34123
0.0194336,-1.336
0.0194824,-1.33079
0.0195313,-1.32561
0.0195801,0
0.0196289,1.31529
0.0196777,1.31016
0.0197266,1.30505
0.0197754,0
0.0198242,2.5898
0.019873,2.5797
0.0199219,1.28482
0.0199707,3.83944
0.0200195,3.82447
0.0200684,3.80956
0.0201172,5.05961
0.020166,5.03988
0.0202148,3.76517
0.0202637,3.7505
0.0203125,4.98116
0.0203613,2.48087
0.0204102,1.2356
0.020459,6.15391
0.0205078,1.22598
0.0205566,3.66361
0.0206055,3.64933
0.0206543,0
0.0207031,2.41395
0.020752,2.40454
0.0208008,1.19758
0.0208496,1.19292
0.0208984,1.18827
0.0209473,-1.18363
0.0209961,-2.35804
0.0210449,-2.34884
0.0210938,-1.16984
0.0211426,-2.33056
0.0211914,0
0.0212402,0
0.0212891,-1.15171
0.0213379,-1.14722
0.0213867,-2.28549
0.0214355,-2.27658
0.0214844,-3.40155
0.0215332,-3.38829
0.021582,-2.25005
0.0216309,-1.12064
0.0216797,-2.23254
0.0217285,-3.33576
0.0217773,-3.32275
0.0218262,-3.3098
0.021875,-2.19793
0.0219238,-2.18936
0.0219727,-1.09041
0.0220215,-1.08616
0.0220703,-1.08193
0.0221191,-1.07771
0.022168,-2.14702
0.0222168,-1.06932
0.0222656,-1.06515
0.0223145,-1.061
0.0223633,-1.05686
0.0224121,-2.10549
0.0224609,-1.04864
0.0225098,-1.04455
0.0225586,-1.04048
0.0226074,-2.07285
0.0226563,-1.03238
0.0227051,-2.05672
0.0227539,-1.02435
0.0228027,-2.04071
0.0228516,-1.01638
0.0229004,-1.01241
0.0229492,-2.01693
0.022998,-1.00454
0.0230469,-1.00062
0.0230957,-0.996718
0.0231445,-0.992833
0.0231934,-0.988962
0.0232422,0
0.023291,0.981266
0.0233398,0
0.0233887,0
0.0234375,0.969834
0.0234863,1.93211
0.0235352,0.962286
0.023584,1.91707
0.0236328,0.954798
0.0236816,1.90215
0.0237305,0.947368
0.0237793,2.83102
0.0238281,3.75998
0.023877,1.87266
0.0239258,1.86536
0.0239746,0.929044
0.0240234,0.925422
0.0240723,0.921814
0.0241211,0
0.0241699,2.74392
0.0242188,0.911074
0.0242676,1.81504
0.0243164,1.80797
0.0243652,0
0.0244141,0.89695
0.0244629,0.893453
0.0245117,1.77994
0.0245605,-0.8865
0.0246094,-0.883044
0.0246582,-0.879601
0.024707,-0.876172
0.0247559,-0.872756
0.0248047,-0.869353
0.0248535,-0.865964
0.0249023,0
0.0249512,2.57768
0.025,2.56763
0.0250488,1.70508
0.0250977,1.69843
0.0251465,1.69181
0.0251953,2.52782
0.0252441,0
0.025293,0
0.0253418,0
0.0253906,0
0.0254395,0
0.0254883,0
0.0255371,0.819878
0.0255859,0.816682
0.0256348,1.627
0.0256836,0
0.0257324,0
0.0257812,0
0.0258301,0.800886
0.0258789,0.797763
0.0259277,1.58931
0.0259766,0.791555
0.0260254,-0.788469
0.0260742,-2.35619
0.026123,-1.56467
0.0261719,-0.779283
0.0262207,-0.776245
0.0262695,-0.773219
0.0263184,-0.770204
0.0263672,-0.767202
0.026416,-0.764211
0.0264648,-0.761231
0.0265137,-1.51653
0.0265625,-2.26592
0.0266113,-1.50473
0.0266602,-0.749429
0.026709,-0.746508
0.0267578,0
0.0268066,2.22209
0.0268555,2.95124
0.0269043,2.2048
0.0269531,2.19621
0.027002,2.91686
0.0270508,1.45274
0.0270996,0.72354
0.0271484,2.16216
0.0271973,0.717909
0.0272461,1.43022
0.0272949,1.42465
0.0273438,0.709545
0.0273926,1.41356
0.0274414,0
0.0274902,0
0.0275391,0.698545
0.0275879,0.695822
0.0276367,1.38622
0.0276855,0
0.0277344,1.37543
0.0277832,0.685034
0.027832,-0.682363
0.0278809,-0.679703
0.0279297,-1.35411
0.0279785,-0.674413
0.0280273,-1.34357
0.0280762,-0.669165
0.028125,-1.33311
0.0281738,-0.663958
0.0282227,-1.32274
0.0282715,-1.31758
0.0283203,-0.656222
0.0283691,-0.653664
0.028418,-0.651116
0.0284668,-0.648577
0.0285156,-0.646048
0.0285645,-1.28706
0.0286133,-0.641021
0.0286621,-1.27704
0.0287109,-0.636032
0.0287598,-1.26711
0.0288086,-1.26217
0.0288574,-0.628622
0.0289063,-0.626172
0.0289551,0
0.0290039,0.621299
0.0290527,0.618877
0.0291016,0
0.0291504,0.61406
0.0291992,0
0.029248,0
0.0292969,-0.606906
0.0293457,-0.60454
0.0293945,-0.602183
0.0294434,-1.79951
0.0294922,-1.19499
0.029541,-1.19034
0.0295898,-1.18569
0.0296387,-0.590536
0.0296875,-1.17647
0.0297363,-0.585941
0.0297852,-1.16731
0.029834,-1.74414
0.0298828,-2.31646
0.0299316,-2.30743
0.0299805,-0.574607
0.0300293,-1.14473
0.0300781,-1.14027
0.030127,-1.70374
0.0301758,-2.2628
0.0302246,-0.563494
0.0302734,-2.80648
0.0303223,-1.67733
0.0303711,-2.22771
0.0304199,-1.66427
0.0304688,-2.21038
0.0305176,-2.20176
0.0305664,-1.09659
0.0306152,-0.546157
0.0306641,-0.544027
0.0307129,-0.541906
0.0307617,-1.07959
0.0308105,-0.537689
0.0308594,-0.535593
0.0309082,-0.533505
0.030957,-0.531425
0.0310059,-0.529353
0.0310547,-0.527289
0.0311035,-0.525234
0.0311523,-0.523186
0.0312012,-0.521146
0.03125,0
0.0312988,-0.517091
0.0313477,-0.515075
0.0313965,-0.513067
0.0314453,0.511066
0.0314941,1.01815
0.031543,1.01418
0.0315918,1.01022
0.0316406,0.503143
0.0316895,1.50354
0.0317383,0.998455
0.0317871,0.994563
0.0318359,0
0.0318848,0.986823
0.0319336,1.96595
0.0319824,1.46872
0.0320312,0.487663
0.0320801,0.485762
0.0321289,0.483868
0.0321777,0
0.0322266,0.480103
0.0322754,0.478231
0.0323242,0
0.032373,0
0.0324219,0.945318
0.0324707,0.470816
0.0325195,1.40694
0.0325684,0.467153
0.0326172,0
0.032666,-0.463517
0.0327148,-1.38513
0.0327637,-0.45991
0.0328125,-0.916234
0.0328613,-0.456331
0.0329102,-0.454552
0.032959,-0.45278
0.0330078,-0.451015
0.0330566,-0.898512
0.0331055,-0.89501
0.0331543,-0.89152
0.0332031,-0.444022
0.033252,-0.442291
0.0333008,-1.3217
0.0333496,-0.438849
0.0333984,-0.437138
0.0334473,-0.870868
0.0334961,-0.433736
0.0335449,-0.864091
0.0335938,-0.860722
0.0336426,-0.428683
0.0336914,-0.854024
0.0337402,-0.850694
0.0337891,-0.423689
0.0338379,-1.68815
0.0338867,-1.68157
0.0339355,-0.418753
0.0339844,-1.66848
0.0340332,-0.415494
0.034082,-0.413874
0.0341309,0
0.0341797,0.410653
0.0342285,0
0.0342773,0.814915
0.0343262,0
0.034375,-0.404287
0.0344238,-0.805421
0.0344727,-0.802281
0.0345215,-0.399577
0.0345703,-0.398019
0.0346191,-0.396467
0.034668,-0.394922
0.0347168,-0.393382
0.0347656,0
0.0348145,0.390321
0.0348633,-0.388799
0.0349121,-0.774566
0.0349609,-0.771546
0.0350098,-1.53708
0.0350586,-0.382771
0.0351074,-0.381279
0.0351563,-0.759585
0.0352051,-0.756623
0.0352539,-0.376837
0.0353027,-0.375368
0.0353516,-0.373904
0.0354004,0
0.0354492,1.11298
0.035498,0
0.0355469,0
0.0355957,0
0.0356445,0
0.0356934,-0.363819
0.0357422,-0.724801
0.035791,0
0.0358398,0.71916
0.0358887,1.07453
0.0359375,1.07035
0.0359863,0.355391
0.0360352,0.354005
0.036084,-0.352625
0.0361328,-0.702501
0.0361816,-0.349881
0.0362305,-0.348517
0.0362793,-0.694317
0.0363281,-0.69161
0.036377,-0.688913
0.0364258,-0.686228
0.0364746,0.341776
0.0365234,0
0.0365723,0.678233
0.0366211,0.675589
0.0366699,-0.336477
0.0367188,-0.335166
0.0367676,-1.33544
0.0368164,-0.997672
0.0368652,-0.993782
0.0369141,-0.989908
0.0369629,-0.986049
0.0370117,-1.63701
0.0370605,-0.65225
0.0371094,-0.649707
0.0371582,-0.647174
0.037207,-0.966977
0.0372559,-0.963207
0.0373047,-0.639634
0.0373535,-0.31857
0.0374023,-0.951985
0.0374512,-0.316091
0.0375,-0.944577
0.0375488,-0.313631
0.0375977,-0.312409
0.0376465,-0.622381
0.0376953,-0.309977
0.0377441,-0.617538
0.037793,-0.307565
0.0378418,-0.306366
0.0378906,-0.305172
0.0379395,0
0.0379883,0
0.0380371,0.603233
0.0380859,0.30044
0.0381348,0.897807
0.0381836,0.894307
0.0382324,0.59388
0.0382813,0.591565
0.0383301,0.294629
0.0383789,-0.293481
0.0384277,-0.584673
0.0384766,-0.291197
0.0385254,-0.580123
0.0385742,-0.288931
0.038623,-0.287804
0.0386719,-0.573365
0.0387207,-0.285565
0.0387695,-0.284451
0.0388184,-0.283342
0.0388672,-0.564475
0.038916,-0.281137
0.0389648,0
0.0390137,-0.27895
0.0390625,-0.555724
0.0391113,-0.276779
0.0391602,-0.551399
0.039209,-0.54925
0.0392578,-0.273554
0.0393066,0
0.0393555,0
0.0394043,-0.270367
0.0394531,-0.269313
0.039502,-0.268263
0.0395508,-0.267217
0.0395996,0
0.0396484,0.530276
0.0396973,0.528208
0.0397461,0
0.0397949,0
0.0398437,0.522054
0.0398926,0.520019
0.0399414,1.03598
0.0399902,0.773958
0.0400391,0.513961
0.0400879,0.511957
0.0401367,1.01992
0.0401855,0.507973
0.0402344,0.758989
0.0402832,1.00804
0.040332,0.753082
0.0403809,0.750146
0.0404297,0.747222
0.0404785,0.496206
0.0405273,-0.247136
0.0405762,-0.246172
0.040625,0
0.0406738,0.488513
0.0407227,0.243304
0.0407715,0
0.0408203,0.241411
0.0408691,0.480939
0.040918,0.239532
0.0409668,0.477196
0.0410156,-0.237668
0.0410645,-0.710224
0.0411133,-0.235818
0.0411621,-0.469798
0.0412109,-0.467967
0.0412598,-0.233071
0.0413086,-0.696487
0.0413574,-0.231257
0.0414063,-0.460711
0.0414551,-0.458915
0.0415039,-0.457126
0.0415527,-0.455344
0.0416016,-0.453569
0.0416504,-0.2259
0.0416992,-0.225019
0.041748,-0.448284
0.0417969,-0.446537
0.0418457,-0.222398
0.0418945,-0.221531
0.0419434,-0.882669
0.0419922,-0.659421
0.042041,-0.4379
0.0420898,-0.218096
0.0421387,-0.217246
0.0421875,-0.432798
0.0422363,-0.431111
0.0422852,-0.214715
0.042334,-0.213878
0.0423828,-0.213044
0.0424316,-0.212214
0.0424805,-0.211386
0.0425293,-0.210562
0.0425781,-0.209741
0.042627,-0.208924
0.0426758,-0.208109
0.0427246,-0.207298
0.0427734,0
0.0428223,0
0.0428711,0
0.0429199,0.204084
0.0429688,0.203288
0.0430176,0.202496
0.0430664,-0.201706
0.0431152,-0.20092
0.0431641,0
0.0432129,0.199356
0.0432617,-0.198579
0.0433105,-0.197805
0.0433594,-0.197034
0.0434082,-0.196266
0.043457,-0.1955
0.0435059,0.194738
0.0435547,0.193979
0.0436035,0.386445
0.0436523,0
0.0437012,0.383438
0.04375,0.381943
0.0437988,0.190227
0.0438477,0.378971
0.0438965,0.377493
0.0439453,0.188011
0.0439941,0.749111
0.044043,0.186548
0.0440918,0.371641
0.0441406,0.185096
0.0441895,0.184374
0.0442383,0
0.0442871,0.18294
0.0443359,0
0.0443848,0.181516
0.0444336,0.180808
0.0444824,-0.180103
0.0445313,-0.179401
0.0445801,-0.357404
0.0446289,-0.178005
0.0446777,-0.177311
0.0447266,-0.17662
0.0447754,-0.175931
0.0448242,-0.175245
0.044873,0
0.0449219,0.347763
0.0449707,0
0.0450195,0.345057
0.0450684,0.343712
0.0451172,0.342372
0.045166,0.341037
0.0452148,0
0.0452637,0.169191
0.0453125,0.337064
0.0453613,0.167875
0.0454102,0
0.045459,0
0.0455078,-0.165919
0.0455566,-0.495816
0.0456055,-0.164628
0.0456543,-0.163986
0.0457031,-0.163347
0.045752,-0.16271
0.0458008,0
0.0458496,0.161444
0.0458984,0
0.0459473,0.160187
0.0459961,0
0.0460449,0
0.0460938,0.316642
0.0461426,-0.157704
0.0461914,-0.157089
0.0462402,-0.156476
0.0462891,-0.311733
0.0463379,-0.155259
0.0463867,-0.309307
0.0464355,-0.154051
0.0464844,-0.15345
0.0465332,-0.458555
0.046582,-0.152256
0.0466309,-0.303324
0.0466797,-0.151071
0.0467285,0.150482
0.0467773,0.299791
0.0468262,0.447933
0.046875,0.297458
0.0469238,0.444447
0.0469727,0.590286
0.0470215,0.587984
0.0470703,0.585692
0.0471191,0.437556
0.047168,0
0.0472168,0.289434
0.0472656,0
0.0473145,0
0.0473633,0.286062
0.0474121,0.284947
0.0474609,0.283836
0.0475098,0.282729
0.0475586,0.281627
0.0476074,0.280529
0.0476562,0
0.0477051,0
0.0477539,0.415891
0.0478027,0.27618
0.0478516,-0.137552
0.0479004,-0.137015
0.0479492,-0.409444
0.047998,-0.407847
0.0480469,-0.406257
0.0480957,-0.539565
0.0481445,-0.403096
0.0481934,-0.401524
0.0482422,-0.266639
0.048291,-0.1328
0.0483398,-0.132282
0.0483887,-0.131766
0.0484375,-0.262505
0.0484863,-0.130741
0.0485352,-0.260463
0.048584,-0.259447
0.0486328,-0.129218
0.0486816,-0.128714
0.0487305,-0.128212
0.0487793,-0.127712
0.0488281,-0.127214
0.048877,-0.126719
0.0489258,0
0.0489746,-0.125732
0.0490234,-0.250484
0.0490723,-0.124754
0.0491211,-0.372803
0.0491699,-0.123783
0.0492188,-0.246601
0.0492676,-0.12282
0.0493164,0
0.0493652,0.365592
0.0494141,0.121389
0.0494629,0.120916
0.0495117,-0.120444
0.0495605,-0.119975
0.0496094,-0.239014
0.0496582,-0.357123
0.049707,-0.237154
0.0497559,-0.236229
0.0498047,-0.117654
0.0498535,-0.117195
0.0499023,-0.233477
0.0499512,-0.232567
0.05,-0.23166
0.0500488,-0.346136
0.0500977,-0.459715
0.0501465,-0.457923
0.0501953,-0.342103
0.0502441,-0.22718
0.050293,-0.339441
0.0503418,-0.338117
0.0503906,-0.336799
0.0504395,-0.111829
0.0504883,-0.222785
0.0505371,-0.221917
0.0505859,-0.331578
0.0506348,-0.330285
0.0506836,-0.219332
0.0507324,-0.109238
0.0507813,-0.108812
0.0508301,-0.216776
0.0508789,-0.107966
0.0509277,-0.107545
0.0509766,-0.107125
0.0510254,-0.106708
0.0510742,-0.106292
0.051123,0
0.0511719,0.316394
0.0512207,0.105053
0.0512695,0.313931
0.0513184,0
0.0513672,0.103829
0.051416,0.103425
0.0514648,0.103021
0.0515137,0.10262
0.0515625,0.306659
0.0516113,0.407285
0.0516602,0.202848
0.051709,0.404115
0.0517578,0.20127
0.0518066,0.200485
0.0518555,0.299555
0.0519043,0.0994625
0.0519531,0.297224
0.052002,0
0.0520508,0.0983037
0.0520996,0.195841
0.0521484,-0.0975387
0.0521973,-0.0971585
0.0522461,-0.0967797
0.0522949,-0.0964024
0.0523438,0
0.0523926,0.0956522
0.0524414,0
0.0524902,0
0.0525391,0
0.0525879,0
0.0526367,-0.0938021
0.0526855,-0.186873
0.0527344,-0.0930721
0.0527832,-0.0927093
0.052832,-0.0923478
0.0528809,-0.275963
0.0529297,-0.0916292
0.0529785,-0.0912719
0.0530273,-0.0909161
0.0530762,-0.181123
0.053125,-0.0902086
0.0531738,-0.179714
0.0532227,0
0.0532715,-0.0891576
0.0533203,-0.26643
0.0533691,-0.176928
0.053418,-0.0881189
0.0534668,-0.0877754
0.0535156,-0.0874332
0.0535645,0
0.0536133,0
0.0536621,0.0864145
0.0537109,0
0.0537598,-0.085742
0.0538086,-0.170816
0.0538574,-0.17015
0.0539063,-0.254229
0.0539551,-0.168825
0.0540039,-0.168167
0.0540527,-0.0837558
0.0541016,-0.166859
0.0541504,-0.083104
0.0541992,-0.16556
0.054248,-0.164915
0.0542969,-0.0821358
0.0543457,-0.163631
0.0543945,-0.0814967
0.0544434,-0.0811789
0.0544922,-0.161725
0.054541,-0.0805472
0.0545898,-0.0802332
0.0546387,-0.0799204
0.0546875,-0.0796088
0.0547363,-0.237895
0.0547852,-0.0789893
0.054834,-0.236044
0.0548828,-0.0783746
0.0549316,-0.078069
0.0549805,-0.155529
0.0550293,-0.154923
0.0550781,-0.154319
0.055127,-0.153717
0.0551758,-0.076559
0.0552246,-0.0762606
0.0552734,-0.0759632
0.0553223,0
0.0553711,0.0753721
0.0554199,0.0750782
0.0554687,0.0747855
0.0555176,0
0.0555664,-0.0742036
0.0556152,-0.0739143
0.0556641,-0.0736261
0.0557129,-0.0733391
0.0557617,-0.0730531
0.0558105,-0.0727683
0.0558594,-0.0724846
0.0559082,-0.072202
0.055957,-0.0719206
0.0560059,-0.0716402
0.0560547,-0.0713609
0.0561035,-0.142165
0.0561523,-0.0708055
0.0562012,-0.0705295
0.05625,-0.0702545
0.0562988,-0.139961
0.0563477,-0.139416
0.0563965,-0.069436
0.0564453,-0.0691653
0.0564941,-0.0688957
0.056543,0
0.0565918,0.136719
0.0566406,0.068093
0.0566895,-0.0678275
0.0567383,-0.135126
0.0567871,-0.134599
0.0568359,-0.201112
0.0568848,-0.133552
0.0569336,-0.133031
0.0569824,-0.132513
0.0570313,-0.197994
0.0570801,-0.262963
0.0571289,-0.196453
0.0571777,-0.195687
0.0572266,-0.12995
0.0572754,-0.0647215
0.0573242,-0.128938
0.057373,-0.128436
0.0574219,-0.0639675
0.0574707,-0.0637181
0.0575195,0
0.0575684,0.0632222
0.0576172,0.125951
0.057666,-0.0627302
0.0577148,-0.0624857
0.0577637,-0.062242
0.0578125,-0.123999
0.0578613,0
0.0579102,0.123034
0.057959,0.183831
0.0580078,0.0610382
0.0580566,0.1216
0.0581055,0.242253
0.0581543,0.180981
0.0582031,0.180276
0.058252,0.119715
0.0583008,0
0.0583496,-0.0593918
0.0583984,-0.0591602
0.0584473,-0.0589296
0.0584961,-0.1174
0.0585449,-0.058471
0.0585938,-0.058243
0.0586426,-0.058016
0.0586914,-0.0577898
0.0587402,-0.0575645
0.0587891,-0.0573401
0.0588379,0
0.0588867,0.0568938
0.0589355,0.056672
0.0589844,-0.0564511
0.0590332,-0.168693
0.059082,-0.0560118
0.0591309,-0.0557934
0.0591797,-0.0555759
0.0592285,-0.110718
0.0592773,-0.0551434
0.0593262,-0.109857
0.059375,-0.0547143
0.0594238,-0.054501
0.0594727,-0.0542885
0.0595215,-0.108154
0.0595703,-0.053866
0.0596191,-0.107312
0.059668,-0.0534468
0.0597168,0.0532385
0.0597656,0.0530309
0.0598145,0.0528241
0.0598633,0.105236
0.0599121,0.104826
0.0599609,0.104417
0.0600098,0.10401
0.0600586,0.155407
0.0601074,0.0516005
0.0601563,0.102799
0.0602051,0.204796
0.0602539,0.254997
0.0603027,0.152401
0.0603516,0.20241
0.0604004,0.0504052
0.0604492,0.100417
0.060498,0.150039
0.0605469,0.0996358
0.0605957,0
0.0606445,0.0494302
0.0606934,0.098475
0.0607422,0.0490456
0.060791,0
0.0608398,0
0.0608887,-0.0484742
0.0609375,-0.0482852
0.0609863,-0.0480969
0.0610352,-0.0479094
0.061084,-0.0477226
0.0611328,-0.0475366
0.0611816,-0.0947025
0.0612305,-0.0943333
0.0612793,-0.0469828
0.0613281,-0.0935992
0.061377,-0.0932343
0.0614258,-0.139306
0.0614746,-0.185017
0.0615234,-0.046074
0.0615723,-0.0917888
0.0616211,-0.137146
0.0616699,-0.0455373
0.0617188,-0.0907194
0.0617676,-0.0903658
0.0618164,-0.0450067
0.0618652,-0.0448313
0.0619141,-0.133969
0.0619629,-0.133447
0.0620117,-0.044309
0.0620605,-0.0441362
0.0621094,-0.0439642
0.0621582,-0.0875855
0.062207,-0.043622
0.0622559,-0.043452
0.0623047,-0.0432826
0.0623535,-0.0431138
0.0624023,-0.0858914
0.0624512,-0.0427783
0.0625,-0.0426115
0.0625488,-0.0424454
0.0625977,-0.0422799
0.0626465,-0.0421151
0.0626953,-0.0419509
0.0627441,0.0417873
0.062793,0
0.0628418,0
0.0628906,0
0.0629395,0.082279
0.0629883,0.0409791
0.0630371,0.0408193
0.0630859,0
0.0631348,0.0810034
0.0631836,0.0806875
0.0632324,0.080373
0.0632813,0.0800596
0.0633301,0.0398738
0.0633789,0.0397183
0.0634277,0.0791269
0.0634766,0.0788184
0.0635254,0
0.0635742,-0.0391025
0.063623,-0.0389501
0.0636719,0
0.0637207,0.038647
0.0637695,0.115489
0.0638184,0.0383462
0.0638672,0.0763934
0.063916,0.0760956
0.0639648,0.113698
0.0640137,0.0755034
0.0640625,0.0752091
0.0641113,0.0374579
0.0641602,0.0373119
0.064209,0
0.0642578,0.0370215
0.0643066,0.0368772
0.0643555,0.0367334
0.0644043,0.0731804
0.0644531,0.0364476
0.064502,0
0.0645508,0
0.0645996,-0.0360229
0.0646484,-0.0358825
0.0646973,-0.0357426
0.0647461,-0.0356033
0.0647949,-0.0354645
0.0648438,-0.0353262
0.0648926,-0.0351885
0.0649414,-0.0350513
0.0649902,-0.0349146
0.0650391,0.0347785
0.0650879,0.0692858
0.0651367,0.0345079
0.0651855,0.0343733
0.0652344,-0.0342393
0.0652832,-0.0341058
0.065332,-0.0339729
0.0653809,-0.0338404
0.0654297,-0.067417
0.0654785,-0.0335771
0.0655273,-0.100338
0.0655762,-0.0333158
0.065625,-0.0331859
0.0656738,-0.0330565
0.0657227,-0.0329276
0.0657715,0
0.0658203,0.0326714
0.0658691,0.065088
0.065918,0.0324171
0.0659668,-0.0322908
0.0660156,-0.0321649
0.0660645,-0.0320395
0.0661133,-0.0638291
0.0661621,-0.0635803
0.0662109,-0.0316662
0.0662598,0
0.0663086,0.0628395
0.0663574,0.0312973
0.0664063,0.0311753
0.0664551,-0.0310537
0.0665039,-0.0927979
0.0665527,-0.030812
0.0666016,-0.0306919
0.0666504,-0.0305723
0.0666992,-0.0304531
0.066748,-0.0303344
0.0667969,-0.0302161
0.0668457,0.0300983
0.0668945,0.149905
0.0669434,0.14932
0.0669922,0.118991
0.067041,0.0592633
0.0670898,0.0885484
0.0671387,0.0882032
0.0671875,-0.0292864
0.0672363,-0.0291723
0.0672852,-0.0290585
0.067334,0
0.0673828,-0.0288324
0.0674316,-0.02872
0.0674805,-0.028608
0.0675293,-0.0284965
0.0675781,-0.0567708
0.067627,-0.0282747
0.0676758,-0.0281645
0.0677246,-0.0280547
0.0677734,-0.083836
0.0678223,-0.0278364
0.0678711,-0.0277278
0.0679199,-0.110479
0.0679687,-0.0275121
0.0680176,-0.0548096
0.0680664,-0.109192
0.0681152,-0.0543831
0.0681641,-0.0541711
0.0682129,-0.0269799
0.0682617,-0.0268747
0.0683106,-0.02677
0.0683594,-0.0799968
0.0684082,-0.0265616
0.068457,-0.0529162
0.0685059,-0.0263549
0.0685547,-0.0262522
0.0686035,-0.0261498
0.0686523,-0.0260479
0.0687012,-0.0259463
0.06875,0
0.0687988,0
0.0688477,0.0256441
0.0688965,0
0.0689453,0.0254445
0.0689941,0
0.069043,0.0252465
0.0690918,0.0502961
0.0691406,0
0.0691895,0
0.0692383,-0.0248551
0.0692871,-0.0495164
0.0693359,-0.0493233
0.0693848,-0.0245655
0.0694336,-0.0244697
0.0694824,-0.0487487
0.0695313,-0.0485586
0.0695801,-0.0483693
0.0696289,-0.0240904
0.0696777,-0.0479929
0.0697266,-0.0239029
0.0697754,-0.0476194
0.0698242,-0.0237169
0.069873,-0.0472488
0.0699219,-0.0470646
0.0699707,-0.0234406
0.0700195,-0.0700476
0.0700684,-0.0232582
0.0701172,-0.046335
0.070166,-0.0923086
0.0702148,-0.114936
0.0702637,-0.0915903
0.0703125,-0.0912332
0.0703613,-0.0454388
0.0704102,-0.0678924
0.070459,-0.0225426
0.0705078,-0.0224547
0.0705566,-0.0447343
0.0706055,-0.0445599
0.0706543,-0.0443862
0.0707031,-0.0221066
0.070752,-0.0440408
0.0708008,-0.0438691
0.0708496,-0.021849
0.0708984,-0.0217638
0.0709473,-0.021679
0.0709961,-0.0215945
0.0710449,-0.0215103
0.0710938,0
0.0711426,0.0426858
0.0711914,0.0212597
0.0712402,0.0423536
0.0712891,0
0.0713379,0.021012
0.0713867,0.0418601
0.0714355,0.041697
0.0714844,0.0207672
0.0715332,0.0620587
0.071582,0.0206056
0.0716309,0.0410505
0.0716797,0.0408905
0.0717285,0.0610966
0.0717773,0.0202861
0.0718262,0.0606211
0.071875,0.0402565
0.0719238,0.0400996
0.0719727,0.0199716
0.0720215,0
0.0720703,0.0198162
0.0721191,0.0394779
0.072168,0.039324
0.0722168,0.0391707
0.0722656,0.0390179
0.0723145,0.0194329
0.0723633,0.0193572
0.0724121,0.0192817
0.0724609,-0.0192065
0.0725098,-0.0191316
0.0725586,-0.0190571
0.0726074,0
0.0726563,-0.0189087
0.0727051,-0.018835
0.0727539,-0.0375232
0.0728027,-0.0186885
0.0728516,-0.0186156
0.0729004,-0.018543
0.0729492,0
0.072998,0
0.0730469,0.018327
0.0730957,0
0.0731445,0.0181844
0.0731934,0.0181135
0.0732422,0.0180429
0.073291,0
0.0733398,-0.0179024
0.0733887,-0.0356653
0.0734375,-0.0355262
0.0734863,-0.0176939
0.0735352,-0.0176249
0.073584,-0.0175562
0.0736328,-0.0349755
0.0736816,-0.0174196
0.0737305,-0.0173516
0.0737793,-0.017284
0.0738281,-0.0344332
0.073877,-0.0514485
0.0739258,-0.0170826
0.0739746,-0.0340321
0.0740234,-0.0169497
0.0740723,-0.0337672
0.0741211,-0.0168178
0.0741699,-0.0335044
0.0742188,-0.0166869
0.0742676,-0.0166219
0.0743164,-0.0165571
0.0743652,-0.032985
0.0744141,-0.0164282
0.0744629,-0.0163642
0.0745117,-0.0326007
0.0745605,-0.0324736
0.0746094,-0.0161735
0.0746582,-0.0161105
0.074707,0
0.0747559,-0.0159851
0.0748047,-0.0159228
0.0748535,-0.0317214
0.0749023,-0.0157988
0.0749512,-0.0157373
0.075,-0.0156759
0.0750488,-0.0156148
0.0750977,-0.0311078
0.0751465,-0.0154933
0.0751953,-0.0154329
0.0752441,-0.0153727
0.075293,0
0.0753418,0.0152531
0.0753906,-0.0151936
0.0754395,-0.0302687
0.0754883,-0.0150754
0.0755371,0
0.0755859,-0.014958
0.0756348,-0.0297995
0.0756836,-0.0148416
0.0757324,-0.0147838
0.0757812,-0.0147261
0.0758301,-0.0146687
0.0758789,-0.0146115
0.0759277,-0.0145546
0.0759766,-0.0289957
0.0760254,-0.0144413
0.0760742,-0.014385
0.0761231,-0.0143289
0.0761719,-0.0142731
0.0762207,-0.0142174
0.0762695,0.014162
0.0763184,0.0282136
0.0763672,-0.0140518
0.076416,0
0.0764648,0
0.0765137,0.0138881
0.0765625,0.0276679
0.0766113,0
0.0766602,0.0137263
0.076709,0
0.0767578,-0.0136195
0.0768066,-0.0406991
0.0768555,-0.0540539
0.0769043,-0.0403824
0.0769531,-0.0536332
0.077002,-0.0267121
0.0770508,-0.0266079
0.0770996,-0.0132521
0.0771484,-0.0264009
0.0771973,-0.0394469
0.0772461,-0.0130977
0.0772949,-0.0260933
0.0773438,-0.0519831
0.0773926,0
0.0774414,0.0128946
0.0774902,0.0128444
0.0775391,0.0255886
0.0775879,0.0382333
0.0776367,0.0253895
0.0776855,0.0379357
0.0777344,0
0.0777832,0.0125468
0.077832,0.0124979
0.0778809,0.0124492
0.0779297,0.0124007
0.0779785,0.0123523
0.0780273,0.0123042
0.0780762,0.0490247
0.078125,0
0.0781738,0.0243216
0.0782227,0.0242268
0.0782715,0.0120662
0.0783203,0
0.0783691,0
0.078418,-0.0119256
0.0784668,-0.0237582
0.0785156,-0.0118328
0.0785645,-0.0117867
0.0786133,-0.0117407
0.0786621,-0.0350848
0.0787109,0
0.0787598,0
0.0788086,0
0.0788574,0.0115136
0.0789063,-0.0114687
0.0789551,-0.011424
0.0790039,-0.0113795
0.0790527,-0.0113351
0.0791016,-0.0112909
0.0791504,-0.0112469
0.0791992,-0.0224061
0.079248,-0.0111594
0.0792969,-0.0111159
0.0793457,-0.0332176
0.0793945,-0.0220587
0.0794434,-0.0109864
0.0794922,-0.0109435
0.079541,-0.0109009
0.0795898,-0.0108584
0.0796387,0
0.0796875,0.0215478
0.0797363,0.0321956
0.0797852,0.0320701
0.079834,0.0319451
0.0798828,0.0424274
0.0799316,0.0316965
0.0799805,0.0105243
0.0800293,0.0209665
0.0800781,0.0313272
0.080127,0.0208034
0.0801758,0.0310834
0.0802246,0.0516037
0.0802734,0.0308415
0.0803223,0.0409617
0.0803711,0.040802
0.0804199,0.0304822
0.0804688,0.0101211
0.0805176,0.0100817
0.0805664,0.0200847
0.0806152,0.0300096
0.0806641,0.00996421
0.0807129,0.00992536
0.0807617,0
0.0808105,0
0.0808594,-0.00980973
0.0809082,-0.00977148
0.080957,-0.00973339
0.0810059,-0.00969544
0.0810547,-0.00965764
0.0811035,-0.00961999
0.0811523,-0.00958249
0.0812012,-0.0190903
0.08125,-0.0190158
0.0812988,-0.00947085
0.0813477,-0.00943392
0.0813965,-0.00939714
0.0814453,-0.018721
0.0814941,-0.00932402
0.081543,-0.0185753
0.0815918,-0.00925145
0.0816406,-0.0276462
0.0816895,-0.0275384
0.0817383,-0.027431
0.0817871,-0.0364321
0.0818359,-0.018145
0.0818848,-0.00903715
0.0819336,-0.00900191
0.0819824,-0.00896682
0.0820313,-0.00893186
0.0820801,-0.00889704
0.0821289,-0.0177247
0.0821777,-0.0088278
0.0822266,-0.00879338
0.0822754,-0.0175182
0.0823242,-0.00872495
0.082373,-0.00869094
0.0824219,-0.00865705
0.0824707,-0.0172466
0.0825195,-0.00858968
0.0825684,-0.0085562
0.0826172,-0.00852284
0.082666,-0.00848961
0.0827148,-0.00845652
0.0827637,-0.0168471
0.0828125,0
0.0828613,0.00835799
0.0829102,0.00832541
0.082959,-0.00829295
0.0830078,-0.00826062
0.0830566,-0.00822841
0.0831055,-0.00819634
0.0831543,-0.00816438
0.0832031,-0.00813255
0.083252,-0.00810084
0.0833008,-0.00806926
0.0833496,0
0.0833984,0.00800647
0.0834473,0.031901
0.0834961,0.00794416
0.0835449,0.0158264
0.0835937,0.0157647
0.0836426,0.00785161
0.0836914,0.007821
0.0837402,0.0233715
0.0837891,0.0310405
0.0838379,0.0231896
0.0838867,0.0153995
0.0839356,0.0153395
0.0839844,0.0152796
0.0840332,0
0.084082,0.0151607
0.0841309,-0.00755082
0.0841797,-0.00752138
0.0842285,0.00749206
0.0842773,0.00746285
0.0843262,0
0.084375,0
0.0844238,0
0.0844727,0.0146943
0.0845215,0.0073185
0.0845703,-0.00728997
0.0846191,-0.00726155
0.084668,-0.00723324
0.0847168,-0.00720504
0.0847656,-0.00717695
0.0848145,-0.00714897
0.0848633,0
0.0849121,0.00709334
0.0849609,0.00706568
0.0850098,0.0211144
0.0850586,0.0210321
0.0851074,0
0.0851563,-0.00695614
0.0852051,0
0.0852539,0
0.0853027,0
0.0853516,0.00684829
0.0854004,-0.0068216
0.0854492,-0.006795
0.085498,-0.013537
0.0855469,-0.00674212
0.0855957,-0.00671584
0.0856445,-0.0133793
0.0856934,-0.00666357
0.0857422,-0.00663759
0.085791,-0.00661172
0.0858398,-0.0197578
0.0858887,-0.00656026
0.0859375,-0.00653469
0.0859863,-0.00650921
0.0860352,-0.00648383
0.086084,-0.00645856
0.0861328,-0.0128668
0.0861816,-0.0064083
0.0862305,-0.00638331
0.0862793,-0.00635843
0.0863281,-0.00633364
0.086377,-0.0126179
0.0864258,-0.00628435
0.0864746,-0.0125197
0.0865234,-0.00623544
0.0865723,-0.0124223
0.0866211,-0.0123738
0.0866699,0
0.0867188,0.00613877
0.0867676,0.0183445
0.0868164,0.012182
0.0868652,0.024269
0.0869141,0.0181308
0.0869629,0.0301002
0.0870117,0.0179897
0.0870605,0.0179196
0.0871094,0.0059499
0.0871582,0.0059267
0.087207,0
0.0872559,0
0.0873047,0.0117153
0.0873535,0.0116696
0.0874023,0.0116241
0.0874512,0.0115788
0.0875,0.00576684
0.0875488,-0.00574436
0.0875977,-0.00572196
0.0876465,-0.00569966
0.0876953,-0.0113549
0.0877441,-0.0056553
0.087793,-0.00563325
0.0878418,-0.00561129
0.0878906,-0.0167682
0.0879395,-0.00556762
0.0879883,-0.0110918
0.0880371,-0.0331458
0.0880859,-0.00550276
0.0881348,-0.0164439
0.0881836,-0.0109199
0.0882324,-0.00543865
0.0882813,0
0.0883301,0.00539633
0.0883789,0
0.0884277,0
0.0884766,-0.00533346
0.0885254,-0.00531266
0.0885742,-0.0158759
0.088623,-0.0105426
0.0886719,-0.00525077
0.0887207,-0.0052303
0.0887695,0
0.0888184,-0.0051896
0.0888672,-0.00516936
0.088916,-0.00514921
0.0889648,-0.00512914
0.0890137,-0.0102183
0.0890625,-0.00508922
0.0891113,-0.00506938
0.0891602,-0.0151488
0.089209,-0.00502993
0.0892578,-0.00501032
0.0893066,-0.00499079
0.0893555,-0.00994266
0.0894043,-0.00495195
0.0894531,-0.00493264
0.089502,-0.00491341
0.0895508,-0.00489426
0.0895996,-0.00975035
0.0896484,-0.00485617
0.0896973,-0.00967447
0.0897461,-0.00481838
0.0897949,-0.0143988
0.0898438,-0.0143426
0.0898926,-0.00952448
0.0899414,-0.00474367
0.0899902,-0.00945036
0.0900391,-0.00941352
0.0900879,-0.023442
0.0901367,-0.00934026
0.0901855,-0.0139558
0.0902344,-0.0231689
0.0902832,-0.0184629
0.090332,-0.0229886
0.0903809,-0.0137394
0.0904297,-0.0136858
0.0904785,-0.0136325
0.0905273,-0.00905289
0.0905762,-0.0135264
0.090625,-0.00449122
0.0906738,-0.00894742
0.0907227,-0.00891254
0.0907715,-0.0044389
0.0908203,-0.00884318
0.0908691,-0.00440435
0.090918,-0.00438718
0.0909668,-0.00437008
0.0910156,0
0.0910645,0.0130082
0.0911133,0.00431917
0.0911621,0.012907
0.0912109,0.00428555
0.0912598,0.00853769
0.0913086,0.00850441
0.0913574,0.00847125
0.0914062,0.00421911
0.0914551,0
0.0915039,0.00837256
0.0915527,0.0125099
0.0916016,0.0083074
0.0916504,0.00827501
0.0916992,0.00824275
0.0917481,0.00410531
0.0917969,0.0040893
0.0918457,0.00814672
0.0918945,0.00811496
0.0919434,0.00404166
0.0919922,0.0040259
0.092041,0.00802042
0.0920898,0.00399457
0.0921387,0.011937
0.0921875,0.00792698
0.0922363,0.00789607
0.0922852,0.00393264
0.092334,0.00783462
0.0923828,0.00780408
0.0924316,0
0.0924805,0
0.0925293,0.00385658
0.0925781,-0.00384154
0.092627,-0.00765314
0.0926758,-0.00381165
0.0927246,-0.00379679
0.0927734,-0.00756397
0.0928223,-0.00376724
0.0928711,-0.00375256
0.0929199,-0.00747585
0.0929688,-0.00372335
0.0930176,-0.00741767
0.0930664,-0.00369438
0.0931152,-0.00735995
0.0931641,-0.00366563
0.0932129,-0.00365134
0.0932617,-0.0036371
0.0933105,-0.00724584
0.0933594,-0.00721759
0.0934082,-0.00359473
0.093457,-0.00716143
0.0935059,-0.00356675
0.0935547,-0.0071057
0.0936035,-0.00707799
0.0936523,-0.0105756
0.0937012,-0.00351146
0.09375,-0.00349777
0.0937988,-0.00348413
0.0938477,-0.0104116
0.0938965,-0.00691403
0.0939453,-0.00688708
0.0939941,-0.0137205
0.094043,-0.00683348
0.0940918,-0.00680684
0.0941406,0
0.0941895,0.00337693
0.0942383,0.00336377
0.0942871,0.010052
0.0943359,0
0.0943848,0.00664916
0.0944336,-0.00331162
0.0944824,-0.00329871
0.0945313,-0.00328585
0.0945801,-0.00327304
0.0946289,-0.00326028
0.0946777,-0.00324757
0.0947266,-0.00323491
0.0947754,-0.00322229
0.0948242,-0.00962919
0.094873,-0.00319722
0.0949219,-0.00636951
0.0949707,-0.00634467
0.0950195,-0.00631994
0.0950684,-0.0062953
0.0951172,-0.00313538
0.095166,-0.00312315
0.0952148,-0.00311098
0.0952637,-0.00309885
0.0953125,-0.00617354
0.0953613,-0.00307473
0.0954102,-0.00306275
0.095459,-0.00305081
0.0955078,-0.00303891
0.0955566,-0.00302706
0.0956055,-0.00301526
0.0956543,-0.00300351
0.0957031,-0.0029918
0.095752,-0.00298013
0.0958008,-0.00296852
0.0958496,-0.00295694
0.0958984,-0.00294541
0.0959473,-0.00293393
0.0959961,-0.00292249
0.0960449,-0.0029111
0.0960938,-0.0057995
0.0961426,-0.00577689
0.0961914,-0.00287718
0.0962402,-0.00573193
0.0962891,-0.00285479
0.0963379,-0.00284366
0.0963867,-0.00283258
0.0964355,-0.00282153
0.0964844,-0.00281053
0.0965332,-0.00279958
0.096582,-0.00278866
0.0966309,-0.00277779
0.0966797,-0.00830088
0.0967285,-0.00826852
0.0967773,-0.0109817
0.0968262,-0.0136736
0.096875,-0.0108963
0.0969238,-0.0108538
0.0969727,-0.00810859
0.0970215,-0.00807698
0.0970703,-0.0107273
0.0971191,-0.00267137
0.097168,-0.00532192
0.0972168,-0.00265059
0.0972656,-0.00264025
0.0973145,-0.00788988
0.0973633,-0.00261971
0.0974121,-0.00260949
0.0974609,-0.00259932
0.0975098,-0.00258919
0.0975586,-0.00257909
0.0976074,-0.00256904
0.0976563,-0.00255902
0.0977051,-0.00254904
0.0977539,-0.00253911
0.0978027,-0.00252921
0.0978516,0
0.0979004,0.00501905
0.0979492,0.00499948
0.097998,0.00497999
0.0980469,0.00744086
0.0980957,0.00741185
0.0981445,0.00492197
0.0981934,0.00490278
0.0982422,0
0.098291,0.00243231
0.0983398,0
0.0983887,0.00241339
0.0984375,0.00480795
0.0984863,0
0.0985352,0
0.098584,0.00237597
0.0986328,-0.00236671
0.0986816,-0.00235748
0.0987305,-0.00234829
0.0987793,-0.00233913
0.0988281,-0.00233001
0.098877,-0.00232093
0.0989258,-0.00231188
0.0989746,-0.00921148
0.0990234,-0.00229389
0.0990723,-0.0045699
0.0991211,-0.00682812
0.0991699,0
0.0992187,0
0.0992676,0.00224952
0.0993164,0
0.0993652,0.00223202
0.0994141,0.00222332
0.0994629,0.0044293
0.0995117,0.00441203
0.0995606,0
0.0996094,0
0.0996582,0.00218031
0.099707,0.00434363
0.0997559,0.00432669
0.0998047,0.00430982
0.0998535,0.00429302
0.0999023,0.00427628
0.0999512,0.00638942
