5020.57 5840.75 1880.31 4047.83 7917.38 5867.1 7320.36 5290.95 13053.6 24733.8 22375.9 10016.9 2297.03 2375.84 4214.27 4611.46
4736.34 5363.87 4642.88 2440.22 3971.89 3726.46 3629.72 7470.1 12256 20754.4 20157.7 9890.48 2835.63 3493.97 3790.42 2547.25
4108.62 4095.05 2008.22 1461.21 2909.31 1307.66 2850.62 6206 11758.7 17696.8 18473.7 9362.09 3783.14 5416.91 2719.15 284.13
4048.69 2768.84 4175.57 809.105 2652.1 2560.83 4503.03 8588.37 20840.5 24977 20409.4 10861.6 6694.83 5606.02 887.127 1380.25
2273.56 2118.49 2710.34 3255.51 5017.35 3689.35 7512.01 18671.2 29841.8 37538.6 30048.7 12152.7 5834.37 1648.56 6576.36 1744.17
2588.59 5356.22 2508.9 2077.29 3725.21 2053.16 11154.5 26779.2 32786.8 41218.6 35772.3 14485 3134.37 4540.4 6183.06 1949.46
839.15 2295.12 2044.45 3075.92 5452.04 3820.2 10109 22041.7 23076.8 28032.8 28393.1 14923.9 3854.61 7056.12 3206.45 4382.44
824.99 1562.28 3638.33 1762.95 7157.75 2251.33 3125.57 7949.49 14168.2 24077.2 22504.9 10479.8 1991.19 2981.54 3577.78 3638.54
2935.91 2500.46 2162.92 2205.85 8706.26 2271.96 2457.34 13672.3 20954.6 24970.6 21335.7 8488.77 1303.81 2713.73 2333.86 1133.14
5374.92 2322.11 2617.28 1281.89 3089.17 4419.93 2179.57 9821.27 14830.5 20783.3 26513.2 18318.4 5386.18 2290.3 4201.25 5103.35
6060.18 3606.34 2255.24 3056.43 1032.96 2505.98 3358.67 5220.84 20763 34956 42170.9 36605.2 14211.7 3386.31 3939.78 3851.45
6356.84 9949.76 4669.15 2886.66 1853.21 1191.27 1945.19 11131.6 33435.1 42209.8 47146.3 44246.8 20688 3723.85 1544.33 2049.89
3361.06 7810.1 3655.85 1605.15 5327.62 2418.3 1912.9 13767.5 27268.7 33224.5 35755.9 28863.3 12485.4 3155.79 596.766 3688.51
2792.84 1944.55 2657.34 5105.24 6486.14 5720.4 1194.96 11249.3 14180.5 14059 17081.3 12564.6 6315.65 3263.35 3834.33 3227.88
2629.89 2908.34 5515.89 3578.01 3254.79 2423.02 5288.83 6494 9727.84 15382.9 16991.3 13949.9 6486.18 4831.03 8444.95 6296.45
4420.65 5400.37 5057.21 3162.49 8340.68 4334.14 8878.56 3211.61 10152.3 22507.4 21481.2 10178.3 3127.71 3977.91 7608.94 6515.27
