279.104033 0.000000
277.042889 0.000000
274.981745 0.000000
272.920601 0.000000
270.859457 0.000000
268.798313 0.000000
266.737169 0.000000
264.676025 0.000000
262.614882 0.000000
260.553738 0.000000
258.492594 0.000000
256.431450 0.000000
254.370306 0.000000
252.309162 0.000000
250.248018 0.000000
248.186874 0.000000
246.125730 0.000000
244.064586 0.000000
242.003442 0.000000
239.942298 0.000000
237.881154 0.000000
235.820010 0.000000
233.758866 0.000000
231.697722 0.000000
229.636578 0.000000
227.575434 0.000000
225.514290 0.000000
223.453146 0.000000
221.392003 0.000000
219.330859 0.000000
217.269715 0.000000
215.208571 0.000000
213.147427 0.000000
211.086283 0.000000
209.025139 0.000000
206.963995 0.000000
204.902851 0.000000
202.841707 0.000000
200.780563 0.000000
198.719419 0.000000
196.658275 0.000000
194.597131 0.000000
192.535987 0.000000
190.474843 0.000000
188.413699 0.000000
186.352555 0.000000
184.291411 0.000000
182.230267 0.000000
180.169124 0.000000
178.107980 0.000000
176.046836 0.000000
173.985692 0.000000
171.924548 0.000000
169.863404 0.000000
167.802260 0.000000
165.741116 0.000000
163.679972 0.000000
161.618828 0.000000
159.557684 0.000000
157.496540 0.000000
155.435396 0.000000
153.374252 0.000000
151.313108 0.000000
149.251964 0.000000
147.190820 0.000000
145.129676 0.000000
143.068532 0.000000
141.007388 0.000000
138.946245 0.000000
136.885101 0.000000
134.823957 0.000000
132.762813 0.000000
130.701669 0.000000
128.640525 0.000000
126.579381 0.000000
124.518237 0.000000
122.457093 0.000000
120.395949 0.000000
118.334805 0.000000
116.273661 0.000000
114.212517 0.000000
112.151373 0.000000
110.090229 0.000000
108.029085 0.000000
105.967941 0.000000
103.906797 0.000000
101.845653 0.000000
99.784509 0.000000
97.723366 0.000000
95.662222 0.000000
93.601078 0.000000
91.539934 0.000000
89.478790 0.000000
87.417646 0.000000
85.356502 0.000000
83.295358 0.000000
81.234214 0.000000
79.173070 0.000000
77.111926 0.000000
75.050782 0.000000
72.989638 0.000000
70.928494 0.000000
68.867350 0.000001
66.806206 0.000002
64.745062 0.000005
62.683918 0.000010
60.622774 0.000021
58.561630 0.000044
56.500486 0.000096
54.439343 0.000217
52.378199 0.000509
50.317055 0.001222
48.255911 0.002975
46.194767 0.007231
44.133623 0.017311
42.072479 0.040402
40.011335 0.091260
37.950191 0.198538
35.889047 0.414658
33.827903 0.829669
31.766759 1.588155
29.705615 2.905791
27.644471 5.078825
25.583327 8.476605
23.522183 13.506172
21.461039 20.541293
19.399895 29.817637
17.338751 41.310382
15.277607 54.626170
13.216464 68.950833
11.155320 83.090318
9.094176 95.620994
7.033032 105.131467
4.971888 110.502068
2.910744 111.146435
0.849600 107.143262
-1.211544 99.216963
-3.272688 88.572902
-5.333832 76.637583
-7.394976 64.779391
-9.456120 54.082861
-11.517264 45.223167
-13.578408 38.450613
-15.639552 33.662592
-17.700696 30.522922
-19.761840 28.587795
-21.822984 27.409047
-23.884128 26.601417
-25.945272 25.874207
-28.006415 25.035883
-30.067559 23.982556
-32.128703 22.679794
-34.189847 21.144084
-36.250991 19.427316
-38.312135 17.605462
-40.373279 15.771388
-42.434423 14.031014
-44.495567 12.501494
-46.556711 11.309481
-48.617855 10.587071
-50.678999 10.462861
-52.740143 11.046239
-54.801287 12.404884
-56.862431 14.538290
-58.923575 17.353342
-60.984719 20.650261
-63.045863 24.127166
-65.107007 27.408289
-67.168151 30.094660
-69.229294 31.828738
-71.290438 32.358510
-73.351582 31.584758
-75.412726 29.578642
-77.473870 26.564702
-79.535014 22.874113
-81.596158 18.881031
-83.657302 14.938423
-85.718446 11.327991
-87.779590 8.232876
-89.840734 5.734406
-91.901878 3.827854
-93.963022 2.448764
-96.024166 1.501273
-98.085310 0.882045
-100.146454 0.496637
-102.207598 0.267981
-104.268742 0.138575
-106.329886 0.068673
-108.391030 0.032614
-110.452174 0.014844
-112.513317 0.006475
-114.574461 0.002706
-116.635605 0.001084
-118.696749 0.000416
-120.757893 0.000153
-122.819037 0.000054
-124.880181 0.000018
-126.941325 0.000006
-129.002469 0.000002
-131.063613 0.000001
-133.124757 0.000000
-135.185901 0.000000
-137.247045 0.000000
-139.308189 0.000000
-141.369333 0.000000
-143.430477 0.000000
-145.491621 0.000000
-147.552765 0.000000
-149.613909 0.000000
-151.675053 0.000000
-153.736196 0.000000
-155.797340 0.000000
-157.858484 0.000000
-159.919628 0.000000
-161.980772 0.000000
-164.041916 0.000000
-166.103060 0.000000
-168.164204 0.000000
-170.225348 0.000000
-172.286492 0.000000
-174.347636 0.000000
-176.408780 0.000000
-178.469924 0.000000
-180.531068 0.000000
-182.592212 0.000000
-184.653356 0.000000
-186.714500 0.000000
-188.775644 0.000000
-190.836788 0.000000
-192.897932 0.000000
-194.959075 0.000000
-197.020219 0.000000
-199.081363 0.000000
-201.142507 0.000000
-203.203651 0.000000
-205.264795 0.000000
-207.325939 0.000000
-209.387083 0.000000
-211.448227 0.000000
-213.509371 0.000000
-215.570515 0.000000
-217.631659 0.000000
-219.692803 0.000000
-221.753947 0.000000
-223.815091 0.000000
-225.876235 0.000000
-227.937379 0.000000
-229.998523 0.000000
-232.059667 0.000000
-234.120811 0.000000
-236.181954 0.000000
-238.243098 0.000000
-240.304242 0.000000
-242.365386 0.000000
-244.426530 0.000000
-246.487674 0.000000
