279.104033 -4.030040
277.042889 -5.242190
274.981745 -5.548438
272.920601 -5.636393
270.859457 -5.693789
268.798313 -5.287630
266.737169 -4.809790
264.676025 -4.775659
262.614882 -4.591484
260.553738 -3.544203
258.492594 -3.084554
256.431450 -3.770755
254.370306 -4.761487
252.309162 -5.467845
250.248018 -5.028003
248.186874 -4.242392
246.125730 -4.310198
244.064586 -4.791344
242.003442 -5.119283
239.942298 -5.039685
237.881154 -5.123038
235.820010 -5.474961
233.758866 -5.775466
231.697722 -5.374137
229.636578 -4.986182
227.575434 -5.449901
225.514290 -5.654415
223.453146 -5.433914
221.392003 -5.601962
219.330859 -6.169895
217.269715 -6.115086
215.208571 -5.490244
213.147427 -5.290953
211.086283 -5.827758
209.025139 -6.904437
206.963995 -7.597475
204.902851 -7.372005
202.841707 -6.396792
200.780563 -5.591394
198.719419 -5.600768
196.658275 -6.476547
194.597131 -7.071239
192.535987 -7.141126
190.474843 -7.282177
188.413699 -7.217904
186.352555 -6.881809
184.291411 -6.923864
182.230267 -6.985943
180.169124 -6.964711
178.107980 -6.964838
176.046836 -6.813784
173.985692 -7.076033
171.924548 -7.942929
169.863404 -8.373968
167.802260 -8.372759
165.741116 -8.091667
163.679972 -8.040288
161.618828 -8.110023
159.557684 -8.159671
157.496540 -8.529887
155.435396 -8.313815
153.374252 -7.553344
151.313108 -7.906904
149.251964 -9.283000
147.190820 -9.893875
145.129676 -9.035416
143.068532 -7.772081
141.007388 -6.993293
138.946245 -7.232117
136.885101 -8.022412
134.823957 -8.762783
132.762813 -9.059299
130.701669 -8.723892
128.640525 -8.552304
126.579381 -8.490198
124.518237 -8.586539
122.457093 -8.661983
120.395949 -8.283582
118.334805 -8.685343
116.273661 -9.801348
114.212517 -9.761800
112.151373 -9.142239
110.090229 -9.322774
108.029085 -9.527550
105.967941 -9.266821
103.906797 -8.845727
101.845653 -8.832256
99.784509 -9.362113
97.723366 -9.905752
95.662222 -10.136746
93.601078 -10.036995
91.539934 -9.907178
89.478790 -9.801615
87.417646 -9.444095
85.356502 -8.984411
83.295358 -8.868192
81.234214 -8.843909
79.173070 -8.997130
77.111926 -9.589302
75.050782 -10.321589
72.989638 -10.629557
70.928494 -10.865220
68.867350 -11.000935
66.806206 -10.614098
64.745062 -10.230531
62.683918 -10.314896
60.622774 -10.464668
58.561630 -10.346685
56.500486 -10.138256
54.439343 -10.128680
52.378199 -10.062843
50.317055 -9.433364
48.255911 -8.840218
46.194767 -9.416312
44.133623 -10.259584
42.072479 -10.017986
40.011335 -9.203036
37.950191 -8.440949
35.889047 -7.863530
33.827903 -7.073179
31.766759 -5.872886
29.705615 -4.031772
27.644471 -1.105524
25.583327 3.446863
23.522183 10.003439
21.461039 18.728482
19.399895 29.696160
17.338751 42.475653
15.277607 57.692746
13.216464 73.913963
11.155320 87.130489
9.094176 96.613494
7.033032 103.325835
4.971888 107.031582
2.910744 107.054368
0.849600 103.755977
-1.211544 98.795042
-3.272688 91.387498
-5.333832 80.621958
-7.394976 67.972833
-9.456120 55.662764
-11.517264 44.753724
-13.578408 36.340016
-15.639552 31.227864
-17.700696 28.198758
-19.761840 26.947781
-21.822984 27.083956
-23.884128 27.825355
-25.945272 28.605916
-28.006415 28.241202
-30.067559 25.759915
-32.128703 22.046506
-34.189847 19.122612
-36.250991 17.374896
-38.312135 16.368329
-40.373279 15.478666
-42.434423 13.985806
-44.495567 12.364366
-46.556711 11.023229
-48.617855 10.361028
-50.678999 10.373153
-52.740143 11.396243
-54.801287 13.934067
-56.862431 16.950845
-58.923575 19.639411
-60.984719 22.296106
-63.045863 24.357733
-65.107007 25.799322
-67.168151 27.371620
-69.229294 29.112685
-71.290438 30.245317
-73.351582 30.738231
-75.412726 30.517259
-77.473870 29.172540
-79.535014 26.543769
-81.596158 22.008466
-83.657302 16.248883
-85.718446 11.006205
-87.779590 6.709087
-89.840734 3.422472
-91.901878 1.284875
-93.963022 -0.851610
-96.024166 -3.470701
-98.085310 -5.671089
-100.146454 -6.249847
-102.207598 -5.437672
-104.268742 -5.143676
-106.329886 -5.565240
-108.391030 -6.124435
-110.452174 -6.837807
-112.513317 -7.753485
-114.574461 -8.341335
-116.635605 -8.074316
-118.696749 -7.445242
-120.757893 -6.856370
-122.819037 -6.387740
-124.880181 -6.714476
-126.941325 -7.164360
-129.002469 -7.432425
-131.063613 -7.933888
-133.124757 -8.383630
-135.185901 -8.557433
-137.247045 -8.663400
-139.308189 -8.753946
-141.369333 -8.424693
-143.430477 -8.015604
-145.491621 -8.303154
-147.552765 -8.744612
-149.613909 -8.974413
-151.675053 -9.144984
-153.736196 -9.150146
-155.797340 -8.917034
-157.858484 -8.563646
-159.919628 -8.502038
-161.980772 -8.318067
-164.041916 -8.112257
-166.103060 -7.695630
-168.164204 -7.031353
-170.225348 -6.517926
-172.286492 -6.471476
-174.347636 -6.448054
-176.408780 -6.667119
-178.469924 -7.850630
-180.531068 -8.832894
-182.592212 -8.500106
-184.653356 -8.065791
-186.714500 -8.148756
-188.775644 -8.095523
-190.836788 -8.271550
-192.897932 -8.638122
-194.959075 -8.465918
-197.020219 -7.998500
-199.081363 -7.900988
-201.142507 -7.955064
-203.203651 -7.492619
-205.264795 -6.927373
-207.325939 -7.077902
-209.387083 -7.369785
-211.448227 -7.348964
-213.509371 -7.238134
-215.570515 -6.408704
-217.631659 -5.622493
-219.692803 -5.978307
-221.753947 -6.610360
-223.815091 -6.997560
-225.876235 -6.874445
-227.937379 -6.149471
-229.998523 -5.502447
-232.059667 -5.824068
-234.120811 -6.394054
-236.181954 -6.659074
-238.243098 -6.838142
-240.304242 -6.567755
-242.365386 -6.241788
-244.426530 -5.985368
-246.487674 -5.844103
