# BEGINHEADER
# This file contains data from the SALSA 2m radio telescope.
# DATE=2024-01-31T12:50:0054
# GLON and GLAT given in degrees
# GLON=74.84663596182273
# GLAT=0.083556966899998
# DATA in two columns below. Col. 1 is velocity relative to LSR [km/s]. Col. 2 is uncalibrated antenna temperature [K].
# ENDHEADER
279.1040331528162 -2.826911805516968
277.04288920221757 -7.33320754462127
274.981745251619 -4.668644783052476
272.9206013010203 -5.723802385211537
270.8594573504217 -6.244458955090571
268.79831339982303 -5.233904644553664
266.7371694492244 -4.579035963652988
264.6760254986258 -4.084441441123619
262.6148815480271 -6.558856341978614
260.5537375974285 -2.4161340887162144
258.49259364682985 -2.04935479620207
256.4314496962312 -4.395559790461652
254.37030574563255 -3.9685726439349325
252.3091617950339 -6.976027676188055
250.24801784443528 -5.39984292303429
248.18687389383663 -2.756552999698024
246.12572994323799 -4.921077797920513
244.06458599263934 -4.104838202105685
242.0034420420407 -6.392882541946757
239.94229809144207 -4.017339998865144
237.88115414084342 -5.608004574779328
235.82001019024477 -4.79007219596146
233.75886623964612 -6.751331273626077
231.6977222890475 -5.793867787972985
229.63657833844886 -3.1346878968785257
227.57543438785024 -6.680776087450761
225.51429043725156 -5.674441052917482
223.45314648665294 -5.327986078250384
221.3920025360543 -4.764378508490144
219.33085858545567 -6.968171906877775
217.269714634857 -6.8257403496724
215.20857068425838 -4.572669134308437
213.14742673365973 -5.4806892722565435
211.0862827830611 -4.712214404847744
209.02513883246246 -7.834985843792519
206.96399488186378 -7.575795879958173
204.90285093126516 -8.575582180132134
202.84170698066652 -5.527092690508013
200.7805630300679 -5.865351662767296
198.71941907946925 -4.062195614187695
196.6582751288706 -7.401622611420467
194.59713117827195 -7.436927175712318
192.53598722767333 -6.774003741102997
190.47484327707468 -7.244813128734501
188.41369932647606 -8.182593863442518
186.3525553758774 -5.61984515934117
184.29141142527877 -7.586250213026916
182.23026747468012 -6.869379022922084
180.1691235240815 -6.808428356030304
178.10797957348282 -7.222936131529117
176.0468356228842 -6.991836898694153
173.98569167228555 -5.4637363804648675
171.92454772168693 -9.649939694982471
169.8634037710883 -7.5130180130057775
167.8022598204896 -9.429204122558753
165.741115869891 -7.348706765472345
163.67997191929234 -7.942802822589605
161.61882796869372 -8.796521129701908
159.55768401809507 -7.021078445673246
157.49654006749643 -9.21871859237463
155.43539611689778 -9.425896409202768
153.37425216629916 -6.077738162676607
151.3131082157005 -7.1926602975003755
149.25196426510186 -9.724576771503466
147.1908203145032 -11.56590684828682
145.1296763639046 -8.456885935932176
143.06853241330595 -8.095734934891397
141.00738846270733 -5.8105713806617425
138.94624451210865 -7.101690536515454
136.88510056151003 -8.339616142223191
134.82395661091138 -8.354291877233182
132.76281266031276 -10.563912785785018
130.7016687097141 -7.48262385744112
128.64052475911546 -9.116216414723947
126.57938080851682 -8.357686543177346
124.51823685791818 -7.933177420643337
122.45709290731953 -10.096467050320024
120.3959489567209 -7.322198973599516
118.33480500612227 -7.360016716336545
116.27366105552362 -11.572000664149122
114.21251710492498 -10.404942700448009
112.15137315432634 -7.383516798091711
110.0902292037277 -10.176062225744477
108.02908525312904 -9.532270065898253
105.9679413025304 -9.574184118075204
103.90679735193177 -8.551024393551849
101.84565340133312 -8.22155617480762
99.78450945073449 -9.674527845342979
97.72336550013584 -9.88037554781046
95.66222154953721 -10.595779006944884
93.60107759893856 -9.834161989808981
91.53993364833993 -9.896219048456707
89.47878969774129 -9.862593588059143
87.41764574714264 -9.982984901834664
85.35650179654401 -8.050357351110055
83.29535784594536 -9.426486117869562
81.23421389534673 -8.477954215627044
79.17306994474808 -8.942322674189231
77.11192599414944 -8.98752774423491
75.05078204355081 -11.3106540147287
72.98963809295216 -10.250832570799135
70.92849414235353 -10.724669291748516
68.86735019175487 -11.746294191205365
66.80620624115623 -10.522746613146378
64.7450622905576 -9.650652057147607
62.68391833995896 -10.446908892505665
60.62277438936031 -10.659883627087565
58.56163043876167 -10.481135491456907
56.500486488163034 -9.869790145509622
54.43934253756439 -10.026400489650955
52.37819858696575 -10.566086355709121
50.31705463636711 -9.912573837405638
48.25591068576847 -7.421196326532129
46.19476673516983 -8.997618897388524
44.133622784571195 -11.92262043143633
42.07247883397255 -9.617711357026671
40.011334883373905 -9.577288207297766
37.950190932775264 -7.788269518291493
35.88904698217662 -8.404543867073293
33.82790303157798 -7.063170450977741
31.766759080979345 -6.205333169495996
29.705615130380703 -4.600473217605999
27.644471179782062 -1.772505064433105
25.58332722918342 2.0191969806584855
23.522183278584777 9.559112222904757
21.46103932798614 16.596504327254078
19.399895377387498 29.893695314479597
17.338751426788853 40.82323002903708
15.277607476190214 55.49736368564056
13.216463525591575 77.45051726975905
11.155319574992935 88.88263922952909
9.094175624394293 97.42769633518533
7.033031673795653 105.19799817155548
4.971887723197012 108.30422051527606
2.9107437725983716 110.36320604216345
0.8495998219997306 102.63710478581774
-1.2115441285989101 100.6682499291886
-3.272688079197551 93.48736828200641
-5.333832029796192 81.8545976415584
-7.3949759803948325 67.26511601632073
-9.456119930993474 54.88723869957833
-11.517263881592115 44.323482668336766
-13.578407832190758 32.8380792268449
-15.639551782789397 31.78749815901512
-17.700695733388038 26.482357997847526
-19.761839683986675 26.372240180951458
-21.82298363458532 27.01616528229594
-23.88412758518396 27.41483891604986
-25.9452715357826 29.29052197993789
-28.00641548638124 29.548220576748488
-30.067559436979877 27.11707931994216
-32.12870338757852 20.66568157833517
-34.18984733817716 18.641523327422025
-36.25099128877581 17.214184454221368
-38.31213523937445 15.635064966648066
-40.37327918997308 16.917792460871947
-42.434423140571724 13.182345693543887
-44.495567091170365 12.879140206421978
-46.556711041769006 10.132585311049075
-48.61785499236765 10.247075540281717
-50.67899894296629 10.195546269351357
-52.74014289356492 9.90829652347699
-54.80128684416356 13.714257911452355
-56.86243079476221 18.014179557552417
-58.92357474536085 18.56932174339899
-60.984718695959494 23.308594629538142
-63.045862646558135 24.61230169372775
-65.10700659715678 25.77443374839669
-67.16815054775542 26.68162967968129
-69.22929449835405 30.063158934225264
-71.2904384489527 30.39059470602628
-73.35158239955133 30.76789436968558
-75.41272635014997 31.694591060039144
-77.47387030074862 29.0457089250723
-79.53501425134725 28.115331785328735
-81.5961582019459 23.030178742002143
-83.65730215254453 15.324835019628878
-85.7184461031432 10.492658916135015
-87.77959005374183 6.745380082454435
-89.84073400434046 1.8462353012888615
-91.90187795493911 1.8773051237359464
-93.96302190553774 -0.3812908011531218
-96.02416585613639 -3.743709376711758
-98.08530980673503 -6.328731172452081
-100.14645375733367 -8.27197166567458
-102.20759770793231 -3.7629838345075726
-104.26874165853094 -5.1685953120227115
-106.32988560912959 -5.5159888432480875
-108.39102955972822 -6.136072073099462
-110.45217351032687 -6.531831271241305
-112.5133174609255 -7.831452323361276
-114.57446141152415 -9.13133962654866
-116.63560536212279 -8.371857730190126
-118.69674931272142 -6.684886864597606
-120.75789326332007 -8.027275971908685
-122.8190372139187 -4.593381132565934
-124.88018116451737 -7.36510044000628
-126.941325115116 -7.40764363094755
-129.00246906571462 -6.866780012894344
-131.06361301631327 -8.184874963359928
-133.12475696691192 -8.547009149884667
-135.18590091751057 -8.65487741093962
-137.24704486810919 -8.388790333765181
-139.30818881870783 -9.123305702084778
-141.3693327693065 -8.987723561700339
-143.43047671990513 -6.738044297228221
-145.49162067050378 -8.660078667247332
-147.5527646211024 -9.017490922165255
-149.61390857170105 -8.611729037431248
-151.6750525222997 -9.691706921182993
-153.73619647289834 -8.666482365243214
-155.79734042349696 -9.98144685831565
-157.8584843740956 -7.070442046821248
-159.91962832469423 -9.829335293716754
-161.9807722752929 -7.354855629384606
-164.04191622589153 -8.83914741314608
-166.10306017649017 -7.524181387366517
-168.1642041270888 -7.337142763434766
-170.22534807768744 -5.6911404223550965
-172.2864920282861 -6.750806120503475
-174.34763597888474 -6.808833195508563
-176.40877992948336 -5.3105519187421875
-178.469923880082 -7.861629183449855
-180.53106783068068 -10.57522588405487
-182.5922117812793 -8.138939801277468
-184.65335573187795 -7.090739766871684
-186.71449968247657 -9.172726828229756
-188.77564363307522 -7.5044410090668165
-190.83678758367387 -7.922488811011634
-192.89793153427252 -9.360672253050183
-194.95907548487114 -8.662461823821443
-197.02021943546978 -7.57577471281688
-199.0813633860684 -7.6071234033389015
-201.14250733666708 -8.563394679162917
-203.2036512872657 -7.846270663950709
-205.26479523786435 -5.899479900502333
-207.32593918846297 -7.034928740865088
-209.38708313906164 -8.276373145018136
-211.44822708966026 -6.302949301488184
-213.5093710402589 -8.439678803969407
-215.57051499085753 -6.768433400311897
-217.63165894145618 -3.6685509417749063
-219.69280289205486 -6.896709997726248
-221.75394684265348 -6.166894777634143
-223.81509079325212 -7.619846625652571
-225.87623474385074 -7.000600038441045
-227.9373786944494 -6.727886064779949
-229.99852264504804 -4.050877663459921
-232.0596665956467 -5.903547224304186
-234.1208105462453 -7.251694710608004
-236.18195449684396 -5.579814092395438
-238.2430984474426 -8.274215701641484
-240.30424239804125 -5.707803677358308
-242.36538634863987 -6.700103956184711
-244.42653029923852 -5.676290929744194
-246.48767424983714 -5.836480042676415
