# BEGINHEADER
# This file contains data from the SALSA 2m radio telescope.
# DATE=2024-01-31T11:38:0044
# GLON and GLAT given in degrees
# GLON=25.56647848284746
# GLAT=-32.69569195829858
# DATA in two columns below. Col. 1 is velocity relative to LSR [km/s]. Col. 2 is uncalibrated antenna temperature [K].
# ENDHEADER
2386.4328273968617 93.59236451281285
2384.3716834462634 193.44706446173439
2382.3105394956647 171.6141869139793
2380.249395545066 187.15517895273436
2378.188251594467 186.11349810149736
2376.127107643869 196.40593940185335
2374.06596369327 201.27307519846582
2372.0048197426713 211.07419592173054
2369.9436757920726 217.71092665493472
2367.8825318414742 229.88404474751403
2365.8213878908755 236.7278916540514
2363.760243940277 250.63317373811412
2361.6990999896784 261.6471204533166
2359.6379560390797 272.33673879170726
2357.576812088481 282.9552643924717
2355.5156681378826 295.68248372941736
2353.454524187284 305.5852212921922
2351.393380236685 316.9239638100406
2349.3322362860863 327.19346978940314
2347.2710923354875 334.94479730050625
2345.209948384889 347.0579264978421
2343.1488044342905 352.7463479647366
2341.0876604836917 361.8997959491839
2339.026516533093 369.76022258783263
2336.965372582494 374.386645115187
2334.904228631896 384.2692568799458
2332.843084681297 388.86756123117283
2330.7819407306984 395.7520026798768
2328.7207967800996 398.3070023586741
2326.6596528295013 398.6451810388861
2324.5985088789025 406.95763962790846
2322.537364928304 406.9387321943927
2320.4762209777055 409.9687016309499
2318.4150770271067 414.2937740428129
2316.353933076508 415.1503142364222
2314.2927891259096 414.2609520791541
2312.231645175311 418.07105266117935
2310.170501224712 418.9177760183996
2308.1093572741133 421.87852716434736
2306.048213323515 420.25073103774776
2303.9870693729163 424.17998410841716
2301.925925422318 424.51006386521595
2299.864781471719 427.38797491919996
2297.8036375211204 424.3644574296999
2295.7424935705217 429.4329810968604
2293.6813496199234 431.3059048400429
2291.6202056693246 429.84083007293236
2289.559061718726 433.90649935759694
2287.497917768127 436.3195292057625
2285.436773817529 437.1620958239164
2283.3756298669296 435.3766472734013
2281.3144859163313 437.18744215517836
2279.2533419657325 437.6352756142888
2277.1921980151337 441.3548563265986
2275.131054064535 439.7407130428159
2273.0699101139367 440.0646673073263
2271.008766163338 439.9744881260779
2268.947622212739 444.5169402582285
2266.8864782621404 440.149171290487
2264.825334311542 444.18395315037117
2262.7641903609433 445.6337647337324
2260.703046410345 445.3562663348691
2258.6419024597462 447.86513983837176
2256.5807585091475 449.9899943418113
2254.5196145585487 450.46010862604385
2252.4584706079504 449.16186747781245
2250.3973266573516 445.6413667386642
2248.336182706753 449.36338360115576
2246.275038756154 448.4115726898863
2244.213894805556 450.92946453446393
2242.152750854957 453.76746415583165
2240.0916069043587 453.3550294515163
2238.03046295376 452.2523344348616
2235.969319003161 454.5141044672209
2233.9081750525625 452.6661930552414
2231.847031101964 453.05502727948885
2229.7858871513654 453.4478517092683
2227.7247432007666 453.96319090458564
2225.663599250168 454.9634462645393
2223.6024552995696 451.1808835282804
2221.5413113489703 457.1756787390229
2219.480167398372 454.63884543816033
2217.4190234477733 453.6270540981594
2215.3578794971745 456.5286328838851
2213.2967355465757 454.0399464440522
2211.2355915959774 453.3591661606076
2209.1744476453787 457.60221517515527
2207.11330369478 473.1211834422753
2205.052159744181 457.7629079421148
2202.991015793583 459.1533749936847
2200.929871842984 458.0414979316891
2198.868727892386 453.21955713733973
2196.807583941787 458.5188882532189
2194.7464399911883 462.02727526750283
2192.6852960405895 464.5904531673203
2190.624152089991 465.41364109571305
2188.5630081393924 463.87927728121815
2186.5018641887937 463.5692106645683
2184.440720238195 462.1879920901464
2182.3795762875966 460.9423553141215
2180.318432336998 461.15469792078784
2178.2572883863995 458.4551898064381
2176.1961444358008 462.0956048772111
2174.135000485202 463.9915309862985
2172.0738565346032 460.42838339853887
2170.012712584005 459.14696350803166
2167.951568633406 459.55991425228115
2165.8904246828074 465.224128405297
2163.8292807322086 462.9920994453559
2161.7681367816103 468.4094521420957
2159.706992831011 460.35349092640814
2157.645848880413 461.81368222842184
2155.5847049298136 456.77567125103656
2153.5235609792153 465.8965026172596
2151.4624170286165 458.595708339988
2149.401273078018 457.2120901783494
2147.3401291274195 460.0745175502915
2145.2789851768207 459.73283236536474
2143.217841226222 465.7143460989597
2141.1566972756236 464.0473493306405
2139.095553325025 463.78276015592877
2137.0344093744266 465.0242360092812
2134.9732654238273 461.63307312777096
2132.912121473229 463.21508129536954
2130.8509775226303 462.94007904221417
2128.789833572032 464.3561218398454
2126.728689621433 465.12838510461745
2124.6675456708344 467.0481142363363
2122.6064017202357 453.98484260971213
2120.5452577696374 460.2921802078854
2118.4841138190386 463.11759023135716
2116.4229698684403 462.81974665269183
2114.361825917841 464.06859158278746
2112.300681967243 459.76977595703113
2110.239538016644 466.7664492942497
2108.1783940660457 466.5570246786019
2106.117250115447 460.3847564253076
2104.056106164848 463.99636308707466
2101.9949622142494 462.34308346839657
2099.933818263651 459.66918040611114
2097.8726743130524 465.1500222150862
2095.8115303624536 465.18547205819453
2093.750386411855 462.277634502722
2091.689242461256 458.82890055293683
2089.6280985106573 458.8597203724146
2087.566954560059 462.2992709132924
2085.5058106094602 458.4607419885867
2083.444666658862 459.51073945378533
2081.383522708263 460.87562404820386
2079.3223787576644 455.7095517854767
2077.2612348070656 456.62373420036647
2075.2000908564673 457.33053879153925
2073.1389469058686 459.2101488112313
2071.07780295527 459.90273334859484
2069.016659004671 457.72824434948797
2066.9555150540727 459.68289712102916
2064.8943711034735 462.0263588090517
2062.833227152875 459.9457793312593
2060.7720832022765 462.74994989224496
2058.710939251678 455.61746259922097
2056.6497953010794 459.78572280134136
2054.5886513504806 454.985800226085
2052.527507399882 489.9617097846084
2050.4663634492836 463.8866970778476
2048.405219498685 450.6885161867487
2046.344075548086 453.2049947831229
2044.2829315974873 448.2407265680246
2042.221787646889 458.46520670418414
2040.16064369629 455.61553418136697
2038.0994997456917 453.5431105189898
2036.038355795093 452.2295657585063
2033.9772118444944 456.4401793503315
2031.9160678938956 451.7457583938918
2029.854923943297 449.1681520617257
2027.7937799926983 453.95189379941354
2025.7326360420998 450.20547624660804
2023.671492091501 452.5112351601386
2021.6103481409027 449.3215127644734
2019.5492041903037 449.2071695159763
2017.4880602397052 446.0716982947127
2015.4269162891064 452.874336850189
2013.365772338508 441.54694678857595
2011.3046283879091 444.12529477774353
2009.2434844373106 445.3663871561052
2007.1823404867118 445.4391975726488
2005.1211965361133 443.0960469053754
2003.0600525855145 446.20327177196515
2000.9989086349162 445.71869375327236
1998.9377646843172 444.4808621517306
1996.876620733719 443.28282904976675
1994.8154767831202 441.79527822601597
1992.7543328325216 441.3613559712096
1990.6931888819229 442.69157893889053
1988.6320449313243 442.55267542979243
1986.5709009807254 439.65506506009916
1984.5097570301268 438.5772039631172
1982.448613079528 438.6434105201249
1980.3874691289298 440.82703751831593
1978.3263251783308 436.79392221019793
1976.2651812277325 432.2147701275874
1974.2040372771337 435.9678913463435
1972.1428933265352 437.3711366656588
1970.0817493759364 431.28728910065195
1968.0206054253379 432.9688382536821
1965.959461474739 432.6346279667164
1963.8983175241406 430.53270716647586
1961.8371735735418 424.1745706550973
1959.7760296229435 434.9981359979671
1957.7148856723445 427.1012093620854
1955.653741721746 420.9753332789148
1953.5925977711472 428.9938755711898
1951.5314538205487 426.1440030426325
1949.47030986995 417.5853194106262
1947.4091659193514 418.70309767319424
1945.3480219687526 419.8624325611239
1943.286878018154 415.83527846791367
1941.2257340675553 418.58119744504165
1939.164590116957 414.51543639232085
1937.103446166358 418.0536520403793
1935.0423022157597 416.05644456120115
1932.981158265161 410.78680876149093
1930.9200143145624 408.69732664360475
1928.8588703639637 408.1993300495975
1926.7977264133651 407.77501705763603
1924.7365824627661 405.87610197355787
1922.6754385121676 402.3269905236433
1920.6142945615688 398.55184133585715
1918.5531506109705 396.35664182293857
1916.4920066603715 396.65239180080226
1914.4308627097732 386.80471512398304
1912.3697187591745 380.54235019876955
1910.308574808576 378.8205664418406
1908.2474308579772 369.07671405800977
1906.1862869073786 367.1579532911335
1904.1251429567799 356.0621441713481
1902.0639990061813 350.1494972496377
1900.0028550555826 339.14671012584404
1897.9417111049843 330.30204345959396
1895.8805671543853 322.95232964164904
1893.819423203787 312.5475360655346
1891.758279253188 304.90494141596594
1889.6971353025895 291.7523721107722
1887.6359913519907 278.96179432623893
1885.5748474013922 267.79510758907037
1883.5137034507934 259.4029313873668
1881.4525595001949 247.7740521427708
1879.391415549596 238.91446875480278
1877.3302715989978 228.2518164155992
1875.2691276483988 215.48726690297653
1873.2079836978005 208.9327014762179
1871.1468397472017 199.2149455849452
1869.0856957966032 196.28027506073994
1867.0245518460044 185.84274873439105
1864.963407895406 188.30576648920686
1862.9022639448071 170.41575737003626
1860.8411199942084 193.90650148532882
