0,12.7466
0.00012207,12.7341
0.000244141,12.7217
0.000366211,12.7093
0.000488281,12.6969
0.000610352,12.6845
0.000732422,12.6721
0.000854492,12.6597
0.000976563,12.6474
0.00109863,12.635
0.0012207,12.6227
0.00134277,12.6104
0.00146484,12.5981
0.00158691,12.5858
0.00170898,12.5735
0.00183105,12.5612
0.00195313,12.549
0.0020752,12.5367
0.00219727,12.5245
0.00231934,12.5123
0.00244141,12.5
0.00256348,12.4878
0.00268555,12.4756
0.00280762,12.4635
0.00292969,12.4513
0.00305176,12.4392
0.00317383,12.427
0.0032959,12.4149
0.00341797,12.4028
0.00354004,12.3907
0.00366211,12.3786
0.00378418,12.3665
0.00390625,12.3544
0.00402832,12.3424
0.00415039,12.3303
0.00427246,12.3183
0.00439453,12.3062
0.0045166,12.2942
0.00463867,12.2822
0.00476074,12.2702
0.00488281,12.2583
0.00500488,12.2463
0.00512695,12.2343
0.00524902,12.2224
0.00537109,12.2105
0.00549316,12.1986
0.00561523,12.1867
0.0057373,12.1748
0.00585938,12.1629
0.00598145,12.151
0.00610352,12.1391
0.00622559,12.1273
0.00634766,12.1155
0.00646973,12.1036
0.0065918,12.0918
0.00671387,12.08
0.00683594,12.0682
0.00695801,12.0564
0.00708008,12.0447
0.00720215,12.0329
0.00732422,12.0212
0.00744629,12.0094
0.00756836,11.9977
0.00769043,11.986
0.0078125,11.9743
0.00793457,11.9626
0.00805664,11.9509
0.00817871,11.9393
0.00830078,11.9276
0.00842285,11.916
0.00854492,11.9043
0.00866699,11.8927
0.00878906,11.8811
0.00891113,11.8695
0.0090332,11.8579
0.00915527,11.8464
0.00927734,11.8348
0.00939941,11.8232
0.00952148,11.8117
0.00964355,11.8002
0.00976563,11.7887
0.0098877,11.7772
0.0100098,11.7657
0.0101318,11.7542
0.0102539,11.7427
0.010376,11.7312
0.010498,11.7198
0.0106201,11.7083
0.0107422,11.6969
0.0108643,11.6855
0.0109863,11.6741
0.0111084,11.6627
0.0112305,11.6513
0.0113525,11.6399
0.0114746,11.6286
0.0115967,11.6172
0.0117188,11.6059
0.0118408,11.5946
0.0119629,11.5833
0.012085,11.5719
0.012207,11.5606
0.0123291,11.5494
0.0124512,11.5381
0.0125732,11.5268
0.0126953,11.5156
0.0128174,11.5043
0.0129395,11.4931
0.0130615,11.4819
0.0131836,11.4707
0.0133057,11.4595
0.0134277,11.4483
0.0135498,11.4371
0.0136719,11.426
0.0137939,11.4148
0.013916,11.4037
0.0140381,11.3925
0.0141602,11.3814
0.0142822,11.3703
0.0144043,11.3592
0.0145264,11.3481
0.0146484,11.337
0.0147705,11.326
0.0148926,11.3149
0.0150146,11.3039
0.0151367,11.2928
0.0152588,11.2818
0.0153809,11.2708
0.0155029,11.2598
0.015625,11.2488
0.0157471,11.2378
0.0158691,11.2269
0.0159912,11.2159
0.0161133,11.205
0.0162354,11.194
0.0163574,11.1831
0.0164795,11.1722
0.0166016,11.1613
0.0167236,11.1504
0.0168457,11.1395
0.0169678,11.1286
0.0170898,11.1178
0.0172119,11.1069
0.017334,11.0961
0.0174561,11.0852
0.0175781,11.0744
0.0177002,11.0636
0.0178223,11.0528
0.0179443,11.042
0.0180664,11.0312
0.0181885,11.0205
0.0183105,11.0097
0.0184326,10.999
0.0185547,10.9882
0.0186768,10.9775
0.0187988,10.9668
0.0189209,10.9561
0.019043,10.9454
0.019165,10.9347
0.0192871,10.924
0.0194092,10.9134
0.0195313,10.9027
0.0196533,10.8921
0.0197754,10.8815
0.0198975,10.8708
0.0200195,10.8602
0.0201416,10.8496
0.0202637,10.839
0.0203857,10.8285
0.0205078,10.8179
0.0206299,10.8073
0.020752,10.7968
0.020874,10.7862
0.0209961,10.7757
0.0211182,10.7652
0.0212402,10.7547
0.0213623,10.7442
0.0214844,10.7337
0.0216064,10.7232
0.0217285,10.7128
0.0218506,10.7023
0.0219727,10.6919
0.0220947,10.6814
0.0222168,10.671
0.0223389,10.6606
0.0224609,10.6502
0.022583,10.6398
0.0227051,10.6294
0.0228271,10.619
0.0229492,10.6086
0.0230713,10.5983
0.0231934,10.5879
0.0233154,10.5776
0.0234375,10.5673
0.0235596,10.557
0.0236816,10.5467
0.0238037,10.5364
0.0239258,10.5261
0.0240479,10.5158
0.0241699,10.5056
0.024292,10.4953
0.0244141,10.4851
0.0245361,10.4748
0.0246582,10.4646
0.0247803,10.4544
0.0249023,10.4442
0.0250244,10.434
0.0251465,10.4238
0.0252686,10.4136
0.0253906,10.4035
0.0255127,10.3933
0.0256348,10.3832
0.0257568,10.373
0.0258789,10.3629
0.026001,10.3528
0.026123,10.3427
0.0262451,10.3326
0.0263672,10.3225
0.0264893,10.3124
0.0266113,10.3024
0.0267334,10.2923
0.0268555,10.2823
0.0269775,10.2722
0.0270996,10.2622
0.0272217,10.2522
0.0273438,10.2422
0.0274658,10.2322
0.0275879,10.2222
0.02771,10.2122
0.027832,10.2022
0.0279541,10.1923
0.0280762,10.1823
0.0281982,10.1724
0.0283203,10.1625
0.0284424,10.1525
0.0285645,10.1426
0.0286865,10.1327
0.0288086,10.1228
0.0289307,10.113
0.0290527,10.1031
0.0291748,10.0932
0.0292969,10.0834
0.0294189,10.0735
0.029541,10.0637
0.0296631,10.0539
0.0297852,10.0441
0.0299072,10.0343
0.0300293,10.0245
0.0301514,10.0147
0.0302734,10.0049
0.0303955,9.99514
0.0305176,9.98538
0.0306396,9.97564
0.0307617,9.9659
0.0308838,9.95617
0.0310059,9.94646
0.0311279,9.93675
0.03125,9.92705
0.0313721,9.91736
0.0314941,9.90768
0.0316162,9.89801
0.0317383,9.88835
0.0318604,9.87869
0.0319824,9.86905
0.0321045,9.85942
0.0322266,9.8498
0.0323486,9.84018
0.0324707,9.83058
0.0325928,9.82098
0.0327148,9.81139
0.0328369,9.80182
0.032959,9.79225
0.0330811,9.78269
0.0332031,9.77314
0.0333252,9.7636
0.0334473,9.75407
0.0335693,9.74455
0.0336914,9.73504
0.0338135,9.72554
0.0339355,9.71605
0.0340576,9.70656
0.0341797,9.69709
0.0343018,9.68762
0.0344238,9.67817
0.0345459,9.66872
0.034668,9.65928
0.03479,9.64985
0.0349121,9.64044
0.0350342,9.63103
0.0351563,9.62162
0.0352783,9.61223
0.0354004,9.60285
0.0355225,9.59348
0.0356445,9.58411
0.0357666,9.57476
0.0358887,9.56541
0.0360107,9.55608
0.0361328,9.54675
0.0362549,9.53743
0.036377,9.52812
0.036499,9.51882
0.0366211,9.50953
0.0367432,9.50025
0.0368652,9.49097
0.0369873,9.48171
0.0371094,9.47246
0.0372314,9.46321
0.0373535,9.45397
0.0374756,9.44475
0.0375977,9.43553
0.0377197,9.42632
0.0378418,9.41712
0.0379639,9.40792
0.0380859,9.39874
0.038208,9.38957
0.0383301,9.3804
0.0384521,9.37125
0.0385742,9.3621
0.0386963,9.35296
0.0388184,9.34383
0.0389404,9.33471
0.0390625,9.3256
0.0391846,9.3165
0.0393066,9.3074
0.0394287,9.29832
0.0395508,9.28924
0.0396729,9.28018
0.0397949,9.27112
0.039917,9.26207
0.0400391,9.25303
0.0401611,9.24399
0.0402832,9.23497
0.0404053,9.22596
0.0405273,9.21695
0.0406494,9.20796
0.0407715,9.19897
0.0408936,9.18999
0.0410156,9.18102
0.0411377,9.17206
0.0412598,9.1631
0.0413818,9.15416
0.0415039,9.14523
0.041626,9.1363
0.041748,9.12738
0.0418701,9.11847
0.0419922,9.10957
0.0421143,9.10068
0.0422363,9.0918
0.0423584,9.08292
0.0424805,9.07406
0.0426025,9.0652
0.0427246,9.05635
0.0428467,9.04751
0.0429688,9.03868
0.0430908,9.02986
0.0432129,9.02104
0.043335,9.01224
0.043457,9.00344
0.0435791,8.99465
0.0437012,8.98587
0.0438232,8.9771
0.0439453,8.96834
0.0440674,8.95959
0.0441895,8.95084
0.0443115,8.94211
0.0444336,8.93338
0.0445557,8.92466
0.0446777,8.91595
0.0447998,8.90724
0.0449219,8.89855
0.0450439,8.88986
0.045166,8.88119
0.0452881,8.87252
0.0454102,8.86386
0.0455322,8.8552
0.0456543,8.84656
0.0457764,8.83793
0.0458984,8.8293
0.0460205,8.82068
0.0461426,8.81207
0.0462646,8.80347
0.0463867,8.79488
0.0465088,8.78629
0.0466309,8.77772
0.0467529,8.76915
0.046875,8.76059
0.0469971,8.75204
0.0471191,8.7435
0.0472412,8.73496
0.0473633,8.72643
0.0474854,8.71792
0.0476074,8.70941
0.0477295,8.70091
0.0478516,8.69241
0.0479736,8.68393
0.0480957,8.67545
0.0482178,8.66699
0.0483398,8.65853
0.0484619,8.65007
0.048584,8.64163
0.0487061,8.6332
0.0488281,8.62477
0.0489502,8.61635
0.0490723,8.60794
0.0491943,8.59954
0.0493164,8.59114
0.0494385,8.58276
0.0495605,8.57438
0.0496826,8.56601
0.0498047,8.55765
0.0499268,8.5493
0.0500488,8.54095
0.0501709,8.53262
0.050293,8.52429
0.050415,8.51597
0.0505371,8.50765
0.0506592,8.49935
0.0507813,8.49105
0.0509033,8.48277
0.0510254,8.47449
0.0511475,8.46621
0.0512695,8.45795
0.0513916,8.4497
0.0515137,8.44145
0.0516357,8.43321
0.0517578,8.42498
0.0518799,8.41675
0.052002,8.40854
0.052124,8.40033
0.0522461,8.39213
0.0523682,8.38394
0.0524902,8.37576
0.0526123,8.36758
0.0527344,8.35941
0.0528564,8.35125
0.0529785,8.3431
0.0531006,8.33496
0.0532227,8.32682
0.0533447,8.31869
0.0534668,8.31057
0.0535889,8.30246
0.0537109,8.29436
0.053833,8.28626
0.0539551,8.27818
0.0540771,8.27009
0.0541992,8.26202
0.0543213,8.25396
0.0544434,8.2459
0.0545654,8.23785
0.0546875,8.22981
0.0548096,8.22178
0.0549316,8.21375
0.0550537,8.20574
0.0551758,8.19773
0.0552979,8.18972
0.0554199,8.18173
0.055542,8.17375
0.0556641,8.16577
0.0557861,8.1578
0.0559082,8.14983
0.0560303,8.14188
0.0561523,8.13393
0.0562744,8.12599
0.0563965,8.11806
0.0565186,8.11014
0.0566406,8.10222
0.0567627,8.09431
0.0568848,8.08641
0.0570068,8.07852
0.0571289,8.07063
0.057251,8.06276
0.057373,8.05488
0.0574951,8.04702
0.0576172,8.03917
0.0577393,8.03132
0.0578613,8.02348
0.0579834,8.01565
0.0581055,8.00783
0.0582275,8.00001
0.0583496,7.9922
0.0584717,7.9844
0.0585938,7.97661
0.0587158,7.96882
0.0588379,7.96104
0.05896,7.95327
0.059082,7.94551
0.0592041,7.93775
0.0593262,7.93001
0.0594482,7.92227
0.0595703,7.91453
0.0596924,7.90681
0.0598145,7.89909
0.0599365,7.89138
0.0600586,7.88368
0.0601807,7.87598
0.0603027,7.86829
0.0604248,7.86061
0.0605469,7.85294
0.0606689,7.84528
0.060791,7.83762
0.0609131,7.82997
0.0610352,7.82233
0.0611572,7.81469
0.0612793,7.80706
0.0614014,7.79944
0.0615234,7.79183
0.0616455,7.78422
0.0617676,7.77663
0.0618896,7.76903
0.0620117,7.76145
0.0621338,7.75388
0.0622559,7.74631
0.0623779,7.73875
0.0625,7.73119
0.0626221,7.72365
0.0627441,7.71611
0.0628662,7.70858
0.0629883,7.70105
0.0631104,7.69353
0.0632324,7.68603
0.0633545,7.67852
0.0634766,7.67103
0.0635986,7.66354
0.0637207,7.65606
0.0638428,7.64859
0.0639648,7.64112
0.0640869,7.63366
0.064209,7.62621
0.0643311,7.61877
0.0644531,7.61133
0.0645752,7.6039
0.0646973,7.59648
0.0648193,7.58907
0.0649414,7.58166
0.0650635,7.57426
0.0651855,7.56686
0.0653076,7.55948
0.0654297,7.5521
0.0655518,7.54473
0.0656738,7.53736
0.0657959,7.53001
0.065918,7.52266
0.06604,7.51531
0.0661621,7.50798
0.0662842,7.50065
0.0664063,7.49333
0.0665283,7.48602
0.0666504,7.47871
0.0667725,7.47141
0.0668945,7.46412
0.0670166,7.45683
0.0671387,7.44955
0.0672607,7.44228
0.0673828,7.43502
0.0675049,7.42776
0.067627,7.42051
0.067749,7.41326
0.0678711,7.40603
0.0679932,7.3988
0.0681152,7.39158
0.0682373,7.38436
0.0683594,7.37716
0.0684814,7.36996
0.0686035,7.36276
0.0687256,7.35557
0.0688477,7.34839
0.0689697,7.34122
0.0690918,7.33406
0.0692139,7.3269
0.0693359,7.31975
0.069458,7.3126
0.0695801,7.30546
0.0697021,7.29833
0.0698242,7.29121
0.0699463,7.28409
0.0700684,7.27698
0.0701904,7.26988
0.0703125,7.26278
0.0704346,7.25569
0.0705566,7.24861
0.0706787,7.24154
0.0708008,7.23447
0.0709229,7.22741
0.0710449,7.22035
0.071167,7.2133
0.0712891,7.20626
0.0714111,7.19923
0.0715332,7.1922
0.0716553,7.18518
0.0717773,7.17817
0.0718994,7.17116
0.0720215,7.16416
0.0721436,7.15717
0.0722656,7.15018
0.0723877,7.14321
0.0725098,7.13623
0.0726318,7.12927
0.0727539,7.12231
0.072876,7.11536
0.072998,7.10841
0.0731201,7.10147
0.0732422,7.09454
0.0733643,7.08762
0.0734863,7.0807
0.0736084,7.07379
0.0737305,7.06688
0.0738525,7.05998
0.0739746,7.05309
0.0740967,7.04621
0.0742188,7.03933
0.0743408,7.03246
0.0744629,7.0256
0.074585,7.01874
0.074707,7.01189
0.0748291,7.00504
0.0749512,6.99821
0.0750732,6.99137
0.0751953,6.98455
0.0753174,6.97773
0.0754395,6.97092
0.0755615,6.96412
0.0756836,6.95732
0.0758057,6.95053
0.0759277,6.94375
0.0760498,6.93697
0.0761719,6.9302
0.0762939,6.92343
0.076416,6.91667
0.0765381,6.90992
0.0766602,6.90318
0.0767822,6.89644
0.0769043,6.88971
0.0770264,6.88298
0.0771484,6.87627
0.0772705,6.86955
0.0773926,6.86285
0.0775146,6.85615
0.0776367,6.84946
0.0777588,6.84277
0.0778809,6.83609
0.0780029,6.82942
0.078125,6.82275
0.0782471,6.81609
0.0783691,6.80944
0.0784912,6.80279
0.0786133,6.79615
0.0787354,6.78952
0.0788574,6.78289
0.0789795,6.77627
0.0791016,6.76966
0.0792236,6.76305
0.0793457,6.75645
0.0794678,6.74985
0.0795898,6.74327
0.0797119,6.73668
0.079834,6.73011
0.0799561,6.72354
0.0800781,6.71698
0.0802002,6.71042
0.0803223,6.70387
0.0804443,6.69733
0.0805664,6.69079
0.0806885,6.68426
0.0808105,6.67773
0.0809326,6.67122
0.0810547,6.66471
0.0811768,6.6582
0.0812988,6.6517
0.0814209,6.64521
0.081543,6.63872
0.081665,6.63224
0.0817871,6.62577
0.0819092,6.6193
0.0820313,6.61284
0.0821533,6.60638
0.0822754,6.59994
0.0823975,6.59349
0.0825195,6.58706
0.0826416,6.58063
0.0827637,6.57421
0.0828857,6.56779
0.0830078,6.56138
0.0831299,6.55497
0.083252,6.54858
0.083374,6.54218
0.0834961,6.5358
0.0836182,6.52942
0.0837402,6.52305
0.0838623,6.51668
0.0839844,6.51032
0.0841064,6.50396
0.0842285,6.49761
0.0843506,6.49127
0.0844727,6.48494
0.0845947,6.47861
0.0847168,6.47228
0.0848389,6.46596
0.0849609,6.45965
0.085083,6.45335
0.0852051,6.44705
0.0853271,6.44076
0.0854492,6.43447
0.0855713,6.42819
0.0856934,6.42191
0.0858154,6.41565
0.0859375,6.40938
0.0860596,6.40313
0.0861816,6.39688
0.0863037,6.39063
0.0864258,6.3844
0.0865479,6.37816
0.0866699,6.37194
0.086792,6.36572
0.0869141,6.35951
0.0870361,6.3533
0.0871582,6.3471
0.0872803,6.3409
0.0874023,6.33471
0.0875244,6.32853
0.0876465,6.32235
0.0877686,6.31618
0.0878906,6.31002
0.0880127,6.30386
0.0881348,6.2977
0.0882568,6.29156
0.0883789,6.28542
0.088501,6.27928
0.088623,6.27315
0.0887451,6.26703
0.0888672,6.26091
0.0889893,6.2548
0.0891113,6.24869
0.0892334,6.2426
0.0893555,6.2365
0.0894775,6.23041
0.0895996,6.22433
0.0897217,6.21826
0.0898438,6.21219
0.0899658,6.20612
0.0900879,6.20007
0.09021,6.19402
0.090332,6.18797
0.0904541,6.18193
0.0905762,6.17589
0.0906982,6.16987
0.0908203,6.16384
0.0909424,6.15783
0.0910645,6.15182
0.0911865,6.14581
0.0913086,6.13981
0.0914307,6.13382
0.0915527,6.12783
0.0916748,6.12185
0.0917969,6.11588
0.0919189,6.10991
0.092041,6.10394
0.0921631,6.09799
0.0922852,6.09203
0.0924072,6.08609
0.0925293,6.08015
0.0926514,6.07421
0.0927734,6.06828
0.0928955,6.06236
0.0930176,6.05644
0.0931396,6.05053
0.0932617,6.04462
0.0933838,6.03872
0.0935059,6.03283
0.0936279,6.02694
0.09375,6.02106
0.0938721,6.01518
0.0939941,6.00931
0.0941162,6.00345
0.0942383,5.99759
0.0943604,5.99173
0.0944824,5.98588
0.0946045,5.98004
0.0947266,5.9742
0.0948486,5.96837
0.0949707,5.96255
0.0950928,5.95673
0.0952148,5.95091
0.0953369,5.9451
0.095459,5.9393
0.0955811,5.9335
0.0957031,5.92771
0.0958252,5.92193
0.0959473,5.91614
0.0960693,5.91037
0.0961914,5.9046
0.0963135,5.89884
0.0964355,5.89308
0.0965576,5.88733
0.0966797,5.88158
0.0968018,5.87584
0.0969238,5.8701
0.0970459,5.86438
0.097168,5.85865
0.09729,5.85293
0.0974121,5.84722
0.0975342,5.84151
0.0976563,5.83581
0.0977783,5.83011
0.0979004,5.82442
0.0980225,5.81874
0.0981445,5.81306
0.0982666,5.80738
0.0983887,5.80172
0.0985107,5.79605
0.0986328,5.7904
0.0987549,5.78474
0.098877,5.7791
0.098999,5.77346
0.0991211,5.76782
0.0992432,5.76219
0.0993652,5.75657
0.0994873,5.75095
0.0996094,5.74533
0.0997314,5.73973
0.0998535,5.73412
0.0999756,5.72853
0.100098,5.72294
0.10022,5.71735
0.100342,5.71177
0.100464,5.70619
0.100586,5.70062
0.100708,5.69506
0.10083,5.6895
0.100952,5.68395
0.101074,5.6784
0.101196,5.67286
0.101318,5.66732
0.10144,5.66179
0.101563,5.65626
0.101685,5.65074
0.101807,5.64523
0.101929,5.63971
0.102051,5.63421
0.102173,5.62871
0.102295,5.62322
0.102417,5.61773
0.102539,5.61224
0.102661,5.60677
0.102783,5.60129
0.102905,5.59583
0.103027,5.59036
0.103149,5.58491
0.103271,5.57946
0.103394,5.57401
0.103516,5.56857
0.103638,5.56313
0.10376,5.5577
0.103882,5.55228
0.104004,5.54686
0.104126,5.54145
0.104248,5.53604
0.10437,5.53063
0.104492,5.52523
0.104614,5.51984
0.104736,5.51445
0.104858,5.50907
0.10498,5.50369
0.105103,5.49832
0.105225,5.49295
0.105347,5.48759
0.105469,5.48224
0.105591,5.47689
0.105713,5.47154
0.105835,5.4662
0.105957,5.46086
0.106079,5.45553
0.106201,5.45021
0.106323,5.44489
0.106445,5.43957
0.106567,5.43426
0.106689,5.42896
0.106812,5.42366
0.106934,5.41837
0.107056,5.41308
0.107178,5.40779
0.1073,5.40252
0.107422,5.39724
0.107544,5.39197
0.107666,5.38671
0.107788,5.38145
0.10791,5.3762
0.108032,5.37095
0.108154,5.36571
0.108276,5.36047
0.108398,5.35524
0.108521,5.35001
0.108643,5.34479
0.108765,5.33957
0.108887,5.33436
0.109009,5.32916
0.109131,5.32395
0.109253,5.31876
0.109375,5.31357
0.109497,5.30838
0.109619,5.3032
0.109741,5.29802
0.109863,5.29285
0.109985,5.28768
0.110107,5.28252
0.110229,5.27737
0.110352,5.27222
0.110474,5.26707
0.110596,5.26193
0.110718,5.25679
0.11084,5.25166
0.110962,5.24653
0.111084,5.24141
0.111206,5.2363
0.111328,5.23119
0.11145,5.22608
0.111572,5.22098
0.111694,5.21588
0.111816,5.21079
0.111938,5.20571
0.112061,5.20062
0.112183,5.19555
0.112305,5.19048
0.112427,5.18541
0.112549,5.18035
0.112671,5.17529
0.112793,5.17024
0.112915,5.16519
0.113037,5.16015
0.113159,5.15512
0.113281,5.15008
0.113403,5.14506
0.113525,5.14004
0.113647,5.13502
0.11377,5.13001
0.113892,5.125
0.114014,5.12
0.114136,5.115
0.114258,5.11001
0.11438,5.10502
0.114502,5.10004
0.114624,5.09506
0.114746,5.09008
0.114868,5.08512
0.11499,5.08015
0.115112,5.07519
0.115234,5.07024
0.115356,5.06529
0.115479,5.06035
0.115601,5.05541
0.115723,5.05047
0.115845,5.04554
0.115967,5.04062
0.116089,5.0357
0.116211,5.03078
0.116333,5.02587
0.116455,5.02097
0.116577,5.01607
0.116699,5.01117
0.116821,5.00628
0.116943,5.00139
0.117065,4.99651
0.117188,4.99163
0.11731,4.98676
0.117432,4.98189
0.117554,4.97703
0.117676,4.97217
0.117798,4.96732
0.11792,4.96247
0.118042,4.95763
0.118164,4.95279
0.118286,4.94795
0.118408,4.94312
0.11853,4.9383
0.118652,4.93348
0.118774,4.92866
0.118896,4.92385
0.119019,4.91905
0.119141,4.91425
0.119263,4.90945
0.119385,4.90466
0.119507,4.89987
0.119629,4.89509
0.119751,4.89031
0.119873,4.88553
0.119995,4.88077
0.120117,4.876
0.120239,4.87124
0.120361,4.86649
0.120483,4.86174
0.120605,4.85699
0.120728,4.85225
0.12085,4.84752
0.120972,4.84278
0.121094,4.83806
0.121216,4.83333
0.121338,4.82862
0.12146,4.8239
0.121582,4.8192
0.121704,4.81449
0.121826,4.80979
0.121948,4.8051
0.12207,4.80041
0.122192,4.79572
0.122314,4.79104
0.122437,4.78636
0.122559,4.78169
0.122681,4.77702
0.122803,4.77236
0.122925,4.7677
0.123047,4.76305
0.123169,4.7584
0.123291,4.75376
0.123413,4.74912
0.123535,4.74448
0.123657,4.73985
0.123779,4.73522
0.123901,4.7306
0.124023,4.72598
0.124146,4.72137
0.124268,4.71676
0.12439,4.71216
0.124512,4.70756
0.124634,4.70296
0.124756,4.69837
0.124878,4.69379
0.125,4.68921
0.125122,4.68463
0.125244,4.68006
0.125366,4.67549
0.125488,4.67092
0.12561,4.66636
0.125732,4.66181
0.125854,4.65726
0.125977,4.65271
0.126099,4.64817
0.126221,4.64364
0.126343,4.6391
0.126465,4.63457
0.126587,4.63005
0.126709,4.62553
0.126831,4.62102
0.126953,4.61651
0.127075,4.612
0.127197,4.6075
0.127319,4.603
0.127441,4.59851
0.127563,4.59402
0.127686,4.58954
0.127808,4.58506
0.12793,4.58058
0.128052,4.57611
0.128174,4.57164
0.128296,4.56718
0.128418,4.56272
0.12854,4.55827
0.128662,4.55382
0.128784,4.54937
0.128906,4.54493
0.129028,4.5405
0.12915,4.53607
0.129272,4.53164
0.129395,4.52721
0.129517,4.5228
0.129639,4.51838
0.129761,4.51397
0.129883,4.50956
0.130005,4.50516
0.130127,4.50077
0.130249,4.49637
0.130371,4.49198
0.130493,4.4876
0.130615,4.48322
0.130737,4.47884
0.130859,4.47447
0.130981,4.4701
0.131104,4.46574
0.131226,4.46138
0.131348,4.45703
0.13147,4.45268
0.131592,4.44833
0.131714,4.44399
0.131836,4.43965
0.131958,4.43532
0.13208,4.43099
0.132202,4.42666
0.132324,4.42234
0.132446,4.41803
0.132568,4.41371
0.13269,4.4094
0.132813,4.4051
0.132935,4.4008
0.133057,4.39651
0.133179,4.39221
0.133301,4.38793
0.133423,4.38364
0.133545,4.37936
0.133667,4.37509
0.133789,4.37082
0.133911,4.36655
0.134033,4.36229
0.134155,4.35803
0.134277,4.35378
0.134399,4.34953
0.134521,4.34528
0.134644,4.34104
0.134766,4.33681
0.134888,4.33257
0.13501,4.32834
0.135132,4.32412
0.135254,4.3199
0.135376,4.31568
0.135498,4.31147
0.13562,4.30726
0.135742,4.30306
0.135864,4.29886
0.135986,4.29466
0.136108,4.29047
0.13623,4.28628
0.136353,4.2821
0.136475,4.27792
0.136597,4.27374
0.136719,4.26957
0.136841,4.2654
0.136963,4.26124
0.137085,4.25708
0.137207,4.25292
0.137329,4.24877
0.137451,4.24463
0.137573,4.24048
0.137695,4.23634
0.137817,4.23221
0.137939,4.22808
0.138062,4.22395
0.138184,4.21983
0.138306,4.21571
0.138428,4.21159
0.13855,4.20748
0.138672,4.20338
0.138794,4.19927
0.138916,4.19518
0.139038,4.19108
0.13916,4.18699
0.139282,4.1829
0.139404,4.17882
0.139526,4.17474
0.139648,4.17067
0.139771,4.16659
0.139893,4.16253
0.140015,4.15846
0.140137,4.15441
0.140259,4.15035
0.140381,4.1463
0.140503,4.14225
0.140625,4.13821
0.140747,4.13417
0.140869,4.13013
0.140991,4.1261
0.141113,4.12208
0.141235,4.11805
0.141357,4.11403
0.141479,4.11002
0.141602,4.10601
0.141724,4.102
0.141846,4.09799
0.141968,4.09399
0.14209,4.09
0.142212,4.08601
0.142334,4.08202
0.142456,4.07803
0.142578,4.07405
0.1427,4.07008
0.142822,4.0661
0.142944,4.06213
0.143066,4.05817
0.143188,4.05421
0.143311,4.05025
0.143433,4.0463
0.143555,4.04235
0.143677,4.0384
0.143799,4.03446
0.143921,4.03052
0.144043,4.02659
0.144165,4.02266
0.144287,4.01873
0.144409,4.01481
0.144531,4.01089
0.144653,4.00698
0.144775,4.00306
0.144897,3.99916
0.14502,3.99525
0.145142,3.99135
0.145264,3.98746
0.145386,3.98357
0.145508,3.97968
0.14563,3.97579
0.145752,3.97191
0.145874,3.96803
0.145996,3.96416
0.146118,3.96029
0.14624,3.95643
0.146362,3.95256
0.146484,3.94871
0.146606,3.94485
0.146729,3.941
0.146851,3.93716
0.146973,3.93331
0.147095,3.92947
0.147217,3.92564
0.147339,3.92181
0.147461,3.91798
0.147583,3.91415
0.147705,3.91033
0.147827,3.90652
0.147949,3.9027
0.148071,3.89889
0.148193,3.89509
0.148315,3.89129
0.148438,3.88749
0.14856,3.88369
0.148682,3.8799
0.148804,3.87612
0.148926,3.87233
0.149048,3.86855
0.14917,3.86478
0.149292,3.861
0.149414,3.85724
0.149536,3.85347
0.149658,3.84971
0.14978,3.84595
0.149902,3.8422
0.150024,3.83845
0.150146,3.8347
0.150269,3.83096
0.150391,3.82722
0.150513,3.82348
0.150635,3.81975
0.150757,3.81602
0.150879,3.8123
0.151001,3.80858
0.151123,3.80486
0.151245,3.80114
0.151367,3.79743
0.151489,3.79373
0.151611,3.79002
0.151733,3.78633
0.151855,3.78263
0.151978,3.77894
0.1521,3.77525
0.152222,3.77156
0.152344,3.76788
0.152466,3.7642
0.152588,3.76053
0.15271,3.75686
0.152832,3.75319
0.152954,3.74953
0.153076,3.74587
0.153198,3.74221
0.15332,3.73856
0.153442,3.73491
0.153564,3.73127
0.153687,3.72762
0.153809,3.72399
0.153931,3.72035
0.154053,3.71672
0.154175,3.71309
0.154297,3.70947
0.154419,3.70585
0.154541,3.70223
0.154663,3.69862
0.154785,3.69501
0.154907,3.6914
0.155029,3.6878
0.155151,3.6842
0.155273,3.6806
0.155396,3.67701
0.155518,3.67342
0.15564,3.66983
0.155762,3.66625
0.155884,3.66267
0.156006,3.6591
0.156128,3.65552
0.15625,3.65196
0.156372,3.64839
0.156494,3.64483
0.156616,3.64127
0.156738,3.63772
0.15686,3.63417
0.156982,3.63062
0.157104,3.62708
0.157227,3.62354
0.157349,3.62
0.157471,3.61647
0.157593,3.61294
0.157715,3.60941
0.157837,3.60589
0.157959,3.60237
0.158081,3.59885
0.158203,3.59534
0.158325,3.59183
0.158447,3.58832
0.158569,3.58482
0.158691,3.58132
0.158813,3.57783
0.158936,3.57433
0.159058,3.57084
0.15918,3.56736
0.159302,3.56388
0.159424,3.5604
0.159546,3.55692
0.159668,3.55345
0.15979,3.54998
0.159912,3.54652
0.160034,3.54306
0.160156,3.5396
0.160278,3.53614
0.1604,3.53269
0.160522,3.52924
0.160645,3.5258
0.160767,3.52236
0.160889,3.51892
0.161011,3.51548
0.161133,3.51205
0.161255,3.50862
0.161377,3.5052
0.161499,3.50178
0.161621,3.49836
0.161743,3.49495
0.161865,3.49153
0.161987,3.48813
0.162109,3.48472
0.162231,3.48132
0.162354,3.47792
0.162476,3.47453
0.162598,3.47114
0.16272,3.46775
0.162842,3.46436
0.162964,3.46098
0.163086,3.4576
0.163208,3.45423
0.16333,3.45086
0.163452,3.44749
0.163574,3.44412
0.163696,3.44076
0.163818,3.4374
0.16394,3.43405
0.164063,3.4307
0.164185,3.42735
0.164307,3.424
0.164429,3.42066
0.164551,3.41732
0.164673,3.41399
0.164795,3.41065
0.164917,3.40732
0.165039,3.404
0.165161,3.40068
0.165283,3.39736
0.165405,3.39404
0.165527,3.39073
0.165649,3.38742
0.165771,3.38411
0.165894,3.38081
0.166016,3.37751
0.166138,3.37421
0.16626,3.37092
0.166382,3.36763
0.166504,3.36434
0.166626,3.36106
0.166748,3.35778
0.16687,3.3545
0.166992,3.35122
0.167114,3.34795
0.167236,3.34468
0.167358,3.34142
0.16748,3.33816
0.167603,3.3349
0.167725,3.33165
0.167847,3.32839
0.167969,3.32514
0.168091,3.3219
0.168213,3.31866
0.168335,3.31542
0.168457,3.31218
0.168579,3.30895
0.168701,3.30572
0.168823,3.30249
0.168945,3.29927
0.169067,3.29605
0.169189,3.29283
0.169312,3.28962
0.169434,3.28641
0.169556,3.2832
0.169678,3.27999
0.1698,3.27679
0.169922,3.27359
0.170044,3.2704
0.170166,3.26721
0.170288,3.26402
0.17041,3.26083
0.170532,3.25765
0.170654,3.25447
0.170776,3.25129
0.170898,3.24812
0.171021,3.24495
0.171143,3.24178
0.171265,3.23862
0.171387,3.23545
0.171509,3.2323
0.171631,3.22914
0.171753,3.22599
0.171875,3.22284
0.171997,3.21969
0.172119,3.21655
0.172241,3.21341
0.172363,3.21028
0.172485,3.20714
0.172607,3.20401
0.172729,3.20088
0.172852,3.19776
0.172974,3.19464
0.173096,3.19152
0.173218,3.18841
0.17334,3.18529
0.173462,3.18218
0.173584,3.17908
0.173706,3.17598
0.173828,3.17288
0.17395,3.16978
0.174072,3.16668
0.174194,3.16359
0.174316,3.16051
0.174438,3.15742
0.174561,3.15434
0.174683,3.15126
0.174805,3.14818
0.174927,3.14511
0.175049,3.14204
0.175171,3.13897
0.175293,3.13591
0.175415,3.13285
0.175537,3.12979
0.175659,3.12674
0.175781,3.12368
0.175903,3.12064
0.176025,3.11759
0.176147,3.11455
0.17627,3.11151
0.176392,3.10847
0.176514,3.10543
0.176636,3.1024
0.176758,3.09938
0.17688,3.09635
0.177002,3.09333
0.177124,3.09031
0.177246,3.08729
0.177368,3.08428
0.17749,3.08127
0.177612,3.07826
0.177734,3.07526
0.177856,3.07225
0.177979,3.06926
0.178101,3.06626
0.178223,3.06327
0.178345,3.06028
0.178467,3.05729
0.178589,3.05431
0.178711,3.05132
0.178833,3.04835
0.178955,3.04537
0.179077,3.0424
0.179199,3.03943
0.179321,3.03646
0.179443,3.0335
0.179565,3.03054
0.179688,3.02758
0.17981,3.02462
0.179932,3.02167
0.180054,3.01872
0.180176,3.01578
0.180298,3.01283
0.18042,3.00989
0.180542,3.00695
0.180664,3.00402
0.180786,3.00109
0.180908,2.99816
0.18103,2.99523
0.181152,2.99231
0.181274,2.98939
0.181396,2.98647
0.181519,2.98355
0.181641,2.98064
0.181763,2.97773
0.181885,2.97482
0.182007,2.97192
0.182129,2.96902
0.182251,2.96612
0.182373,2.96323
0.182495,2.96033
0.182617,2.95744
0.182739,2.95456
0.182861,2.95167
0.182983,2.94879
0.183105,2.94591
0.183228,2.94304
0.18335,2.94017
0.183472,2.9373
0.183594,2.93443
0.183716,2.93157
0.183838,2.9287
0.18396,2.92585
0.184082,2.92299
0.184204,2.92014
0.184326,2.91729
0.184448,2.91444
0.18457,2.91159
0.184692,2.90875
0.184814,2.90591
0.184937,2.90308
0.185059,2.90024
0.185181,2.89741
0.185303,2.89458
0.185425,2.89176
0.185547,2.88894
0.185669,2.88612
0.185791,2.8833
0.185913,2.88048
0.186035,2.87767
0.186157,2.87486
0.186279,2.87206
0.186401,2.86925
0.186523,2.86645
0.186646,2.86366
0.186768,2.86086
0.18689,2.85807
0.187012,2.85528
0.187134,2.85249
0.187256,2.84971
0.187378,2.84693
0.1875,2.84415
0.187622,2.84137
0.187744,2.8386
0.187866,2.83583
0.187988,2.83306
0.18811,2.83029
0.188232,2.82753
0.188354,2.82477
0.188477,2.82201
0.188599,2.81926
0.188721,2.81651
0.188843,2.81376
0.188965,2.81101
0.189087,2.80827
0.189209,2.80553
0.189331,2.80279
0.189453,2.80005
0.189575,2.79732
0.189697,2.79459
0.189819,2.79186
0.189941,2.78914
0.190063,2.78641
0.190186,2.78369
0.190308,2.78098
0.19043,2.77826
0.190552,2.77555
0.190674,2.77284
0.190796,2.77013
0.190918,2.76743
0.19104,2.76473
0.191162,2.76203
0.191284,2.75934
0.191406,2.75664
0.191528,2.75395
0.19165,2.75126
0.191772,2.74858
0.191895,2.74589
0.192017,2.74321
0.192139,2.74054
0.192261,2.73786
0.192383,2.73519
0.192505,2.73252
0.192627,2.72985
0.192749,2.72719
0.192871,2.72453
0.192993,2.72187
0.193115,2.71921
0.193237,2.71656
0.193359,2.7139
0.193481,2.71125
0.193604,2.70861
0.193726,2.70596
0.193848,2.70332
0.19397,2.70068
0.194092,2.69805
0.194214,2.69542
0.194336,2.69278
0.194458,2.69016
0.19458,2.68753
0.194702,2.68491
0.194824,2.68229
0.194946,2.67967
0.195068,2.67705
0.19519,2.67444
0.195313,2.67183
0.195435,2.66922
0.195557,2.66662
0.195679,2.66401
0.195801,2.66141
0.195923,2.65881
0.196045,2.65622
0.196167,2.65363
0.196289,2.65104
0.196411,2.64845
0.196533,2.64586
0.196655,2.64328
0.196777,2.6407
0.196899,2.63812
0.197021,2.63555
0.197144,2.63298
0.197266,2.63041
0.197388,2.62784
0.19751,2.62527
0.197632,2.62271
0.197754,2.62015
0.197876,2.61759
0.197998,2.61504
0.19812,2.61249
0.198242,2.60994
0.198364,2.60739
0.198486,2.60484
0.198608,2.6023
0.19873,2.59976
0.198853,2.59722
0.198975,2.59469
0.199097,2.59216
0.199219,2.58963
0.199341,2.5871
0.199463,2.58457
0.199585,2.58205
0.199707,2.57953
0.199829,2.57701
0.199951,2.5745
0.200073,2.57198
0.200195,2.56947
0.200317,2.56696
0.200439,2.56446
0.200562,2.56196
0.200684,2.55946
0.200806,2.55696
0.200928,2.55446
0.20105,2.55197
0.201172,2.54948
0.201294,2.54699
0.201416,2.5445
0.201538,2.54202
0.20166,2.53954
0.201782,2.53706
0.201904,2.53458
0.202026,2.53211
0.202148,2.52964
0.202271,2.52717
0.202393,2.5247
0.202515,2.52224
0.202637,2.51977
0.202759,2.51731
0.202881,2.51486
0.203003,2.5124
0.203125,2.50995
0.203247,2.5075
0.203369,2.50505
0.203491,2.50261
0.203613,2.50017
0.203735,2.49773
0.203857,2.49529
0.203979,2.49285
0.204102,2.49042
0.204224,2.48799
0.204346,2.48556
0.204468,2.48313
0.20459,2.48071
0.204712,2.47829
0.204834,2.47587
0.204956,2.47345
0.205078,2.47104
0.2052,2.46863
0.205322,2.46622
0.205444,2.46381
0.205566,2.4614
0.205688,2.459
0.205811,2.4566
0.205933,2.4542
0.206055,2.45181
0.206177,2.44941
0.206299,2.44702
0.206421,2.44464
0.206543,2.44225
0.206665,2.43987
0.206787,2.43748
0.206909,2.4351
0.207031,2.43273
0.207153,2.43035
0.207275,2.42798
0.207397,2.42561
0.20752,2.42324
0.207642,2.42088
0.207764,2.41852
0.207886,2.41615
0.208008,2.4138
0.20813,2.41144
0.208252,2.40909
0.208374,2.40673
0.208496,2.40439
0.208618,2.40204
0.20874,2.39969
0.208862,2.39735
0.208984,2.39501
0.209106,2.39267
0.209229,2.39034
0.209351,2.38801
0.209473,2.38567
0.209595,2.38335
0.209717,2.38102
0.209839,2.3787
0.209961,2.37637
0.210083,2.37405
0.210205,2.37174
0.210327,2.36942
0.210449,2.36711
0.210571,2.3648
0.210693,2.36249
0.210815,2.36018
0.210938,2.35788
0.21106,2.35558
0.211182,2.35328
0.211304,2.35098
0.211426,2.34869
0.211548,2.3464
0.21167,2.34411
0.211792,2.34182
0.211914,2.33953
0.212036,2.33725
0.212158,2.33497
0.21228,2.33269
0.212402,2.33041
0.212524,2.32814
0.212646,2.32586
0.212769,2.32359
0.212891,2.32133
0.213013,2.31906
0.213135,2.3168
0.213257,2.31453
0.213379,2.31227
0.213501,2.31002
0.213623,2.30776
0.213745,2.30551
0.213867,2.30326
0.213989,2.30101
0.214111,2.29877
0.214233,2.29652
0.214355,2.29428
0.214478,2.29204
0.2146,2.2898
0.214722,2.28757
0.214844,2.28534
0.214966,2.28311
0.215088,2.28088
0.21521,2.27865
0.215332,2.27643
0.215454,2.2742
0.215576,2.27198
0.215698,2.26977
0.21582,2.26755
0.215942,2.26534
0.216064,2.26313
0.216187,2.26092
0.216309,2.25871
0.216431,2.25651
0.216553,2.2543
0.216675,2.2521
0.216797,2.24991
0.216919,2.24771
0.217041,2.24552
0.217163,2.24332
0.217285,2.24113
0.217407,2.23895
0.217529,2.23676
0.217651,2.23458
0.217773,2.2324
0.217896,2.23022
0.218018,2.22804
0.21814,2.22587
0.218262,2.22369
0.218384,2.22152
0.218506,2.21935
0.218628,2.21719
0.21875,2.21502
0.218872,2.21286
0.218994,2.2107
0.219116,2.20854
0.219238,2.20639
0.21936,2.20423
0.219482,2.20208
0.219604,2.19993
0.219727,2.19779
0.219849,2.19564
0.219971,2.1935
0.220093,2.19136
0.220215,2.18922
0.220337,2.18708
0.220459,2.18495
0.220581,2.18281
0.220703,2.18068
0.220825,2.17855
0.220947,2.17643
0.221069,2.1743
0.221191,2.17218
0.221313,2.17006
0.221436,2.16794
0.221558,2.16583
0.22168,2.16371
0.221802,2.1616
0.221924,2.15949
0.222046,2.15738
0.222168,2.15528
0.22229,2.15317
0.222412,2.15107
0.222534,2.14897
0.222656,2.14687
0.222778,2.14478
0.2229,2.14269
0.223022,2.14059
0.223145,2.1385
0.223267,2.13642
0.223389,2.13433
0.223511,2.13225
0.223633,2.13017
0.223755,2.12809
0.223877,2.12601
0.223999,2.12394
0.224121,2.12186
0.224243,2.11979
0.224365,2.11772
0.224487,2.11566
0.224609,2.11359
0.224731,2.11153
0.224854,2.10947
0.224976,2.10741
0.225098,2.10535
0.22522,2.1033
0.225342,2.10124
0.225464,2.09919
0.225586,2.09714
0.225708,2.0951
0.22583,2.09305
0.225952,2.09101
0.226074,2.08897
0.226196,2.08693
0.226318,2.08489
0.22644,2.08286
0.226563,2.08082
0.226685,2.07879
0.226807,2.07676
0.226929,2.07473
0.227051,2.07271
0.227173,2.07069
0.227295,2.06867
0.227417,2.06665
0.227539,2.06463
0.227661,2.06261
0.227783,2.0606
0.227905,2.05859
0.228027,2.05658
0.228149,2.05457
0.228271,2.05257
0.228394,2.05056
0.228516,2.04856
0.228638,2.04656
0.22876,2.04456
0.228882,2.04257
0.229004,2.04058
0.229126,2.03858
0.229248,2.03659
0.22937,2.03461
0.229492,2.03262
0.229614,2.03064
0.229736,2.02865
0.229858,2.02667
0.22998,2.0247
0.230103,2.02272
0.230225,2.02075
0.230347,2.01877
0.230469,2.0168
0.230591,2.01483
0.230713,2.01287
0.230835,2.0109
0.230957,2.00894
0.231079,2.00698
0.231201,2.00502
0.231323,2.00306
0.231445,2.00111
0.231567,1.99915
0.231689,1.9972
0.231812,1.99525
0.231934,1.99331
0.232056,1.99136
0.232178,1.98942
0.2323,1.98747
0.232422,1.98553
0.232544,1.9836
0.232666,1.98166
0.232788,1.97973
0.23291,1.97779
0.233032,1.97586
0.233154,1.97393
0.233276,1.97201
0.233398,1.97008
0.233521,1.96816
0.233643,1.96624
0.233765,1.96432
0.233887,1.9624
0.234009,1.96049
0.234131,1.95857
0.234253,1.95666
0.234375,1.95475
0.234497,1.95284
0.234619,1.95094
0.234741,1.94903
0.234863,1.94713
0.234985,1.94523
0.235107,1.94333
0.235229,1.94143
0.235352,1.93954
0.235474,1.93765
0.235596,1.93576
0.235718,1.93387
0.23584,1.93198
0.235962,1.93009
0.236084,1.92821
0.236206,1.92633
0.236328,1.92445
0.23645,1.92257
0.236572,1.92069
0.236694,1.91882
0.236816,1.91694
0.236938,1.91507
0.237061,1.9132
0.237183,1.91134
0.237305,1.90947
0.237427,1.90761
0.237549,1.90574
0.237671,1.90388
0.237793,1.90203
0.237915,1.90017
0.238037,1.89831
0.238159,1.89646
0.238281,1.89461
0.238403,1.89276
0.238525,1.89091
0.238647,1.88907
0.23877,1.88722
0.238892,1.88538
0.239014,1.88354
0.239136,1.8817
0.239258,1.87987
0.23938,1.87803
0.239502,1.8762
0.239624,1.87437
0.239746,1.87254
0.239868,1.87071
0.23999,1.86888
0.240112,1.86706
0.240234,1.86524
0.240356,1.86342
0.240479,1.8616
0.240601,1.85978
0.240723,1.85797
0.240845,1.85615
0.240967,1.85434
0.241089,1.85253
0.241211,1.85072
0.241333,1.84892
0.241455,1.84711
0.241577,1.84531
0.241699,1.84351
0.241821,1.84171
0.241943,1.83991
0.242065,1.83811
0.242188,1.83632
0.24231,1.83453
0.242432,1.83274
0.242554,1.83095
0.242676,1.82916
0.242798,1.82737
0.24292,1.82559
0.243042,1.82381
0.243164,1.82203
0.243286,1.82025
0.243408,1.81847
0.24353,1.8167
0.243652,1.81493
0.243774,1.81315
0.243896,1.81138
0.244019,1.80962
0.244141,1.80785
0.244263,1.80609
0.244385,1.80432
0.244507,1.80256
0.244629,1.8008
0.244751,1.79904
0.244873,1.79729
0.244995,1.79553
0.245117,1.79378
0.245239,1.79203
0.245361,1.79028
0.245483,1.78853
0.245605,1.78679
0.245728,1.78504
0.24585,1.7833
0.245972,1.78156
0.246094,1.77982
0.246216,1.77808
0.246338,1.77635
0.24646,1.77462
0.246582,1.77288
0.246704,1.77115
0.246826,1.76942
0.246948,1.7677
0.24707,1.76597
0.247192,1.76425
0.247314,1.76253
0.247437,1.7608
0.247559,1.75909
0.247681,1.75737
0.247803,1.75565
0.247925,1.75394
0.248047,1.75223
0.248169,1.75052
0.248291,1.74881
0.248413,1.7471
0.248535,1.7454
0.248657,1.74369
0.248779,1.74199
0.248901,1.74029
0.249023,1.73859
0.249146,1.7369
0.249268,1.7352
0.24939,1.73351
0.249512,1.73181
0.249634,1.73012
0.249756,1.72843
0.249878,1.72675
0.25,1.72506
0.250122,1.72338
0.250244,1.7217
0.250366,1.72002
0.250488,1.71834
0.25061,1.71666
0.250732,1.71498
0.250854,1.71331
0.250977,1.71164
0.251099,1.70997
0.251221,1.7083
0.251343,1.70663
0.251465,1.70496
0.251587,1.7033
0.251709,1.70164
0.251831,1.69998
0.251953,1.69832
0.252075,1.69666
0.252197,1.695
0.252319,1.69335
0.252441,1.6917
0.252563,1.69005
0.252686,1.6884
0.252808,1.68675
0.25293,1.6851
0.253052,1.68346
0.253174,1.68181
0.253296,1.68017
0.253418,1.67853
0.25354,1.67689
0.253662,1.67526
0.253784,1.67362
0.253906,1.67199
0.254028,1.67036
0.25415,1.66873
0.254272,1.6671
0.254395,1.66547
0.254517,1.66384
0.254639,1.66222
0.254761,1.6606
0.254883,1.65898
0.255005,1.65736
0.255127,1.65574
0.255249,1.65412
0.255371,1.65251
0.255493,1.6509
0.255615,1.64928
0.255737,1.64767
0.255859,1.64607
0.255981,1.64446
0.256104,1.64285
0.256226,1.64125
0.256348,1.63965
0.25647,1.63805
0.256592,1.63645
0.256714,1.63485
0.256836,1.63326
0.256958,1.63166
0.25708,1.63007
0.257202,1.62848
0.257324,1.62689
0.257446,1.6253
0.257568,1.62371
0.25769,1.62213
0.257813,1.62055
0.257935,1.61896
0.258057,1.61738
0.258179,1.61581
0.258301,1.61423
0.258423,1.61265
0.258545,1.61108
0.258667,1.60951
0.258789,1.60793
0.258911,1.60637
0.259033,1.6048
0.259155,1.60323
0.259277,1.60167
0.259399,1.6001
0.259521,1.59854
0.259644,1.59698
0.259766,1.59542
0.259888,1.59386
0.26001,1.59231
0.260132,1.59075
0.260254,1.5892
0.260376,1.58765
0.260498,1.5861
0.26062,1.58455
0.260742,1.58301
0.260864,1.58146
0.260986,1.57992
0.261108,1.57838
0.26123,1.57683
0.261353,1.5753
0.261475,1.57376
0.261597,1.57222
0.261719,1.57069
0.261841,1.56915
0.261963,1.56762
0.262085,1.56609
0.262207,1.56456
0.262329,1.56304
0.262451,1.56151
0.262573,1.55999
0.262695,1.55846
0.262817,1.55694
0.262939,1.55542
0.263062,1.5539
0.263184,1.55239
0.263306,1.55087
0.263428,1.54936
0.26355,1.54785
0.263672,1.54634
0.263794,1.54483
0.263916,1.54332
0.264038,1.54181
0.26416,1.54031
0.264282,1.5388
0.264404,1.5373
0.264526,1.5358
0.264648,1.5343
0.264771,1.5328
0.264893,1.53131
0.265015,1.52981
0.265137,1.52832
0.265259,1.52683
0.265381,1.52534
0.265503,1.52385
0.265625,1.52236
0.265747,1.52088
0.265869,1.51939
0.265991,1.51791
0.266113,1.51643
0.266235,1.51495
0.266357,1.51347
0.266479,1.51199
0.266602,1.51051
0.266724,1.50904
0.266846,1.50757
0.266968,1.5061
0.26709,1.50463
0.267212,1.50316
0.267334,1.50169
0.267456,1.50022
0.267578,1.49876
0.2677,1.4973
0.267822,1.49584
0.267944,1.49438
0.268066,1.49292
0.268188,1.49146
0.268311,1.49
0.268433,1.48855
0.268555,1.4871
0.268677,1.48565
0.268799,1.48419
0.268921,1.48275
0.269043,1.4813
0.269165,1.47985
0.269287,1.47841
0.269409,1.47697
0.269531,1.47552
0.269653,1.47408
0.269775,1.47264
0.269897,1.47121
0.27002,1.46977
0.270142,1.46834
0.270264,1.4669
0.270386,1.46547
0.270508,1.46404
0.27063,1.46261
0.270752,1.46118
0.270874,1.45976
0.270996,1.45833
0.271118,1.45691
0.27124,1.45549
0.271362,1.45407
0.271484,1.45265
0.271606,1.45123
0.271729,1.44981
0.271851,1.4484
0.271973,1.44698
0.272095,1.44557
0.272217,1.44416
0.272339,1.44275
0.272461,1.44134
0.272583,1.43994
0.272705,1.43853
0.272827,1.43713
0.272949,1.43572
0.273071,1.43432
0.273193,1.43292
0.273315,1.43152
0.273438,1.43013
0.27356,1.42873
0.273682,1.42734
0.273804,1.42594
0.273926,1.42455
0.274048,1.42316
0.27417,1.42177
0.274292,1.42038
0.274414,1.419
0.274536,1.41761
0.274658,1.41623
0.27478,1.41485
0.274902,1.41347
0.275024,1.41209
0.275146,1.41071
0.275269,1.40933
0.275391,1.40795
0.275513,1.40658
0.275635,1.40521
0.275757,1.40384
0.275879,1.40247
0.276001,1.4011
0.276123,1.39973
0.276245,1.39836
0.276367,1.397
0.276489,1.39563
0.276611,1.39427
0.276733,1.39291
0.276855,1.39155
0.276978,1.39019
0.2771,1.38884
0.277222,1.38748
0.277344,1.38613
0.277466,1.38477
0.277588,1.38342
0.27771,1.38207
0.277832,1.38072
0.277954,1.37937
0.278076,1.37803
0.278198,1.37668
0.27832,1.37534
0.278442,1.374
0.278564,1.37266
0.278687,1.37132
0.278809,1.36998
0.278931,1.36864
0.279053,1.3673
0.279175,1.36597
0.279297,1.36464
0.279419,1.3633
0.279541,1.36197
0.279663,1.36064
0.279785,1.35932
0.279907,1.35799
0.280029,1.35666
0.280151,1.35534
0.280273,1.35402
0.280396,1.3527
0.280518,1.35137
0.28064,1.35006
0.280762,1.34874
0.280884,1.34742
0.281006,1.34611
0.281128,1.34479
0.28125,1.34348
0.281372,1.34217
0.281494,1.34086
0.281616,1.33955
0.281738,1.33824
0.28186,1.33694
0.281982,1.33563
0.282104,1.33433
0.282227,1.33302
0.282349,1.33172
0.282471,1.33042
0.282593,1.32913
0.282715,1.32783
0.282837,1.32653
0.282959,1.32524
0.283081,1.32394
0.283203,1.32265
0.283325,1.32136
0.283447,1.32007
0.283569,1.31878
0.283691,1.31749
0.283813,1.31621
0.283936,1.31492
0.284058,1.31364
0.28418,1.31236
0.284302,1.31108
0.284424,1.3098
0.284546,1.30852
0.284668,1.30724
0.28479,1.30597
0.284912,1.30469
0.285034,1.30342
0.285156,1.30215
0.285278,1.30087
0.2854,1.2996
0.285522,1.29834
0.285645,1.29707
0.285767,1.2958
0.285889,1.29454
0.286011,1.29327
0.286133,1.29201
0.286255,1.29075
0.286377,1.28949
0.286499,1.28823
0.286621,1.28697
0.286743,1.28572
0.286865,1.28446
0.286987,1.28321
0.287109,1.28196
0.287231,1.28071
0.287354,1.27946
0.287476,1.27821
0.287598,1.27696
0.28772,1.27571
0.287842,1.27447
0.287964,1.27322
0.288086,1.27198
0.288208,1.27074
0.28833,1.2695
0.288452,1.26826
0.288574,1.26702
0.288696,1.26579
0.288818,1.26455
0.28894,1.26332
0.289063,1.26208
0.289185,1.26085
0.289307,1.25962
0.289429,1.25839
0.289551,1.25716
0.289673,1.25593
0.289795,1.25471
0.289917,1.25348
0.290039,1.25226
0.290161,1.25104
0.290283,1.24982
0.290405,1.2486
0.290527,1.24738
0.290649,1.24616
0.290771,1.24494
0.290894,1.24373
0.291016,1.24252
0.291138,1.2413
0.29126,1.24009
0.291382,1.23888
0.291504,1.23767
0.291626,1.23646
0.291748,1.23526
0.29187,1.23405
0.291992,1.23285
0.292114,1.23164
0.292236,1.23044
0.292358,1.22924
0.29248,1.22804
0.292603,1.22684
0.292725,1.22564
0.292847,1.22445
0.292969,1.22325
0.293091,1.22206
0.293213,1.22087
0.293335,1.21967
0.293457,1.21848
0.293579,1.21729
0.293701,1.21611
0.293823,1.21492
0.293945,1.21373
0.294067,1.21255
0.294189,1.21136
0.294312,1.21018
0.294434,1.209
0.294556,1.20782
0.294678,1.20664
0.2948,1.20546
0.294922,1.20429
0.295044,1.20311
0.295166,1.20194
0.295288,1.20076
0.29541,1.19959
0.295532,1.19842
0.295654,1.19725
0.295776,1.19608
0.295898,1.19492
0.296021,1.19375
0.296143,1.19258
0.296265,1.19142
0.296387,1.19026
0.296509,1.1891
0.296631,1.18793
0.296753,1.18678
0.296875,1.18562
0.296997,1.18446
0.297119,1.1833
0.297241,1.18215
0.297363,1.18099
0.297485,1.17984
0.297607,1.17869
0.297729,1.17754
0.297852,1.17639
0.297974,1.17524
0.298096,1.17409
0.298218,1.17295
0.29834,1.1718
0.298462,1.17066
0.298584,1.16952
0.298706,1.16838
0.298828,1.16724
0.29895,1.1661
0.299072,1.16496
0.299194,1.16382
0.299316,1.16268
0.299438,1.16155
0.299561,1.16042
0.299683,1.15928
0.299805,1.15815
0.299927,1.15702
0.300049,1.15589
0.300171,1.15476
0.300293,1.15364
0.300415,1.15251
0.300537,1.15139
0.300659,1.15026
0.300781,1.14914
0.300903,1.14802
0.301025,1.1469
0.301147,1.14578
0.30127,1.14466
0.301392,1.14354
0.301514,1.14243
0.301636,1.14131
0.301758,1.1402
0.30188,1.13908
0.302002,1.13797
0.302124,1.13686
0.302246,1.13575
0.302368,1.13464
0.30249,1.13354
0.302612,1.13243
0.302734,1.13132
0.302856,1.13022
0.302979,1.12912
0.303101,1.12801
0.303223,1.12691
0.303345,1.12581
0.303467,1.12471
0.303589,1.12362
0.303711,1.12252
0.303833,1.12142
0.303955,1.12033
0.304077,1.11924
0.304199,1.11814
0.304321,1.11705
0.304443,1.11596
0.304565,1.11487
0.304688,1.11378
0.30481,1.1127
0.304932,1.11161
0.305054,1.11053
0.305176,1.10944
0.305298,1.10836
0.30542,1.10728
0.305542,1.1062
0.305664,1.10512
0.305786,1.10404
0.305908,1.10296
0.30603,1.10188
0.306152,1.10081
0.306274,1.09973
0.306396,1.09866
0.306519,1.09759
0.306641,1.09652
0.306763,1.09545
0.306885,1.09438
0.307007,1.09331
0.307129,1.09224
0.307251,1.09118
0.307373,1.09011
0.307495,1.08905
0.307617,1.08798
0.307739,1.08692
0.307861,1.08586
0.307983,1.0848
0.308105,1.08374
0.308228,1.08268
0.30835,1.08163
0.308472,1.08057
0.308594,1.07952
0.308716,1.07846
0.308838,1.07741
0.30896,1.07636
0.309082,1.07531
0.309204,1.07426
0.309326,1.07321
0.309448,1.07216
0.30957,1.07112
0.309692,1.07007
0.309814,1.06903
0.309937,1.06798
0.310059,1.06694
0.310181,1.0659
0.310303,1.06486
0.310425,1.06382
0.310547,1.06278
0.310669,1.06174
0.310791,1.06071
0.310913,1.05967
0.311035,1.05864
0.311157,1.0576
0.311279,1.05657
0.311401,1.05554
0.311523,1.05451
0.311646,1.05348
0.311768,1.05245
0.31189,1.05142
0.312012,1.0504
0.312134,1.04937
0.312256,1.04835
0.312378,1.04733
0.3125,1.0463
0.312622,1.04528
0.312744,1.04426
0.312866,1.04324
0.312988,1.04222
0.31311,1.04121
0.313232,1.04019
0.313354,1.03918
0.313477,1.03816
0.313599,1.03715
0.313721,1.03614
0.313843,1.03512
0.313965,1.03411
0.314087,1.0331
0.314209,1.0321
0.314331,1.03109
0.314453,1.03008
0.314575,1.02908
0.314697,1.02807
0.314819,1.02707
0.314941,1.02607
0.315063,1.02506
0.315186,1.02406
0.315308,1.02306
0.31543,1.02207
0.315552,1.02107
0.315674,1.02007
0.315796,1.01908
0.315918,1.01808
0.31604,1.01709
0.316162,1.01609
0.316284,1.0151
0.316406,1.01411
0.316528,1.01312
0.31665,1.01213
0.316772,1.01115
0.316895,1.01016
0.317017,1.00917
0.317139,1.00819
0.317261,1.0072
0.317383,1.00622
0.317505,1.00524
0.317627,1.00426
0.317749,1.00328
0.317871,1.0023
0.317993,1.00132
0.318115,1.00034
0.318237,0.999365
0.318359,0.998389
0.318481,0.997415
0.318604,0.996441
0.318726,0.995469
0.318848,0.994497
0.31897,0.993526
0.319092,0.992557
0.319214,0.991588
0.319336,0.99062
0.319458,0.989653
0.31958,0.988687
0.319702,0.987722
0.319824,0.986758
0.319946,0.985795
0.320068,0.984832
0.32019,0.983871
0.320313,0.982911
0.320435,0.981951
0.320557,0.980993
0.320679,0.980035
0.320801,0.979079
0.320923,0.978123
0.321045,0.977168
0.321167,0.976215
0.321289,0.975262
0.321411,0.97431
0.321533,0.973359
0.321655,0.972409
0.321777,0.97146
0.321899,0.970511
0.322021,0.969564
0.322144,0.968618
0.322266,0.967672
0.322388,0.966728
0.32251,0.965784
0.322632,0.964841
0.322754,0.9639
0.322876,0.962959
0.322998,0.962019
0.32312,0.96108
0.323242,0.960142
0.323364,0.959205
0.323486,0.958268
0.323608,0.957333
0.32373,0.956399
0.323853,0.955465
0.323975,0.954532
0.324097,0.953601
0.324219,0.95267
0.324341,0.95174
0.324463,0.950811
0.324585,0.949883
0.324707,0.948956
0.324829,0.94803
0.324951,0.947104
0.325073,0.94618
0.325195,0.945256
0.325317,0.944334
0.325439,0.943412
0.325562,0.942491
0.325684,0.941571
0.325806,0.940652
0.325928,0.939734
0.32605,0.938816
0.326172,0.9379
0.326294,0.936985
0.326416,0.93607
0.326538,0.935156
0.32666,0.934244
0.326782,0.933332
0.326904,0.932421
0.327026,0.931511
0.327148,0.930601
0.327271,0.929693
0.327393,0.928786
0.327515,0.927879
0.327637,0.926973
0.327759,0.926068
0.327881,0.925165
0.328003,0.924261
0.328125,0.923359
0.328247,0.922458
0.328369,0.921558
0.328491,0.920658
0.328613,0.919759
0.328735,0.918862
0.328857,0.917965
0.328979,0.917069
0.329102,0.916174
0.329224,0.915279
0.329346,0.914386
0.329468,0.913494
0.32959,0.912602
0.329712,0.911711
0.329834,0.910821
0.329956,0.909932
0.330078,0.909044
0.3302,0.908157
0.330322,0.90727
0.330444,0.906385
0.330566,0.9055
0.330688,0.904616
0.330811,0.903733
0.330933,0.902851
0.331055,0.90197
0.331177,0.901089
0.331299,0.90021
0.331421,0.899331
0.331543,0.898453
0.331665,0.897576
0.331787,0.8967
0.331909,0.895825
0.332031,0.894951
0.332153,0.894077
0.332275,0.893204
0.332397,0.892332
0.33252,0.891461
0.332642,0.890591
0.332764,0.889722
0.332886,0.888854
0.333008,0.887986
0.33313,0.887119
0.333252,0.886253
0.333374,0.885388
0.333496,0.884524
0.333618,0.883661
0.33374,0.882798
0.333862,0.881936
0.333984,0.881076
0.334106,0.880216
0.334229,0.879356
0.334351,0.878498
0.334473,0.877641
0.334595,0.876784
0.334717,0.875928
0.334839,0.875073
0.334961,0.874219
0.335083,0.873366
0.335205,0.872513
0.335327,0.871662
0.335449,0.870811
0.335571,0.869961
0.335693,0.869112
0.335815,0.868263
0.335938,0.867416
0.33606,0.866569
0.336182,0.865723
0.336304,0.864878
0.336426,0.864034
0.336548,0.863191
0.33667,0.862348
0.336792,0.861506
0.336914,0.860666
0.337036,0.859825
0.337158,0.858986
0.33728,0.858148
0.337402,0.85731
0.337524,0.856473
0.337646,0.855637
0.337769,0.854802
0.337891,0.853968
0.338013,0.853134
0.338135,0.852301
0.338257,0.85147
0.338379,0.850639
0.338501,0.849808
0.338623,0.848979
0.338745,0.84815
0.338867,0.847322
0.338989,0.846495
0.339111,0.845669
0.339233,0.844843
0.339355,0.844019
0.339478,0.843195
0.3396,0.842372
0.339722,0.84155
0.339844,0.840728
0.339966,0.839908
0.340088,0.839088
0.34021,0.838269
0.340332,0.837451
0.340454,0.836633
0.340576,0.835817
0.340698,0.835001
0.34082,0.834186
0.340942,0.833371
0.341064,0.832558
0.341187,0.831745
0.341309,0.830933
0.341431,0.830122
0.341553,0.829312
0.341675,0.828503
0.341797,0.827694
0.341919,0.826886
0.342041,0.826079
0.342163,0.825273
0.342285,0.824467
0.342407,0.823662
0.342529,0.822858
0.342651,0.822055
0.342773,0.821253
0.342896,0.820451
0.343018,0.81965
0.34314,0.81885
0.343262,0.818051
0.343384,0.817253
0.343506,0.816455
0.343628,0.815658
0.34375,0.814862
0.343872,0.814066
0.343994,0.813272
0.344116,0.812478
0.344238,0.811685
0.34436,0.810893
0.344482,0.810101
0.344604,0.80931
0.344727,0.80852
0.344849,0.807731
0.344971,0.806943
0.345093,0.806155
0.345215,0.805368
0.345337,0.804582
0.345459,0.803797
0.345581,0.803012
0.345703,0.802229
0.345825,0.801445
0.345947,0.800663
0.346069,0.799882
0.346191,0.799101
0.346313,0.798321
0.346436,0.797542
0.346558,0.796763
0.34668,0.795985
0.346802,0.795209
0.346924,0.794432
0.347046,0.793657
0.347168,0.792882
0.34729,0.792108
0.347412,0.791335
0.347534,0.790563
0.347656,0.789791
0.347778,0.78902
0.3479,0.78825
0.348022,0.787481
0.348145,0.786712
0.348267,0.785944
0.348389,0.785177
0.348511,0.784411
0.348633,0.783645
0.348755,0.78288
0.348877,0.782116
0.348999,0.781352
0.349121,0.78059
0.349243,0.779828
0.349365,0.779067
0.349487,0.778306
0.349609,0.777547
0.349731,0.776788
0.349854,0.776029
0.349976,0.775272
0.350098,0.774515
0.35022,0.773759
0.350342,0.773004
0.350464,0.772249
0.350586,0.771496
0.350708,0.770743
0.35083,0.76999
0.350952,0.769239
0.351074,0.768488
0.351196,0.767738
0.351318,0.766988
0.35144,0.76624
0.351563,0.765492
0.351685,0.764745
0.351807,0.763998
0.351929,0.763252
0.352051,0.762507
0.352173,0.761763
0.352295,0.76102
0.352417,0.760277
0.352539,0.759535
0.352661,0.758793
0.352783,0.758053
0.352905,0.757313
0.353027,0.756573
0.353149,0.755835
0.353271,0.755097
0.353394,0.75436
0.353516,0.753624
0.353638,0.752888
0.35376,0.752153
0.353882,0.751419
0.354004,0.750686
0.354126,0.749953
0.354248,0.749221
0.35437,0.74849
0.354492,0.747759
0.354614,0.747029
0.354736,0.7463
0.354858,0.745572
0.35498,0.744844
0.355103,0.744117
0.355225,0.743391
0.355347,0.742665
0.355469,0.74194
0.355591,0.741216
0.355713,0.740492
0.355835,0.73977
0.355957,0.739048
0.356079,0.738326
0.356201,0.737605
0.356323,0.736885
0.356445,0.736166
0.356567,0.735448
0.356689,0.73473
0.356812,0.734013
0.356934,0.733296
0.357056,0.73258
0.357178,0.731865
0.3573,0.731151
0.357422,0.730437
0.357544,0.729724
0.357666,0.729012
0.357788,0.728301
0.35791,0.72759
0.358032,0.726879
0.358154,0.72617
0.358276,0.725461
0.358398,0.724753
0.358521,0.724046
0.358643,0.723339
0.358765,0.722633
0.358887,0.721927
0.359009,0.721223
0.359131,0.720519
0.359253,0.719816
0.359375,0.719113
0.359497,0.718411
0.359619,0.71771
0.359741,0.717009
0.359863,0.716309
0.359985,0.71561
0.360107,0.714912
0.360229,0.714214
0.360352,0.713517
0.360474,0.71282
0.360596,0.712125
0.360718,0.711429
0.36084,0.710735
0.360962,0.710041
0.361084,0.709348
0.361206,0.708656
0.361328,0.707964
0.36145,0.707273
0.361572,0.706583
0.361694,0.705893
0.361816,0.705204
0.361938,0.704516
0.362061,0.703828
0.362183,0.703141
0.362305,0.702455
0.362427,0.701769
0.362549,0.701084
0.362671,0.7004
0.362793,0.699716
0.362915,0.699033
0.363037,0.698351
0.363159,0.697669
0.363281,0.696988
0.363403,0.696308
0.363525,0.695628
0.363647,0.694949
0.36377,0.694271
0.363892,0.693593
0.364014,0.692916
0.364136,0.69224
0.364258,0.691564
0.36438,0.690889
0.364502,0.690215
0.364624,0.689541
0.364746,0.688868
0.364868,0.688196
0.36499,0.687524
0.365112,0.686853
0.365234,0.686182
0.365356,0.685513
0.365479,0.684843
0.365601,0.684175
0.365723,0.683507
0.365845,0.68284
0.365967,0.682174
0.366089,0.681508
0.366211,0.680842
0.366333,0.680178
0.366455,0.679514
0.366577,0.678851
0.366699,0.678188
0.366821,0.677526
0.366943,0.676865
0.367065,0.676204
0.367188,0.675544
0.36731,0.674885
0.367432,0.674226
0.367554,0.673568
0.367676,0.67291
0.367798,0.672254
0.36792,0.671597
0.368042,0.670942
0.368164,0.670287
0.368286,0.669633
0.368408,0.668979
0.36853,0.668326
0.368652,0.667674
0.368774,0.667022
0.368896,0.666371
0.369019,0.665721
0.369141,0.665071
0.369263,0.664422
0.369385,0.663773
0.369507,0.663125
0.369629,0.662478
0.369751,0.661831
0.369873,0.661185
0.369995,0.66054
0.370117,0.659895
0.370239,0.659251
0.370361,0.658608
0.370483,0.657965
0.370605,0.657322
0.370728,0.656681
0.37085,0.65604
0.370972,0.6554
0.371094,0.65476
0.371216,0.654121
0.371338,0.653482
0.37146,0.652844
0.371582,0.652207
0.371704,0.651571
0.371826,0.650935
0.371948,0.650299
0.37207,0.649664
0.372192,0.64903
0.372314,0.648397
0.372437,0.647764
0.372559,0.647132
0.372681,0.6465
0.372803,0.645869
0.372925,0.645239
0.373047,0.644609
0.373169,0.643979
0.373291,0.643351
0.373413,0.642723
0.373535,0.642096
0.373657,0.641469
0.373779,0.640843
0.373901,0.640217
0.374023,0.639592
0.374146,0.638968
0.374268,0.638344
0.37439,0.637721
0.374512,0.637099
0.374634,0.636477
0.374756,0.635856
0.374878,0.635235
0.375,0.634615
0.375122,0.633995
0.375244,0.633377
0.375366,0.632758
0.375488,0.632141
0.37561,0.631524
0.375732,0.630907
0.375854,0.630292
0.375977,0.629676
0.376099,0.629062
0.376221,0.628448
0.376343,0.627834
0.376465,0.627221
0.376587,0.626609
0.376709,0.625998
0.376831,0.625387
0.376953,0.624776
0.377075,0.624166
0.377197,0.623557
0.377319,0.622948
0.377441,0.62234
0.377563,0.621733
0.377686,0.621126
0.377808,0.62052
0.37793,0.619914
0.378052,0.619309
0.378174,0.618704
0.378296,0.618101
0.378418,0.617497
0.37854,0.616895
0.378662,0.616292
0.378784,0.615691
0.378906,0.61509
0.379028,0.61449
0.37915,0.61389
0.379272,0.61329
0.379395,0.612692
0.379517,0.612094
0.379639,0.611496
0.379761,0.6109
0.379883,0.610303
0.380005,0.609708
0.380127,0.609112
0.380249,0.608518
0.380371,0.607924
0.380493,0.607331
0.380615,0.606738
0.380737,0.606145
0.380859,0.605554
0.380981,0.604963
0.381104,0.604372
0.381226,0.603782
0.381348,0.603193
0.38147,0.602604
0.381592,0.602016
0.381714,0.601428
0.381836,0.600841
0.381958,0.600255
0.38208,0.599669
0.382202,0.599084
0.382324,0.598499
0.382446,0.597915
0.382568,0.597331
0.38269,0.596748
0.382813,0.596166
0.382935,0.595584
0.383057,0.595002
0.383179,0.594422
0.383301,0.593841
0.383423,0.593262
0.383545,0.592683
0.383667,0.592104
0.383789,0.591526
0.383911,0.590949
0.384033,0.590372
0.384155,0.589796
0.384277,0.58922
0.384399,0.588645
0.384521,0.58807
0.384644,0.587496
0.384766,0.586923
0.384888,0.58635
0.38501,0.585778
0.385132,0.585206
0.385254,0.584635
0.385376,0.584064
0.385498,0.583494
0.38562,0.582924
0.385742,0.582355
0.385864,0.581787
0.385986,0.581219
0.386108,0.580652
0.38623,0.580085
0.386353,0.579519
0.386475,0.578953
0.386597,0.578388
0.386719,0.577824
0.386841,0.577259
0.386963,0.576696
0.387085,0.576133
0.387207,0.575571
0.387329,0.575009
0.387451,0.574448
0.387573,0.573887
0.387695,0.573327
0.387817,0.572767
0.387939,0.572208
0.388062,0.57165
0.388184,0.571092
0.388306,0.570534
0.388428,0.569977
0.38855,0.569421
0.388672,0.568865
0.388794,0.56831
0.388916,0.567755
0.389038,0.567201
0.38916,0.566647
0.389282,0.566094
0.389404,0.565542
0.389526,0.56499
0.389648,0.564438
0.389771,0.563887
0.389893,0.563337
0.390015,0.562787
0.390137,0.562238
0.390259,0.561689
0.390381,0.561141
0.390503,0.560593
0.390625,0.560046
0.390747,0.559499
0.390869,0.558953
0.390991,0.558407
0.391113,0.557862
0.391235,0.557318
0.391357,0.556774
0.391479,0.55623
0.391602,0.555687
0.391724,0.555145
0.391846,0.554603
0.391968,0.554062
0.39209,0.553521
0.392212,0.552981
0.392334,0.552441
0.392456,0.551902
0.392578,0.551363
0.3927,0.550825
0.392822,0.550287
0.392944,0.54975
0.393066,0.549213
0.393188,0.548677
0.393311,0.548142
0.393433,0.547607
0.393555,0.547072
0.393677,0.546538
0.393799,0.546005
0.393921,0.545472
0.394043,0.544939
0.394165,0.544408
0.394287,0.543876
0.394409,0.543345
0.394531,0.542815
0.394653,0.542285
0.394775,0.541756
0.394897,0.541227
0.39502,0.540699
0.395142,0.540171
0.395264,0.539644
0.395386,0.539117
0.395508,0.538591
0.39563,0.538065
0.395752,0.53754
0.395874,0.537015
0.395996,0.536491
0.396118,0.535967
0.39624,0.535444
0.396362,0.534921
0.396484,0.534399
0.396606,0.533878
0.396729,0.533357
0.396851,0.532836
0.396973,0.532316
0.397095,0.531796
0.397217,0.531277
0.397339,0.530759
0.397461,0.530241
0.397583,0.529723
0.397705,0.529206
0.397827,0.52869
0.397949,0.528173
0.398071,0.527658
0.398193,0.527143
0.398315,0.526628
0.398438,0.526114
0.39856,0.525601
0.398682,0.525088
0.398804,0.524575
0.398926,0.524063
0.399048,0.523552
0.39917,0.523041
0.399292,0.52253
0.399414,0.52202
0.399536,0.52151
0.399658,0.521001
0.39978,0.520493
0.399902,0.519985
0.400024,0.519477
0.400146,0.51897
0.400269,0.518464
0.400391,0.517958
0.400513,0.517452
0.400635,0.516947
0.400757,0.516442
0.400879,0.515938
0.401001,0.515435
0.401123,0.514932
0.401245,0.514429
0.401367,0.513927
0.401489,0.513425
0.401611,0.512924
0.401733,0.512423
0.401855,0.511923
0.401978,0.511424
0.4021,0.510924
0.402222,0.510426
0.402344,0.509927
0.402466,0.50943
0.402588,0.508932
0.40271,0.508436
0.402832,0.507939
0.402954,0.507444
0.403076,0.506948
0.403198,0.506454
0.40332,0.505959
0.403442,0.505465
0.403564,0.504972
0.403687,0.504479
0.403809,0.503987
0.403931,0.503495
0.404053,0.503003
0.404175,0.502512
0.404297,0.502022
0.404419,0.501532
0.404541,0.501042
0.404663,0.500553
0.404785,0.500065
0.404907,0.499576
0.405029,0.499089
0.405151,0.498602
0.405273,0.498115
0.405396,0.497629
0.405518,0.497143
0.40564,0.496658
0.405762,0.496173
0.405884,0.495689
0.406006,0.495205
0.406128,0.494722
0.40625,0.494239
0.406372,0.493756
0.406494,0.493274
0.406616,0.492793
0.406738,0.492312
0.40686,0.491831
0.406982,0.491351
0.407104,0.490872
0.407227,0.490392
0.407349,0.489914
0.407471,0.489436
0.407593,0.488958
0.407715,0.488481
0.407837,0.488004
0.407959,0.487527
0.408081,0.487052
0.408203,0.486576
0.408325,0.486101
0.408447,0.485627
0.408569,0.485153
0.408691,0.484679
0.408813,0.484206
0.408936,0.483733
0.409058,0.483261
0.40918,0.48279
0.409302,0.482318
0.409424,0.481848
0.409546,0.481377
0.409668,0.480907
0.40979,0.480438
0.409912,0.479969
0.410034,0.479501
0.410156,0.479032
0.410278,0.478565
0.4104,0.478098
0.410522,0.477631
0.410645,0.477165
0.410767,0.476699
0.410889,0.476234
0.411011,0.475769
0.411133,0.475305
0.411255,0.474841
0.411377,0.474377
0.411499,0.473914
0.411621,0.473452
0.411743,0.472989
0.411865,0.472528
0.411987,0.472067
0.412109,0.471606
0.412231,0.471145
0.412354,0.470686
0.412476,0.470226
0.412598,0.469767
0.41272,0.469309
0.412842,0.468851
0.412964,0.468393
0.413086,0.467936
0.413208,0.467479
0.41333,0.467023
0.413452,0.466567
0.413574,0.466111
0.413696,0.465656
0.413818,0.465202
0.41394,0.464748
0.414063,0.464294
0.414185,0.463841
0.414307,0.463388
0.414429,0.462936
0.414551,0.462484
0.414673,0.462033
0.414795,0.461582
0.414917,0.461131
0.415039,0.460681
0.415161,0.460231
0.415283,0.459782
0.415405,0.459333
0.415527,0.458885
0.415649,0.458437
0.415771,0.45799
0.415894,0.457543
0.416016,0.457096
0.416138,0.45665
0.41626,0.456204
0.416382,0.455759
0.416504,0.455314
0.416626,0.45487
0.416748,0.454426
0.41687,0.453982
0.416992,0.453539
0.417114,0.453096
0.417236,0.452654
0.417358,0.452212
0.41748,0.451771
0.417603,0.45133
0.417725,0.450889
0.417847,0.450449
0.417969,0.450009
0.418091,0.44957
0.418213,0.449131
0.418335,0.448693
0.418457,0.448255
0.418579,0.447817
0.418701,0.44738
0.418823,0.446944
0.418945,0.446507
0.419067,0.446072
0.419189,0.445636
0.419312,0.445201
0.419434,0.444767
0.419556,0.444333
0.419678,0.443899
0.4198,0.443465
0.419922,0.443033
0.420044,0.4426
0.420166,0.442168
0.420288,0.441737
0.42041,0.441305
0.420532,0.440875
0.420654,0.440444
0.420776,0.440014
0.420898,0.439585
0.421021,0.439156
0.421143,0.438727
0.421265,0.438299
0.421387,0.437871
0.421509,0.437444
0.421631,0.437017
0.421753,0.43659
0.421875,0.436164
0.421997,0.435738
0.422119,0.435313
0.422241,0.434888
0.422363,0.434464
0.422485,0.43404
0.422607,0.433616
0.422729,0.433193
0.422852,0.43277
0.422974,0.432347
0.423096,0.431925
0.423218,0.431504
0.42334,0.431083
0.423462,0.430662
0.423584,0.430241
0.423706,0.429822
0.423828,0.429402
0.42395,0.428983
0.424072,0.428564
0.424194,0.428146
0.424316,0.427728
0.424438,0.42731
0.424561,0.426893
0.424683,0.426477
0.424805,0.42606
0.424927,0.425644
0.425049,0.425229
0.425171,0.424814
0.425293,0.424399
0.425415,0.423985
0.425537,0.423571
0.425659,0.423158
0.425781,0.422745
0.425903,0.422332
0.426025,0.42192
0.426147,0.421508
0.42627,0.421097
0.426392,0.420686
0.426514,0.420275
0.426636,0.419865
0.426758,0.419455
0.42688,0.419045
0.427002,0.418636
0.427124,0.418228
0.427246,0.41782
0.427368,0.417412
0.42749,0.417004
0.427612,0.416597
0.427734,0.416191
0.427856,0.415784
0.427979,0.415379
0.428101,0.414973
0.428223,0.414568
0.428345,0.414163
0.428467,0.413759
0.428589,0.413355
0.428711,0.412952
0.428833,0.412549
0.428955,0.412146
0.429077,0.411744
0.429199,0.411342
0.429321,0.41094
0.429443,0.410539
0.429565,0.410139
0.429688,0.409738
0.42981,0.409338
0.429932,0.408939
0.430054,0.40854
0.430176,0.408141
0.430298,0.407742
0.43042,0.407344
0.430542,0.406947
0.430664,0.40655
0.430786,0.406153
0.430908,0.405756
0.43103,0.40536
0.431152,0.404965
0.431274,0.404569
0.431396,0.404174
0.431519,0.40378
0.431641,0.403386
0.431763,0.402992
0.431885,0.402599
0.432007,0.402206
0.432129,0.401813
0.432251,0.401421
0.432373,0.401029
0.432495,0.400638
0.432617,0.400247
0.432739,0.399856
0.432861,0.399466
0.432983,0.399076
0.433105,0.398686
0.433228,0.398297
0.43335,0.397908
0.433472,0.39752
0.433594,0.397132
0.433716,0.396744
0.433838,0.396357
0.43396,0.39597
0.434082,0.395584
0.434204,0.395198
0.434326,0.394812
0.434448,0.394426
0.43457,0.394041
0.434692,0.393657
0.434814,0.393273
0.434937,0.392889
0.435059,0.392505
0.435181,0.392122
0.435303,0.391739
0.435425,0.391357
0.435547,0.390975
0.435669,0.390593
0.435791,0.390212
0.435913,0.389831
0.436035,0.389451
0.436157,0.389071
0.436279,0.388691
0.436401,0.388311
0.436523,0.387932
0.436646,0.387554
0.436768,0.387175
0.43689,0.386797
0.437012,0.38642
0.437134,0.386043
0.437256,0.385666
0.437378,0.38529
0.4375,0.384913
0.437622,0.384538
0.437744,0.384162
0.437866,0.383787
0.437988,0.383413
0.43811,0.383039
0.438232,0.382665
0.438354,0.382291
0.438477,0.381918
0.438599,0.381545
0.438721,0.381173
0.438843,0.380801
0.438965,0.380429
0.439087,0.380058
0.439209,0.379687
0.439331,0.379316
0.439453,0.378946
0.439575,0.378576
0.439697,0.378206
0.439819,0.377837
0.439941,0.377469
0.440063,0.3771
0.440186,0.376732
0.440308,0.376364
0.44043,0.375997
0.440552,0.37563
0.440674,0.375263
0.440796,0.374897
0.440918,0.374531
0.44104,0.374165
0.441162,0.3738
0.441284,0.373435
0.441406,0.373071
0.441528,0.372707
0.44165,0.372343
0.441772,0.37198
0.441895,0.371616
0.442017,0.371254
0.442139,0.370891
0.442261,0.370529
0.442383,0.370168
0.442505,0.369806
0.442627,0.369445
0.442749,0.369085
0.442871,0.368724
0.442993,0.368365
0.443115,0.368005
0.443237,0.367646
0.443359,0.367287
0.443481,0.366928
0.443604,0.36657
0.443726,0.366212
0.443848,0.365855
0.44397,0.365498
0.444092,0.365141
0.444214,0.364785
0.444336,0.364429
0.444458,0.364073
0.44458,0.363718
0.444702,0.363363
0.444824,0.363008
0.444946,0.362654
0.445068,0.3623
0.44519,0.361946
0.445313,0.361593
0.445435,0.36124
0.445557,0.360887
0.445679,0.360535
0.445801,0.360183
0.445923,0.359831
0.446045,0.35948
0.446167,0.359129
0.446289,0.358779
0.446411,0.358429
0.446533,0.358079
0.446655,0.357729
0.446777,0.35738
0.446899,0.357031
0.447021,0.356683
0.447144,0.356335
0.447266,0.355987
0.447388,0.355639
0.44751,0.355292
0.447632,0.354945
0.447754,0.354599
0.447876,0.354253
0.447998,0.353907
0.44812,0.353562
0.448242,0.353216
0.448364,0.352872
0.448486,0.352527
0.448608,0.352183
0.44873,0.351839
0.448853,0.351496
0.448975,0.351153
0.449097,0.35081
0.449219,0.350468
0.449341,0.350126
0.449463,0.349784
0.449585,0.349442
0.449707,0.349101
0.449829,0.348761
0.449951,0.34842
0.450073,0.34808
0.450195,0.34774
0.450317,0.347401
0.450439,0.347062
0.450562,0.346723
0.450684,0.346385
0.450806,0.346047
0.450928,0.345709
0.45105,0.345371
0.451172,0.345034
0.451294,0.344697
0.451416,0.344361
0.451538,0.344025
0.45166,0.343689
0.451782,0.343354
0.451904,0.343018
0.452026,0.342684
0.452148,0.342349
0.452271,0.342015
0.452393,0.341681
0.452515,0.341348
0.452637,0.341014
0.452759,0.340682
0.452881,0.340349
0.453003,0.340017
0.453125,0.339685
0.453247,0.339353
0.453369,0.339022
0.453491,0.338691
0.453613,0.338361
0.453735,0.33803
0.453857,0.3377
0.453979,0.337371
0.454102,0.337041
0.454224,0.336712
0.454346,0.336384
0.454468,0.336055
0.45459,0.335727
0.454712,0.3354
0.454834,0.335072
0.454956,0.334745
0.455078,0.334419
0.4552,0.334092
0.455322,0.333766
0.455444,0.33344
0.455566,0.333115
0.455688,0.33279
0.455811,0.332465
0.455933,0.33214
0.456055,0.331816
0.456177,0.331492
0.456299,0.331169
0.456421,0.330845
0.456543,0.330522
0.456665,0.3302
0.456787,0.329878
0.456909,0.329556
0.457031,0.329234
0.457153,0.328913
0.457275,0.328591
0.457397,0.328271
0.45752,0.32795
0.457642,0.32763
0.457764,0.32731
0.457886,0.326991
0.458008,0.326672
0.45813,0.326353
0.458252,0.326034
0.458374,0.325716
0.458496,0.325398
0.458618,0.325081
0.45874,0.324763
0.458862,0.324446
0.458984,0.32413
0.459106,0.323813
0.459229,0.323497
0.459351,0.323181
0.459473,0.322866
0.459595,0.322551
0.459717,0.322236
0.459839,0.321921
0.459961,0.321607
0.460083,0.321293
0.460205,0.32098
0.460327,0.320666
0.460449,0.320353
0.460571,0.320041
0.460693,0.319728
0.460815,0.319416
0.460938,0.319104
0.46106,0.318793
0.461182,0.318482
0.461304,0.318171
0.461426,0.31786
0.461548,0.31755
0.46167,0.31724
0.461792,0.316931
0.461914,0.316621
0.462036,0.316312
0.462158,0.316003
0.46228,0.315695
0.462402,0.315387
0.462524,0.315079
0.462646,0.314771
0.462769,0.314464
0.462891,0.314157
0.463013,0.313851
0.463135,0.313544
0.463257,0.313238
0.463379,0.312932
0.463501,0.312627
0.463623,0.312322
0.463745,0.312017
0.463867,0.311712
0.463989,0.311408
0.464111,0.311104
0.464233,0.310801
0.464355,0.310497
0.464478,0.310194
0.4646,0.309891
0.464722,0.309589
0.464844,0.309287
0.464966,0.308985
0.465088,0.308683
0.46521,0.308382
0.465332,0.308081
0.465454,0.30778
0.465576,0.30748
0.465698,0.30718
0.46582,0.30688
0.465942,0.30658
0.466064,0.306281
0.466187,0.305982
0.466309,0.305683
0.466431,0.305385
0.466553,0.305087
0.466675,0.304789
0.466797,0.304492
0.466919,0.304194
0.467041,0.303897
0.467163,0.303601
0.467285,0.303304
0.467407,0.303008
0.467529,0.302713
0.467651,0.302417
0.467773,0.302122
0.467896,0.301827
0.468018,0.301533
0.46814,0.301238
0.468262,0.300944
0.468384,0.30065
0.468506,0.300357
0.468628,0.300064
0.46875,0.299771
0.468872,0.299478
0.468994,0.299186
0.469116,0.298894
0.469238,0.298602
0.46936,0.298311
0.469482,0.29802
0.469604,0.297729
0.469727,0.297438
0.469849,0.297148
0.469971,0.296858
0.470093,0.296568
0.470215,0.296278
0.470337,0.295989
0.470459,0.2957
0.470581,0.295412
0.470703,0.295123
0.470825,0.294835
0.470947,0.294548
0.471069,0.29426
0.471191,0.293973
0.471313,0.293686
0.471436,0.293399
0.471558,0.293113
0.47168,0.292827
0.471802,0.292541
0.471924,0.292255
0.472046,0.29197
0.472168,0.291685
0.47229,0.2914
0.472412,0.291116
0.472534,0.290832
0.472656,0.290548
0.472778,0.290264
0.4729,0.289981
0.473022,0.289698
0.473145,0.289415
0.473267,0.289133
0.473389,0.28885
0.473511,0.288568
0.473633,0.288287
0.473755,0.288005
0.473877,0.287724
0.473999,0.287443
0.474121,0.287163
0.474243,0.286883
0.474365,0.286603
0.474487,0.286323
0.474609,0.286043
0.474731,0.285764
0.474854,0.285485
0.474976,0.285207
0.475098,0.284928
0.47522,0.28465
0.475342,0.284372
0.475464,0.284095
0.475586,0.283817
0.475708,0.28354
0.47583,0.283264
0.475952,0.282987
0.476074,0.282711
0.476196,0.282435
0.476318,0.282159
0.47644,0.281884
0.476563,0.281609
0.476685,0.281334
0.476807,0.281059
0.476929,0.280785
0.477051,0.280511
0.477173,0.280237
0.477295,0.279963
0.477417,0.27969
0.477539,0.279417
0.477661,0.279144
0.477783,0.278872
0.477905,0.2786
0.478027,0.278328
0.478149,0.278056
0.478271,0.277785
0.478394,0.277514
0.478516,0.277243
0.478638,0.276972
0.47876,0.276702
0.478882,0.276432
0.479004,0.276162
0.479126,0.275892
0.479248,0.275623
0.47937,0.275354
0.479492,0.275085
0.479614,0.274817
0.479736,0.274548
0.479858,0.27428
0.47998,0.274013
0.480103,0.273745
0.480225,0.273478
0.480347,0.273211
0.480469,0.272944
0.480591,0.272678
0.480713,0.272412
0.480835,0.272146
0.480957,0.27188
0.481079,0.271615
0.481201,0.27135
0.481323,0.271085
0.481445,0.27082
0.481567,0.270556
0.481689,0.270292
0.481812,0.270028
0.481934,0.269765
0.482056,0.269501
0.482178,0.269238
0.4823,0.268975
0.482422,0.268713
0.482544,0.268451
0.482666,0.268189
0.482788,0.267927
0.48291,0.267665
0.483032,0.267404
0.483154,0.267143
0.483276,0.266882
0.483398,0.266622
0.483521,0.266362
0.483643,0.266101
0.483765,0.265842
0.483887,0.265582
0.484009,0.265323
0.484131,0.265064
0.484253,0.264805
0.484375,0.264547
0.484497,0.264289
0.484619,0.264031
0.484741,0.263773
0.484863,0.263516
0.484985,0.263258
0.485107,0.263001
0.485229,0.262745
0.485352,0.262488
0.485474,0.262232
0.485596,0.261976
0.485718,0.26172
0.48584,0.261465
0.485962,0.26121
0.486084,0.260955
0.486206,0.2607
0.486328,0.260445
0.48645,0.260191
0.486572,0.259937
0.486694,0.259684
0.486816,0.25943
0.486938,0.259177
0.487061,0.258924
0.487183,0.258671
0.487305,0.258419
0.487427,0.258166
0.487549,0.257914
0.487671,0.257663
0.487793,0.257411
0.487915,0.25716
0.488037,0.256909
0.488159,0.256658
0.488281,0.256408
0.488403,0.256157
0.488525,0.255907
0.488647,0.255658
0.48877,0.255408
0.488892,0.255159
0.489014,0.25491
0.489136,0.254661
0.489258,0.254412
0.48938,0.254164
0.489502,0.253916
0.489624,0.253668
0.489746,0.25342
0.489868,0.253173
0.48999,0.252926
0.490112,0.252679
0.490234,0.252432
0.490356,0.252186
0.490479,0.25194
0.490601,0.251694
0.490723,0.251448
0.490845,0.251203
0.490967,0.250958
0.491089,0.250713
0.491211,0.250468
0.491333,0.250223
0.491455,0.249979
0.491577,0.249735
0.491699,0.249491
0.491821,0.249248
0.491943,0.249005
0.492065,0.248762
0.492188,0.248519
0.49231,0.248276
0.492432,0.248034
0.492554,0.247792
0.492676,0.24755
0.492798,0.247308
0.49292,0.247067
0.493042,0.246826
0.493164,0.246585
0.493286,0.246344
0.493408,0.246104
0.49353,0.245863
0.493652,0.245623
0.493774,0.245384
0.493896,0.245144
0.494019,0.244905
0.494141,0.244666
0.494263,0.244427
0.494385,0.244188
0.494507,0.24395
0.494629,0.243712
0.494751,0.243474
0.494873,0.243236
0.494995,0.242999
0.495117,0.242762
0.495239,0.242525
0.495361,0.242288
0.495483,0.242052
0.495605,0.241815
0.495728,0.241579
0.49585,0.241344
0.495972,0.241108
0.496094,0.240873
0.496216,0.240638
0.496338,0.240403
0.49646,0.240168
0.496582,0.239934
0.496704,0.239699
0.496826,0.239465
0.496948,0.239232
0.49707,0.238998
0.497192,0.238765
0.497314,0.238532
0.497437,0.238299
0.497559,0.238066
0.497681,0.237834
0.497803,0.237602
0.497925,0.23737
0.498047,0.237138
0.498169,0.236907
0.498291,0.236676
0.498413,0.236445
0.498535,0.236214
0.498657,0.235983
0.498779,0.235753
0.498901,0.235523
0.499023,0.235293
0.499146,0.235063
0.499268,0.234834
0.49939,0.234605
0.499512,0.234376
0.499634,0.234147
0.499756,0.233918
0.499878,0.23369
