295.106209 -3.767068
293.045065 -3.821574
290.983921 -3.876458
288.922777 -3.931713
286.861634 -3.987331
284.800490 -4.043308
282.739346 -4.099634
280.678202 -4.156304
278.617058 -4.213310
276.555914 -4.270644
274.494770 -4.328299
272.433626 -4.386267
270.372482 -4.444539
268.311338 -4.503106
266.250194 -4.561962
264.189050 -4.621095
262.127906 -4.680499
260.066762 -4.740162
258.005618 -4.800076
255.944474 -4.860232
253.883330 -4.920619
251.822186 -4.981227
249.761042 -5.042046
247.699898 -5.103066
245.638754 -5.164277
243.577611 -5.225666
241.516467 -5.287224
239.455323 -5.348939
237.394179 -5.410799
235.333035 -5.472794
233.271891 -5.534912
231.210747 -5.597140
229.149603 -5.659467
227.088459 -5.721880
225.027315 -5.784368
222.966171 -5.846917
220.905027 -5.909515
218.843883 -5.972149
216.782739 -6.034806
214.721595 -6.097472
212.660451 -6.160136
210.599307 -6.222782
208.538163 -6.285399
206.477019 -6.347971
204.415875 -6.410485
202.354732 -6.472928
200.293588 -6.535285
198.232444 -6.597542
196.171300 -6.659685
194.110156 -6.721700
192.049012 -6.783572
189.987868 -6.845286
187.926724 -6.906828
185.865580 -6.968184
183.804436 -7.029339
181.743292 -7.090277
179.682148 -7.150984
177.621004 -7.211445
175.559860 -7.271645
173.498716 -7.331570
171.437572 -7.391203
169.376428 -7.450530
167.315284 -7.509536
165.254140 -7.568205
163.192996 -7.626523
161.131853 -7.684474
159.070709 -7.742043
157.009565 -7.799213
154.948421 -7.855968
152.887277 -7.912287
150.826133 -7.968141
148.764989 -8.023484
146.703845 -8.078223
144.642701 -8.132161
142.581557 -8.184869
140.520413 -8.235433
138.459269 -8.281968
136.398125 -8.320749
134.336981 -8.344797
132.275837 -8.341742
130.214693 -8.290948
128.153549 -8.160178
126.092405 -7.902572
124.031261 -7.455297
121.970117 -6.741704
119.908974 -5.678808
117.847830 -4.190977
115.786686 -2.228820
113.725542 0.210367
111.664398 3.066582
109.603254 6.212372
107.542110 9.464413
105.480966 12.612000
103.419822 15.456982
101.358678 17.854524
99.297534 19.742176
97.236390 21.147490
95.175246 22.171214
93.114102 22.951241
91.052958 23.618909
88.991814 24.261264
86.930670 24.900118
84.869526 25.492589
82.808382 25.950956
80.747238 26.174508
78.686094 26.083977
76.624951 25.649984
74.563807 24.909631
72.502663 23.968638
70.441519 22.989369
68.380375 22.167186
66.319231 21.699095
64.258087 21.749577
62.196943 22.419160
60.135799 23.721371
58.074655 25.573061
56.013511 27.801405
53.952367 30.168136
51.891223 32.408149
49.830079 34.276214
47.768935 35.593096
45.707791 36.281711
43.646647 36.385435
41.585503 36.064151
39.524359 35.568248
37.463215 35.195402
35.402072 35.238431
33.340928 35.933979
31.279784 37.421109
29.218640 39.716352
27.157496 42.708287
25.096352 46.171100
23.035208 49.793620
20.974064 53.218424
18.912920 56.084883
16.851776 58.070262
14.790632 58.923957
12.729488 58.491371
10.668344 56.725530
8.607200 53.686202
6.546056 49.527815
4.484912 44.478817
2.423768 38.816281
0.362624 32.840461
-1.698520 26.854677
-3.759664 21.155292
-5.820807 16.032524
-7.881951 11.773077
-9.943095 8.643147
-12.004239 6.828451
-14.065383 6.334523
-16.126527 6.902359
-18.187671 8.027873
-20.248815 9.131028
-22.309959 9.805405
-24.371103 9.987947
-26.432247 9.925801
-28.493391 9.967217
-30.554535 10.329928
-32.615679 10.992061
-34.676823 11.736272
-36.737967 12.274815
-38.799111 12.365057
-40.860255 11.870005
-42.921399 10.766910
-44.982543 9.126611
-47.043686 7.082725
-49.104830 4.800373
-51.165974 2.448417
-53.227118 0.177302
-55.288262 -1.895947
-57.349406 -3.694893
-59.410550 -5.183544
-61.471694 -6.360608
-63.532838 -7.250442
-65.593982 -7.893053
-67.655126 -8.335010
-69.716270 -8.622419
-71.777414 -8.796366
-73.838558 -8.890640
-75.899702 -8.931252
-77.960846 -8.937090
-80.021990 -8.921174
-82.083134 -8.892049
-84.144278 -8.855074
-86.205422 -8.813468
-88.266566 -8.769088
-90.327709 -8.722964
-92.388853 -8.675648
-94.449997 -8.627428
-96.511141 -8.578454
-98.572285 -8.528802
-100.633429 -8.478516
-102.694573 -8.427623
-104.755717 -8.376142
-106.816861 -8.324090
-108.878005 -8.271484
-110.939149 -8.218336
-113.000293 -8.164664
-115.061437 -8.110480
-117.122581 -8.055801
-119.183725 -8.000641
-121.244869 -7.945014
-123.306013 -7.888937
-125.367157 -7.832424
-127.428301 -7.775490
-129.489445 -7.718150
-131.550588 -7.660420
-133.611732 -7.602314
-135.672876 -7.543848
-137.734020 -7.485037
-139.795164 -7.425896
-141.856308 -7.366440
-143.917452 -7.306684
-145.978596 -7.246643
-148.039740 -7.186332
-150.100884 -7.125767
-152.162028 -7.064962
-154.223172 -7.003932
-156.284316 -6.942692
-158.345460 -6.881257
-160.406604 -6.819641
-162.467748 -6.757859
-164.528892 -6.695927
-166.590036 -6.633857
-168.651180 -6.571664
-170.712324 -6.509364
-172.773467 -6.446970
-174.834611 -6.384495
-176.895755 -6.321955
-178.956899 -6.259363
-181.018043 -6.196733
-183.079187 -6.134077
-185.140331 -6.071411
-187.201475 -6.008747
-189.262619 -5.946098
-191.323763 -5.883477
-193.384907 -5.820898
-195.446051 -5.758373
-197.507195 -5.695915
-199.568339 -5.633536
-201.629483 -5.571249
-203.690627 -5.509065
-205.751771 -5.446997
-207.812915 -5.385057
-209.874059 -5.323255
-211.935203 -5.261604
-213.996346 -5.200115
-216.057490 -5.138799
-218.118634 -5.077666
-220.179778 -5.016729
-222.240922 -4.955996
-224.302066 -4.895478
-226.363210 -4.835187
-228.424354 -4.775130
-230.485498 -4.715319
