295.106209 -3.730726
293.045065 -4.235986
290.983921 -4.028345
288.922777 -3.776089
286.861634 -4.101552
284.800490 -4.604765
282.739346 -4.299310
280.678202 -3.726772
278.617058 -3.446713
276.555914 -3.406049
274.494770 -3.788650
272.433626 -4.567833
270.372482 -4.866763
268.311338 -4.507370
266.250194 -3.957409
264.189050 -4.001663
262.127906 -4.406379
260.066762 -4.535714
258.005618 -4.501194
255.944474 -4.569305
253.883330 -4.712524
251.822186 -4.524871
249.761042 -4.206481
247.699898 -4.414271
245.638754 -5.149078
243.577611 -5.369205
241.516467 -5.258684
239.455323 -5.316002
237.394179 -5.525406
235.333035 -5.816723
233.271891 -6.061302
231.210747 -6.081535
229.149603 -5.936172
227.088459 -5.893073
225.027315 -6.031001
222.966171 -6.065591
220.905027 -5.916705
218.843883 -5.814247
216.782739 -5.801821
214.721595 -5.589279
212.660451 -5.483022
210.599307 -5.788871
208.538163 -6.440604
206.477019 -6.842087
204.415875 -6.564209
202.354732 -6.030078
200.293588 -6.186604
198.232444 -6.727248
196.171300 -6.312892
194.110156 -5.465340
192.049012 -5.615667
189.987868 -6.680206
187.926724 -7.271317
185.865580 -7.520949
183.804436 -7.456680
181.743292 -6.949027
179.682148 -6.575699
177.621004 -6.698654
175.559860 -7.241499
173.498716 -7.482611
171.437572 -7.504437
169.376428 -7.794348
167.315284 -8.157204
165.254140 -8.192736
163.192996 -7.898253
161.131853 -7.469637
159.070709 -7.588862
157.009565 -8.028165
154.948421 -8.002510
152.887277 -7.896828
150.826133 -8.392486
148.764989 -8.725832
146.703845 -8.362292
144.642701 -8.120204
142.581557 -7.937322
140.520413 -7.728741
138.459269 -8.008027
136.398125 -8.446150
134.336981 -8.938330
132.275837 -9.244107
130.214693 -9.103038
128.153549 -8.768876
126.092405 -8.812713
124.031261 -8.959484
121.970117 -7.976265
119.908974 -6.121502
117.847830 -4.030073
115.786686 -1.344734
113.725542 1.153820
111.664398 3.285833
109.603254 6.107144
107.542110 9.513212
105.480966 12.403443
103.419822 15.154367
101.358678 17.777649
99.297534 19.688826
97.236390 20.936600
95.175246 22.203070
93.114102 23.254492
91.052958 23.646059
88.991814 24.065899
86.930670 25.264613
84.869526 26.153336
82.808382 25.809144
80.747238 25.531920
78.686094 25.752279
76.624951 25.719559
74.563807 24.762415
72.502663 23.685051
70.441519 23.173516
68.380375 22.563601
66.319231 21.968280
64.258087 22.109456
62.196943 22.964427
60.135799 23.817452
58.074655 24.780127
56.013511 26.799837
53.952367 29.393746
51.891223 32.098671
49.830079 34.930438
47.768935 36.648699
45.707791 37.010852
43.646647 37.027889
41.585503 36.461492
39.524359 35.454229
37.463215 34.466186
35.402072 33.556773
33.340928 33.909961
31.279784 36.121579
29.218640 40.301400
27.157496 45.751681
25.096352 49.924334
23.035208 51.709113
20.974064 52.321342
18.912920 53.693056
16.851776 55.941635
14.790632 57.967151
12.729488 57.802751
10.668344 55.199758
8.607200 52.505069
6.546056 49.980011
4.484912 47.198694
2.423768 43.323009
0.362624 36.359489
-1.698520 26.434071
-3.759664 17.745665
-5.820807 13.269271
-7.881951 10.248194
-9.943095 7.330280
-12.004239 6.617404
-14.065383 7.672142
-16.126527 8.194555
-18.187671 8.032310
-20.248815 8.604138
-22.309959 9.478360
-24.371103 9.459223
-26.432247 9.309646
-28.493391 10.365544
-30.554535 11.828275
-32.615679 11.916965
-34.676823 11.448495
-36.737967 11.553809
-38.799111 11.754304
-40.860255 11.376973
-42.921399 10.511361
-44.982543 9.368930
-47.043686 7.424282
-49.104830 4.780529
-51.165974 2.538853
-53.227118 0.712346
-55.288262 -1.165239
-57.349406 -3.427180
-59.410550 -5.867488
-61.471694 -7.269430
-63.532838 -7.681998
-65.593982 -7.958476
-67.655126 -8.417422
-69.716270 -8.486793
-71.777414 -8.139988
-73.838558 -8.348963
-75.899702 -8.955140
-77.960846 -9.021096
-80.021990 -9.082964
-82.083134 -9.263029
-84.144278 -9.288559
-86.205422 -9.196467
-88.266566 -9.298444
-90.327709 -9.448843
-92.388853 -8.899407
-94.449997 -8.013398
-96.511141 -7.762349
-98.572285 -8.061989
-100.633429 -8.241570
-102.694573 -8.305946
-104.755717 -8.270596
-106.816861 -7.863941
-108.878005 -7.757756
-110.939149 -8.055222
-113.000293 -8.197972
-115.061437 -8.114635
-117.122581 -7.781112
-119.183725 -7.097456
-121.244869 -6.985442
-123.306013 -7.520608
-125.367157 -7.802271
-127.428301 -7.684659
-129.489445 -7.620895
-131.550588 -7.192893
-133.611732 -6.628149
-135.672876 -7.106728
-137.734020 -7.857706
-139.795164 -7.667373
-141.856308 -6.550961
-143.917452 -5.942401
-145.978596 -6.186538
-148.039740 -6.618977
-150.100884 -6.990055
-152.162028 -6.642146
-154.223172 -6.146256
-156.284316 -6.514924
-158.345460 -7.078622
-160.406604 -7.023048
-162.467748 -6.637958
-164.528892 -6.290980
-166.590036 -6.373667
-168.651180 -6.635536
-170.712324 -6.215306
-172.773467 -5.607341
-174.834611 -5.941003
-176.895755 -6.405442
-178.956899 -6.320482
-181.018043 -6.250175
-183.079187 -6.010322
-185.140331 -5.755564
-187.201475 -5.794403
-189.262619 -5.918043
-191.323763 -6.269060
-193.384907 -6.421092
-195.446051 -6.129189
-197.507195 -6.255101
-199.568339 -6.594886
-201.629483 -6.463127
-203.690627 -6.113421
-205.751771 -5.907040
-207.812915 -5.655047
-209.874059 -5.340598
-211.935203 -5.090758
-213.996346 -5.220934
-216.057490 -5.419907
-218.118634 -5.501571
-220.179778 -5.668939
-222.240922 -6.001894
-224.302066 -6.279599
-226.363210 -6.057923
-228.424354 -5.658297
-230.485498 -5.737215
