# BEGINHEADER
# This file contains data from the SALSA 2m radio telescope.
# DATE=2024-01-31T12:35:0015
# GLON and GLAT given in degrees
# GLON=29.822684239933835
# GLAT=0.2355871438393859
# DATA in two columns below. Col. 1 is velocity relative to LSR [km/s]. Col. 2 is uncalibrated antenna temperature [K].
# ENDHEADER
295.1062093086503 -3.0698149608851817
293.0450653580516 -5.733200647217826
290.983921407453 -3.3029032795654585
288.92277745685436 -3.9442974336398158
286.86163350625577 -2.974212516285395
284.80048955565707 -6.3526254970710605
282.7393456050584 -3.7488625196389758
280.6782016544598 -3.7157454440516275
278.6170577038612 -3.1982833789043354
276.55591375326253 -3.5930370845762702
274.4947698026639 -2.6942051219828316
272.43362585206523 -5.688432442606905
270.37248190146664 -4.718145394724252
268.31133795086794 -5.2283775797908225
266.2501940002693 -3.0319002104747073
264.1890500496707 -3.781575003890869
262.12790609907205 -4.953182532648389
260.0667621484734 -4.362913122021836
258.00561819787475 -4.695870611311555
255.9444742472761 -4.0262775061701
253.88333029667749 -5.436080084957725
251.8221863460788 -4.330016004139251
249.7610423954802 -4.331368419693022
247.69989844488154 -3.065217529116255
245.63875449428292 -6.552348189587007
243.57761054368427 -5.1084659025917265
241.51646659308562 -5.17828410284784
239.45532264248698 -5.228489475811031
237.39417869188836 -5.506770173063
235.3330347412897 -5.754096408387517
233.2718907906911 -6.294541102370394
231.2107468400924 -6.160290661307741
229.1496028894938 -5.937654796611535
227.08845893889514 -5.548190771101606
225.02731498829652 -6.304935895677775
222.96617103769788 -6.081526701333534
220.90502708709923 -6.087712386114855
218.84388313650058 -5.268051470474068
216.78273918590193 -6.527580721489079
214.7215952353033 -5.148628786715847
212.66045128470464 -5.490417150323886
210.59930733410602 -5.264893437162914
208.53816338350737 -6.7236533060367805
206.47701943290875 -7.298491586566011
204.4158754823101 -6.906793838092768
202.35473153171145 -5.538826245544867
200.2935875811128 -5.138441868888212
198.23244363051418 -8.387354410963452
196.17129967991553 -6.2535481841502545
194.11015572931692 -5.099804403816244
192.04901177871824 -3.9550064190080425
189.98786782811962 -8.403833839955631
187.92672387752097 -6.656373018218881
185.86557992692235 -7.757238756436436
183.80443597632367 -8.132305498247616
181.74329202572505 -6.392928669879953
179.6821480751264 -6.755342778843721
177.62100412452776 -5.741263253283794
175.55986017392914 -8.077809205247904
173.49871622333046 -7.474627508536466
171.43757227273184 -7.265781351090274
169.3764283221332 -7.54335002382044
167.31528437153457 -8.764500210809436
165.25414042093593 -7.906736978533058
163.19299647033728 -8.61802091045025
161.13185251973863 -6.637389901809976
159.07070856914 -7.29445465578647
157.00956461854136 -8.6501726983765
154.9484206679427 -8.26198841696001
152.88727671734406 -6.976505406820053
150.82613276674545 -8.440393700523956
148.7649888161468 -9.954380752830003
146.70384486554818 -7.515672836373485
144.6427009149495 -8.153896239561758
142.58155696435088 -8.604051428067109
140.52041301375223 -6.507265215284297
138.45926906315358 -8.70126289880178
136.39812511255496 -7.933542168270917
134.3369811619563 -9.21170690481237
132.27583721135767 -9.515294762321497
130.21469326075902 -9.306019308451058
128.15354931016037 -8.564269617827616
126.09240535956175 -8.064059529473969
124.03126140896312 -10.265800182563446
121.97011745836447 -8.70449557758157
119.90897350776582 -5.1237640978492305
117.84782955716717 -5.61349359967136
115.78668560656854 -0.5329934953380663
113.72554165596989 1.505659245482421
111.66439770537126 2.8814897511833273
109.60325375477262 4.82710369788188
107.54210980417398 11.206135736107385
105.48096585357534 11.545856642290614
103.4198219029767 15.488082506060836
101.35867795237806 17.973140875340402
99.29753400177943 20.614819570687537
97.23639005118078 20.289381177948627
95.17524610058214 22.379597518278814
93.1141021499835 23.887992865611928
91.05295819938486 23.794513186305664
88.99181424878621 23.11128028677509
86.93067029818758 25.02540847461526
84.86952634758894 28.31670457491396
82.8083823969903 24.561750484407373
80.74723844639165 25.658818495900185
78.686094495793 25.380883665755942
76.62495054519437 26.949893169366177
74.56380659459572 24.792580848289397
72.50266264399708 22.608346117522945
70.44151869339845 23.88824239562422
68.3803747427998 22.548562054130795
66.31923079220117 21.423933824722752
64.25808684160253 21.566674725454522
62.196942891003886 22.997524165064174
60.135798940405245 24.52052948902798
58.074654989806604 23.25400020673351
56.01351103920796 26.758353918227087
53.95236708860932 29.862986143543534
51.89122313801067 31.09641545241937
49.83007918741204 35.93205517873571
47.76893523681339 38.08782960515137
45.70779128621475 36.081610097379155
43.64664733561611 37.88531441469522
41.58550338501747 36.91279286302712
39.524359434418834 34.62369697075335
37.46321548382019 35.592646440309395
35.40207153322155 32.1452295675258
33.3409275826229 33.0096289921104
31.279783632024266 35.54238031388029
29.218639681425625 38.23897772320737
27.157495730826984 47.62278932602191
25.096351780228343 50.94786573311734
23.035207829629705 53.169404149347606
20.974063879031068 50.719985936498695
18.912919928432423 53.659811335127316
16.851775977833782 55.58152850670728
14.790632027235143 58.96838003350582
12.729488076636503 60.95995337530232
10.66834412603786 53.16637210101316
8.607200175439221 53.28430406468116
6.54605622484058 49.880737585846134
4.484912274241939 47.17366038681609
2.423768323643298 45.341756807088295
0.36262437304465694 38.88321947829722
-1.6985195775539836 26.222530576123113
-3.759663528152624 12.838810915113177
-5.820807478751266 13.736804965904147
-7.881951429349906 11.601185669635768
-9.943095379948547 4.733683953014014
-12.004239330547188 5.503190451647064
-14.065383281145829 8.503346360732472
-16.12652723174447 9.240123617010918
-18.18767118234311 6.772702063602024
-20.24881513294175 8.211501314457013
-22.30995908354039 10.746017181224037
-24.371103034139033 9.51084833041936
-26.432246984737674 8.38030037728315
-28.49339093533632 9.228898255347136
-30.55453488593496 14.09291995535426
-32.6156788365336 11.750513468572878
-34.67682278713224 10.754272661704013
-36.73796673773088 11.56529188109514
-38.79911068832952 12.223915341829303
-40.86025463892816 11.759463698655024
-42.921398589526795 10.267638691495575
-44.98254254012544 9.84557892677808
-47.043686490724085 8.4752014300344
-49.104830441322726 3.78029227329775
-51.16597439192136 2.4862996146439764
-53.22711834252 0.8828410251403871
-55.28826229311864 -1.3480748015586705
-57.34940624371728 -2.3011859376095227
-59.410550194315924 -7.4487371744972055
-61.47169414491456 -7.476549251683148
-63.532838095513206 -7.919457199905164
-65.59398204611185 -7.361542392142162
-67.65512599671048 -8.86197222769835
-69.71626994730912 -9.059917728101865
-71.77741389790776 -7.64567668757714
-73.83855784850641 -7.343216801845602
-75.89970179910506 -10.585424483975125
-77.9608457497037 -8.07332695385067
-80.02198970030234 -9.361351616179437
-82.08313365090098 -9.240775925212771
-84.14427760149961 -9.485924499432679
-86.20542155209826 -9.111080085029535
-88.26656550269689 -8.775122933546426
-90.32770945329554 -10.368217884251106
-92.38885340389417 -9.194450170908153
-94.44999735449281 -7.326393650704498
-96.51114130509146 -7.335673814198466
-98.57228525569009 -8.377892749624586
-100.63342920628874 -8.46063297432601
-102.69457315688737 -7.725811830951424
-104.75571710748602 -9.400263567601186
-106.81686105808465 -7.065381294437184
-108.87800500868329 -7.57415502397911
-110.93914895928194 -8.209215339535058
-113.00029290988059 -8.560993348056675
-115.06143686047923 -7.617853106338138
-117.12258081107787 -8.955398444648143
-119.18372476167652 -6.09729298125154
-121.24486871227515 -6.5648012519309304
-123.30601266287378 -7.798878737866984
-125.36715661347243 -8.387619686818473
-127.42830056407107 -7.144480202473293
-129.4894445146697 -7.778652197122767
-131.55058846526836 -8.340953103558078
-133.61173241586698 -4.578942204969002
-135.67287636646563 -7.678123065826299
-137.73402031706428 -7.991654055889716
-139.79516426766293 -9.082301634135233
-141.85630821826155 -5.652844918405401
-143.9174521688602 -5.096866783851844
-145.97859611945884 -6.895078693909552
-148.0397400700575 -5.721542309609299
-150.1008840206561 -8.160008480587992
-152.16202797125476 -6.83214172208567
-154.22317192185338 -5.0349587923424215
-156.28431587245205 -6.43369906578163
-158.34545982305067 -7.960062614756939
-160.40660377364932 -6.789838001186024
-162.46774772424794 -6.912337512322497
-164.5288916748466 -5.883197815975568
-166.59003562544524 -5.950689936425216
-168.6511795760439 -7.367350057035195
-170.71232352664254 -6.855638547467061
-172.77346747724116 -4.086093194899606
-174.83461142783983 -6.050406312878342
-176.89575537843845 -7.495184844802873
-178.9568993290371 -5.369670852115013
-181.01804327963572 -6.90025076355122
-183.07918723023437 -6.031619198038308
-185.14033118083302 -5.14705104495493
-187.20147513143166 -6.300604912077847
-189.26261908203028 -5.414710795057264
-191.32376303262893 -6.188670639908236
-193.38490698322755 -7.538298083485229
-195.44605093382623 -5.063966909974917
-197.50719488442485 -6.2549518456757465
-199.5683388350235 -7.074302244277539
-201.62948278562212 -6.70423918332388
-203.6906267362208 -5.5579653687462125
-205.7517706868194 -6.420771341443614
-207.81291463741806 -5.24636354827425
-209.8740585880167 -5.87875740431446
-211.93520253861533 -4.2597583177849785
-213.996346489214 -5.515409900912862
-216.05749043981263 -5.505237796532384
-218.11863439041127 -5.381367920827217
-220.1797783410099 -5.620702538738878
-222.24092229160854 -5.822352876731939
-224.3020662422072 -6.741394996704177
-226.36321019280584 -6.4892767763224555
-228.42435414340446 -4.733380026965212
-230.4854980940031 -6.020047278606539
