# BEGINHEADER
# This file contains data from the SALSA 2m radio telescope.
# DATE=2024-01-31T11:44:0029
# GLON and GLAT given in degrees
# GLON=26.2505917480288
# GLAT=-24.978201082487434
# DATA in two columns below. Col. 1 is velocity relative to LSR [km/s]. Col. 2 is uncalibrated antenna temperature [K].
# ENDHEADER
2391.6025707598437 21.63739431816918
2389.541426809245 44.42058362555389
2387.480282858646 39.54432486246431
2385.419138908048 43.094046858532224
2383.357994957449 42.68354899156894
2381.296851006851 44.83057876952654
2379.235707056252 46.2406738059461
2377.1745631056533 48.41246339744246
2375.113419155054 49.9275247018492
2373.052275204456 52.26728701363666
2370.991131253857 55.24202402201352
2368.9299873032583 57.80087483237163
2366.8688433526595 59.558662343037994
2364.807699402061 62.03311621045412
2362.7465554514624 65.56827048466255
2360.685411500864 67.41541196491512
2358.6242675502654 69.03984355527331
2356.5631235996666 72.54613038663474
2354.501979649068 74.43245854576114
2352.4408356984695 76.27913156170598
2350.3796917478708 79.22307185588124
2348.318547797272 81.12657866213998
2346.2574038466732 82.72118898933144
2344.196259896075 83.56777421959016
2342.135115945476 85.43370530835466
2340.073971994878 88.3398978236153
2338.012828044279 89.0235487355901
2335.9516840936803 89.66692229614196
2333.8905401430816 91.44707983617694
2331.8293961924833 91.42882386656949
2329.7682522418845 93.06351633066383
2327.7071082912857 92.94670167715832
2325.645964340687 94.28582784029658
2323.5848203900887 95.18954161342877
2321.52367643949 94.77976749762165
2319.4625324888916 96.17489839080974
2317.4013885382924 95.79781622428028
2315.340244587694 96.26642425964978
2313.279100637095 96.9352245126649
2311.2179566864966 96.79459652652179
2309.156812735898 98.20859166728935
2307.095668785299 97.76109652844414
2305.0345248347003 98.71673570098008
2302.973380884102 98.57333282545973
2300.912236933503 99.13684051508193
2298.851092982905 98.5327337417732
2296.7899490323057 98.3223823248678
2294.7288050817074 99.74066464000673
2292.6676611311086 99.03784132927458
2290.6065171805103 100.05513535059764
2288.5453732299115 99.8262129689243
2286.484229279313 99.61694171428876
2284.423085328714 100.84472002432595
2282.3619413781157 100.08657463763222
2280.300797427517 101.20604625158136
2278.2396534769186 100.5651094786366
2276.1785095263194 101.56794264970291
2274.117365575721 100.32199762388757
2272.0562216251224 102.11927966872905
2269.995077674524 101.45146000342535
2267.9339337239253 101.92449457222675
2265.8727897733265 102.35316838601055
2263.8116458227278 101.27779206042268
2261.7505018721295 101.5200176470653
2259.6893579215307 102.06440844512942
2257.6282139709324 102.81310259948313
2255.567070020333 103.42166335680845
2253.505926069735 103.07692930370831
2251.444782119136 102.71255214225755
2249.3836381685373 103.60876257398053
2247.3224942179386 102.91632640361246
2245.26135026734 103.73714184504914
2243.200206316741 103.0910418571356
2241.1390623661428 102.68933760382006
2239.077918415544 104.52984803224363
2237.0167744649457 103.87741249977705
2234.9556305143465 104.61881254756888
2232.894486563748 103.16424390941476
2230.8333426131494 103.38597632941676
2228.772198662551 104.36079882612918
2226.7110547119523 104.30795351372952
2224.6499107613536 106.02180549219058
2222.588766810755 104.61675417746183
2220.5276228601565 103.7787877855793
2218.4664789095577 104.26574539746537
2216.4053349589594 105.010347022476
2214.34419100836 105.95791139687601
2212.283047057762 106.87993702034599
2210.221903107163 105.96887498544659
2208.160759156565 105.20384561937077
2206.099615205966 103.97555560314105
2204.0384712553673 105.58514653407167
2201.9773273047686 106.7768219153068
2199.9161833541702 105.73951124512345
2197.8550394035715 104.64177145409877
2195.793895452973 105.22027095996862
2193.732751502374 105.22977806098167
2191.6716075517757 105.97599502781594
2189.610463601177 105.14398645488323
2187.5493196505786 106.64160346798255
2185.4881756999794 106.26303902457589
2183.4270317493806 105.15940807457285
2181.365887798782 104.88515964234203
2179.3047438481835 106.24070464763983
2177.2435998975848 106.01573035880531
2175.1824559469865 106.41320296068879
2173.1213119963872 105.31398559914145
2171.060168045789 105.56627001950638
2168.99902409519 105.97170565013062
2166.937880144592 105.08500002064528
2164.876736193993 106.82425896041401
2162.8155922433943 106.52710112413124
2160.7544482927956 105.71410390375138
2158.6933043421973 106.07311906227602
2156.6321603915985 106.28636796280627
2154.571016441 106.48637346437842
2152.509872490401 104.721255055449
2150.4487285398027 107.04814826005135
2148.387584589204 105.69061232105922
2146.3264406386056 104.3895920626728
2144.265296688007 106.39540877338015
2142.204152737408 107.03565571116884
2140.1430087868093 106.54176490007198
2138.081864836211 107.46856491905167
2136.0207208856123 106.92294557968296
2133.959576935014 106.3216466626955
2131.8984329844147 107.2118900179305
2129.8372890338164 109.47216336777434
2127.7761450832177 109.8004350072607
2125.7150011326194 107.82471975473695
2123.65385718202 106.44357962299397
2121.5927132314214 107.19257058034351
2119.5315692808226 106.64889020480925
2117.4704253302243 107.15423322778345
2115.4092813796256 106.92446753710463
2113.348137429027 106.4837313042203
2111.286993478428 105.8671331092712
2109.2258495278297 106.76881186343596
2107.164705577231 105.3769575557827
2105.1035616266327 104.81973272976444
2103.042417676034 106.70785736272414
2100.981273725435 107.0444115324967
2098.9201297748364 106.20672280024601
2096.858985824238 105.87342421013446
2094.7978418736393 105.11609447446047
2092.7366979230405 104.8856416368609
2090.675553972442 106.08873672455299
2088.6144100218435 106.52744404251078
2086.5532660712447 106.48888807502576
2084.492122120646 105.24180741616415
2082.430978170047 105.24253293047094
2080.369834219449 104.37409314037401
2078.30869026885 106.17304847447328
2076.247546318252 105.21367713439659
2074.186402367653 106.95669743395881
2072.1252584170543 107.81355262753226
2070.0641144664555 103.841304937632
2068.002970515857 105.60434580490137
2065.9418265652585 103.13744764027716
2063.8806826146597 105.43619387084594
2061.819538664061 104.4439887828966
2059.7583947134626 113.19835805399855
2057.6972507628634 114.01570650768686
2055.636106812265 104.84214333586044
2053.5749628616663 105.32480318013629
2051.513818911068 103.94089031122563
2049.4526749604693 104.16086247413169
2047.3915310098707 104.38039580236686
2045.3303870592717 106.10938836457942
2043.2692431086732 104.37781646859803
2041.2080991580744 103.71468176072804
2039.1469552074761 103.78134344429628
2037.0858112568772 103.21274592100114
2035.0246673062788 103.6409068022537
2032.96352335568 103.4792863268225
2030.9023794050815 104.01608967811775
2028.8412354544828 105.01217847256386
2026.7800915038843 102.71151313548118
2024.7189475532855 102.3897683156904
2022.657803602687 102.63003296229769
2020.5966596520882 102.05189086183813
2018.5355157014899 103.25422973209406
2016.474371750891 104.70553519097375
2014.4132278002924 103.30207801626383
2012.3520838496936 102.54408425735676
2010.290939899095 101.99986912093298
2008.2297959484963 100.83963451711377
2006.1686519978978 101.91197191529588
2004.107508047299 100.28611683514156
2002.0463640967005 102.24314183771384
1999.9852201461017 102.17321628897808
1997.9240761955034 101.36167764148793
1995.8629322449044 100.40500826619119
1993.801788294306 100.70253312217281
1991.7406443437073 100.96648433828476
1989.6795003931088 100.34954148851367
1987.61835644251 100.98560946159685
1985.5572124919115 99.57073878186829
1983.4960685413125 99.93302363032916
1981.434924590714 99.64951237127032
1979.3737806401152 98.9518088693448
1977.3126366895167 99.59203752013813
1975.251492738918 99.57878628105007
1973.1903487883196 99.56636925020328
1971.1292048377209 99.15295657480694
1969.0680608871223 97.90625233698994
1967.0069169365236 98.06287150871407
1964.945772985925 98.19604610052812
1962.8846290353263 98.71119152145472
1960.8234850847277 98.68546423623779
1958.762341134129 98.16612117852762
1956.7011971835304 97.38283112353767
1954.6400532329317 96.91521060636191
1952.5789092823334 96.71661350509686
1950.5177653317344 97.14111203205344
1948.4566213811358 95.63677034632255
1946.395477430537 95.84004823640555
1944.3343334799386 96.60761266062126
1942.2731895293398 95.27248170622686
1940.2120455787413 94.2553274431387
1938.1509016281425 95.3204303381682
1936.089757677544 94.5190049767087
1934.0286137269452 95.10239454994644
1931.967469776347 94.16156332179239
1929.9063258257481 92.93502226770367
1927.8451818751496 92.94246408225364
1925.7840379245508 92.32102011900461
1923.7228939739523 90.60151333530641
1921.6617500233533 89.87631594638454
1919.6006060727548 88.25403034321687
1917.539462122156 87.60685082019953
1915.4783181715575 86.75758896880913
1913.4171742209587 84.26029494331118
1911.3560302703604 83.81767642106979
1909.2948863197614 81.75347558547946
1907.233742369163 80.63030581840508
1905.1725984185643 78.5900755075509
1903.1114544679658 75.61344453890314
1901.050310517367 73.87932329188727
1898.9891665667685 72.07878594939965
1896.9280226161698 69.6929524867987
1894.8668786655712 66.82424727683868
1892.8057347149725 64.11804777702274
1890.7445907643742 61.55392005989209
1888.683446813775 58.70669996155377
1886.6223028631766 56.64738973001579
1884.5611589125779 53.99272080200832
1882.5000149619793 51.94351667156024
1880.4388710113806 49.80491459948905
1878.377727060782 47.87279324915318
1876.3165831101833 45.471582356652426
1874.2554391595847 44.43877525899826
1872.194295208986 42.156289952709876
1870.1331512583877 43.00390892659057
1868.0720073077887 39.749508661734154
1866.0108633571904 44.303279109249694
