233.814262 0.000000
231.753118 0.000000
229.691974 0.000000
227.630830 0.000000
225.569686 0.000000
223.508542 0.000000
221.447398 0.000000
219.386254 0.000000
217.325110 0.000000
215.263967 0.000000
213.202823 0.000000
211.141679 0.000000
209.080535 0.000000
207.019391 0.000000
204.958247 0.000000
202.897103 0.000000
200.835959 0.000000
198.774815 0.000000
196.713671 0.000000
194.652527 0.000000
192.591383 0.000000
190.530239 0.000000
188.469095 0.000000
186.407951 0.000000
184.346807 0.000000
182.285663 0.000000
180.224519 0.000000
178.163375 0.000000
176.102231 0.000000
174.041088 0.000000
171.979944 0.000000
169.918800 0.000000
167.857656 0.000000
165.796512 0.000000
163.735368 0.000000
161.674224 0.000000
159.613080 0.000000
157.551936 0.000000
155.490792 0.000000
153.429648 0.000000
151.368504 0.000000
149.307360 0.000000
147.246216 0.000000
145.185072 0.000000
143.123928 0.000000
141.062784 0.000000
139.001640 0.000000
136.940496 0.000000
134.879352 0.000000
132.818209 0.000000
130.757065 0.000000
128.695921 0.000000
126.634777 0.000000
124.573633 0.000000
122.512489 0.000000
120.451345 0.000000
118.390201 0.000000
116.329057 0.000000
114.267913 0.000000
112.206769 0.000000
110.145625 0.000000
108.084481 0.000000
106.023337 0.000000
103.962193 0.000000
101.901049 0.000000
99.839905 0.000000
97.778761 0.000000
95.717617 0.000000
93.656473 0.000000
91.595329 0.000000
89.534186 0.000000
87.473042 0.000000
85.411898 0.000000
83.350754 0.000000
81.289610 0.000000
79.228466 0.000000
77.167322 0.000000
75.106178 0.000000
73.045034 0.000000
70.983890 0.000000
68.922746 0.000000
66.861602 0.000000
64.800458 0.000000
62.739314 0.000000
60.678170 0.000000
58.617026 0.000000
56.555882 0.000000
54.494738 0.000001
52.433594 0.000005
50.372450 0.000016
48.311307 0.000051
46.250163 0.000159
44.189019 0.000475
42.127875 0.001354
40.066731 0.003680
38.005587 0.009553
35.944443 0.023672
33.883299 0.056001
31.822155 0.126477
29.761011 0.272702
27.699867 0.561331
25.638723 1.103074
23.577579 2.069409
21.516435 3.706323
19.455291 6.337174
17.394147 10.344355
15.333003 16.120059
13.271859 23.981990
11.210715 34.061145
9.149571 46.183694
7.088428 59.782415
5.027284 73.877759
2.966140 87.158427
0.904996 98.165858
-1.156148 105.552121
-3.217292 108.349990
-5.278436 106.180849
-7.339580 99.338804
-9.400724 88.725218
-11.461868 75.653780
-13.523012 61.584242
-15.584156 47.859040
-17.645300 35.506984
-19.706444 25.148900
-21.767588 17.005116
-23.828732 10.977303
-25.889876 6.764989
-27.951020 3.980100
-30.012164 2.235508
-32.073308 1.198709
-34.134451 0.613631
-36.195595 0.299886
-38.256739 0.139913
-40.317883 0.062319
-42.379027 0.026499
-44.440171 0.010757
-46.501315 0.004169
-48.562459 0.001542
-50.623603 0.000545
-52.684747 0.000184
-54.745891 0.000059
-56.807035 0.000018
-58.868179 0.000005
-60.929323 0.000001
-62.990467 0.000000
-65.051611 0.000000
-67.112755 0.000000
-69.173899 0.000000
-71.235043 0.000000
-73.296187 0.000000
-75.357331 0.000000
-77.418474 0.000000
-79.479618 0.000000
-81.540762 0.000000
-83.601906 0.000000
-85.663050 0.000000
-87.724194 0.000000
-89.785338 0.000000
-91.846482 0.000000
-93.907626 0.000000
-95.968770 0.000000
-98.029914 0.000000
-100.091058 0.000000
-102.152202 0.000000
-104.213346 0.000000
-106.274490 0.000000
-108.335634 0.000000
-110.396778 0.000000
-112.457922 0.000000
-114.519066 0.000000
-116.580210 0.000000
-118.641353 0.000000
-120.702497 0.000000
-122.763641 0.000000
-124.824785 0.000000
-126.885929 0.000000
-128.947073 0.000000
-131.008217 0.000000
-133.069361 0.000000
-135.130505 0.000000
-137.191649 0.000000
-139.252793 0.000000
-141.313937 0.000000
-143.375081 0.000000
-145.436225 0.000000
-147.497369 0.000000
-149.558513 0.000000
-151.619657 0.000000
-153.680801 0.000000
-155.741945 0.000000
-157.803089 0.000000
-159.864232 0.000000
-161.925376 0.000000
-163.986520 0.000000
-166.047664 0.000000
-168.108808 0.000000
-170.169952 0.000000
-172.231096 0.000000
-174.292240 0.000000
-176.353384 0.000000
-178.414528 0.000000
-180.475672 0.000000
-182.536816 0.000000
-184.597960 0.000000
-186.659104 0.000000
-188.720248 0.000000
-190.781392 0.000000
-192.842536 0.000000
-194.903680 0.000000
-196.964824 0.000000
-199.025968 0.000000
-201.087111 0.000000
-203.148255 0.000000
-205.209399 0.000000
-207.270543 0.000000
-209.331687 0.000000
-211.392831 0.000000
-213.453975 0.000000
-215.515119 0.000000
-217.576263 0.000000
-219.637407 0.000000
-221.698551 0.000000
-223.759695 0.000000
-225.820839 0.000000
-227.881983 0.000000
-229.943127 0.000000
-232.004271 0.000000
-234.065415 0.000000
-236.126559 0.000000
-238.187703 0.000000
-240.248847 0.000000
-242.309990 0.000000
-244.371134 0.000000
-246.432278 0.000000
-248.493422 0.000000
-250.554566 0.000000
-252.615710 0.000000
-254.676854 0.000000
-256.737998 0.000000
-258.799142 0.000000
-260.860286 0.000000
-262.921430 0.000000
-264.982574 0.000000
-267.043718 0.000000
-269.104862 0.000000
-271.166006 0.000000
-273.227150 0.000000
-275.288294 0.000000
-277.349438 0.000000
-279.410582 0.000000
-281.471726 0.000000
-283.532870 0.000000
-285.594013 0.000000
-287.655157 0.000000
-289.716301 0.000000
-291.777445 0.000000
