233.814262 -3.858878
231.753118 -4.260020
229.691974 -4.876049
227.630830 -5.712641
225.569686 -5.669458
223.508542 -5.504532
221.447398 -5.934162
219.386254 -6.427025
217.325110 -6.407315
215.263967 -5.654419
213.202823 -5.311975
211.141679 -5.733277
209.080535 -6.141155
207.019391 -6.346919
204.958247 -6.561386
202.897103 -6.884543
200.835959 -6.819248
198.774815 -6.629199
196.713671 -6.542855
194.652527 -6.329762
192.591383 -5.946889
190.530239 -5.765378
188.469095 -6.414774
186.407951 -6.937713
184.346807 -6.790895
182.285663 -6.763519
180.224519 -6.950694
178.163375 -7.216842
176.102231 -7.637233
174.041088 -7.670279
171.979944 -7.118465
169.918800 -6.757425
167.857656 -7.032389
165.796512 -7.224344
163.735368 -6.866665
161.674224 -6.999608
159.613080 -7.648059
157.551936 -7.902279
155.490792 -7.692450
153.429648 -7.504143
151.368504 -7.687308
149.307360 -7.633452
147.246216 -7.175941
145.185072 -7.046669
143.123928 -7.261400
141.062784 -7.620113
139.001640 -8.300235
136.940496 -8.794825
134.879352 -8.709278
132.818209 -8.682513
130.757065 -9.163982
128.695921 -9.514614
126.634777 -9.031477
124.573633 -8.018483
122.512489 -7.183862
120.451345 -7.488313
118.390201 -8.135755
116.329057 -8.250726
114.267913 -8.296252
112.206769 -8.148853
110.145625 -8.101077
108.084481 -8.292591
106.023337 -8.216168
103.962193 -7.988419
101.901049 -7.741392
99.839905 -7.984605
97.778761 -8.181386
95.717617 -7.926235
93.656473 -8.549719
91.595329 -9.597947
89.534186 -9.840769
87.473042 -9.668669
85.411898 -9.825943
83.350754 -9.428049
81.289610 -8.787469
79.228466 -9.094689
77.167322 -9.854641
75.106178 -10.300786
73.045034 -9.648055
70.983890 -8.634394
68.922746 -8.468319
66.861602 -8.520352
64.800458 -8.700777
62.739314 -8.880239
60.678170 -9.033619
58.617026 -9.183476
56.555882 -9.027042
54.494738 -8.950416
52.433594 -9.302500
50.372450 -9.767041
48.311307 -10.159659
46.250163 -10.337638
44.189019 -10.154500
42.127875 -10.035375
40.066731 -10.054223
38.005587 -9.900958
35.944443 -9.569485
33.883299 -9.284504
31.822155 -9.411388
29.761011 -9.835685
27.699867 -9.677666
25.638723 -8.787362
23.577579 -7.776077
21.516435 -6.633021
19.455291 -4.465847
17.394147 -0.786767
15.333003 4.721872
13.271859 14.427381
11.210715 30.308363
9.149571 50.372311
7.088428 69.830552
5.027284 83.911110
2.966140 93.112496
0.904996 100.308087
-1.156148 104.981217
-3.217292 105.466491
-5.278436 100.598901
-7.339580 92.307038
-9.400724 83.408775
-11.461868 73.707197
-13.523012 62.986625
-15.584156 52.313203
-17.645300 42.153235
-19.706444 32.130102
-21.767588 22.598346
-23.828732 14.227450
-25.889876 7.263596
-27.951020 2.220774
-30.012164 -0.527573
-32.073308 -1.879147
-34.134451 -3.095232
-36.195595 -4.799213
-38.256739 -6.530060
-40.317883 -7.917461
-42.379027 -8.721600
-44.440171 -8.770530
-46.501315 -8.417835
-48.562459 -8.143059
-50.623603 -8.065521
-52.684747 -7.777310
-54.745891 -8.298502
-56.807035 -10.041285
-58.868179 -10.782130
-60.929323 -9.859800
-62.990467 -9.082095
-65.051611 -9.118383
-67.112755 -9.172946
-69.173899 -9.353948
-71.235043 -9.909066
-73.296187 -10.274115
-75.357331 -10.702299
-77.418474 -10.637070
-79.479618 -9.880781
-81.540762 -9.883933
-83.601906 -10.421091
-85.663050 -10.255025
-87.724194 -9.751774
-89.785338 -9.500003
-91.846482 -9.315179
-93.907626 -9.174790
-95.968770 -9.279547
-98.029914 -9.597696
-100.091058 -10.070904
-102.152202 -10.440392
-104.213346 -10.278657
-106.274490 -9.866878
-108.335634 -9.686435
-110.396778 -9.893094
-112.457922 -9.867764
-114.519066 -9.313439
-116.580210 -9.235431
-118.641353 -9.904268
-120.702497 -10.385722
-122.763641 -10.021441
-124.824785 -9.457031
-126.885929 -9.234939
-128.947073 -9.151356
-131.008217 -8.632851
-133.069361 -7.946435
-135.130505 -8.032279
-137.191649 -8.652316
-139.252793 -9.146117
-141.313937 -9.406213
-143.375081 -9.801188
-145.436225 -9.741320
-147.497369 -9.411961
-149.558513 -9.562598
-151.619657 -9.634617
-153.680801 -9.278654
-155.741945 -9.188353
-157.803089 -9.395442
-159.864232 -9.620750
-161.925376 -9.861849
-163.986520 -9.558331
-166.047664 -8.351335
-168.108808 -7.396566
-170.169952 -7.614560
-172.231096 -8.314996
-174.292240 -8.572618
-176.353384 -8.077851
-178.414528 -8.092747
-180.475672 -8.722207
-182.536816 -8.758879
-184.597960 -8.315511
-186.659104 -8.075045
-188.720248 -7.958715
-190.781392 -7.904257
-192.842536 -7.920283
-194.903680 -8.104362
-196.964824 -8.457236
-199.025968 -8.757772
-201.087111 -8.472916
-203.148255 -8.109581
-205.209399 -8.069881
-207.270543 -7.780804
-209.331687 -7.356280
-211.392831 -7.362261
-213.453975 -7.596963
-215.515119 -7.764082
-217.576263 -7.896189
-219.637407 -7.785933
-221.698551 -7.289178
-223.759695 -6.763523
-225.820839 -6.264992
-227.881983 -5.892558
-229.943127 -6.357129
-232.004271 -6.993258
-234.065415 -6.806386
-236.126559 -6.199415
-238.187703 -5.948962
-240.248847 -6.665675
-242.309990 -7.212923
-244.371134 -7.069736
-246.432278 -6.737262
-248.493422 -6.553948
-250.554566 -6.486539
-252.615710 -6.319178
-254.676854 -6.141529
-256.737998 -6.281487
-258.799142 -6.497964
-260.860286 -6.447388
-262.921430 -6.765307
-264.982574 -6.544188
-267.043718 -6.109949
-269.104862 -6.535175
-271.166006 -7.093986
-273.227150 -7.019205
-275.288294 -6.523677
-277.349438 -5.776505
-279.410582 -5.460395
-281.471726 -5.883064
-283.532870 -6.021673
-285.594013 -5.835271
-287.655157 -6.186019
-289.716301 -6.674494
-291.777445 -6.851908
