# BEGINHEADER
# This file contains data from the SALSA 2m radio telescope.
# DATE=2024-01-31T18:34:0053
# GLON and GLAT given in degrees
# GLON=179.8131333640693
# GLAT=-0.2890084246233533
# DATA in two columns below. Col. 1 is velocity relative to LSR [km/s]. Col. 2 is uncalibrated antenna temperature [K].
# ENDHEADER
233.814262088532 -3.484081589604214
231.75311813793334 -5.031827249347754
229.6919741873347 -3.1223394726771
227.63083023673605 -7.908274802574971
225.56968628613743 -5.053151477003984
223.50854233553878 -4.870995598644613
221.44739838494016 -6.331840851219327
219.38625443434148 -6.106829015527543
217.32511048374286 -7.8031084063528615
215.2639665331442 -4.873740685446707
213.20282258254556 -4.526937218063474
211.14167863194692 -6.318696706060714
209.08053468134827 -5.878865311784571
207.01939073074965 -6.849285718229578
204.958246780151 -5.679887426371164
202.89710282955238 -7.8844078395396435
200.8359588789537 -6.574995794429006
198.77481492835508 -6.399880722017148
196.71367097775644 -6.9349502237348855
194.65252702715782 -6.020267635940226
192.59138307655917 -6.6810253277388405
190.53023912596052 -4.1847368463333074
188.46909517536187 -6.9091413975607345
186.40795122476325 -7.827970816597451
184.3468072741646 -6.159512717031153
182.28566332356598 -6.733539316506398
180.2245193729673 -7.1638160887125375
178.1633754223687 -6.725567170241225
176.10223147177004 -7.963527385571211
174.0410875211714 -8.341443038018781
171.97994357057274 -6.8227640988484595
169.9187996199741 -6.256292412127406
167.85765566937548 -6.758874272620088
165.79651171877683 -8.552573756688325
163.7353677681782 -5.856370685444732
161.67422381757953 -6.531225665558766
159.6130798669809 -8.347249033152547
157.55193591638226 -7.930123416894113
155.49079196578364 -8.019055988679847
153.429648015185 -6.703638248125837
151.36850406458635 -8.045983986601406
149.3073601139877 -8.270366151875685
147.24621616338908 -6.548589578929642
145.18507221279043 -6.844793693645993
143.12392826219178 -7.567809644147794
141.06278431159313 -7.010643162043085
139.00164036099451 -8.426950863345807
136.94049641039587 -9.53100792583372
134.87935245979722 -8.484972102532014
132.81820850919857 -8.266545345742266
130.75706455859992 -8.927532656845813
128.6959206080013 -10.724192273665963
126.63477665740267 -8.625699970398678
124.57363270680402 -8.856873301551147
122.51248875620539 -5.529952887130097
120.45134480560674 -7.368266734585023
118.39020085500809 -9.329187850543912
116.32905690440944 -7.30267527072408
114.26791295381081 -9.046708117614587
112.20676900321217 -8.02916723320362
110.14562505261352 -7.370833000661682
108.08448110201489 -9.297094528018945
106.02333715141624 -7.524830837889642
103.96219320081761 -8.756951755747782
101.90104925021896 -6.964736997367706
99.83990529962033 -7.5583195729608725
97.77876134902168 -9.984340395819208
95.71761739842303 -5.941637745069921
93.6564734478244 -8.69286002017374
91.59532949722576 -10.148362957566246
89.53418554662711 -10.68744867255437
87.47304159602848 -8.226256248941347
85.41189764542983 -10.896615605026044
83.3507536948312 -10.08048913784782
81.28960974423254 -7.070335771728624
79.2284657936339 -9.690235959130309
77.16732184303527 -9.349430102450627
75.10617789243662 -11.384278033634905
73.04503394183799 -10.500191339655965
70.98388999123934 -6.595271976092532
68.9227460406407 -9.721719182986309
66.86160209004206 -7.615305324585525
64.80045813944342 -9.115066954440003
62.73931418884478 -8.8976135561207
60.67817023824614 -8.678356613663755
58.6170262876475 -9.806476844578837
56.555882337048864 -8.883759632129275
54.49473838645022 -8.461867916496058
52.43359443585158 -9.414215662924443
50.372450485252934 -9.855097359450955
48.31130653465429 -10.006239155460621
46.25016258405565 -11.00015806110825
44.18901863345702 -9.799954891134156
42.127874682858376 -9.904505551526768
40.066730732259735 -10.29633650507432
38.005586781661094 -9.96433301869162
35.94444283106245 -9.595422711391224
33.88329888046381 -9.123047916802081
31.82215492986517 -8.77307151429678
29.76101097926653 -10.537566017919566
27.699867028667885 -10.20648020239088
25.638723078069248 -8.673825114136696
23.57757912747061 -7.578089155236363
21.51643517687197 -7.210074074831272
19.455291226273328 -5.687985796527376
17.394147275674687 -0.8450530905658502
15.333003325076046 2.860912939491925
13.271859374477406 9.729968513332313
11.210715423878765 28.540784077946554
9.149571473280124 49.59368874312848
7.088427522681483 74.42869938370508
5.027283572082841 87.28181460028911
2.9661396214842015 91.94246748639154
0.9049956708855604 102.66845858710205
-1.1561482797130802 106.11514786318206
-3.2172922303117213 109.4281822399123
-5.278436180910362 102.80707395483107
-7.339580131509003 90.95537122276838
-9.400724082107644 84.5095238424118
-11.461868032706283 74.42052338209565
-13.523011983304926 62.86103706521667
-15.584155933903565 51.564388502170324
-17.645299884502204 42.60334283067138
-19.706443835100846 31.843341020493888
-21.76758778569949 21.824689985053666
-23.828731736298128 13.613876479454285
-25.889875686896772 6.546820760930962
-27.95101963749541 0.3817939920394801
-30.012163588094054 -0.926725639776006
-32.073307538692696 -2.167397783424646
-34.13445148929134 -2.1988978322113195
-36.19559543988998 -5.170361405422549
-38.25673939048862 -6.629636362157397
-40.31788334108725 -8.075614082703849
-42.379027291685894 -9.483874310520825
-44.440171242284535 -8.663019801140265
-46.50131519288318 -8.76685805743623
-48.562459143481824 -7.244015989277802
-50.623603094080465 -9.054384115396285
-52.6847470446791 -7.419959187350269
-54.74589099527774 -6.294627440119915
-56.80703494587638 -11.410165657744308
-58.86817889647502 -12.350303201641381
-60.929322847073664 -9.230857102420037
-62.990466797672305 -8.20443425058564
-65.05161074827095 -9.554496862534615
-67.11275469886958 -9.400174446198678
-69.17389864946823 -8.17471564913263
-71.23504260006686 -11.192443963409907
-73.2961865506655 -9.376720207580554
-75.35733050126416 -10.953510010271888
-77.41847445186279 -12.064273864338977
-79.47961840246144 -8.513707973805856
-81.54076235306007 -9.333271546191916
-83.60190630365872 -11.587802598809256
-85.66305025425736 -10.235443256744205
-87.72419420485599 -9.345350387683421
-89.78533815545464 -9.640849204906958
-91.84648210605327 -9.355598852057318
-93.90762605665192 -8.91706237913462
-95.96877000725055 -9.206052443591929
-98.0299139578492 -9.590924397552758
-100.09105790844782 -9.784395090953842
-102.15220185904647 -11.218515757979226
-104.2133458096451 -10.175444108566689
-106.27448976024375 -9.873339717915682
-108.33563371084239 -9.232752870671861
-110.39677766144102 -9.846908333359039
-112.45792161203967 -10.970970726139683
-114.51906556263832 -8.444235434826345
-116.58020951323697 -8.826430257309635
-118.6413534638356 -9.777429617318752
-120.70249741443425 -11.547805502169501
-122.76364136503288 -9.731292644718508
-124.82478531563152 -9.292651868355831
-126.88592926623016 -8.984598308738216
-128.94707321682878 -9.460651280943514
-131.00821716742743 -9.342429927249881
-133.06936111802608 -6.640453021536067
-135.13050506862473 -8.222275708096172
-137.19164901922335 -8.322692681737283
-139.25279296982202 -10.1087606349495
-141.31393692042064 -8.268691191881151
-143.3750808710193 -10.709701123958412
-145.4362248216179 -10.079544254056355
-147.4973687722166 -8.532153004717863
-149.5585127228152 -9.713455969021135
-151.61965667341386 -10.431267086776806
-153.68080062401248 -8.604964115277308
-155.74194457461113 -9.07406940429372
-157.80308852520977 -9.626698275678866
-159.86423247580842 -9.323356965249078
-161.92537642640704 -10.061713352955737
-163.9865203770057 -10.561353358958444
-166.0476643276043 -8.29513184684192
-168.10880827820299 -5.911673547394424
-170.1699522288016 -8.03989890699679
-172.23109617940025 -7.839138689287091
-174.2922401299989 -10.219516403639716
-176.35338408059755 -6.999285606811242
-178.4145280311962 -7.406715063164176
-180.47567198179482 -9.615999684544681
-182.53681593239347 -9.16457401194119
-184.5979598829921 -7.659462831690397
-186.65910383359076 -8.436053714785222
-188.72024778418938 -7.606098656617469
-190.78139173478803 -8.205510751072783
-192.84253568538665 -7.478296369194555
-194.9036796359853 -8.410209488004787
-196.96482358658395 -7.828838116683385
-199.0259675371826 -9.805162508627813
-201.08711148778121 -8.353239926609271
-203.14825543837986 -7.462890623153024
-205.20939938897848 -8.60746758353262
-207.27054333957716 -8.00553402545404
-209.33168729017578 -6.7420354376458596
-211.39283124077443 -7.336625385144863
-213.45397519137308 -7.786924198027984
-215.51511914197172 -7.629378437972376
-217.57626309257037 -7.981586824241034
-219.637407043169 -8.24442991869858
-221.69855099376764 -7.1760162933509735
-223.75969494436626 -6.4919151922873795
-225.82083889496494 -6.907247435284566
-227.88198284556356 -4.749921627946832
-229.9431267961622 -6.040695233895822
-232.00427074676082 -8.38656982973812
-234.06541469735947 -6.185620530704313
-236.12655864795812 -7.09104473093362
-238.18770259855677 -3.891813735035908
-240.2488465491554 -7.736686106881338
-242.30999049975404 -7.482871456732399
-244.37113445035268 -7.134768709025278
-246.43227840095133 -6.627663033532439
-248.49342235154998 -6.339005441208928
-250.5545663021486 -6.776894429458246
-252.61571025274725 -6.177865839130979
-254.6768542033459 -6.285819113208221
-256.73799815394455 -5.246850189063581
-258.7991421045432 -8.42396849727716
-260.8602860551418 -4.188699016845168
-262.92143000574043 -8.454905049337489
-264.9825739563391 -6.616400808475813
-267.04371790693773 -4.97663560991174
-269.1048618575364 -6.561880964150504
-271.166005808135 -7.941117659280704
-273.2271497587336 -6.748954945746921
-275.2882937093323 -7.048122720210053
-277.3494376599309 -5.5999673234212555
-279.41058161052956 -4.36484179064876
-281.4717255611282 -6.482519106510921
-283.53286951172686 -6.71095046987223
-285.5940134623255 -4.680715457559143
-287.6551574129241 -6.487093528427401
-289.7163013635228 -6.906673381777177
-291.77744531412145 -6.874905208130052
