iter      chisq       delta/lim  lambda   a             b             c             d             e             f             g             h            
   0 1.3836345368e+19   0.00e+00  4.43e+08    1.000000e+00   1.000000e+00   1.000000e+00   1.000000e+00   1.000000e+00   1.000000e+00   1.000000e+00   1.000000e+00
   1 3.4206462722e+15  -4.04e+08  4.43e+07   -3.155335e-02   9.501018e-01   9.975713e-01   9.998810e-01   9.999941e-01   9.999997e-01   1.000000e+00   1.000000e+00
   2 1.2811562432e+14  -2.57e+06  4.43e+06   -4.453225e-02   8.838754e-01   9.908287e-01   9.993607e-01   9.999581e-01   9.999974e-01   9.999998e-01   1.000000e+00
   3 2.1903014060e+12  -5.75e+06  4.43e+05   -3.560837e-03   2.898823e-02   9.030418e-01   9.925554e-01   9.994856e-01   9.999663e-01   9.999979e-01   9.999999e-01
   4 4.8320162406e+09  -4.52e+07  4.43e+04    2.523881e-03  -9.683466e-02   8.666074e-01   9.877981e-01   9.990137e-01   9.999256e-01   9.999946e-01   9.999996e-01
   5 4.4560015477e+08  -9.84e+05  4.43e+03    6.669237e-04  -2.372141e-02   1.587392e-01   8.740597e-01   9.867994e-01   9.988266e-01   9.999051e-01   9.999928e-01
   6 1.8566390463e+05  -2.40e+08  4.43e+02   -1.425270e-04   8.052318e-03  -1.474155e-01   8.164058e-01   9.796823e-01   9.981016e-01   9.998390e-01   9.999872e-01
   7 5.3638265993e+04  -2.46e+05  4.43e+01   -7.660620e-05   4.229249e-03  -7.428771e-02   3.606902e-01   8.795920e-01   9.844154e-01   9.983379e-01   9.998425e-01
   8 1.3158043321e+01  -4.08e+08  4.43e+00    7.264451e-06  -5.545217e-04   1.561316e-02  -1.889294e-01   7.563394e-01   9.672180e-01   9.964139e-01   9.996535e-01
   9 3.4462451308e+00  -2.82e+05  4.43e-01    6.572847e-06  -4.844133e-04   1.313070e-02  -1.518591e-01   5.603704e-01   9.125350e-01   9.873501e-01   9.984846e-01
  10 5.4597168063e-03  -6.30e+07  4.43e-02   -1.842289e-07   2.166374e-05  -9.645413e-04   2.047412e-02  -2.048697e-01   6.976084e-01   9.515882e-01   9.938581e-01
  11 1.0972429343e-04  -4.88e+06  4.43e-03   -4.345343e-07   3.993681e-05  -1.451303e-03   2.587625e-02  -2.212744e-01   6.371723e-01   9.324362e-01   9.902162e-01
  12 2.3985254150e-06  -4.47e+06  4.43e-04   -4.437727e-08   3.711765e-06  -1.144451e-04   1.411482e-03  -5.115512e-04  -1.263169e-01   6.708296e-01   9.391406e-01
  13 1.5779523901e-09  -1.52e+08  4.43e-05    2.296870e-08  -2.536729e-06   1.159116e-04  -2.796892e-03   3.733374e-02  -2.557981e-01   6.179202e-01   9.271940e-01
  14 4.1616590284e-10  -2.79e+05  4.43e-06    1.153845e-08  -1.266696e-06   5.739871e-05  -1.367633e-03   1.786006e-02  -1.165147e-01   2.251493e-01   7.671500e-01
  15 4.9568872691e-14  -8.39e+08  4.43e-07   -5.807886e-10   7.763520e-08  -4.432045e-06   1.400669e-04  -2.646399e-03   2.989120e-02  -1.868781e-01   5.988621e-01
  16 3.2813176750e-15  -1.41e+06  4.43e-08   -6.649288e-10   8.614193e-08  -4.769410e-06   1.462915e-04  -2.684677e-03   2.947642e-02  -1.792815e-01   5.659762e-01
  17 5.5724500568e-17  -5.79e+06  4.43e-09   -8.665239e-11   1.122585e-08  -6.215389e-07   1.906434e-05  -3.498596e-04   3.841276e-03  -2.336336e-02   1.607243e-01
  18 1.3541447952e-22  -4.12e+10  4.43e-10   -1.339925e-13   1.736411e-11  -9.616802e-10   2.950586e-08  -5.416255e-07   5.948321e-06  -3.618783e-05   1.000941e-01
  19 1.1546118728e-26  -1.17e+09  4.43e-11    1.498674e-16  -1.959071e-14   1.093933e-12  -3.382280e-11   6.253305e-10  -6.913110e-09   4.231204e-08   9.999989e-02
   * 1.8794029629e-26   3.86e+04  4.43e-10   -1.044185e-16   1.363584e-14  -7.614152e-13   2.356639e-11  -4.366262e-10   4.842368e-09  -2.976433e-08   1.000001e-01
   * 1.8795085038e-26   3.86e+04  4.43e-09   -1.044069e-16   1.363433e-14  -7.613317e-13   2.356382e-11  -4.365788e-10   4.841846e-09  -2.976114e-08   1.000001e-01
   * 1.8629413270e-26   3.80e+04  4.43e-08   -1.032550e-16   1.348462e-14  -7.530135e-13   2.330773e-11  -4.318606e-10   4.789825e-09  -2.944334e-08   1.000001e-01
  20 8.8313124710e-27  -3.07e+04  4.43e-09   -2.359576e-17   3.131168e-15  -1.777810e-13   5.598176e-12  -1.055787e-10   1.192413e-09  -7.466488e-09   1.000000e-01
  21 2.1190429399e-29  -4.16e+07  4.43e-10   -2.413466e-17   3.125066e-15  -1.729509e-13   5.303022e-12  -9.729083e-11   1.067962e-09  -6.494399e-09   1.000000e-01
   * 3.0234789011e-29   2.99e+04  4.43e-09   -2.455801e-17   3.223954e-15  -1.808605e-13   5.620038e-12  -1.044666e-10   1.161549e-09  -7.152814e-09   1.000000e-01
   * 3.0235174197e-29   2.99e+04  4.43e-08   -2.455801e-17   3.223953e-15  -1.808604e-13   5.620032e-12  -1.044664e-10   1.161547e-09  -7.152800e-09   1.000000e-01
   * 3.0146581419e-29   2.97e+04  4.43e-07   -2.455750e-17   3.223791e-15  -1.808461e-13   5.619431e-12  -1.044524e-10   1.161361e-09  -7.151467e-09   1.000000e-01
   * 2.2087334974e-29   4.06e+03  4.43e-06   -2.451500e-17   3.210385e-15  -1.796644e-13   5.569675e-12  -1.032914e-10   1.145900e-09  -7.041010e-09   1.000000e-01
  22 4.5451946688e-30  -3.66e+05  4.43e-07   -2.431839e-17   3.148466e-15  -1.742089e-13   5.340021e-12  -9.793355e-11   1.074553e-09  -6.531318e-09   1.000000e-01
   * 2.1681541535e-29   7.90e+04  4.43e-06   -2.509310e-17   3.277373e-15  -1.829403e-13   5.657067e-12  -1.046593e-10   1.158384e-09  -7.101933e-09   1.000000e-01
   * 4.6574763845e-30   2.41e+03  4.43e-05   -2.454475e-17   3.175907e-15  -1.756239e-13   5.380232e-12  -9.861320e-11   1.081380e-09  -6.569023e-09   1.000000e-01
  23 4.5240094394e-30  -4.68e+02  4.43e-06   -2.445498e-17   3.163595e-15  -1.749042e-13   5.356986e-12  -9.816508e-11   1.076224e-09  -6.536234e-09   1.000000e-01
  24 4.5141871966e-30  -2.18e+02  4.43e-07   -2.426542e-17   3.140462e-15  -1.737046e-13   5.322757e-12  -9.758546e-11   1.070409e-09  -6.504295e-09   1.000000e-01
  25 4.4417722307e-30  -1.63e+03  4.43e-08   -2.431694e-17   3.147638e-15  -1.741268e-13   5.336372e-12  -9.784552e-11   1.073352e-09  -6.522585e-09   1.000000e-01
   * 8.7393115679e-29   9.49e+04  4.43e-07   -2.333878e-17   2.950017e-15  -1.592335e-13   4.757873e-12  -8.499383e-11   9.077479e-10  -5.367015e-09   1.000000e-01
   * 3.7488611553e-29   8.82e+04  4.43e-06   -2.366020e-17   3.018548e-15  -1.645271e-13   4.966420e-12  -8.966962e-11   9.683904e-10  -5.792211e-09   1.000000e-01
  26 4.3735943107e-30  -1.56e+03  4.43e-07   -2.419534e-17   3.132605e-15  -1.733358e-13   5.313424e-12  -9.744930e-11   1.069284e-09  -6.499611e-09   1.000000e-01
   * 4.3531024161e-29   9.00e+04  4.43e-06   -2.316775e-17   2.969448e-15  -1.626372e-13   4.934240e-12  -8.955728e-11   9.724399e-10  -5.849031e-09   1.000000e-01
   * 4.7716840302e-30   8.34e+03  4.43e-05   -2.392128e-17   3.100285e-15  -1.717260e-13   5.269647e-12  -9.675015e-11   1.062766e-09  -6.467059e-09   1.000000e-01
   * 4.4159647695e-30   9.59e+02  4.43e-04   -2.402720e-17   3.113891e-15  -1.724718e-13   5.292255e-12  -9.715947e-11   1.067191e-09  -6.493519e-09   1.000000e-01
  27 4.3329571889e-30  -9.38e+02  4.43e-05   -2.418744e-17   3.131773e-15  -1.732997e-13   5.312598e-12  -9.743885e-11   1.069216e-09  -6.499433e-09   1.000000e-01
   * 4.3529868603e-30   4.60e+02  4.43e-04   -2.419319e-17   3.132387e-15  -1.733270e-13   5.313248e-12  -9.744768e-11   1.069282e-09  -6.499679e-09   1.000000e-01
  28 4.3110015875e-30  -5.09e+02  4.43e-05   -2.418950e-17   3.131966e-15  -1.733069e-13   5.312734e-12  -9.744015e-11   1.069221e-09  -6.499436e-09   1.000000e-01
   * 4.5500094936e-30   5.25e+03  4.43e-04   -2.393600e-17   3.103749e-15  -1.720039e-13   5.280794e-12  -9.700244e-11   1.066053e-09  -6.490155e-09   1.000000e-01
   * 4.3173571563e-30   1.47e+02  4.43e-03   -2.418102e-17   3.131063e-15  -1.732672e-13   5.311808e-12  -9.742813e-11   1.069139e-09  -6.499214e-09   1.000000e-01
   * 4.3194756793e-30   1.96e+02  4.43e-02   -2.418752e-17   3.131781e-15  -1.733001e-13   5.312607e-12  -9.743897e-11   1.069216e-09  -6.499435e-09   1.000000e-01
  29 4.3100386225e-30  -2.23e+01  4.43e-03   -2.418934e-17   3.131952e-15  -1.733064e-13   5.312725e-12  -9.744007e-11   1.069221e-09  -6.499437e-09   1.000000e-01
   * 4.3337275609e-30   5.47e+02  4.43e-02   -2.418683e-17   3.131717e-15  -1.732977e-13   5.312563e-12  -9.743857e-11   1.069215e-09  -6.499436e-09   1.000000e-01
   * 4.3316090379e-30   4.98e+02  4.43e-01   -2.418919e-17   3.131937e-15  -1.733059e-13   5.312716e-12  -9.743999e-11   1.069220e-09  -6.499437e-09   1.000000e-01
   * 4.3325720029e-30   5.20e+02  4.43e+00   -2.418935e-17   3.131952e-15  -1.733064e-13   5.312725e-12  -9.744007e-11   1.069221e-09  -6.499437e-09   1.000000e-01
   * 4.3325720029e-30   5.20e+02  4.43e+01   -2.418935e-17   3.131952e-15  -1.733065e-13   5.312725e-12  -9.744007e-11   1.069221e-09  -6.499437e-09   1.000000e-01
   * 4.3325720029e-30   5.20e+02  4.43e+02   -2.418935e-17   3.131952e-15  -1.733065e-13   5.312725e-12  -9.744007e-11   1.069221e-09  -6.499437e-09   1.000000e-01
   * 4.3316090379e-30   4.98e+02  4.43e+03   -2.418935e-17   3.131952e-15  -1.733064e-13   5.312725e-12  -9.744007e-11   1.069221e-09  -6.499437e-09   1.000000e-01
   * 4.3316090379e-30   4.98e+02  4.43e+04   -2.418934e-17   3.131952e-15  -1.733064e-13   5.312725e-12  -9.744007e-11   1.069221e-09  -6.499437e-09   1.000000e-01
   * 4.3316090379e-30   4.98e+02  4.43e+05   -2.418934e-17   3.131952e-15  -1.733064e-13   5.312725e-12  -9.744007e-11   1.069221e-09  -6.499437e-09   1.000000e-01
   * 4.3524090813e-30   9.73e+02  4.43e+06   -2.418934e-17   3.131952e-15  -1.733064e-13   5.312725e-12  -9.744007e-11   1.069221e-09  -6.499437e-09   1.000000e-01
   * 4.3539498253e-30   1.01e+03  4.43e+07   -2.418934e-17   3.131952e-15  -1.733064e-13   5.312725e-12  -9.744007e-11   1.069221e-09  -6.499437e-09   1.000000e-01
   * 4.3520238953e-30   9.65e+02  4.43e+08   -2.418934e-17   3.131952e-15  -1.733064e-13   5.312725e-12  -9.744007e-11   1.069221e-09  -6.499437e-09   1.000000e-01
   * 4.3520238953e-30   9.65e+02  4.43e+09   -2.418934e-17   3.131952e-15  -1.733064e-13   5.312725e-12  -9.744007e-11   1.069221e-09  -6.499437e-09   1.000000e-01
  30 4.3100386225e-30   0.00e+00  4.43e+08   -2.418934e-17   3.131952e-15  -1.733064e-13   5.312725e-12  -9.744007e-11   1.069221e-09  -6.499437e-09   1.000000e-01
iter      chisq       delta/lim  lambda   a             b             c             d             e             f             g             h            

After 30 iterations the fit converged.
final sum of squares of residuals : 4.31004e-30
rel. change during last iteration : 0


Exactly as many data points as there are parameters.
In this degenerate case, all errors are zero by definition.

Final set of parameters 
======================= 

a               = -2.41893e-17   
b               = 3.13195e-15    
c               = -1.73306e-13   
d               = 5.31273e-12    
e               = -9.74401e-11   
f               = 1.06922e-09    
g               = -6.49944e-09   
h               = 0.1            
