-5555.56,-19.5799,-3.80594
-5550.13,-10.6554,-8.91597
-5544.7,10.2298,-22.4355
-5539.28,16.0991,-17.0268
-5533.85,-5.34414,3.16431
-5528.43,-16.922,3.02183
-5523,-14.7391,-10.499
-5517.58,-11.4577,2.28939
-5512.15,5.32249,35.8755
-5506.73,15.3164,42.6778
-5501.3,16.9604,-3.27112
-5495.88,23.5663,-31.1749
-5490.45,18.7332,0.27002
-5485.03,10.9311,21.113
-5479.6,12.0959,26.0748
-5474.17,6.83277,35.3899
-5468.75,-12.2541,30.649
-5463.32,-23.3459,32.5402
-5457.9,3.49193,26.4553
-5452.47,13.6293,3.60234
-5447.05,-17.574,-5.87993
-5441.62,-27.4865,4.5548
-5436.2,-24.0775,21.3805
-5430.77,-21.0948,14.8572
-5425.35,4.24056,-3.97552
-5419.92,29.2537,-10.9191
-5414.5,34.0852,-4.71167
-5409.07,24.074,6.66054
-5403.65,5.44895,-3.73182
-5398.22,-0.718578,-14.1766
-5392.79,7.09718,-3.98255
-5387.37,-7.7629,-7.38791
-5381.94,-38.9167,-15.683
-5376.52,-34.9642,-11.8015
-5371.09,-1.97322,-13.9323
-5365.67,12.6954,-33.4758
-5360.24,-0.0987028,-48.1222
-5354.82,-14.4176,-34.7125
-5349.39,-10,-5.39925
-5343.97,11.1607,10.3851
-5338.54,22.9242,-2.1491
-5333.12,13.1859,-5.82643
-5327.69,13.2326,13.6944
-5322.27,9.56857,19.0775
-5316.84,-4.59308,16.7846
-5311.41,6.28337,25.5569
-5305.99,6.57327,11.3934
-5300.56,-2.61963,-25.3679
-5295.14,10.3911,-33.3062
-5289.71,13.7452,-9.28069
-5284.29,-6.44624,21.5818
-5278.86,-33.2565,38.6018
-5273.44,-47.545,26.2864
-5268.01,-33.1951,12.8678
-5262.59,-12.7621,19.327
-5257.16,-25.4386,13.2484
-5251.74,-44.4753,13.6619
-5246.31,-22.4029,30.1646
-5240.88,15.4171,12.416
-5235.46,7.833,1.31777
-5230.03,-15.5938,31.8994
-5224.61,-12.2452,45.2505
-5219.18,9.61379,25.1542
-5213.76,25.878,-6.71084
-5208.33,8.59675,-19.3778
-5202.91,11.6427,-11.4618
-5197.48,14.7167,-23.8355
-5192.06,-16.7404,-22.6337
-5186.63,-18.8868,9.43447
-5181.21,1.75867,21.981
-5175.78,15.4088,-4.01893
-5170.36,19.1811,-18.006
-5164.93,16.9022,12.9608
-5159.5,13.613,33.5457
-5154.08,6.45911,18.4057
-5148.65,-6.077,-9.62557
-5143.23,-8.91068,-18.6079
-5137.8,5.74425,-3.80583
-5132.38,10.027,1.88758
-5126.95,6.52556,-4.80135
-5121.53,10.3829,-7.6223
-5116.1,-0.955315,8.31235
-5110.68,-13.065,14.4168
-5105.25,23.4273,-8.44296
-5099.83,48.5145,-9.07514
-5094.4,3.11312,6.06691
-5088.98,-30.7231,-1.19983
-5083.55,-21.1442,-9.33386
-5078.12,-4.81319,7.82625
-5072.7,13.8085,27.4634
-5067.27,28.2373,9.69586
-5061.85,41.3088,-14.2157
-5056.42,32.2347,-1.14988
-5051,-3.82643,24.2445
-5045.57,-13.8935,32.0594
-5040.15,-2.93769,23.1459
-5034.72,3.77137,32.351
-5029.3,14.5707,39.5035
-5023.87,21.0007,23.6016
-5018.45,30.3301,12.8381
-5013.02,31.2094,-4.95103
-5007.6,15.2234,-9.9805
-5002.17,13.7426,-11.6107
-4996.74,5.64645,-18.0933
-4991.32,1.59184,-0.83239
-4985.89,20.0536,-0.579479
-4980.47,23.506,-18.4435
-4975.04,7.55712,-15.0825
-4969.62,5.87127,-1.36915
-4964.19,18.1002,4.68022
-4958.77,13.6608,13.8061
-4953.34,-1.33493,9.53664
-4947.92,-5.35219,-18.0658
-4942.49,9.82744,-15.1785
-4937.07,18.3187,8.22884
-4931.64,3.05101,14.2521
-4926.21,-3.97067,14.1398
-4920.79,0.92235,5.697
-4915.36,-13.8065,-4.50674
-4909.94,-29.3517,-8.85493
-4904.51,-24.0878,-8.56902
-4899.09,-10.7269,-5.39146
-4893.66,-12.0834,-7.31841
-4888.24,-36.6383,-9.62357
-4882.81,-27.0488,-5.08511
-4877.39,26.0742,-0.545163
-4871.96,41.4397,-8.22465
-4866.54,14.1734,-3.96237
-4861.11,-3.67515,26.2323
-4855.69,-13.1673,24.9264
-4850.26,-8.3209,3.77119
-4844.83,-2.31057,18.874
-4839.41,-13.4373,24.3467
-4833.98,-3.51025,-4.03183
-4828.56,4.77686,-18.2451
-4823.13,-10.9371,-16.9403
-4817.71,-0.172912,-27.5217
-4812.28,35.2995,-21.9057
-4806.86,44.9572,7.19337
-4801.43,24.7401,13.0721
-4796.01,6.82738,2.58361
-4790.58,10.2466,13.1879
-4785.16,19.3279,32.4205
-4779.73,7.90265,14.2599
-4774.31,-3.85242,-22.339
-4768.88,-9.02401,-14.1456
-4763.45,-22.2103,13.0555
-4758.03,-12.5838,24.2363
-4752.6,-2.3633,25.5154
-4747.18,-22.4371,18.7443
-4741.75,-30.0944,7.71337
-4736.33,-20.3305,-3.55915
-4730.9,-24.9674,-20.9253
-4725.48,-34.7805,-24.8211
-4720.05,-16.7626,-13.5396
-4714.63,-11.5356,-14.9349
-4709.2,-32.2714,13.3436
-4703.78,-32.7978,54.8424
-4698.35,-30.6928,52.7465
-4692.92,-34.4987,22.9938
-4687.5,-25.1762,-12.206
-4682.07,-0.399214,-29.421
-4676.65,9.50628,-14.5537
-4671.22,2.02637,-10.8175
-4665.8,-5.9329,-18.7679
-4660.37,-15.6292,-5.52219
-4654.95,-22.3414,0.403163
-4649.52,-23.3758,13.5824
-4644.1,-8.8544,23.674
-4638.67,5.27571,1.34851
-4633.25,11.6351,3.2468
-4627.82,24.8949,20.4101
-4622.4,19.1902,13.4912
-4616.97,-16.235,4.9096
-4611.54,-15.3726,-1.75586
-4606.12,19.3585,-7.57957
-4600.69,16.0244,-8.14849
-4595.27,3.02821,1.70984
-4589.84,25.1327,16.1966
-4584.42,29.9526,-8.80528
-4578.99,14.8863,-46.2567
-4573.57,20.597,-51.8487
-4568.14,-10.5156,-33.3015
-4562.72,-52.1261,10.2593
-4557.29,-36.9953,23.1868
-4551.87,-14.5653,10.5081
-4546.44,0.808017,-10.9442
-4541.02,12.812,-38.7201
-4535.59,31.9255,-19.0532
-4530.16,54.7261,3.49017
-4524.74,42.1551,2.77521
-4519.31,8.18363,-14.7361
-4513.89,-17.6603,-36.9748
-4508.46,-24.3444,-23.468
-4503.04,-23.4703,-5.79799
-4497.61,4.21161,-8.26692
-4492.19,36.568,-6.01669
-4486.76,9.93667,3.14645
-4481.34,-47.1162,11.2999
-4475.91,-60.7045,4.9542
-4470.49,-24.4442,-11.127
-4465.06,0.816168,6.6025
-4459.63,-2.48849,31.3012
-4454.21,-19.4071,23.8231
-4448.78,-20.452,2.06273
-4443.36,-6.61826,-7.76944
-4437.93,-10.0487,-12.0884
-4432.51,-8.30158,-21.0567
-4427.08,15.0303,-2.40887
-4421.66,23.4469,13.644
-4416.23,2.15762,-2.23678
-4410.81,-2.39302,-31.5768
-4405.38,12.5854,-37.8407
-4399.96,1.04837,-7.17801
-4394.53,-8.97564,16.2625
-4389.11,6.92923,17.3502
-4383.68,-13.8177,3.07135
-4378.25,-46.0099,-0.0335089
-4372.83,-29.3027,12.251
-4367.4,-5.16324,6.91067
-4361.98,7.031,6.95118
-4356.55,9.81181,10.9498
-4351.13,19.386,-14.7369
-4345.7,44.5109,-37.6813
-4340.28,44.9673,-27.2365
-4334.85,9.95764,0.313388
-4329.43,-24.6179,9.44649
-4324,-23.3573,-20.382
-4318.58,-15.6997,-39.6041
-4313.15,-19.2131,-8.6401
-4307.73,-15.5941,13.8386
-4302.3,-18.0094,13.0307
-4296.87,-16.6433,22.2864
-4291.45,-7.20101,14.6697
-4286.02,-0.860242,-1.26068
-4280.6,12.728,3.76019
-4275.17,8.42517,12.113
-4269.75,-17.3038,8.0776
-4264.32,-14.5027,7.55011
-4258.9,10.6829,17.9024
-4253.47,7.33351,10.484
-4248.05,-19.0167,15.091
-4242.62,-30.6223,33.5324
-4237.2,-27.7232,19.7479
-4231.77,-21.8183,12.2804
-4226.35,-7.2577,12.0694
-4220.92,-5.77128,0.131257
-4215.49,-23.9729,8.84304
-4210.07,-0.388622,12.4813
-4204.64,38.5647,-22.839
-4199.22,35.033,-41.9044
-4193.79,35.0041,-19.4528
-4188.37,40.1302,-12.5365
-4182.94,9.78831,-16.2056
-4177.52,-29.0329,0.24843
-4172.09,-29.5015,9.83615
-4166.67,6.98397,-2.05671
-4161.24,14.4982,-1.64934
-4155.82,-6.20574,17.1976
-4150.39,1.02874,24.4787
-4144.96,17.062,22.9948
-4139.54,14.2289,17.9537
-4134.11,-6.60104,17.4478
-4128.69,-25.4321,19.4101
-4123.26,-28.3396,-0.627896
-4117.84,-20.773,-10.3858
-4112.41,-16.4218,-0.740702
-4106.99,-24.4234,-1.33542
-4101.56,-16.4529,4.47859
-4096.14,-3.3208,7.81915
-4090.71,-12.672,-6.6497
-4085.29,-8.78504,-16.5499
-4079.86,7.01854,-3.74771
-4074.44,6.18476,22.9462
-4069.01,-2.52037,4.24512
-4063.58,-30.8333,-41.2669
-4058.16,-46.3384,-10.6874
-4052.73,-12.752,38.3617
-4047.31,-5.7726,19.6511
-4041.88,-18.1214,-9.893
-4036.46,0.756136,-18.506
-4031.03,16.7018,-17.6151
-4025.61,22.0827,6.64794
-4020.18,29.7885,32.0594
-4014.76,17.3684,29.7288
-4009.33,-14.1157,11.0421
-4003.91,-9.6585,0.459118
-3998.48,7.641,12.9257
-3993.06,18.2064,16.0742
-3987.63,27.2007,-4.18798
-3982.2,9.50991,-18.1957
-3976.78,-8.52947,-23.1145
-3971.35,-27.7697,-19.992
-3965.93,-45.8814,4.23026
-3960.5,-34.7797,12.9994
-3955.08,-12.7641,-15.1789
-3949.65,-3.84299,-31.8867
-3944.23,-11.5099,-23.2028
-3938.8,-28.1322,-13.7925
-3933.38,-38.5875,10.4817
-3927.95,-28.7276,27.4779
-3922.53,0.431459,7.23144
-3917.1,18.3962,4.05944
-3911.68,12.785,7.30687
-3906.25,17.7718,-1.89752
-3900.82,18.6022,4.87082
-3895.4,-1.11055,-2.12
-3889.97,15.4428,-20.9336
-3884.55,35.455,-27.8059
-3879.12,8.33304,-29.5302
-3873.7,-16.4883,-39.2865
-3868.27,-26.1912,-33.3771
-3862.85,-30.9622,-15.8967
-3857.42,-8.86365,-23.3971
-3852,9.37061,-11.4375
-3846.57,2.61579,-5.45027
-3841.15,18.5133,-16.4008
-3835.72,42.2887,5.97815
-3830.29,43.3188,5.29641
-3824.87,16.4942,-19.2982
-3819.44,-17.2106,-24.287
-3814.02,-26.4936,-35.6521
-3808.59,-21.0504,-38.2956
-3803.17,-6.84491,-9.1295
-3797.74,8.90775,6.25206
-3792.32,3.70576,-6.58538
-3786.89,-18.0355,-10.389
-3781.47,-9.59711,-6.75202
-3776.04,24.8618,-11.5432
-3770.62,43.8834,0.676299
-3765.19,24.7142,25.9617
-3759.77,-26.1338,32.5468
-3754.34,-38.6933,21.3463
-3748.91,-23.1176,-8.51602
-3743.49,-13.9593,-31.598
-3738.06,6.52368,-22.9121
-3732.64,11.9134,4.08652
-3727.21,16.3079,22.9106
-3721.79,7.18693,5.71455
-3716.36,-18.0846,-1.55564
-3710.94,-3.4474,12.5483
-3705.51,24.4459,7.03615
-3700.09,12.4544,-8.49172
-3694.66,-9.35363,-29.7919
-3689.24,-15.9579,-41.2685
-3683.81,-31.1048,-27.3977
-3678.39,-28.4738,-0.760583
-3672.96,13.543,10.46
-3667.53,33.7695,10.6019
-3662.11,32.7515,8.44294
-3656.68,36.0778,-12.0951
-3651.26,14.9009,-21.0564
-3645.83,14.2762,-20.8493
-3640.41,30.9811,-15.4812
-3634.98,0.494647,13.5612
-3629.56,-27.6109,23.0787
-3624.13,4.18994,2.90605
-3618.71,35.1486,-16.3538
-3613.28,22.3016,-8.04681
-3607.86,2.004,10.4717
-3602.43,7.31708,9.72339
-3597,20.5033,-0.0194311
-3591.58,20.7385,0.600338
-3586.15,19.2585,6.53343
-3580.73,10.1285,-2.87401
-3575.3,7.32005,1.17862
-3569.88,28.9787,-5.97963
-3564.45,29.8736,-46.3036
-3559.03,8.0682,-66.6653
-3553.6,-2.52493,-46.6555
-3548.18,-25.0916,-12.1514
-3542.75,-37.638,-2.12981
-3537.33,-25.8618,-9.51309
-3531.9,-15.8146,14.7884
-3526.48,10.4491,32.132
-3521.05,11.8146,-7.76725
-3515.62,-31.228,-21.5667
-3510.2,-39.4903,10.1455
-3504.77,-20.3367,17.7536
-3499.35,-21.8367,-1.03202
-3493.92,-26.9426,-7.57895
-3488.5,-13.1125,-3.78017
-3483.07,-8.35013,-12.0736
-3477.65,-8.69818,-32.5333
-3472.22,15.4649,-53.5895
-3466.8,22.474,-34.348
-3461.37,15.7418,-0.47139
-3455.95,33.972,0.859457
-3450.52,48.0155,-11.7506
-3445.1,30.9488,-3.44286
-3439.67,18.7064,17.8961
-3434.24,20.9041,14.4935
-3428.82,12.5683,13.9816
-3423.39,-18.2263,23.0072
-3417.97,-35.8322,12.7184
-3412.54,-1.17056,-8.83406
-3407.12,10.6702,0.567504
-3401.69,-23.4006,24.8668
-3396.27,-28.2836,10.0463
-3390.84,-4.05392,-3.76309
-3385.42,1.90538,0.201267
-3379.99,-19.6045,-7.82147
-3374.57,-36.8332,-8.48129
-3369.14,-20.1922,-5.87629
-3363.71,9.98739,-13.6461
-3358.29,11.9648,-15.8962
-3352.86,13.3764,2.51448
-3347.44,23.7359,3.24042
-3342.01,22.7588,-20.848
-3336.59,26.2394,-11.4408
-3331.16,20.1868,7.81799
-3325.74,12.044,18.8275
-3320.31,3.83382,15.1949
-3314.89,-17.1284,17.9837
-3309.46,-36.2538,44.5771
-3304.04,-47.243,37.8035
-3298.61,-20.9596,0.200626
-3293.19,13.3464,-32.5469
-3287.76,5.28658,-28.7889
-3282.33,1.7386,-4.45553
-3276.91,14.0311,3.64387
-3271.48,25.3574,9.8531
-3266.06,18.8357,23.6319
-3260.63,-8.66723,44.7648
-3255.21,-14.1363,41.8631
-3249.78,-12.3824,7.12199
-3244.36,-5.76586,-7.29817
-3238.93,16.9339,5.68086
-3233.51,16.1058,23.0744
-3228.08,-18.5303,35.9181
-3222.66,-55.6631,24.8479
-3217.23,-34.0338,-9.96779
-3211.81,23.0323,-15.4268
-3206.38,33.623,12.6901
-3200.95,24.6847,24.7071
-3195.53,-0.620005,17.0723
-3190.1,-20.2506,18.4993
-3184.68,-1.28396,45.829
-3179.25,-12.5183,53.6541
-3173.83,-19.988,13.0721
-3168.4,5.81103,-24.5228
-3162.98,30.2977,-46.4499
-3157.55,68.0066,-59.4284
-3152.13,67.9285,-36.9171
-3146.7,22.1881,-6.79244
-3141.28,1.2209,5.05807
-3135.85,3.05081,9.72628
-3130.43,5.73611,8.95166
-3125,6.81192,12.3127
-3119.57,6.06908,13.4922
-3114.15,3.57692,21.7984
-3108.72,-8.12909,32.7683
-3103.3,-11.9595,12.6994
-3097.87,-10.2901,-8.73601
-3092.45,-14.6722,-22.0953
-3087.02,1.59538,-31.4438
-3081.6,13.6405,-13.3845
-3076.17,-10.5424,13.6445
-3070.75,-34.2419,26.4483
-3065.32,-22.4894,15.8966
-3059.9,10.6918,29.6872
-3054.47,38.8821,63.6675
-3049.04,30.7719,36.8264
-3043.62,0.077574,-5.85718
-3038.19,2.30711,1.36656
-3032.77,2.63538,4.22308
-3027.34,-6.4866,-13.0874
-3021.92,10.3087,-8.72292
-3016.49,22.581,0.322853
-3011.07,21.2549,-30.3817
-3005.64,6.19948,-45.0564
-3000.22,2.81301,-1.66806
-2994.79,43.4893,16.7769
-2989.37,76.6907,-3.09357
-2983.94,44.3897,-13.668
-2978.52,-20.5492,-3.54994
-2973.09,-56.8419,14.257
-2967.66,-59.4144,-5.18724
-2962.24,-49.7214,23.3249
-2956.81,-28.9716,116.078
-2951.39,-23.2314,63.8701
-2945.96,-36.3135,-19.8033
-2940.54,-7.03067,16.7318
-2935.11,36.6366,30.6434
-2929.69,43.8803,-11.8879
-2924.26,32.7173,-53.2041
-2918.84,30.4996,-43.7047
-2913.41,26.8123,-23.9431
-2907.99,2.07131,-57.2544
-2902.56,-24.0948,-59.5839
-2897.14,-39.9996,-8.05418
-2891.71,-52.3612,23.8918
-2886.28,-39.3907,33.4362
-2880.86,1.32283,44.6999
-2875.43,14.3247,50.5755
-2870.01,20.4572,15.4723
-2864.58,46.1394,-45.0815
-2859.16,92.6528,-41.1762
-2853.73,114.452,-6.82043
-2848.31,76.1616,-0.234667
-2842.88,60.2445,12.1331
-2837.46,54.1346,18.289
-2832.03,31.2381,20.7569
-2826.61,16.26,15.7196
-2821.18,6.82762,7.59829
-2815.75,8.68176,6.41171
-2810.33,8.07547,0.52886
-2804.9,-4.13319,-16.1038
-2799.48,-12.1973,-18.9706
-2794.05,-6.39632,7.89767
-2788.63,13.274,-7.43996
-2783.2,44.7473,-19.5643
-2777.78,60.584,-1.40491
-2772.35,40.8342,-41.009
-2766.93,9.00979,-70.2689
-2761.5,-3.04231,5.92378
-2756.08,1.6317,95.4762
-2750.65,-8.65554,67.0102
-2745.23,-2.02532,19.0559
-2739.8,38.4397,29.5564
-2734.37,58.317,26.9124
-2728.95,45.3703,14.178
-2723.52,18.6426,26.8758
-2718.1,3.56438,48.4786
-2712.67,14.7431,45.4306
-2707.25,14.1642,28.0525
-2701.82,-22.3463,8.08729
-2696.4,-31.5225,1.89152
-2690.97,0.439778,9.89536
-2685.55,5.10973,10.6622
-2680.12,-24.7487,27.033
-2674.7,-16.6062,31.4024
-2669.27,-5.39716,9.22732
-2663.85,-20.1404,-1.88097
-2658.42,41.4545,-22.4843
-2652.99,71.7335,-21.4827
-2647.57,25.1515,17.2552
-2642.14,41.5309,61.7838
-2636.72,66.9832,89.3816
-2631.29,22.6089,70.6969
-2625.87,-24.7133,45.1397
-2620.44,-4.04122,44.4834
-2615.02,38.5039,46.5677
-2609.59,77.2753,41.695
-2604.17,86.8894,15.4854
-2598.74,14.691,-0.771767
-2593.32,-33.5312,22.017
-2587.89,-8.22845,40.5798
-2582.47,-31.6904,56.1613
-2577.04,-75.097,72.6699
-2571.61,-26.6928,28.5022
-2566.19,38.1906,-56.2567
-2560.76,37.5784,-57.1596
-2555.34,1.99286,-1.65159
-2549.91,-12.2272,-2.7479
-2544.49,10.2713,-38.7861
-2539.06,30.4682,-32.6999
-2533.64,15.397,-2.6655
-2528.21,-2.59993,-30.368
-2522.79,25.3991,-59.1667
-2517.36,33.5247,-24.5521
-2511.94,39.1414,10.1315
-2506.51,76.613,-10.4752
-2501.08,47.7481,-33.7205
-2495.66,-9.62653,10.1047
-2490.23,-21.2654,55.2562
-2484.81,3.32616,17.0694
-2479.38,42.0039,-28.8316
-2473.96,65.5498,-1.22581
-2468.53,78.4809,51.5403
-2463.11,18.4728,42.2169
-2457.68,-109.412,-46.6183
-2452.26,-111.543,-85.0706
-2446.83,-31.8101,-28.7046
-2441.41,-28.2209,16.9755
-2435.98,-15.1467,44.9732
-2430.56,30.3991,45.1434
-2425.13,28.3764,-14.0148
-2419.7,41.4675,-31.1681
-2414.28,90.4503,-3.27478
-2408.85,73.2081,15.9282
-2403.43,29.3152,22.6128
-2398,10.1796,10.3595
-2392.58,-15.7058,28.9101
-2387.15,-51.9048,64.0138
-2381.73,-54.8096,52.5409
-2376.3,19.8502,4.31179
-2370.88,80.6444,-18.1666
-2365.45,49.4477,2.32338
-2360.03,-37.0599,10.7917
-2354.6,-121.423,-35.392
-2349.18,-125.495,-67.1349
-2343.75,-70.8655,-46.6435
-2338.32,-27.1083,-36.4842
-2332.9,-1.04884,-19.119
-2327.47,-0.738358,56.4255
-2322.05,-24.6479,74.461
-2316.62,-61.7925,-34.2527
-2311.2,-70.5112,-67.2973
-2305.77,-31.9914,13.4626
-2300.35,50.3624,-5.69422
-2294.92,60.7113,-55.0041
-2289.5,7.61541,-36.2716
-2284.07,18.3413,-34.8542
-2278.65,52.6309,-54.5688
-2273.22,30.9861,-81.6956
-2267.79,-5.22396,-23.9627
-2262.37,-72.4557,87.8113
-2256.94,-359.726,259.077
-2251.52,-372.644,320.006
-2246.09,-15.655,125.437
-2240.67,81.429,46.0002
-2235.24,-0.379299,45.1751
-2229.82,6.01343,-19.4387
-2224.39,70.5634,-28.5382
-2218.97,26.4575,-6.69837
-2213.54,-63.9958,7.94468
-2208.12,-23.9433,-15.9612
-2202.69,101.954,-68.9261
-2197.27,159.382,-17.7602
-2191.84,45.6951,-14.2251
-2186.41,-29.476,-103.888
-2180.99,21.7716,-40.5712
-2175.56,35.5376,-7.8454
-2170.14,26.8509,-50.5314
-2164.71,18.5238,-38.2199
-2159.29,112.982,-431.585
-2153.86,137.878,-849.4
-2148.44,-117.318,-443.827
-2143.01,-182.503,-13.3704
-2137.59,-47.4288,-18.2573
-2132.16,-66.2093,37.4391
-2126.74,-108.677,22.0745
-2121.31,-60.5185,-65.6218
-2115.89,13.9669,-50.2824
-2110.46,151.381,-44.9345
-2105.03,273.894,67.1121
-2099.61,94.856,173.189
-2094.18,-138.471,73.3846
-2088.76,-22.9419,64.8461
-2083.33,103.538,113.91
-2077.91,141.998,-12.1597
-2072.48,172.998,-233.493
-2067.06,-51.8297,-2.24853
-2061.63,-552.038,116.621
-2056.21,-1182.36,-799.402
-2050.78,-1127.14,-1071.45
-2045.36,-429.763,-349.124
-2039.93,-51.2395,43.4539
-2034.51,150.799,346.771
-2029.08,-131.891,139.814
-2023.65,175.904,151.149
-2018.23,12754,5754.83
-2012.8,22964.3,9650.3
-2007.38,10423.9,3839.97
-2001.95,-38.4428,-477.579
-1996.53,161.353,-299.738
-1991.1,-140.714,-153.272
-1985.68,-134.66,47.7649
-1980.25,-9.29079,192.238
-1974.83,-4.69175,249.776
-1969.4,159.537,42.794
-1963.98,330.3,-118.296
-1958.55,252.066,-232.306
-1953.12,300.767,-394.449
-1947.7,169.266,-345.419
-1942.27,-175.657,-178.092
-1936.85,-256.241,-214.29
-1931.42,-115.379,-314.379
-1926,-3.25502,-254.135
-1920.57,-2.52336,-116.271
-1915.15,40.3893,24.5422
-1909.72,8.36909,64.552
-1904.3,-169.22,97.8644
-1898.87,-225.424,217.853
-1893.45,-243.316,265.109
-1888.02,-247.433,289.321
-1882.6,-89.1429,193.14
-1877.17,52.3735,12.4761
-1871.74,36.6313,-53.0835
-1866.32,49.0212,-108.601
-1860.89,47.1719,-126.597
-1855.47,-94.3138,-99.8099
-1850.04,-86.4162,-158.42
-1844.62,35.3878,-121.724
-1839.19,5.3497,2.88832
-1833.77,71.6375,30.8952
-1828.34,128.634,-17.3489
-1822.92,43.2638,-22.8246
-1817.49,0.604309,53.9215
-1812.07,27.3292,78.303
-1806.64,105.758,-6.41673
-1801.22,108.653,-100.966
-1795.79,39.7236,-107.316
-1790.36,-37.5993,-22.7389
-1784.94,-64.2499,53.8398
-1779.51,-54.964,39.814
-1774.09,-53.3492,-76.8446
-1768.66,-32.4954,-202.693
-1763.24,-24.2247,-214.708
-1757.81,-13.0513,-66.1759
-1752.39,28.784,99.2649
-1746.96,90.1102,103.847
-1741.54,77.1694,-6.62413
-1736.11,19.4822,-82.6031
-1730.69,42.572,-70.3369
-1725.26,53.0718,-20.8165
-1719.83,-15.8684,46.4253
-1714.41,-68.9489,103.895
-1708.98,-64.3554,118.981
-1703.56,-16.0309,73.4752
-1698.13,15.644,18.6994
-1692.71,-3.09483,-39.6617
-1687.28,-23.9737,-46.8103
-1681.86,2.53463,46.533
-1676.43,-3.02806,68.0268
-1671.01,-89.0798,3.40932
-1665.58,-82.5521,-50.7007
-1660.16,-20.8903,-68.1907
-1654.73,-35.6716,-41.4588
-1649.31,-23.3366,-1.57755
-1643.88,22.8088,30.6208
-1638.45,32.8288,41.2581
-1633.03,28.2243,27.1573
-1627.6,29.6865,15.9104
-1622.18,-1.69921,15.3742
-1616.75,-27.959,20.1261
-1611.33,-20.4947,2.03684
-1605.9,-25.7407,-26.2076
-1600.48,-49.2602,-29.3778
-1595.05,-83.4276,28.3246
-1589.63,-57.5072,87.6144
-1584.2,-8.32931,40.8079
-1578.78,1.58578,-15.6369
-1573.35,-10.5005,-18.6883
-1567.93,-4.20981,-12.9837
-1562.5,19.0053,9.4228
-1557.07,-77.2827,117.415
-1551.65,-99.8191,159.468
-1546.22,41.8565,35.1884
-1540.8,54.6989,-50.9681
-1535.37,12.2351,-81.3938
-1529.95,-7.27952,-76.1856
-1524.52,-34.3159,-19.3632
-1519.1,-1.66484,36.1203
-1513.67,43.9534,57.9925
-1508.25,92.2716,28.2022
-1502.82,68.6186,-12.4374
-1497.4,7.41522,5.53799
-1491.97,46.5998,65.5108
-1486.55,48.5509,78.6077
-1481.12,-19.3598,50.9981
-1475.69,-23.8853,31.3041
-1470.27,-6.70687,29.8543
-1464.84,-5.05918,-0.109986
-1459.42,-32.463,63.3043
-1453.99,-70.1377,265.823
-1448.57,16.4241,212.97
-1443.14,61.8078,10.9775
-1437.72,-27.5565,-17.7671
-1432.29,-23.2856,-25.085
-1426.87,0.881568,-33.8152
-1421.44,-10.1015,-5.27129
-1416.02,29.9492,10.6368
-1410.59,37.4441,12.0997
-1405.16,-0.419786,12.021
-1399.74,-26.6283,19.4314
-1394.31,-39.6355,26.3572
-1388.89,-32.6366,13.9043
-1383.46,-11.5897,-16.7401
-1378.04,-23.8935,-15.7099
-1372.61,-36.1729,27.153
-1367.19,-10.1098,14.4504
-1361.76,10.25,-18.9789
-1356.34,44.5796,50.6896
-1350.91,42.6231,134.382
-1345.49,-15.5669,116.685
-1340.06,-42.6035,33.6608
-1334.64,-40.7558,-45.8491
-1329.21,-14.7371,-68.4848
-1323.78,22.9357,-66.4129
-1318.36,56.2603,-76.2356
-1312.93,47.4447,-54.0289
-1307.51,-18.0016,-20.6312
-1302.08,-53.4804,8.47455
-1296.66,-62.9675,31.3269
-1291.23,-53.0609,-0.762424
-1285.81,-21.7903,-44.3358
-1280.38,-30.9933,-46.3488
-1274.96,-39.474,-60.9111
-1269.53,-24.4257,-66.2935
-1264.11,-23.7264,-23.0975
-1258.68,-39.7135,25.2566
-1253.26,-63.08,83.5224
-1247.83,-54.8938,81.7572
-1242.4,-17.5797,8.1939
-1236.98,-6.82031,-36.2116
-1231.55,-32.9205,-35.777
-1226.13,-25.6876,-19.0482
-1220.7,11.7096,-20.9537
-1215.28,2.4818,-15.6243
-1209.85,15.378,-2.10746
-1204.43,41.0555,0.666781
-1199,6.76921,8.48232
-1193.58,4.21889,-8.96891
-1188.15,40.2457,-23.6632
-1182.73,31.4981,-9.81426
-1177.3,-26.5655,4.20205
-1171.87,-47.01,20.1351
-1166.45,-20.7513,19.572
-1161.02,-44.5547,-38.3107
-1155.6,-87.9223,-145.268
-1150.17,-42.5879,-140.145
-1144.75,47.0342,-50.9807
-1139.32,62.2914,-33.5428
-1133.9,24.33,-26.002
-1128.47,-26.9026,8.29167
-1123.05,-71.0573,48.2273
-1117.62,-64.1782,63.7928
-1112.2,-37.2346,37.2853
-1106.77,-28.9768,23.8592
-1101.35,-4.36622,21.0742
-1095.92,32.4281,-9.45985
-1090.49,41.3396,-12.8904
-1085.07,17.0282,-10.0696
-1079.64,-44.2782,-30.0467
-1074.22,-48.078,-21.8762
-1068.79,-13.1619,-12.6129
-1063.37,-24.3516,-41.8305
-1057.94,-256.448,40.6847
-1052.52,-527.98,171.32
-1047.09,-298.676,79.3913
-1041.67,-9.12375,-31.8803
-1036.24,-33.4589,4.70435
-1030.82,-54.1212,35.7756
-1025.39,-50.488,21.141
-1019.97,-80.1714,-8.29176
-1014.54,-61.8018,-16.4201
-1009.11,-10.8275,-5.28532
-1003.69,-3.17012,-27.637
-998.264,-5.39815,-29.9613
-992.838,13.947,1.87368
-987.413,11.5141,-26.0988
-981.988,-5.35676,-22.5089
-976.562,0.85064,23.2832
-971.137,-42.648,-2.05427
-965.712,-83.2954,-18.063
-960.286,-64.7384,30.2904
-954.861,-51.9102,106.985
-949.436,-2.17622,116.661
-944.01,52.5051,37.1623
-938.585,33.1597,-6.79032
-933.16,-7.63544,26.5555
-927.734,-12.6906,59.9811
-922.309,13.5373,50.5495
-916.884,33.8794,26.2095
-911.458,46.0394,5.48823
-906.033,72.8468,-5.91688
-900.608,90.262,-14.4759
-895.182,53.282,5.49825
-889.757,8.35953,41.4581
-884.331,-4.52361,47.2237
-878.906,7.45239,24.9068
-873.481,27.7213,-0.539902
-868.055,-3.82219,3.43491
-862.63,-50.2388,26.1745
-857.205,4.92433,-148.395
-851.779,92.6497,-332.756
-846.354,42.3969,-142.255
-840.929,-42.6826,24.0385
-835.503,-48.7032,-10.0914
-830.078,-37.1922,7.39636
-824.653,-28.6077,41.5135
-819.227,-30.1251,36.5374
-813.802,-33.4474,12.697
-808.377,-33.2015,-18.544
-802.951,-36.6979,-12.4955
-797.526,-22.4265,17.7924
-792.101,-14.2807,6.31701
-786.675,-15.6421,-15.8316
-781.25,-1.06752,-17.0739
-775.825,4.41016,6.66097
-770.399,-0.53899,18.6691
-764.974,-11.3846,20.7628
-759.549,9.08678,26.2951
-754.123,92.8433,-7.58567
-748.698,107.484,-36.9538
-743.273,39.9503,-19.4658
-737.847,0.896791,6.28792
-732.422,-24.583,-11.8294
-726.996,-11.4103,-38.6666
-721.571,9.54295,-35.8238
-716.146,-15.8679,-30.372
-710.72,-14.2801,-5.64415
-705.295,38.6951,51.7284
-699.87,50.4918,79.3715
-694.444,25.8379,57.3856
-689.019,20.1066,38.4176
-683.594,-1.02331,1.11112
-678.168,-8.53238,-31.2505
-672.743,-9.96121,-4.39933
-667.318,-37.5168,12.5496
-661.892,-38.2332,-13.0092
-656.467,124.774,-82.4949
-651.042,275.251,-116.401
-645.616,144.062,-48.6396
-640.191,4.06465,-3.11953
-634.766,9.64979,-14.088
-629.34,9.99114,-19.2049
-623.915,-38.8596,-2.36031
-618.49,-74.6399,12.582
-613.064,-42.9474,15.3652
-607.639,1.01817,18.0663
-602.214,-6.55849,29.4862
-596.788,-6.52951,39.6921
-591.363,18.0161,32.459
-585.937,22.5325,26.8781
-580.512,28.9083,3.35632
-575.087,11.6125,-44.6463
-569.661,0.78203,-46.2496
-564.236,4.29978,-0.165237
-558.811,68.3297,-7.49453
-553.385,248.896,-94.5897
-547.96,229.34,-100.719
-542.535,26.1012,-8.52613
-537.109,0.290387,31.8174
-531.684,38.8143,30.2523
-526.259,8.21424,30.2914
-520.833,-18.4623,27.0601
-515.408,-16.7383,18.5331
-509.983,-3.06342,35.9478
-504.557,-9.48071,60.3528
-499.132,-18.5483,35.4556
-493.707,-13.6647,-8.25298
-488.281,-27.512,-20.1723
-482.856,-42.4878,-3.82295
-477.431,-23.0195,-14.5759
-472.005,0.0577116,-27.8753
-466.58,-9.62045,-31.3787
-461.154,-5.83342,13.1642
-455.729,419.295,811.643
-450.304,791.923,1414.32
-444.878,374.407,596.282
-439.453,1.0906,-26.0394
-434.028,21.0819,28.3994
-428.602,44.3528,13.9447
-423.177,49.0008,-18.2703
-417.752,30.7906,-38.2942
-412.326,9.29597,-17.198
-406.901,-16.6405,8.97627
-401.476,-28.045,-2.66089
-396.05,-10.1225,-13.4523
-390.625,-7.48429,-10.2261
-385.2,-24.294,-4.69257
-379.774,-25.8258,19.9248
-374.349,-8.65968,6.65566
-368.924,-4.83573,3.36127
-363.498,44.1221,-33.3856
-358.073,-197.586,267.497
-352.648,-817.872,996.479
-347.222,-711.219,833.231
-341.797,-118.605,114.138
-336.371,-7.82453,-19.1351
-330.946,-33.7316,21.9302
-325.521,-0.106737,13.2676
-320.095,2.44393,-2.79409
-314.67,-2.83695,-18.0432
-309.245,5.11719,-19.3209
-303.819,21.2805,-29.5726
-298.394,9.09356,-10.1098
-292.969,-5.12427,9.64695
-287.543,-9.40391,11.5665
-282.118,-9.06699,19.1585
-276.693,-7.05046,24.5903
-271.267,6.01886,16.2409
-265.842,-2.07705,11.8465
-260.417,80.2164,-38.3901
-254.991,995.481,-493.935
-249.566,1564.43,-764.714
-244.141,629.78,-299.964
-238.715,-4.13036,-18.2482
-233.29,23.8704,-30.1128
-227.865,-2.77934,12.28
-222.439,-12.4969,6.7996
-217.014,-18.7736,-7.34958
-211.589,2.67147,-12.9048
-206.163,17.2673,-14.2622
-200.738,15.4892,-14.8962
-195.312,8.25636,-15.656
-189.887,1.27019,-15.8435
-184.462,-2.73106,-10.7715
-179.036,-1.73727,6.82766
-173.611,7.85652,11.3363
-168.186,20.4919,0.366648
-162.76,14.7131,-21.601
-157.335,0.256082,27.6101
-151.91,10.5232,176.298
-146.484,23.6075,161.416
-141.059,17.2108,24.7766
-135.634,6.56658,-11.1058
-130.208,-0.509296,5.033
-124.783,10.5916,3.2972
-119.358,29.9458,-17.2244
-113.932,32.3517,-5.812
-108.507,31.5662,12.6141
-103.082,79.8207,-9.5712
-97.6562,109.086,-18.6684
-92.2309,52.4144,2.95956
-86.8055,0.689915,3.18909
-81.3802,-3.05232,-14.4487
-75.9549,-1.9327,-8.38376
-70.5295,-11.5251,1.14836
-65.1042,-17.4926,0.437998
-59.6788,1.0347,-19.5719
-54.2535,86.9874,-179.74
-48.8281,110.309,-258.483
-43.4028,22.3302,-88.3799
-37.9774,-7.05535,9.31684
-32.5521,8.77792,7.19532
-27.1267,4.60485,14.6321
-21.7014,-2.46565,9.65781
-16.276,-0.15936,6.73041
-10.8507,0.0798258,6.42156
-5.42535,244.535,53.4074
0,494.26,96.0743
5.42535,246.735,42.0858
10.8507,2.47953,-5.92406
16.276,2.37356,-6.29997
21.7014,1.33176,-9.87821
27.1267,9.75084,-11.8416
32.5521,10.8341,-3.38314
37.9774,-3.05144,-11.2814
43.4028,-12.4034,90.3094
48.8281,5.447,280.984
54.2535,13.3215,199.238
59.6788,-6.37246,18.5344
65.1042,-16.0548,-6.95898
70.5295,-10.2553,-5.38252
75.9549,-4.93236,7.04932
81.3802,-8.24268,12.2532
86.8055,1.83434,-2.69843
92.2309,49.7065,16.8907
97.6562,94.1499,58.1737
103.082,70.4231,38.7757
108.507,33.9929,0.129388
113.932,27.8187,17.5079
119.358,21.3129,27.1881
124.783,11.0555,0.910556
130.208,1.41318,-4.85731
135.634,1.92814,12.757
141.059,25.2391,-16.5252
146.484,82.3559,-140.818
151.91,75.7995,-159.519
157.335,10.5803,-25.5037
162.76,5.54991,25.5396
168.186,19.1371,7.33645
173.611,11.5311,-7.56775
179.036,0.946919,-6.98124
184.462,-6.56729,8.96406
189.887,-4.75755,15.1657
195.312,1.79033,17.6089
200.738,8.78122,19.6139
206.163,10.6672,19.6921
211.589,-2.35735,12.9658
217.014,-20.1598,-0.218299
222.439,-9.03976,-10.9859
227.865,2.02323,-12.427
233.29,10.8517,36.862
238.715,-10.6655,15.3723
244.141,471.554,514.041
249.566,1164.05,1295.08
254.991,737.962,830.883
260.417,59.9942,65.6442
265.842,2.51197,-11.7619
271.267,11.6645,-12.8034
276.693,2.67458,-25.4406
282.118,-1.22996,-21.1601
287.543,-4.38621,-14.2469
292.969,-1.13732,-10.8641
298.394,4.64429,12.7802
303.819,8.65286,35.391
309.245,-2.49316,19.8311
314.67,-9.38948,15.6667
320.095,1.21926,3.50611
325.521,4.87119,-12.3415
330.946,-23.0603,-32.9695
336.371,-14.4228,14.8107
341.797,-67.2121,-150.257
347.222,-347.297,-1038.99
352.648,-385.031,-1230.3
358.073,-82.9922,-322.036
363.498,28.4027,47.4829
368.924,-3.22445,-4.92802
374.349,-5.53587,-9.41503
379.774,-16.4813,-28.1484
385.2,-24.2829,-4.74982
390.625,-10.7701,6.67785
396.05,-14.4247,8.68071
401.476,-26.9997,-8.03871
406.901,-12.0663,-14.5563
412.326,2.17645,19.4281
417.752,14.2038,47.0401
423.177,38.5888,35.2959
428.602,46.347,3.68561
434.028,30.1854,-18.4341
439.453,-8.74326,24.5518
444.878,570.515,-412.608
450.304,1264.07,-1014.67
455.729,692.81,-595.472
461.154,-0.477265,-14.3909
466.58,-20.6746,25.4899
472.005,-10.3887,25.8672
477.431,-26.8035,4.89132
482.856,-40.8261,-12.3717
488.281,-33.0654,8.39725
493.707,-15.7613,2.5331
499.132,-3.91573,-39.8222
504.557,13.8183,-59.5097
509.983,10.626,-34.4778
515.408,-8.57684,-23.4538
520.833,-6.98111,-32.0058
526.259,18.9635,-25.0086
531.684,47.3207,-13.5094
537.109,12.1884,-29.392
542.535,21.0067,17.683
547.96,174.91,179.297
553.385,195.338,180.94
558.811,60.5467,32.5456
564.236,3.92478,1.76391
569.661,-16.6003,43.1749
575.087,-5.95789,45.7455
580.512,28.0607,7.71729
585.937,30.9605,-16.4802
591.363,28.8637,-23.3466
596.788,8.81483,-39.248
602.214,4.96484,-29.7959
607.639,7.71178,-16.3694
613.064,-34.0642,-30.3348
618.49,-64.4917,-39.6267
623.915,-36.9153,-12.3692
629.34,2.06902,21.549
634.766,3.66972,16.6771
640.191,2.6001,4.41503
645.616,115.351,99.0645
651.042,211.603,211.036
656.467,84.7849,123.229
661.892,-40.3225,-2.26052
667.318,-30.0837,-25.6899
672.743,-10.8839,0.347452
678.168,-19.6178,25.7786
683.594,-0.532486,-1.4136
689.019,33.034,-28.0881
694.444,45.4535,-43.5279
699.87,76.5483,-54.6775
705.295,55.2553,-33.4664
710.72,-15.3547,-0.116262
716.146,-26.0901,22.2162
721.571,-4.57184,36.7901
726.996,-25.0642,31.5767
732.422,-27.2243,1.75902
737.847,3.18699,-5.49411
743.273,29.7492,33.014
748.698,85.8142,74.5271
754.123,83.2411,41.813
759.549,18.2755,-20.9766
764.974,-2.77821,-23.5148
770.399,6.49389,-17.5118
775.825,6.58429,-4.52387
781.25,-7.38577,15.4307
786.675,-20.4338,8.81918
792.101,-10.8745,-11.2067
797.526,-14.1283,-24.8977
802.951,-38.7066,-2.16172
808.377,-37.7305,4.75619
813.802,-26.2554,-24.3021
819.227,-14.2443,-45.1619
824.653,-10.9734,-49.2072
830.078,-31.7132,-20.7902
835.503,-48.9371,-8.88796
840.929,-30.5696,-38.2773
846.354,-13.9798,147.778
851.779,-38.749,343.233
857.205,-51.0241,139.434
862.63,-36.7754,-43.0884
868.055,-2.25713,-4.6166
873.481,25.5005,10.8852
878.906,16.2399,-20.3015
884.331,13.4961,-45.4796
889.757,23.2813,-35.3078
895.182,51.4619,14.8619
900.608,78.2667,47.2345
906.033,65.3259,32.7749
911.458,44.743,12.1581
916.884,41.2307,-11.6096
922.309,31.4877,-41.7975
927.734,10.7028,-60.3674
933.16,2.86843,-27.4821
938.585,28.2018,18.7176
944.01,62.6032,-14.7876
949.436,41.6843,-108.982
954.861,-8.05313,-118.641
960.286,-48.6775,-52.3362
965.712,-83.9967,-14.4551
971.137,-40.3127,-14.072
976.562,9.51051,-21.2692
981.988,-13.3987,18.8632
987.413,0.898863,28.5117
992.838,13.6333,3.48739
998.264,-16.2288,25.7575
1003.69,-13.2923,24.4371
1009.11,-12.019,0.844402
1014.54,-63.4528,-7.92697
1019.97,-77.4398,-22.3447
1025.39,-38.892,-38.5147
1030.82,-36.7786,-53.4447
1036.24,-29.2603,-16.8958
1041.67,-20.402,26.1411
1047.09,-247.187,-185.496
1052.52,-425.357,-356.63
1057.94,-222.533,-133.789
1063.37,-38.2484,29.6623
1068.79,-16.9284,6.76399
1074.22,-52.7721,2.27298
1079.64,-52.3098,11.2719
1085.07,12.0161,15.7152
1090.49,33.5006,27.4379
1095.92,26.5231,20.9188
1101.35,3.8462,-21.1754
1106.77,-17.9289,-32.9767
1112.2,-20.5559,-48.5187
1117.62,-35.6076,-83.1895
1123.05,-47.8169,-71.3341
1128.47,-21.8375,-17.7658
1133.9,12.8179,33.2228
1139.32,45.1903,54.4349
1144.75,24.5115,64.8876
1150.17,-91.9862,113.987
1155.6,-135.938,101.753
1161.02,-55.6619,18.8306
1166.45,-11.9084,-25.9204
1171.87,-36.0442,-36.2792
1177.3,-23.057,-13.8477
1182.73,25.5281,20.899
1188.15,28.4507,37.0164
1193.58,0.551874,9.89626
1199,9.45373,-5.32892
1204.43,38.3158,14.7615
1209.85,13.4688,7.71471
1215.28,-3.55187,15.4163
1220.7,3.00758,23.8144
1226.13,-30.9528,8.03837
1231.55,-43.9257,20.8397
1236.98,-19.8888,31.0199
1242.4,-13.2301,-14.1828
1247.83,-20.2699,-96.3675
1253.26,-27.1987,-101.071
1258.68,-27.3605,-38.2944
1264.11,-30.6512,12.5276
1269.53,-47.4811,52.3162
1274.96,-59.4174,41.6886
1280.38,-46.099,31.3636
1285.81,-36.8122,32.9445
1291.23,-49.4829,-19.1701
1296.66,-46.6472,-52.6338
1302.08,-46.4115,-27.8916
1307.51,-24.4194,12.3854
1312.93,23.75,67.8679
1318.36,23.6044,91.7598
1323.78,-3.61295,70.1688
1329.21,-39.3189,57.9774
1334.64,-54.9634,27.2431
1340.06,-26.8917,-47.1693
1345.49,29.2775,-114.02
1350.91,89.8598,-108.63
1356.34,60.3222,-30.2988
1361.76,2.394,21.4367
1367.19,-3.9604,-17.1853
1372.61,-23.3672,-38.7265
1378.04,-28.0387,5.61531
1383.46,-17.0168,11.1796
1388.89,-25.0515,-25.1177
1394.31,-26.8758,-39.2857
1399.74,-17.4103,-27.9917
1405.16,4.11385,-11.3029
1410.59,39.2502,2.80819
1416.02,31.753,1.35691
1421.44,-11.3406,1.10339
1426.87,-11.85,31.6832
1432.29,-30.987,14.5355
1437.72,-32.2056,6.15052
1443.14,61.4194,12.9755
1448.57,95.008,-191.31
1453.99,34.5484,-272.741
1459.42,-6.38477,-70.8555
1464.84,-4.73217,-1.79322
1470.27,4.96512,-30.1929
1475.69,-10.4194,-37.9723
1481.12,1.15414,-54.537
1486.55,74.4624,-54.6965
1491.97,67.7471,-43.2842
1497.4,8.94973,-2.35688
1502.82,58.9629,37.2366
1508.25,96.1175,8.41692
1513.67,62.4772,-37.3045
1519.1,11.9873,-34.1139
1524.52,-39.0708,5.09826
1529.95,-35.2891,67.9111
1535.37,-19.1464,80.0504
1540.8,31.623,67.7474
1546.22,51.9905,-16.9464
1551.65,-32.8129,-185.249
1557.07,-27.6707,-137.816
1562.5,21.1513,-1.61715
1567.93,-8.76704,10.4613
1573.35,-16.7368,13.3939
1578.78,-4.38756,15.0922
1584.2,7.56409,-40.9566
1589.63,-20.4988,-102.777
1595.05,-66.7421,-57.5146
1600.48,-56.6784,8.7854
1605.9,-33.6839,14.6566
1611.33,-18.2394,-9.56599
1616.75,-18.3838,-29.1343
1622.18,4.1837,-14.8914
1627.6,33.4851,-3.63113
1633.03,36.3426,-14.6068
1638.45,45.8942,-25.956
1643.88,32.6188,-19.8468
1649.31,-22.2283,-7.27937
1654.73,-48.6049,25.0771
1660.16,-44.9141,55.3997
1665.58,-95.5352,16.0844
1671.01,-81.3165,-36.531
1676.43,22.6758,-64.2077
1681.86,19.7817,-42.1952
1687.28,-39.7635,34.4211
1692.71,-17.727,35.6143
1698.13,21.5098,-11.4774
1703.56,12.6606,-74.1304
1708.98,-15.0985,-134.425
1714.41,-25.0085,-122.159
1719.83,2.67818,-48.9893
1725.26,41.4095,39.1818
1730.69,13.1234,81.163
1736.11,-12.8801,83.8865
1741.54,69.0687,35.05
1746.96,122.45,-62.5292
1752.39,63.8731,-81.2543
1757.81,-36.8908,56.4682
1763.24,-102.892,189.999
1768.66,-106.059,175.76
1774.09,-78.251,51.2641
1779.51,-36.0471,-57.5048
1784.94,-39.4027,-73.9879
1790.36,-43.3796,6.99816
1795.79,-3.37018,114.382
1801.22,62.9183,134.316
1806.64,95.6534,45.567
1812.07,54.6721,-62.3636
1817.49,20.7596,-49.7688
1822.92,31.5633,37.3694
1828.34,112.769,64.2728
1833.77,77.9943,-1.80984
1839.19,6.0414,-0.674195
1844.62,-12.788,126.117
1850.04,-139.469,114.512
1855.47,-124.836,57.2116
1860.89,-3.68703,135.05
1866.32,4.76883,119.057
1871.74,14.0785,62.9404
1877.17,53.2335,8.05176
1882.6,-10.3005,-212.47
1888.02,-121.034,-360.944
1893.45,-126.288,-336.952
1898.87,-127.4,-286.435
1904.3,-120.237,-154.129
1909.72,31.9413,-56.7164
1915.15,46.642,-7.62501
1920.57,-45.8961,106.859
1926,-98.2193,234.41
1931.42,-224.746,248.265
1936.85,-317.857,102.696
1942.27,-229.581,99.3214
1947.7,27.5442,383.675
1953.12,131.103,478.396
1958.55,146.688,309.815
1963.98,261.934,233.414
1969.4,163.95,20.0852
1974.83,89.2177,-233.346
1980.25,63.3992,-181.72
1985.68,-106.962,-94.7314
1991.1,-187.884,89.399
1996.53,37.3206,338.356
2001.95,-214.548,428.403
2007.38,11103.4,344.513
2012.8,24907.2,-345.02
2018.23,13981.1,-558.06
2023.65,219.717,-74.2476
2029.08,-69.9123,-179.041
2034.51,269.721,-265.03
2039.93,-31.2303,-59.4844
2045.36,-529.253,162.71
2050.78,-1446.43,571.197
2056.21,-1395.73,298.271
2061.63,-468.154,-314.926
2067.06,-48.898,-17.3309
2072.48,72.933,281.297
2077.91,127.103,64.4676
2083.33,138.67,-66.8299
2088.76,3.02038,-68.7184
2094.18,-100.897,-119.913
2099.61,152.827,-125.044
2105.03,279.091,40.3772
2110.46,123.526,98.371
2115.89,-5.88623,51.8531
2121.31,-80.6941,38.1729
2126.74,-92.4943,-61.1783
2132.16,-47.3633,-59.5153
2137.59,-50.8145,-0.839264
2143.01,-174.222,-55.9697
2148.44,-275.036,367.561
2153.86,-190.352,839.2
2159.29,-56.92,442.483
2164.71,2.85754,42.376
2170.14,5.96634,56.9104
2175.56,30.0109,20.5867
2180.99,4.98841,45.773
2186.41,-66.2458,85.2816
2191.84,37.0392,30.3068
2197.27,141.123,76.1724
2202.69,68.7102,102.1
2208.12,-28.179,5.82972
2213.54,-56.3597,-31.3394
2218.97,22.0217,16.1218
2224.39,54.7346,52.8937
2229.82,-1.70626,20.276
2235.24,16.5712,-42.0278
2240.67,92.7317,-12.1468
2246.09,32.4745,-122.168
2251.52,-225.633,-436.299
2256.94,-236.48,-374.968
2262.37,-34.285,-108.56
2267.79,-13.8199,20.2609
2273.22,-1.87356,87.3545
2278.65,28.3568,70.3112
2284.07,3.94911,39.1871
2289.5,-6.5267,36.4832
2294.92,35.6856,73.7417
2300.35,44.5621,24.1457
2305.77,-24.6187,-24.4665
2311.2,-90.5868,35.983
2316.62,-70.1242,8.61069
2322.05,5.04052,-78.2723
2327.47,20.4529,-52.5934
2332.9,-8.13443,17.3339
2338.32,-38.8015,23.6726
2343.75,-83.1783,16.7004
2349.18,-141.506,15.2351
2354.6,-125.839,-12.6707
2360.03,-30.3168,-23.8889
2365.45,46.7178,16.3691
2370.88,67.9669,47.0537
2376.3,20.0201,3.43821
2381.73,-31.1364,-69.2471
2387.15,-24.1454,-78.7965
2392.58,-3.73232,-32.6885
2398,13.3191,-5.79185
2403.43,35.6515,-9.98453
2408.85,73.8442,12.6558
2414.28,82.6374,36.9194
2419.7,26.7722,44.4326
2425.13,21.0602,23.6242
2430.56,45.0966,-30.4684
2435.98,2.80341,-47.3725
2441.41,-19.8067,-26.3111
2446.83,-40.2467,14.6981
2452.26,-135.289,37.0913
2457.68,-118.908,2.23741
2463.11,32.9424,-32.2228
2468.53,92.0735,-18.3879
2473.96,60.3175,25.6919
2479.38,28.1448,42.4671
2484.81,9.47828,-14.5805
2490.23,0.982378,-59.1989
2495.66,-5.14007,-12.9751
2501.08,31.6395,49.1515
2506.51,67.1102,38.4122
2511.94,40.0866,5.26886
2517.36,21.8862,35.3229
2522.79,1.38543,64.3731
2528.21,-13.7865,27.183
2533.64,13.2775,8.23937
2539.06,16.0001,41.7323
2544.49,-5.00618,39.8097
2549.91,-12.3663,-2.0326
2555.34,1.22904,2.27788
2560.76,13.4298,67.0746
2566.19,14.3355,66.4668
2571.61,-14.0721,-36.4261
2577.04,-42.4061,-95.5101
2582.47,-8.34443,-63.9433
2587.89,7.5722,-40.7072
2593.32,-22.8419,-32.9748
2598.74,13.3321,6.21887
2604.17,86.3634,18.1915
2609.59,87.2676,-9.71107
2615.02,53.1449,-28.753
2620.44,12.9169,-42.7581
2625.87,-6.00415,-51.1105
2631.29,47.446,-57.0796
2636.72,95.5886,-57.7808
2642.14,61.6514,-41.7272
2647.57,29.784,-6.57685
2652.99,58.4626,46.7903
2658.42,30.0131,36.3762
2663.85,-19.3785,-5.80069
2669.27,-1.54753,-10.5773
2674.7,-3.63341,-35.3366
2680.12,-12.8199,-34.3356
2685.55,8.73179,-7.9717
2690.97,4.11463,-9.01006
2696.4,-28.5186,-13.5623
2701.82,-17.6893,-15.8697
2707.25,23.6436,-20.7036
2712.67,30.6878,-36.5996
2718.1,21.4653,-43.6133
2723.52,27.353,-17.9351
2728.95,47.3778,3.85034
2734.37,64.1521,-3.10683
2739.8,46.7127,-13.0044
2745.23,5.26056,-18.427
2750.65,17.0772,-65.3733
2756.08,37.2789,-87.9128
2761.5,-0.601828,-6.63214
2766.93,-17.9694,68.5274
2772.35,22.4986,53.3196
2777.78,55.6463,23.9978
2783.2,34.16,34.9023
2788.63,9.52044,11.8707
2794.05,-2.97187,-9.71873
2799.48,-18.4156,13.0201
2804.9,-9.86486,13.3829
2810.33,7.68555,2.53481
2815.75,10.4515,-2.6926
2821.18,9.17685,-4.48734
2826.61,20.9647,-8.48383
2832.03,36.7392,-7.54347
2837.46,57.0439,3.32192
2842.88,60.4028,11.3184
2848.31,70.5276,28.7477
2853.73,103.563,49.1984
2859.16,70.4813,72.8863
2864.58,25.8919,59.0829
2870.01,24.7637,-6.68229
2875.43,32.2277,-41.5266
2880.86,17.9717,-40.9495
2886.28,-23.9969,-45.7575
2891.71,-39.5984,-41.7669
2897.14,-40.1041,-7.5164
2902.56,-44.6609,46.2191
2907.99,-19.5274,53.8613
2913.41,15.8907,32.2437
2918.84,11.9067,51.9476
2924.26,10.4044,61.586
2929.69,36.2318,27.4602
2935.11,45.4481,-14.6878
2940.54,-0.250842,-18.1473
2945.96,-41.0877,4.758
2951.39,2.38632,-67.922
2956.81,16.6216,-118.479
2962.24,-37.3631,-40.2524
2967.66,-57.0311,-17.4475
2973.09,-47.3621,-34.5122
2978.52,-20.3828,-4.40637
2983.94,36.0373,29.3014
2989.37,69.9475,31.5972
2994.79,46.6073,0.736088
3000.22,1.98329,2.60036
3005.64,-11.1304,44.0979
3011.07,8.32599,36.1317
3016.49,21.0577,8.15961
3021.92,6.29072,11.9494
3027.34,-10.9169,9.70436
3032.77,4.02549,-2.9284
3038.19,2.65103,-0.402793
3043.62,-2.1222,5.45975
3049.04,42.327,-22.6176
3054.47,59.9019,-44.4662
3059.9,21.0343,-23.5202
3065.32,-14.8968,-23.1638
3070.75,-21.8408,-37.3496
3076.17,-4.66344,-16.6002
3081.6,7.63327,17.5197
3087.02,-10.2998,29.7518
3092.45,-21.8808,14.9901
3097.87,-12.8134,4.24515
3103.3,-6.33139,-16.2548
3108.72,4.73807,-33.4274
3114.15,11.4823,-18.8712
3119.57,10.6814,-10.2362
3125,10.9283,-8.86438
3130.43,8.67176,-6.15108
3135.85,6.47224,-7.87522
3141.28,3.02682,-4.23256
3146.7,18.028,14.6097
3152.13,49.1528,59.6754
3157.55,40.7924,80.5768
3162.98,10.6911,54.4173
3168.4,-3.7985,24.914
3173.83,-13.6356,-19.6078
3179.25,8.49247,-54.4367
3184.68,15.9774,-42.9729
3190.1,-11.8459,-24.7383
3195.53,5.82074,-16.0612
3200.95,32.1428,-13.6611
3206.38,35.9285,0.829364
3211.81,15.5762,22.9315
3217.23,-35.2896,-3.50726
3222.66,-42.3016,-43.8903
3228.08,-3.72571,-40.2444
3233.51,23.5768,-15.3609
3238.93,17.829,1.0764
3244.36,-8.07996,4.60681
3249.78,-8.8128,-11.2419
3255.21,2.57523,-44.1103
3260.63,8.73307,-44.752
3266.06,26.3168,-14.8552
3271.48,27.202,0.363375
3276.91,14.3744,1.87763
3282.33,-0.0570226,4.78219
3287.76,-5.88293,28.673
3293.19,0.182309,35.1766
3298.61,-19.3582,-8.0376
3304.04,-29.6415,-52.7484
3309.46,-16.915,-54.9121
3314.89,-9.1443,-23.0907
3320.31,9.24674,-12.6522
3325.74,18.2199,-12.9448
3331.16,21.6455,0.313365
3336.59,20.043,20.4372
3342.01,13.2918,27.8555
3347.44,23.2214,5.88716
3352.86,13.3443,2.67949
3358.29,5.13878,19.2208
3363.71,4.14825,16.3938
3369.14,-20.9233,-2.11566
3374.57,-37.3283,-5.93418
3379.99,-21.107,-0.0920099
3385.42,1.84204,0.527169
3390.84,-5.1684,1.97045
3396.27,-22.4604,-19.9103
3401.69,-12.3804,-31.8223
3407.12,10.106,3.47103
3412.54,-4.39459,7.75232
3417.97,-28.4587,-25.2153
3423.39,-8.28043,-28.1595
3428.82,16.8908,-8.25537
3434.24,24.8113,-5.60737
3439.67,24.0483,-9.58537
3445.1,27.4055,14.7858
3450.52,40.1174,28.8819
3455.95,31.8203,11.9293
3461.37,14.419,6.33404
3466.8,7.97054,40.2658
3472.22,-5.73615,55.4805
3477.65,-20.252,26.906
3483.07,-12.2649,8.0664
3488.5,-13.5738,-1.40696
3493.92,-27.8199,-3.06581
3499.35,-20.633,-7.22318
3504.77,-12.2054,-24.0791
3510.2,-32.8143,-24.2
3515.62,-37.0331,8.29808
3521.05,8.04461,11.6275
3526.48,21.7251,-25.878
3531.9,-9.12323,-19.6358
3537.33,-27.5436,-0.867696
3542.75,-35.6951,-12.1252
3548.18,-27.8172,1.86708
3553.6,-19.8185,42.3124
3559.03,-17.4925,64.8334
3564.45,10.3527,54.1228
3569.88,24.6286,16.3998
3575.3,7.2286,1.64915
3580.73,8.31441,6.45894
3586.15,20.3036,1.15669
3591.58,19.4533,7.21216
3597,19.0031,7.69866
3602.43,10.4267,-6.27435
3607.86,5.78082,-8.95851
3613.28,17.6632,15.8152
3618.71,26.463,28.3299
3624.13,4.97345,-1.12486
3629.56,-16.9549,-31.7414
3634.98,5.53874,-12.3885
3640.41,22.9258,25.9596
3645.83,5.42633,24.6791
3651.26,5.92802,25.1051
3656.68,28.9199,24.7294
3662.11,33.5296,4.44075
3667.53,35.2821,2.82042
3672.96,16.4753,-4.62509
3678.39,-26.6854,-9.96126
3683.81,-39.1033,13.7507
3689.24,-30.2553,32.2856
3694.66,-19.8328,24.1186
3700.09,8.36649,12.5389
3705.51,25.3017,2.63385
3710.94,1.50429,-12.9259
3716.36,-17.3504,-5.33206
3721.79,8.80435,-2.6062
3727.21,23.7029,-15.1333
3732.64,12.5767,0.673861
3738.06,-2.53438,23.6875
3743.49,-24.7798,24.0678
3748.91,-24.6238,-0.764772
3754.34,-27.8793,-34.2868
3759.77,-12.0385,-39.9668
3765.19,32.6401,-14.8132
3770.62,40.9413,15.8119
3776.04,18.7273,20.016
3781.47,-11.4276,2.66524
3786.89,-20.614,2.87629
3792.32,0.968956,7.49412
3797.74,10.6012,-2.45991
3803.17,-9.76661,5.90072
3808.59,-33.8633,27.6214
3814.02,-37.92,23.1314
3819.44,-25.0555,16.0713
3824.87,8.06383,24.0718
3830.29,42.1485,11.3167
3835.72,41.4488,10.2987
3841.15,11.0214,22.1417
3846.57,0.383678,6.03329
3852,4.40375,14.1149
3857.42,-16.983,18.3731
3862.85,-34.6627,3.14055
3868.27,-36.7874,21.1353
3873.7,-30.0047,30.2492
3879.12,-3.33595,30.5015
3884.55,22.4573,39.0628
3889.97,6.47668,25.1942
3895.4,-1.82396,1.54945
3900.82,19.0723,2.45238
3906.25,15.7669,8.41678
3911.68,14.5913,-1.98549
3917.1,18.5774,3.12736
3922.53,3.10909,-6.54353
3927.95,-16.3423,-36.2387
3933.38,-31.8511,-24.1736
3938.8,-31.2505,2.24965
3944.23,-19.3637,17.2016
3949.65,-15.5081,28.1253
3955.08,-17.5207,9.2921
3960.5,-27.3775,-25.0815
3965.93,-40.9558,-21.1097
3971.35,-33.2367,8.13351
3976.78,-16.5672,18.2361
3982.2,2.00119,20.4332
3987.63,23.6512,14.0726
3993.06,22.9022,-8.0835
3998.48,11.9267,-9.12215
4003.91,-8.78325,-4.0438
4009.33,-8.95142,-15.526
4014.76,27.2403,-21.0577
4020.18,39.629,-18.566
4025.61,22.9651,2.10846
4031.03,8.88688,22.589
4036.46,-6.23139,17.4418
4041.88,-20.5078,2.38426
4047.31,2.00916,-20.3826
4052.73,2.54708,-40.3454
4058.16,-46.9677,-7.44954
4063.58,-44.0469,26.7116
4069.01,-0.746765,-4.88006
4074.44,14.3302,-18.9585
4079.86,5.10356,6.10402
4085.29,-14.3451,12.0539
4090.71,-14.2403,1.41853
4096.14,-0.149443,-8.49458
4101.56,-13.5771,-10.3157
4106.99,-23.1453,-7.91111
4112.41,-15.5035,-5.46495
4117.84,-23.151,1.8478
4123.26,-26.5113,-10.034
4128.69,-16.309,-27.5238
4134.11,0.415674,-18.6501
4139.54,19.9184,-11.3162
4144.96,24.4336,-14.9289
4150.39,10.1235,-22.3108
4155.82,0.688447,-18.27
4161.24,12.8246,6.96036
4166.67,5.70497,4.52318
4172.09,-23.6686,-20.1713
4177.52,-26.8258,-11.1062
4182.94,3.00478,18.6922
4188.37,32.5119,26.6567
4193.79,25.168,31.1491
4199.22,16.7844,51.9766
4204.64,27.201,35.6226
4210.07,4.31527,-11.718
4215.49,-18.9146,-17.1795
4220.92,-5.30187,-2.28366
4226.35,-2.20795,-13.9094
4231.77,-15.6293,-19.5598
4237.2,-18.307,-28.695
4242.62,-15.8309,-42.5619
4248.05,-11.9788,-21.1159
4253.47,10.7269,-6.97342
4258.9,16.6113,-12.5969
4264.32,-10.6183,-12.4331
4269.75,-13.0179,-13.9716
4275.17,12.3493,-8.07487
4280.6,13.2098,1.28158
4286.02,-1.26986,0.846636
4291.45,-1.18131,-16.299
4296.87,-7.08279,-26.8983
4302.3,-11.8166,-18.8283
4307.73,-9.27458,-18.6726
4313.15,-21.0508,0.813577
4318.58,-29.3925,30.8391
4324,-29.2918,10.1481
4329.43,-19.2866,-17.9807
4334.85,9.34998,3.43964
4340.28,31.49,42.0983
4345.7,27.1541,51.6115
4351.13,12.4539,20.926
4356.55,13.1992,-6.47703
4361.98,9.12299,-3.81115
4367.4,-2.19852,-8.34163
4372.83,-22.5797,-22.3359
4378.25,-42.6722,-17.2045
4383.68,-11.661,-8.0239
4389.11,12.9242,-13.4911
4394.53,-2.23001,-18.4407
4399.96,-1.71691,7.04798
4405.38,-2.50636,39.7999
4410.81,-14.0474,28.3811
4416.23,1.16267,2.88226
4421.66,26.8508,-3.86713
4427.08,13.0335,7.86393
4432.51,-15.5851,16.4136
4437.93,-13.8454,7.44398
4443.36,-9.04689,4.72418
4448.78,-18.1899,-9.57405
4454.21,-9.06963,-29.3584
4459.63,9.41833,-29.9542
4465.06,3.23009,-5.81599
4470.49,-26.8325,1.15985
4475.91,-54.4283,-27.3337
4481.34,-39.4524,-28.1271
4486.76,10.3918,0.80497
4492.19,31.6513,19.2772
4497.61,0.808171,9.24262
4503.04,-23.9332,-3.41634
4508.46,-31.363,12.6396
4513.89,-30.2253,27.6668
4519.31,2.0675,16.7288
4524.74,40.1251,13.2184
4530.16,52.0485,17.2647
4535.59,22.4633,29.6254
4541.02,-2.62572,40.7001
4546.44,-3.35058,10.45
4551.87,-9.56832,-15.1992
4557.29,-25.6155,-35.3571
4562.72,-44.4872,-29.0391
4568.14,-22.2248,26.9374
4573.57,-0.325703,55.789
4578.99,-3.52564,48.4649
4584.42,24.4735,19.3843
4589.84,29.3701,-5.60234
4595.27,3.44823,-0.450962
4600.69,11.8051,13.558
4606.12,15.1096,14.2795
4611.54,-14.911,-4.13053
4616.97,-13.2137,-10.6338
4622.4,22.8468,-5.32004
4627.82,30.728,-9.59814
4633.25,12.0041,1.34818
4638.67,5.39673,0.725999
4644.1,0.658772,-25.2671
4649.52,-16.5856,-21.3501
4654.95,-20.5636,-8.74306
4660.37,-16.5597,-0.734722
4665.8,-12.5315,15.1788
4671.22,-2.17352,10.789
4676.65,3.36215,17.055
4682.07,-11.3914,27.1291
4687.5,-27.9154,1.88599
4692.92,-23.373,-34.2429
4698.35,-8.69874,-60.4034
4703.78,-9.86535,-63.1355
4709.2,-24.9229,-24.4611
4714.63,-16.2904,9.52601
4720.05,-20.614,6.2743
4725.48,-41.5461,9.98476
4730.9,-30.9881,10.0486
4736.33,-20.1834,-4.31593
4741.75,-25.0135,-18.4252
4747.18,-13.7816,-25.7845
4752.6,7.36705,-24.5428
4758.03,-2.5883,-27.1857
4763.45,-15.7023,-20.425
4768.88,-13.666,9.73515
4774.31,-11.9402,19.2693
4779.73,12.6691,-10.2612
4785.16,30.066,-22.8191
4790.58,14.4408,-8.39083
4796.01,7.29819,0.161919
4801.43,27.8355,-2.85238
4806.86,44.3783,10.1717
4812.28,24.5231,33.534
4817.71,-10.4701,25.4529
4823.13,-16.4867,11.6097
4828.56,-2.4058,18.7061
4833.98,-4.76501,2.42342
4839.41,-3.33851,-27.6075
4844.83,4.92798,-18.3653
4850.26,-6.3023,-6.61369
4855.69,-2.87088,-28.0439
4861.11,6.41926,-25.6989
4866.54,11.657,8.98329
4871.96,35.3412,23.1493
4877.39,23.9713,10.273
4882.81,-26.9841,-5.41782
4888.24,-37.5755,-4.80213
4893.66,-13.9451,2.25898
4899.09,-11.9655,0.980538
4904.51,-25.5438,-1.07837
4909.94,-30.5315,-2.78518
4915.36,-14.4894,-0.993423
4920.79,2.98931,-4.93673
4926.21,1.61486,-14.5978
4931.64,8.16753,-12.0722
4937.07,20.0672,-0.767795
4942.49,3.42587,17.7547
4947.92,-11.73,14.7454
4953.34,2.33477,-9.3423
4958.77,17.838,-7.68332
4964.19,18.5356,2.44143
4969.62,4.93087,3.46885
4975.04,1.35685,16.8152
4980.47,14.8853,25.906
4985.89,18.3763,8.04951
4991.32,1.1641,1.36809
4996.74,-1.54258,18.891
5002.17,8.39248,15.9133
5007.6,10.3761,14.9565
5013.02,27.0821,16.2818
5018.45,32.9308,-0.54141
5023.87,28.3129,-14.0161
5029.3,28.3079,-31.1687
5034.72,15.6156,-28.5825
5040.15,5.94682,-22.561
5045.57,-0.872173,-34.9296
5051,5.53444,-23.9125
5056.42,29.4567,13.1415
5061.85,32.9756,28.6552
5067.27,29.8133,1.58802
5072.7,23.091,-20.2909
5078.12,-1.53095,-9.05943
5083.55,-23.1011,0.733421
5088.98,-28.9355,-10.3966
5094.4,5.15913,-4.45899
5099.83,41.5824,26.5882
5105.25,18.5586,16.6042
5110.68,-6.713,-18.2614
5116.1,2.22808,-8.06496
5121.53,6.77149,10.9568
5126.95,4.25177,6.89625
5132.38,10.0041,2.00616
5137.8,3.90004,5.68035
5143.23,-15.2323,13.9147
5148.65,-9.24026,6.64813
5154.08,12.8837,-14.6458
5159.5,25.1882,-26.0034
5164.93,20.5267,-5.68537
5170.36,11.0393,23.8802
5175.78,12.7813,9.49854
5181.21,9.86492,-19.7216
5186.63,-13.9773,-15.8226
5192.06,-24.0002,14.7145
5197.48,4.71616,27.6128
5202.91,6.50121,14.9886
5208.33,0.711773,21.1871
5213.76,21.4797,15.9162
5219.18,18.3367,-19.7212
5224.61,5.5978,-46.5428
5230.03,-2.50866,-35.4181
5235.46,7.75631,1.7125
5240.88,18.9456,-5.73658
5246.31,-9.47173,-36.3604
5251.74,-36.119,-29.3278
5257.16,-18.6233,-21.8131
5262.59,-4.59282,-22.7004
5268.01,-25.9576,-24.366
5273.44,-34.236,-42.183
5278.86,-16.3744,-48.2491
5284.29,2.10785,-22.4251
5289.71,9.26774,13.7539
5295.14,-2.84226,34.7736
5300.56,-11.9319,22.5393
5305.99,10.3626,-8.10166
5311.41,15.3998,-21.3423
5316.84,2.02896,-17.2831
5322.27,16.0184,-14.1039
5327.69,17.3991,-7.74022
5333.12,10.0431,10.3417
5338.54,20.4499,10.5802
5343.97,14.2384,-5.44804
5349.39,-11.2945,1.26003
5354.82,-26.3713,26.784
5360.24,-18.1184,44.5812
5365.67,-0.769247,35.794
5371.09,-7.04867,12.1786
5376.52,-36.8392,-2.15564
5381.94,-41.9579,-0.0374336
5387.37,-9.9652,3.94193
5392.79,5.08847,6.35117
5398.22,-5.97699,12.8751
5403.65,3.65423,5.50129
5409.07,24.8161,2.84265
5414.5,29.8382,17.1371
5419.92,23.0332,21.0827
5425.35,2.44252,5.27458
5430.77,-13.9931,-21.6776
5436.2,-14.315,-28.8433
5441.62,-23.7788,-14.5197
5447.05,-18.497,-1.13158
5452.47,13.9864,1.76538
5457.9,13.148,-23.2209
5463.32,-9.4562,-38.9163
5468.75,0.119564,-33.0077
5474.17,19.5925,-30.2534
5479.6,20.983,-19.6452
5485.03,18.0439,-15.4809
5490.45,17.4701,6.76716
5495.88,10.1719,37.733
5501.3,14.5,9.38638
5506.73,30.1885,-33.8325
5512.15,18.3741,-31.2694
5517.58,-9.76583,-6.41483
5523,-17.5989,4.2131
5528.43,-14.5578,-9.14086
5533.85,-3.76963,-4.93585
5539.28,8.54845,21.8176
5544.7,1.08043,24.6339
5550.13,-13.2194,4.27517
