# BEGINHEADER
# This file contains data from the SALSA 2m radio telescope.
# DATE=2024-01-31T11:51:0014
# GLON and GLAT given in degrees
# GLON=34.68836106610996
# GLAT=-45.06316144570781
# DATA in two columns below. Col. 1 is velocity relative to LSR [km/s]. Col. 2 is uncalibrated antenna temperature [K].
# ENDHEADER
2376.497223794609 17.92399901870111
2374.4360798440107 36.188952748623514
2372.374935893412 32.40080826059639
2370.3137919428136 35.748337366088734
2368.252647992215 34.8007983405804
2366.191504041616 36.8768383529472
2364.1303600910173 37.95152561244125
2362.069216140419 39.803854746364294
2360.0080721898203 40.90033198083391
2357.946928239221 42.50786893133715
2355.8857842886223 44.581714548101196
2353.824640338024 46.94379165508483
2351.763496387425 49.05660374146764
2349.702352436827 50.64234832411405
2347.641208486228 52.94324203198123
2345.5800645356294 55.36155678844716
2343.5189205850306 57.23081498327755
2341.4577766344323 58.76650888440241
2339.3966326838336 61.650881662782076
2337.335488733235 62.82965216857001
2335.274344782636 64.35546436594083
2333.2132008320377 66.02777553235791
2331.152056881439 68.33144495437904
2329.0909129308407 69.32455547747497
2327.029768980242 70.23590686925981
2324.968625029643 71.91970586203747
2322.9074810790444 72.69859351858159
2320.846337128446 74.01975649471433
2318.7851931778473 75.12311579606977
2316.7240492272485 74.97731634696817
2314.66290527665 75.40331658360121
2312.6017613260515 75.89714232411268
2310.5406173754527 77.02247318488784
2308.4794734248544 77.92402124903002
2306.4183294742556 78.55099943345586
2304.357185523657 78.38191190582268
2302.296041573058 78.35339728154395
2300.23489762246 79.09985139938705
2298.173753671861 79.05843618476456
2296.112609721262 79.15194040292887
2294.051465770663 79.68668199944534
2291.9903218200648 79.43249096984009
2289.929177869466 80.63473755876518
2287.8680339188677 80.68504812636294
2285.806889968269 80.90937949240703
2283.74574601767 81.24920279039853
2281.6846020670714 80.88275565629863
2279.623458116473 81.4821005832221
2277.5623141658743 81.07611969257489
2275.5011702152756 81.37721223585159
2273.440026264677 80.80201571987283
2271.3788823140785 81.62304459273857
2269.3177383634797 82.07367711475764
2267.2565944128814 82.59103285969724
2265.1954504622827 82.790020811551
2263.134306511684 82.82533379067458
2261.073162561085 83.75945682897385
2259.012018610487 81.79679391856494
2256.950874659888 82.56283489592913
2254.8897307092893 82.8379533773618
2252.8285867586906 83.55926868487805
2250.7674428080923 83.75762118095909
2248.7062988574935 83.33662813516
2246.645154906895 83.84219760889981
2244.5840109562964 83.73603973458212
2242.5228670056977 84.2469625684602
2240.461723055099 83.59917335389797
2238.4005791045006 83.79794875669297
2236.339435153902 84.8841014230007
2234.278291203303 84.57839934053379
2232.217147252704 84.42142983421579
2230.1560033021055 84.5408819217066
2228.094859351507 85.04924919758267
2226.0337154009085 84.68244763773131
2223.9725714503097 84.74681416817474
2221.911427499711 84.66173850058395
2219.850283549112 84.95067213803206
2217.789139598514 84.63147038009797
2215.727995647915 85.64227848962723
2213.6668516973164 84.49740898327556
2211.6057077467176 85.10120287623877
2209.5445637961193 85.05682644924039
2207.4834198455205 85.60203874214832
2205.422275894922 85.29927295169364
2203.361131944323 86.07354042285321
2201.2999879937247 85.56226983790171
2199.238844043126 89.33785542169086
2197.1777000925276 97.8880786819826
2195.116556141929 84.91514184877009
2193.05541219133 86.87430219092897
2190.9942682407313 85.63438161197021
2188.933124290133 85.90766812587077
2186.8719803395343 86.6297088987731
2184.810836388936 87.27458910598742
2182.7496924383368 86.4917058777734
2180.6885484877384 85.86337064928176
2178.6274045371397 86.08120836229962
2176.5662605865414 86.60405966778508
2174.5051166359426 86.36167101971719
2172.443972685344 86.91737706530523
2170.3828287347446 86.49750058056874
2168.3216847841463 86.114468436658
2166.2605408335476 86.55548105066686
2164.1993968829493 86.95873107151543
2162.13825293235 86.82566823225139
2160.0771089817517 86.6238247920808
2158.015965031153 86.50058536233364
2155.9548210805547 86.35684241780508
2153.893677129956 86.86819244247462
2151.832533179357 85.59343622670445
2149.7713892287584 86.57712311979223
2147.71024527816 86.92111760524644
2145.6491013275613 86.90705409263755
2143.587957376963 88.00526537332131
2141.526813426364 87.20266622925195
2139.4656694757655 87.562851609486
2137.4045255251667 86.96412146455516
2135.3433815745684 86.40787199643647
2133.2822376239696 87.10555941743748
2131.221093673371 87.12981951160081
2129.159949722772 87.42756851712413
2127.098805772174 87.57776077649467
2125.037661821575 86.74924688521081
2122.9765178709767 86.6995113287674
2120.9153739203775 86.48166858299726
2118.854229969779 87.90113341393277
2116.7930860191805 88.28412284753632
2114.731942068582 90.13768548595232
2112.6707981179834 91.74706867621823
2110.6096541673846 88.46910534800868
2108.5485102167854 88.04200377935581
2106.487366266187 87.75634595947827
2104.4262223155883 87.48348931970988
2102.36507836499 86.91131614745166
2100.303934414391 86.97470515004704
2098.2427904637925 87.38229568485625
2096.1816465131938 86.60995774468357
2094.1205025625954 87.42890839381565
2092.0593586119967 87.09748332653135
2089.9982146613984 87.0718292363294
2087.9370707107996 87.05457487427473
2085.875926760201 86.81952335470618
2083.814782809602 87.2094207181981
2081.753638859004 86.45617450756676
2079.692494908405 86.50255153644342
2077.6313509578063 87.10795274475488
2075.5702070072075 86.10790254551598
2073.5090630566087 87.88366401422107
2071.44791910601 88.61071376494841
2069.3867751554117 86.84609717284756
2067.325631204813 86.33510903658106
2065.2644872542146 87.46041260515432
2063.203343303616 85.68751083284248
2061.142199353017 85.70083854909038
2059.0810554024183 86.79408000960794
2057.01991145182 86.39953201025368
2054.9587675012212 86.23415005950649
2052.8976235506225 85.98993473349464
2050.8364796000237 86.2855559785846
2048.7753356494254 85.45823049637781
2046.7141916988264 87.72827348466151
2044.6530477482281 85.40405631643371
2042.5919037976294 96.4716213482778
2040.5307598470308 90.41609249361585
2038.469615896432 84.7311583164933
2036.4084719458335 87.22740330849959
2034.3473279952348 85.1969400865042
2032.2861840446362 86.39426079183798
2030.2250400940372 86.26108685226443
2028.163896143439 86.37621184580546
2026.10275219284 85.5413281944803
2024.0416082422416 85.19487274936708
2021.9804642916429 84.51563266728193
2019.9193203410443 85.42482747826135
2017.8581763904456 85.43923102081126
2015.797032439847 84.11799243389062
2013.7358884892483 85.20666023976739
2011.6747445386497 84.98140400788506
2009.613600588051 84.20308061254627
2007.5524566374527 83.76098159856106
2005.4913126868537 84.22797558403494
2003.4301687362554 84.27977821784613
2001.3690247856566 84.82304738503016
1999.307880835058 85.5135469746934
1997.246736884459 84.95172844735983
1995.1855929338606 84.38371925666011
1993.1244489832618 84.18689967418523
1991.0633050326633 84.2001614356415
1989.0021610820645 84.79253628308328
1986.9410171314662 84.90728975363334
1984.8798731808672 84.27936590307733
1982.818729230269 84.11088517221323
1980.7575852796701 83.91014893499926
1978.6964413290716 83.28070822649468
1976.6352973784728 82.71757467492192
1974.5741534278743 82.4860653314948
1972.5130094772755 83.17175530395083
1970.451865526677 82.86913859242006
1968.3907215760782 82.5880004182449
1966.3295776254797 82.95506902813774
1964.2684336748807 82.63258260931082
1962.2072897242824 82.0258942085525
1960.1461457736837 81.89037312306682
1958.0850018230851 82.16618273318555
1956.0238578724864 81.4007612304535
1953.9627139218878 81.78210235450969
1951.901569971289 81.43276109494559
1949.8404260206905 81.85096180772929
1947.7792820700918 81.65342843614447
1945.7181381194935 81.66445048808282
1943.6569941688945 80.89811764340722
1941.5958502182962 80.37412309724678
1939.5347062676974 81.00416943685589
1937.4735623170989 80.23197053197696
1935.4124183664999 80.44251597664349
1933.3512744159013 79.85265052029362
1931.2901304653026 80.12441624589552
1929.228986514704 80.34562204889573
1927.1678425641053 79.22615628783171
1925.106698613507 79.09122492519883
1923.045554662908 78.648750406531
1920.9844107123097 78.47958489236905
1918.923266761711 77.93934960263175
1916.8621228111124 77.13681501644311
1914.8009788605136 77.84599539337482
1912.739834909915 76.43898431226056
1910.6786909593163 75.38258143505696
1908.6175470087178 75.20674396961682
1906.556403058119 74.21866652006199
1904.4952591075207 73.9169684591825
1902.4341151569215 73.17250888351015
1900.3729712063232 72.4141693130407
1898.3118272557244 71.25775126362863
1896.250683305126 69.16290416332853
1894.1895393545271 68.16093811803339
1892.1283954039286 66.24983171504704
1890.0672514533298 64.71216444409238
1888.0061075027313 63.880224317474806
1885.9449635521325 61.310200885926754
1883.8838196015342 59.649208175029955
1881.8226756509353 57.82568055810731
1879.761531700337 55.008783508613455
1877.7003877497382 53.343392353058604
1875.6392437991396 51.27008223504303
1873.5780998485407 49.33553249280828
1871.5169558979421 46.84316106866688
1869.4558119473434 44.89652639223175
1867.3946679967448 43.1525032928621
1865.333524046146 41.364084261262484
1863.2723800955475 39.88798855871682
1861.2112361449488 37.866176633834485
1859.1500921943505 37.06219098217368
1857.0889482437517 34.9988301013031
1855.0278042931532 35.66872740665779
1852.9666603425544 32.706843392317026
1850.9055163919559 36.149626961990386
