iter      chisq       delta/lim  lambda   a             b             c             d            
   0 1.1529036721e+06   0.00e+00  1.89e+02    1.000000e+00   1.000000e+00   1.000000e-01   5.000000e+01
   1 6.6174049287e+05  -7.42e+04  1.89e+01    1.025928e+00   9.502191e-01   9.979976e-02   7.857399e+01
   * 6.6942336289e+05   1.15e+03  1.89e+02    3.754889e+00  -4.700152e+00   7.749413e-02   7.862167e+01
   2 6.5916825360e+05  -3.90e+02  1.89e+01    1.053969e+00   8.922116e-01   9.956559e-02   7.922798e+01
   * 6.7003859913e+05   1.62e+03  1.89e+02    4.084098e+00  -5.955779e+00   7.257957e-02   7.827657e+01
   3 6.5521001263e+05  -6.04e+02  1.89e+01    1.085463e+00   8.211083e-01   9.927860e-02   7.917800e+01
   * 6.7131802603e+05   2.40e+03  1.89e+02    4.528651e+00  -7.857751e+00   6.519105e-02   7.761915e+01
   4 6.4712021755e+05  -1.25e+03  1.89e+01    1.122101e+00   7.288718e-01   9.890645e-02   7.906226e+01
   * 6.7592521610e+05   4.26e+03  1.89e+02    5.134890e+00  -1.098873e+01   5.313457e-02   7.610361e+01
   5 6.2421956835e+05  -3.67e+03  1.89e+01    1.167343e+00   5.969774e-01   9.837468e-02   7.882066e+01
   * 7.0611963255e+05   1.16e+04  1.89e+02    5.695490e+00  -1.603867e+01   3.467170e-02   7.146837e+01
   6 4.9598867050e+05  -2.59e+04  1.89e+01    1.230183e+00   3.667956e-01   9.744908e-02   7.811141e+01
   * 9.6221423360e+05   4.85e+04  1.89e+02    3.297910e+00  -1.259522e+01   6.396395e-02   5.685090e+01
   7 2.6718689969e+05  -8.56e+04  1.89e+01    1.337303e+00  -2.834349e-01   9.491184e-02   7.348150e+01
   * 1.0102302231e+06   7.36e+04  1.89e+02    1.927614e+00   3.921677e+00   5.422184e-02   5.504829e+01
   * 6.1745667655e+05   5.67e+04  1.89e+03    1.409611e+00   4.752534e-01   9.723056e-02   6.493890e+01
   8 2.5241855096e+05  -5.85e+03  1.89e+02    1.338001e+00  -2.760056e-01   9.493755e-02   7.182015e+01
   * 6.3863271727e+05   6.05e+04  1.89e+03    1.409332e+00   4.932010e-01   9.723197e-02   6.448073e+01
   9 2.4062657902e+05  -4.90e+03  1.89e+02    1.338732e+00  -2.680161e-01   9.496423e-02   7.051140e+01
   * 6.6086877710e+05   6.36e+04  1.89e+03    1.408981e+00   5.127331e-01   9.723007e-02   6.397612e+01
  10 2.3039291089e+05  -4.44e+03  1.89e+02    1.339488e+00  -2.594949e-01   9.499181e-02   6.946084e+01
   * 6.8423539209e+05   6.63e+04  1.89e+03    1.408560e+00   5.338756e-01   9.722178e-02   6.341128e+01
  11 2.2086529994e+05  -4.31e+03  1.89e+02    1.340266e+00  -2.504430e-01   9.502022e-02   6.859727e+01
   * 7.0889268137e+05   6.88e+04  1.89e+03    1.408035e+00   5.565227e-01   9.720743e-02   6.276756e+01
  12 2.1147296901e+05  -4.44e+03  1.89e+02    1.341061e+00  -2.408367e-01   9.504948e-02   6.786608e+01
   * 7.3511220262e+05   7.12e+04  1.89e+03    1.407357e+00   5.802779e-01   9.718264e-02   6.201994e+01
  13 2.0176096067e+05  -4.81e+03  1.89e+02    1.341872e+00  -2.306287e-01   9.507966e-02   6.722426e+01
   * 7.6332707502e+05   7.36e+04  1.89e+03    1.406403e+00   6.041812e-01   9.714859e-02   6.113552e+01
  14 1.9128537778e+05  -5.48e+03  1.89e+02    1.342698e+00  -2.197500e-01   9.511090e-02   6.663626e+01
   * 7.9413136481e+05   7.59e+04  1.89e+03    1.405035e+00   6.262535e-01   9.709003e-02   6.007279e+01
  15 1.7955123150e+05  -6.54e+03  1.89e+02    1.343537e+00  -2.081138e-01   9.514333e-02   6.607067e+01
   * 8.2818390207e+05   7.83e+04  1.89e+03    1.402957e+00   6.428092e-01   9.700573e-02   5.878367e+01
  16 1.6599140987e+05  -8.17e+03  1.89e+02    1.344386e+00  -1.956272e-01   9.517715e-02   6.549737e+01
   * 8.6559399746e+05   8.08e+04  1.89e+03    1.399818e+00   6.476306e-01   9.687888e-02   5.722340e+01
  17 1.5004454389e+05  -1.06e+04  1.89e+02    1.345238e+00  -1.822211e-01   9.521252e-02   6.488532e+01
   * 9.0400211960e+05   8.34e+04  1.89e+03    1.395223e+00   6.316575e-01   9.669020e-02   5.537550e+01
  18 1.3143608752e+05  -1.42e+04  1.89e+02    1.346078e+00  -1.679150e-01   9.524943e-02   6.420205e+01
   * 9.3339552717e+05   8.59e+04  1.89e+03    1.388933e+00   5.849596e-01   9.643079e-02   5.329515e+01
  19 1.1072825941e+05  -1.87e+04  1.89e+02    1.346879e+00  -1.529349e-01   9.528748e-02   6.341703e+01
   * 9.2524162437e+05   8.80e+04  1.89e+03    1.381264e+00   5.031827e-01   9.611439e-02   5.114625e+01
  20 8.9776674814e+04  -2.33e+04  1.89e+02    1.347601e+00  -1.378608e-01   9.532573e-02   6.251197e+01
   * 8.2712267355e+05   8.91e+04  1.89e+03    1.373360e+00   3.960234e-01   9.577547e-02   4.916591e+01
  21 7.1138191871e+04  -2.62e+04  1.89e+02    1.348199e+00  -1.236643e-01   9.536248e-02   6.149560e+01
   * 6.3251328759e+05   8.88e+04  1.89e+03    1.366612e+00   2.864013e-01   9.548082e-02   4.754022e+01
  22 5.6432356907e+04  -2.61e+04  1.89e+02    1.348642e+00  -1.114412e-01   9.539597e-02   6.040896e+01
   * 4.4730990350e+05   8.74e+04  1.89e+03    1.361760e+00   1.956229e-01   9.527777e-02   4.632811e+01
  23 4.5632138140e+04  -2.37e+04  1.89e+02    1.348934e+00  -1.018977e-01   9.542524e-02   5.931047e+01
   * 2.9382000239e+05   8.45e+04  1.89e+03    1.358654e+00   1.314670e-01   9.517065e-02   4.549689e+01
  24 3.7836698895e+04  -2.06e+04  1.89e+02    1.349107e+00  -9.496600e-02   9.545056e-02   5.825393e+01
   * 1.6473229991e+05   7.70e+04  1.89e+03    1.356715e+00   9.001250e-02   9.514036e-02   4.495560e+01
  25 3.2067395515e+04  -1.80e+04  1.89e+02    1.349205e+00  -8.992778e-02   9.547315e-02   5.727342e+01
   * 8.2145406717e+04   6.10e+04  1.89e+03    1.355562e+00   6.310997e-02   9.511716e-02   4.459261e+01
  26 2.7610141762e+04  -1.61e+04  1.89e+02    1.349263e+00  -8.600133e-02   9.549368e-02   5.638038e+01
   * 3.5361732139e+04   2.19e+04  1.89e+03    1.354734e+00   4.419929e-02   9.511884e-02   4.432737e+01
  27 2.4042092631e+04  -1.48e+04  1.89e+02    1.349300e+00  -8.271342e-02   9.551288e-02   5.557190e+01
  28 1.2568593256e+04  -9.13e+04  1.89e+01    1.354103e+00   2.979914e-02   9.512845e-02   4.411929e+01
  29 1.6233055363e+03  -6.74e+05  1.89e+00    1.369917e+00  -2.185816e-02   9.072474e-02   2.430012e+01
   * 1.8749149567e+03   1.34e+04  1.89e+01    1.284556e+00  -2.784062e-02   1.074677e-01   3.609896e+01
   * 1.7521785217e+03   7.36e+03  1.89e+02    1.317403e+00  -2.775332e-02   1.064094e-01   3.533708e+01
  30 1.0903772794e+03  -4.89e+04  1.89e+01    1.367689e+00  -2.477594e-02   9.137860e-02   2.621246e+01
   * 1.1333880876e+03   3.79e+03  1.89e+02    1.313979e+00  -3.099434e-02   1.069344e-01   3.678586e+01
  31 8.2962074698e+02  -3.14e+04  1.89e+01    1.367819e+00  -2.743679e-02   9.131854e-02   2.899128e+01
  32 6.9887388963e+02  -1.87e+04  1.89e+00    1.328295e+00  -3.315448e-02   1.025073e-01   3.723724e+01
  33 4.4010312953e+02  -5.88e+04  1.89e-01    1.088399e+00  -3.403873e-02   9.738656e-02   3.798737e+01
   * 4.0096743577e+04   9.89e+04  1.89e+00   -1.113699e+01   1.580238e-01  -4.609048e-01   3.798061e+01
   * 5.2808177205e+02   1.67e+04  1.89e+01    8.086730e-01  -3.008597e-02   8.017030e-02   3.824330e+01
   * 4.9466955574e+02   1.10e+04  1.89e+02    1.098536e+00  -3.479891e-02   9.434395e-02   3.829299e+01
   * 4.8677438018e+02   9.59e+03  1.89e+03    1.089093e+00  -3.495044e-02   9.722154e-02   3.824365e+01
   * 4.6912424073e+02   6.19e+03  1.89e+04    1.088402e+00  -3.468034e-02   9.738360e-02   3.799193e+01
   * 4.4161954415e+02   3.43e+02  1.89e+05    1.088398e+00  -3.411450e-02   9.738646e-02   3.798726e+01
   * 4.4176916902e+02   3.77e+02  1.89e+06    1.088399e+00  -3.403958e-02   9.738656e-02   3.798737e+01
   * 4.4175482830e+02   3.74e+02  1.89e+07    1.088399e+00  -3.403874e-02   9.738656e-02   3.798737e+01
   * 4.4175468500e+02   3.74e+02  1.89e+08    1.088399e+00  -3.403873e-02   9.738656e-02   3.798737e+01
   * 4.4010312955e+02   3.29e-06  1.89e+09    1.088399e+00  -3.403873e-02   9.738656e-02   3.798737e+01
   * 4.4175468356e+02   3.74e+02  1.89e+10    1.088399e+00  -3.403873e-02   9.738656e-02   3.798737e+01
   * 4.4010312953e+02   1.54e-08  1.89e+11    1.088399e+00  -3.403873e-02   9.738656e-02   3.798737e+01
  34 4.4010312953e+02   0.00e+00  1.89e+10    1.088399e+00  -3.403873e-02   9.738656e-02   3.798737e+01
iter      chisq       delta/lim  lambda   a             b             c             d            

After 34 iterations the fit converged.
final sum of squares of residuals : 440.103
rel. change during last iteration : 0

degrees of freedom    (FIT_NDF)                        : 6
rms of residuals      (FIT_STDFIT) = sqrt(WSSR/ndf)    : 8.56449
variance of residuals (reduced chisquare) = WSSR/ndf   : 73.3505
p-value of the Chisq distribution (FIT_P)              : 0

Final set of parameters            Asymptotic Standard Error
=======================            ==========================
a               = 1.0884           +/- 34.18        (3140%)
b               = -0.0340387       +/- 0.5382       (1581%)
c               = 0.0973866        +/- 1.548        (1590%)
d               = 37.9874          +/- 2.431        (6.399%)

correlation matrix of the fit parameters:
                a      b      c      d      
a               1.000 
b              -1.000  1.000 
c               1.000 -1.000  1.000 
d               0.307 -0.313  0.316  1.000 
