271.250270 -3.827454
269.189126 -3.874861
267.127982 -3.922509
265.066838 -3.970393
263.005694 -4.018507
260.944550 -4.066845
258.883406 -4.115401
256.822263 -4.164170
254.761119 -4.213146
252.699975 -4.262321
250.638831 -4.311690
248.577687 -4.361247
246.516543 -4.410984
244.455399 -4.460894
242.394255 -4.510971
240.333111 -4.561209
238.271967 -4.611599
236.210823 -4.662134
234.149679 -4.712808
232.088535 -4.763612
230.027391 -4.814539
227.966247 -4.865581
225.905103 -4.916731
223.843959 -4.967981
221.782815 -5.019322
219.721671 -5.070746
217.660527 -5.122245
215.599384 -5.173811
213.538240 -5.225435
211.477096 -5.277109
209.415952 -5.328824
207.354808 -5.380571
205.293664 -5.432342
203.232520 -5.484126
201.171376 -5.535917
199.110232 -5.587703
197.049088 -5.639476
194.987944 -5.691228
192.926800 -5.742947
190.865656 -5.794625
188.804512 -5.846253
186.743368 -5.897821
184.682224 -5.949318
182.621080 -6.000736
180.559936 -6.052065
178.498792 -6.103294
176.437648 -6.154415
174.376505 -6.205416
172.315361 -6.256287
170.254217 -6.307020
168.193073 -6.357603
166.131929 -6.408027
164.070785 -6.458281
162.009641 -6.508355
159.948497 -6.558238
157.887353 -6.607922
155.826209 -6.657394
153.765065 -6.706645
151.703921 -6.755665
149.642777 -6.804443
147.581633 -6.852969
145.520489 -6.901231
143.459345 -6.949221
141.398201 -6.996928
139.337057 -7.044341
137.275913 -7.091449
135.214769 -7.138243
133.153625 -7.184712
131.092482 -7.230845
129.031338 -7.276633
126.970194 -7.322066
124.909050 -7.367132
122.847906 -7.411821
120.786762 -7.456124
118.725618 -7.500031
116.664474 -7.543530
114.603330 -7.586613
112.542186 -7.629268
110.481042 -7.671487
108.419898 -7.713259
106.358754 -7.754573
104.297610 -7.795421
102.236466 -7.835793
100.175322 -7.875677
98.114178 -7.915065
96.053034 -7.953946
93.991890 -7.992308
91.930746 -8.030142
89.869603 -8.067435
87.808459 -8.104173
85.747315 -8.140342
83.686171 -8.175925
81.625027 -8.210902
79.563883 -8.245247
77.502739 -8.278930
75.441595 -8.311910
73.380451 -8.344137
71.319307 -8.375545
69.258163 -8.406045
67.197019 -8.435527
65.135875 -8.463842
63.074731 -8.490799
61.013587 -8.516150
58.952443 -8.539577
56.891299 -8.560672
54.830155 -8.578916
52.769011 -8.593657
50.707867 -8.604076
48.646724 -8.609158
46.585580 -8.607653
44.524436 -8.598038
42.463292 -8.578465
40.402148 -8.546725
38.341004 -8.500188
36.279860 -8.435748
34.218716 -8.349699
32.157572 -8.237349
30.096428 -8.091621
28.035284 -7.898408
25.974140 -7.623247
23.912996 -7.179308
21.851852 -6.365225
19.790708 -4.774751
17.729564 -1.722234
15.668420 3.709343
13.607276 12.366985
11.546132 24.451881
9.484988 38.914324
7.423845 53.308957
5.362701 64.503974
3.301557 70.079386
1.240413 69.600261
-0.820731 64.849817
-2.881875 58.788774
-4.943019 53.938249
-7.004163 51.251948
-9.065307 50.079231
-11.126451 49.006892
-13.187595 46.878916
-15.248739 43.383237
-17.309883 39.025346
-19.371027 34.699489
-21.432171 31.205916
-23.493315 28.964436
-25.554459 27.983289
-27.615603 27.996417
-29.676747 28.640672
-31.737891 29.584681
-33.799035 30.584815
-35.860178 31.486826
-37.921322 32.203286
-39.982466 32.688690
-42.043610 32.921517
-44.104754 32.894116
-46.165898 32.608031
-48.227042 32.072379
-50.288186 31.303893
-52.349330 30.328404
-54.410474 29.184385
-56.471618 27.929472
-58.532762 26.649516
-60.593906 25.465818
-62.655050 24.530278
-64.716194 23.995243
-66.777338 23.953032
-68.838482 24.363092
-70.899626 25.010925
-72.960770 25.545827
-75.021914 25.605676
-77.083057 24.973658
-79.144201 23.675097
-81.205345 21.952238
-83.266489 20.134282
-85.327633 18.485491
-87.388777 17.115388
-89.449921 15.980635
-91.511065 14.949363
-93.572209 13.876672
-95.633353 12.655555
-97.694497 11.235244
-99.755641 9.616789
-101.816785 7.838976
-103.877929 5.963073
-105.939073 4.059818
-108.000217 2.199218
-110.061361 0.443050
-112.122505 -1.160109
-114.183649 -2.577413
-116.244793 -3.792061
-118.305936 -4.801816
-120.367080 -5.616282
-122.428224 -6.253552
-124.489368 -6.736789
-126.550512 -7.091174
-128.611656 -7.341482
-130.672800 -7.510393
-132.733944 -7.617517
-134.795088 -7.679012
-136.856232 -7.707642
-138.917376 -7.713122
-140.978520 -7.702600
-143.039664 -7.681176
-145.100808 -7.652394
-147.161952 -7.618655
-149.223096 -7.581556
-151.284240 -7.542142
-153.345384 -7.501090
-155.406528 -7.458836
-157.467672 -7.415664
-159.528815 -7.371758
-161.589959 -7.327244
-163.651103 -7.282204
-165.712247 -7.236700
-167.773391 -7.190775
-169.834535 -7.144462
-171.895679 -7.097788
-173.956823 -7.050774
-176.017967 -7.003437
-178.079111 -6.955794
-180.140255 -6.907858
-182.201399 -6.859643
-184.262543 -6.811159
-186.323687 -6.762420
-188.384831 -6.713436
-190.445975 -6.664218
-192.507119 -6.614777
-194.568263 -6.565123
-196.629407 -6.515267
-198.690551 -6.465219
-200.751695 -6.414990
-202.812838 -6.364589
-204.873982 -6.314027
-206.935126 -6.263315
-208.996270 -6.212462
-211.057414 -6.161478
-213.118558 -6.110374
-215.179702 -6.059159
-217.240846 -6.007844
-219.301990 -5.956437
-221.363134 -5.904950
-223.424278 -5.853392
-225.485422 -5.801772
-227.546566 -5.750100
-229.607710 -5.698385
-231.668854 -5.646638
-233.729998 -5.594867
-235.791142 -5.543082
-237.852286 -5.491292
-239.913430 -5.439506
-241.974574 -5.387733
-244.035717 -5.335982
-246.096861 -5.284262
-248.158005 -5.232582
-250.219149 -5.180950
-252.280293 -5.129376
-254.341437 -5.077867
