271.250270 -2.506217
269.189126 -3.327446
267.127982 -3.521511
265.066838 -3.791458
263.005694 -4.738397
260.944550 -5.096072
258.883406 -5.021686
256.822263 -5.486392
254.761119 -5.534789
252.699975 -4.485410
250.638831 -3.427191
248.577687 -3.096154
246.516543 -3.056264
244.455399 -3.114486
242.394255 -3.467011
240.333111 -4.253894
238.271967 -4.814595
236.210823 -4.738172
234.149679 -4.659366
232.088535 -4.734791
230.027391 -4.810609
227.966247 -5.149042
225.905103 -5.514011
223.843959 -5.522360
221.782815 -5.529902
219.721671 -5.705228
217.660527 -5.531411
215.599384 -5.226189
213.538240 -5.047067
211.477096 -4.804185
209.415952 -4.842467
207.354808 -5.382420
205.293664 -6.429610
203.232520 -7.006750
201.171376 -6.728924
199.110232 -6.201235
197.049088 -6.170081
194.987944 -6.415899
192.926800 -6.176209
190.865656 -5.725486
188.804512 -5.428472
186.743368 -5.256162
184.682224 -5.362268
182.621080 -5.857122
180.559936 -5.778746
178.498792 -5.465040
176.437648 -5.321330
174.376505 -5.200641
172.315361 -5.362290
170.254217 -5.724099
168.193073 -6.294484
166.131929 -6.357522
164.070785 -6.017456
162.009641 -5.957938
159.948497 -6.137302
157.887353 -6.411180
155.826209 -6.367487
153.765065 -6.061355
151.703921 -5.779458
149.642777 -5.503387
147.581633 -5.490124
145.520489 -5.979549
143.459345 -6.213002
141.398201 -6.011706
139.337057 -6.103448
137.275913 -6.615683
135.214769 -7.179070
133.153625 -7.742837
131.092482 -8.114988
129.031338 -8.051937
126.970194 -7.920497
124.909050 -7.715827
122.847906 -7.597821
120.786762 -7.836898
118.725618 -7.869243
116.664474 -7.981462
114.603330 -8.154998
112.542186 -7.932954
110.481042 -7.790339
108.419898 -7.850523
106.358754 -7.950774
104.297610 -7.921441
102.236466 -7.764788
100.175322 -7.844069
98.114178 -8.398758
96.053034 -9.026816
93.991890 -9.038866
91.930746 -8.830948
89.869603 -9.061281
87.808459 -9.132286
85.747315 -8.975984
83.686171 -8.872028
81.625027 -8.903667
79.563883 -8.858715
77.502739 -8.660841
75.441595 -8.483933
73.380451 -8.961726
71.319307 -9.324559
69.258163 -9.001919
67.197019 -8.930677
65.135875 -9.292347
63.074731 -8.904506
61.013587 -7.990300
58.952443 -7.844288
56.891299 -7.964492
54.830155 -7.480794
52.769011 -7.075128
50.707867 -7.632072
48.646724 -8.357881
46.585580 -8.659845
44.524436 -8.781492
42.463292 -8.697433
40.402148 -8.459758
38.341004 -8.111278
36.279860 -8.046384
34.218716 -8.857829
32.157572 -9.669670
30.096428 -9.443834
28.035284 -8.352490
25.974140 -7.366073
23.912996 -6.588484
21.851852 -5.207073
19.790708 -3.154345
17.729564 -0.577866
15.668420 3.809020
13.607276 11.887200
11.546132 23.826589
9.484988 38.206490
7.423845 53.388029
5.362701 65.586432
3.301557 70.672460
1.240413 68.961224
-0.820731 63.837040
-2.881875 58.678066
-4.943019 54.849448
-7.004163 52.021954
-9.065307 49.720986
-11.126451 48.100665
-13.187595 46.676512
-15.248739 43.812322
-17.309883 39.170104
-19.371027 34.814539
-21.432171 31.740769
-23.493315 29.204175
-25.554459 27.525684
-27.615603 26.952542
-29.676747 27.518565
-31.737891 28.647354
-33.799035 30.138751
-35.860178 32.320607
-37.921322 33.453253
-39.982466 33.357852
-42.043610 33.083882
-44.104754 32.815051
-46.165898 33.034910
-48.227042 32.954664
-50.288186 31.879769
-52.349330 30.122030
-54.410474 28.784298
-56.471618 27.603559
-58.532762 25.627736
-60.593906 24.131352
-62.655050 24.236406
-64.716194 24.870719
-66.777338 25.152024
-68.838482 25.051428
-70.899626 24.680773
-72.960770 24.462104
-75.021914 24.694936
-77.083057 24.816953
-79.144201 24.725238
-81.205345 23.695423
-83.266489 20.420206
-85.327633 16.772394
-87.388777 15.586001
-89.449921 15.608259
-91.511065 15.138812
-93.572209 14.304696
-95.633353 13.486470
-97.694497 13.030268
-99.755641 11.254752
-101.816785 7.686327
-103.877929 4.322813
-105.939073 2.226941
-108.000217 1.199442
-110.061361 -0.086561
-112.122505 -1.643623
-114.183649 -2.711718
-116.244793 -3.420052
-118.305936 -3.601731
-120.367080 -3.858657
-122.428224 -4.721670
-124.489368 -6.257345
-126.550512 -7.408400
-128.611656 -7.216245
-130.672800 -6.655867
-132.733944 -6.688124
-134.795088 -7.277573
-136.856232 -7.908029
-138.917376 -8.117420
-140.978520 -7.666950
-143.039664 -7.136429
-145.100808 -7.354772
-147.161952 -7.402705
-149.223096 -7.373162
-151.284240 -7.609910
-153.345384 -7.859128
-155.406528 -7.867272
-157.467672 -7.095294
-159.528815 -6.422099
-161.589959 -6.576097
-163.651103 -6.949449
-165.712247 -7.194560
-167.773391 -6.941530
-169.834535 -6.958915
-171.895679 -7.441191
-173.956823 -7.528582
-176.017967 -7.246292
-178.079111 -6.866638
-180.140255 -6.330607
-182.201399 -5.885323
-184.262543 -6.213948
-186.323687 -6.498780
-188.384831 -6.570161
-190.445975 -6.922870
-192.507119 -6.587270
-194.568263 -6.131234
-196.629407 -6.193495
-198.690551 -6.229484
-200.751695 -6.415187
-202.812838 -6.600555
-204.873982 -6.431941
-206.935126 -6.334832
-208.996270 -6.736710
-211.057414 -7.599547
-213.118558 -7.748779
-215.179702 -7.044472
-217.240846 -6.678073
-219.301990 -6.576056
-221.363134 -6.811512
-223.424278 -7.281223
-225.485422 -7.094600
-227.546566 -6.672130
-229.607710 -6.610147
-231.668854 -6.415267
-233.729998 -6.283997
-235.791142 -6.653007
-237.852286 -6.486135
-239.913430 -5.497475
-241.974574 -4.801172
-244.035717 -4.469330
-246.096861 -4.065726
-248.158005 -3.841408
-250.219149 -3.942594
-252.280293 -4.138525
-254.341437 -4.223619
