# BEGINHEADER
# This file contains data from the SALSA 2m radio telescope.
# DATE=2024-01-31T12:56:0029
# GLON and GLAT given in degrees
# GLON=89.87810149778306
# GLAT=0.03018358362729901
# DATA in two columns below. Col. 1 is velocity relative to LSR [km/s]. Col. 2 is uncalibrated antenna temperature [K].
# ENDHEADER
271.25027017953795 -1.7507224882468122
269.1891262289393 -4.438752238602646
267.12798227834065 -3.64593637124867
265.066838327742 -2.2424618517803108
263.00569437714336 -5.968244660052649
260.94455042654477 -5.658479037524079
258.8834064759461 -3.72911832551273
256.82226252534747 -6.00609162332562
254.76111857474882 -6.654726352535967
252.69997462415017 -4.33082988183435
250.63883067355155 -2.520116429030212
248.57768672295288 -3.3919861184085334
246.51654277235426 -2.8145303304097515
244.4553988217556 -3.2390165493387126
242.39425487115696 -2.8256736782361824
240.33311092055834 -4.386507217546426
238.27196696995966 -5.694046431259511
236.21082301936104 -4.334424054204917
234.1496790687624 -4.487242293928102
232.08853511816378 -5.1067125295265825
230.02739116756513 -4.33478922075848
227.96624721696648 -5.108388592650002
225.90510326636783 -5.962960371210975
223.8439593157692 -5.564324905527561
221.78281536517056 -4.9321399961920855
219.72167141457192 -6.389735938533002
217.66052746397327 -5.617713571569305
215.59938351337465 -4.615535088001116
213.538239562776 -5.881672289927073
211.47709561217738 -3.897913374357304
209.4159516615787 -5.355511431916775
207.35480771098008 -4.102017098598969
205.29366376038143 -7.367042667429479
203.2325198097828 -7.379945301214336
201.17137585918417 -7.015681519146365
199.1102319085855 -5.760370841030773
197.04908795798684 -5.556123385784914
194.9879440073882 -7.4616956616511
192.92680005678957 -5.833528512938384
190.86565610619093 -5.87510921266718
188.8045121555923 -4.974425058008059
186.74336820499363 -5.935660874687538
184.682224254395 -3.7679300776348095
182.62108030379636 -7.480701749174544
180.55993635319774 -5.448566672645432
178.49879240259907 -5.037053069160589
176.43764845200045 -6.046725702969796
174.3765045014018 -4.158591935481874
172.31536055080318 -6.200886605006926
170.25421660020453 -4.591717805429424
168.19307264960585 -7.245533974310365
166.13192869900723 -6.709332061161209
164.07078474840858 -5.307394709870641
162.00964079780996 -6.332836837358591
159.94849684721132 -5.555531065135781
157.88735289661267 -7.014991020496939
155.82620894601402 -6.422008644360349
153.7650649954154 -5.958124722407595
151.70392104481675 -5.773173880100303
149.64277709421813 -5.711738459249506
147.58163314361946 -4.522215969591021
145.52048919302084 -6.519382830908416
143.4593452424222 -6.704847103347784
141.39820129182357 -5.5722373366754665
139.3370573412249 -5.759898297479554
137.27591339062627 -6.799614122273326
135.21476944002762 -7.143407527125122
133.153625489429 -7.57473324062435
131.09248153883036 -8.880484952973484
129.0313375882317 -7.662698014440398
126.97019363763306 -7.992037797978365
124.90904968703443 -8.169997724411669
122.84790573643578 -6.418852921066844
120.78676178583714 -8.916318370771467
118.72561783523851 -7.430283313725881
116.66447388463986 -7.585332324163411
114.60332993404123 -9.167830897914644
112.54218598344258 -7.258133923265648
110.48104203284394 -7.948603174904939
108.4198980822453 -7.689191534030826
106.35875413164665 -8.074107119969854
104.29761018104801 -8.106991030588373
102.23646623044937 -7.604812272454483
100.17532227985073 -7.491536590891366
98.11417832925208 -8.179982550325219
96.05303437865345 -9.587600387869802
93.99189042805482 -9.642528537473996
91.93074647745617 -7.486977570364379
89.86960252685753 -10.085706683669413
87.80845857625889 -8.761125638057567
85.74731462566025 -9.334028388770118
83.6861706750616 -8.27007994597131
81.62502672446297 -9.522513724212198
79.56388277386434 -8.288815519888969
77.50273882326569 -9.658345199212949
75.44159487266705 -7.014972613423246
73.3804509220684 -9.379789482105167
71.31930697146977 -10.155656274518437
69.25816302087111 -8.6746571704437
67.19701907027248 -8.06128415775293
65.13587511967384 -10.188860264166363
63.0747311690752 -9.8038565484739
61.01358721847655 -6.552772088921621
58.95244326787792 -7.933342509099604
56.89129931727928 -8.552747398854093
54.830155366680636 -7.829350003249255
52.769011416081995 -5.616574550432963
50.70786746548335 -7.9591577405145655
48.64672351488471 -8.850772888880499
46.58557956428607 -8.38719601884552
44.52443561368744 -9.12787936795446
42.463291663088796 -8.694612439318593
40.40214771249015 -8.409090352726913
38.34100376189151 -8.546452357543906
36.279859811292866 -6.665546100622396
34.218715860694225 -9.18883756009314
32.15757191009559 -10.28907581503676
30.096427959496946 -10.247235007996858
28.03528400889831 -7.992268281854655
25.974140058299664 -6.897445694145914
23.912996107701023 -7.274951808288827
21.851852157102385 -5.685153912373267
19.790708206503744 -2.919002814573582
17.729564255905103 -1.324762935514653
15.668420305306462 1.602983652705197
13.60727635470782 9.280605305781094
11.546132404109182 23.27789880264487
9.484988453510539 37.0378742677376
7.4238445029119 54.222941673113695
5.3627005523132585 70.9663961875914
3.301556601714618 74.10722138135785
1.240412651115977 70.9556682697467
-0.8207312994826637 63.12850681241745
-2.8818752500813045 57.83693559280723
-4.943019200679945 54.22459861278793
-7.004163151278586 52.13806743761136
-9.065307101877226 49.19656210310102
-11.126451052475868 47.55913319519808
-13.18759500307451 47.612853857228174
-15.24873895367315 45.62247965077041
-17.30988290427179 38.68706829301318
-19.37102685487043 33.10948856196215
-21.432170805469074 32.78073796258506
-23.493314756067715 27.909102053414866
-25.554458706666356 27.44522773767483
-27.615602657264994 26.090093209146318
-29.676746607863635 26.909332483785935
-31.73789055846228 29.775648323448028
-33.79903450906092 27.767755844557033
-35.860178459659565 34.2206612228184
-37.9213224102582 34.36860475983682
-39.98246636085684 32.34152642803444
-42.04361031145548 34.42959817718032
-44.10475426205412 31.080502134886345
-46.16589821265276 34.08440524458797
-48.227042163251404 33.04574029169725
-50.288186113850045 32.96641651257721
-52.34933006444868 29.32114945559229
-54.41047401504732 28.189464481404194
-56.47161796564597 29.120186700001174
-58.53276191624461 25.26117459461757
-60.59390586684325 22.35936930310663
-62.65504981744189 24.492511956118502
-64.71619376804053 25.105014536781013
-66.77733771863917 25.351668035466986
-68.83848166923781 25.14525487538086
-70.89962561983646 24.944260112407846
-72.96076957043509 23.464417629846253
-75.02191352103372 25.39485555966479
-77.08305747163237 24.727182308854463
-79.144201422231 24.515814691682944
-81.20534537282965 25.886422201833877
-83.26648932342829 21.441412900768864
-85.32763327402694 13.454007938565185
-87.38877722462558 15.456536300578415
-89.44992117522422 16.6885367776231
-91.51106512582287 14.453947971455515
-93.5722090764215 15.450396466340845
-95.63335302702015 11.734609304860497
-97.69449697761878 14.315882387238126
-99.75564092821742 13.279745690645827
-101.81678487881607 6.420875332345651
-103.8779288294147 4.29786171176229
-105.93907278001335 0.6497208963224613
-108.00021673061198 2.107174335089548
-110.06136068121063 0.4392695271233565
-112.12250463180926 -2.9380089148522077
-114.1836485824079 -1.7402183944126335
-116.24479253300655 -4.8329290602715735
-118.30593648360518 -2.817728333147435
-120.36708043420383 -3.973770533583389
-122.42822438480246 -3.9068317890038933
-124.48936833540112 -6.222773649571701
-126.55051228599976 -9.081762960344907
-128.61165623659838 -6.957778349157161
-130.67280018719703 -6.262690488545868
-132.73394413779567 -6.306502831879532
-134.79508808839432 -7.251785179257854
-136.85623203899294 -8.296221194958182
-138.9173759895916 -8.17567295861816
-140.9785199401902 -8.758900002416139
-143.0396638907889 -4.970849999670958
-145.10080784138754 -8.867654175416117
-147.16195179198616 -6.982373439710236
-149.2230957425848 -6.9937146813010616
-151.28423969318345 -8.107947856988028
-153.3453836437821 -7.187879259622775
-155.40652759438072 -9.171108354824838
-157.46767154497937 -6.98679977828378
-159.528815495578 -5.094241562043502
-161.58995944617666 -7.472220925818658
-163.65110339677528 -6.0065864431193114
-165.71224734737393 -8.544040832900718
-167.77339129797255 -6.32982398875165
-169.8345352485712 -6.221436593319821
-171.89567919916985 -8.366196156127462
-173.9568231497685 -7.369670368514985
-176.01796710036712 -7.491037137801192
-178.07911105096576 -6.556304135941551
-180.1402550015644 -7.184765429496777
-182.20139895216306 -4.327795289196478
-184.2625429027617 -6.645570298765023
-186.32368685336033 -7.441691779371147
-188.38483080395898 -4.761046043993052
-190.44597475455762 -8.799072679344702
-192.50711870515627 -6.258445997575133
-194.5682626557549 -5.232592901763243
-196.62940660635354 -7.003726581567517
-198.69055055695216 -5.71720105882638
-200.7516945075508 -6.2797121749525795
-202.81283845814943 -7.33049743888852
-204.87398240874808 -5.946088535142757
-206.93512635934673 -6.496703264149245
-208.99627030994537 -5.758150796903048
-211.057414260544 -8.252082017265591
-213.11855821114264 -9.081506149870776
-215.17970216174126 -5.663290691911435
-217.24084611233994 -7.207243358994986
-219.30199006293856 -6.371884744108211
-221.3631340135372 -6.011873764011259
-223.42427796413585 -8.442072801529115
-225.48542191473447 -7.147059296622546
-227.54656586533315 -5.933720262963998
-229.60770981593177 -7.047603342938861
-231.66885376653042 -6.7257225388573225
-233.72999771712904 -5.146427672334245
-235.79114166772771 -7.301588491830207
-237.85228561832633 -7.549414916182346
-239.91342956892498 -4.665410051829392
-241.9745735195236 -4.592658489658546
-244.03571747012225 -4.872295492012209
-246.0968614207209 -3.774207901348708
-248.15800537131955 -3.6478044475009184
-250.21914932191817 -3.873296517568618
-252.28029327251681 -4.303009089616018
-254.34143722311543 -4.2269304345509235
