-4096,0.00386816
-4094,0.00329098
-4092,0.00562399
-4090,0.00842793
-4088,0.0160244
-4086,0.0113748
-4084,0.00272116
-4082,0.0115641
-4080,0.0113961
-4078,0.00664315
-4076,0.00922056
-4074,0.0153035
-4072,0.0109259
-4070,0.0100053
-4068,0.0181901
-4066,0.007145
-4064,0.0155236
-4062,0.0117721
-4060,0.0150372
-4058,0.0180969
-4056,0.0268238
-4054,0.00732313
-4052,0.0218299
-4050,0.0226467
-4048,0.00448832
-4046,0.00498205
-4044,0.0092769
-4042,0.0165845
-4040,0.00623165
-4038,0.0109444
-4036,0.0134609
-4034,0.0143785
-4032,0.00625429
-4030,0.00800172
-4028,0.00999409
-4026,0.00214873
-4024,0.00288886
-4022,0.0119904
-4020,0.0147096
-4018,0.019897
-4016,0.0277154
-4014,0.022729
-4012,0.0163672
-4010,0.0017108
-4008,0.00767683
-4006,0.0157643
-4004,0.0204253
-4002,0.0144052
-4000,0.0100162
-3998,0.00360751
-3996,0.00738888
-3994,0.00673728
-3992,0.0168264
-3990,0.00636529
-3988,0.0145186
-3986,0.0140634
-3984,0.0209411
-3982,0.0181555
-3980,0.00202492
-3978,0.00217159
-3976,0.00424016
-3974,0.0139077
-3972,0.0238604
-3970,0.0173674
-3968,0.0011353
-3966,0.00913186
-3964,0.0150454
-3962,0.0129694
-3960,0.0115781
-3958,0.0155988
-3956,0.0182035
-3954,0.0162558
-3952,0.0128094
-3950,0.0153648
-3948,0.0179218
-3946,0.0180825
-3944,0.0131453
-3942,0.00985233
-3940,0.00267024
-3938,0.0127062
-3936,0.00997523
-3934,0.0241794
-3932,0.022619
-3930,0.0209444
-3928,0.018936
-3926,0.0103671
-3924,0.00345248
-3922,0.00605905
-3920,0.011036
-3918,0.00928762
-3916,0.00349492
-3914,0.00935624
-3912,0.0187883
-3910,0.0211672
-3908,0.0170529
-3906,0.0136873
-3904,0.00691542
-3902,0.0050874
-3900,0.00469077
-3898,0.00904344
-3896,0.00799959
-3894,0.00973826
-3892,0.00800808
-3890,0.0112553
-3888,0.0178311
-3886,0.0121809
-3884,0.0141197
-3882,0.0120807
-3880,0.0123911
-3878,0.0107559
-3876,0.00849271
-3874,0.00873714
-3872,0.012335
-3870,0.0115127
-3868,0.0102001
-3866,0.00872767
-3864,0.0119443
-3862,0.0119537
-3860,0.00698083
-3858,0.0122133
-3856,0.00754904
-3854,0.0144707
-3852,0.0186282
-3850,0.0101394
-3848,0.00297607
-3846,0.0181178
-3844,0.023417
-3842,0.0252392
-3840,0.0235918
-3838,0.0115345
-3836,0.00802331
-3834,0.00820481
-3832,0.00294407
-3830,0.00491934
-3828,0.0102281
-3826,0.00792169
-3824,0.0081269
-3822,0.00702635
-3820,0.012266
-3818,0.0259609
-3816,0.0228918
-3814,0.0223614
-3812,0.0159039
-3810,0.0149876
-3808,0.00549417
-3806,0.00839805
-3804,0.00888425
-3802,0.0243913
-3800,0.0197653
-3798,0.0155626
-3796,0.0191306
-3794,0.0128307
-3792,0.019183
-3790,0.0272079
-3788,0.0195459
-3786,0.0151657
-3784,0.0146661
-3782,0.014678
-3780,0.0154727
-3778,0.0131785
-3776,0.0100978
-3774,0.010119
-3772,0.00729804
-3770,0.00982338
-3768,0.00982644
-3766,0.0163006
-3764,0.00415353
-3762,0.0121674
-3760,0.00932935
-3758,0.00789686
-3756,0.0119067
-3754,0.0160255
-3752,0.00505243
-3750,0.0170712
-3748,0.0119036
-3746,0.007309
-3744,0.0150192
-3742,0.019288
-3740,0.00162706
-3738,0.0151026
-3736,0.0205091
-3734,0.00820308
-3732,0.00657354
-3730,0.0146983
-3728,0.0290816
-3726,0.0281654
-3724,0.0161129
-3722,0.0130433
-3720,0.0299134
-3718,0.0275278
-3716,0.018501
-3714,0.0221984
-3712,0.0130367
-3710,0.0182338
-3708,0.0076329
-3706,0.00406272
-3704,0.00816658
-3702,0.0159414
-3700,0.013344
-3698,0.0165598
-3696,0.0228175
-3694,0.0179741
-3692,0.014761
-3690,0.0161904
-3688,0.00956404
-3686,0.0157054
-3684,0.0221329
-3682,0.0189492
-3680,0.0164332
-3678,0.00953364
-3676,0.00373299
-3674,0.0088173
-3672,0.0197905
-3670,0.0224915
-3668,0.00658034
-3666,0.00811689
-3664,0.00502298
-3662,0.0160351
-3660,0.0133595
-3658,0.01042
-3656,0.0135174
-3654,0.0111678
-3652,0.0112105
-3650,0.0177242
-3648,0.0212751
-3646,0.026299
-3644,0.019294
-3642,0.011671
-3640,0.000176742
-3638,0.0165136
-3636,0.0111132
-3634,0.0111433
-3632,0.0216694
-3630,0.0135442
-3628,0.00733621
-3626,0.0143745
-3624,0.0265026
-3622,0.0229346
-3620,0.0108482
-3618,0.00476174
-3616,0.00560923
-3614,0.00792447
-3612,0.00511935
-3610,0.00962354
-3608,0.00909404
-3606,0.0150551
-3604,0.0104438
-3602,0.00916048
-3600,0.0138028
-3598,0.00885915
-3596,0.00955467
-3594,0.014703
-3592,0.0121268
-3590,0.0113962
-3588,0.028428
-3586,0.0254772
-3584,0.0174257
-3582,0.0123783
-3580,0.00366015
-3578,0.00230438
-3576,0.00612564
-3574,0.00579426
-3572,0.0107649
-3570,0.00374033
-3568,0.00742563
-3566,0.0164135
-3564,0.0137057
-3562,0.0130483
-3560,0.00330589
-3558,0.0148845
-3556,0.0211111
-3554,0.0141589
-3552,0.0250916
-3550,0.0358849
-3548,0.0231485
-3546,0.0075895
-3544,0.0106105
-3542,0.0184256
-3540,0.0133768
-3538,0.0110231
-3536,0.022649
-3534,0.0179087
-3532,0.00792814
-3530,0.00229187
-3528,0.0126496
-3526,0.013448
-3524,0.00806177
-3522,0.0054253
-3520,0.0138066
-3518,0.0122076
-3516,0.00456897
-3514,0.0149988
-3512,0.0118121
-3510,0.0059578
-3508,0.0100757
-3506,0.00870646
-3504,0.0062425
-3502,0.0107282
-3500,0.00825944
-3498,0.00256979
-3496,0.00785302
-3494,0.00739025
-3492,0.00809481
-3490,0.0114928
-3488,0.0104757
-3486,0.0106347
-3484,0.0185467
-3482,0.0119461
-3480,0.0106816
-3478,0.0172155
-3476,0.00497965
-3474,0.00968769
-3472,0.0149502
-3470,0.0165724
-3468,0.0129091
-3466,0.00550805
-3464,0.00936321
-3462,0.00570556
-3460,0.00868938
-3458,0.0151211
-3456,0.00868521
-3454,0.00760722
-3452,0.0287688
-3450,0.0481846
-3448,0.0261787
-3446,0.0171595
-3444,0.0135039
-3442,0.0154667
-3440,0.011418
-3438,0.0179396
-3436,0.0167485
-3434,0.00655603
-3432,0.0162655
-3430,0.0101361
-3428,0.0100222
-3426,0.00784566
-3424,0.0227421
-3422,0.0113324
-3420,0.0180379
-3418,0.0229135
-3416,0.017669
-3414,0.0195018
-3412,0.0167246
-3410,0.00588215
-3408,0.0165592
-3406,0.0184556
-3404,0.00703914
-3402,0.0179374
-3400,0.01345
-3398,0.0079716
-3396,0.0182839
-3394,0.0180743
-3392,0.0123681
-3390,0.00237806
-3388,0.00258234
-3386,0.00375368
-3384,0.00286237
-3382,0.00611558
-3380,0.0150033
-3378,0.00969727
-3376,0.00657262
-3374,0.0162178
-3372,0.0210856
-3370,0.022112
-3368,0.026439
-3366,0.0289001
-3364,0.0171603
-3362,0.00573037
-3360,0.00482026
-3358,0.00219895
-3356,0.00161215
-3354,0.0089342
-3352,0.00426374
-3350,0.00384319
-3348,0.00543074
-3346,0.00491795
-3344,0.00815017
-3342,0.0176821
-3340,0.0208131
-3338,0.021832
-3336,0.00527911
-3334,0.00732201
-3332,0.0209219
-3330,0.0189603
-3328,0.0208056
-3326,0.0173405
-3324,0.0118078
-3322,0.00289684
-3320,0.010024
-3318,0.0152025
-3316,0.0114956
-3314,0.0131124
-3312,0.0281767
-3310,0.022907
-3308,0.00843786
-3306,0.00964246
-3304,0.0236863
-3302,0.0235996
-3300,0.017932
-3298,0.0248974
-3296,0.0208021
-3294,0.0134826
-3292,0.0110274
-3290,0.00382367
-3288,0.0150182
-3286,0.00966179
-3284,0.00490075
-3282,0.00500463
-3280,0.00526339
-3278,0.00503794
-3276,0.00839761
-3274,0.0152895
-3272,0.00973604
-3270,0.0132135
-3268,0.0208766
-3266,0.028785
-3264,0.0134809
-3262,0.0281642
-3260,0.0303494
-3258,0.0333059
-3256,0.0207638
-3254,0.01621
-3252,0.0290685
-3250,0.0267924
-3248,0.00406791
-3246,0.00818112
-3244,0.0124655
-3242,0.0102019
-3240,0.0126832
-3238,0.0111643
-3236,0.000933282
-3234,0.00758845
-3232,0.00645387
-3230,0.0101879
-3228,0.0128073
-3226,0.0166844
-3224,0.00738664
-3222,0.0147494
-3220,0.0124766
-3218,0.0149545
-3216,0.00667899
-3214,0.000961106
-3212,0.0020317
-3210,0.00536355
-3208,0.0071724
-3206,0.00730448
-3204,0.00913918
-3202,0.0103828
-3200,0.0165359
-3198,0.00771316
-3196,0.00736878
-3194,0.0178485
-3192,0.0250672
-3190,0.00969832
-3188,0.00703119
-3186,0.0092656
-3184,0.00462095
-3182,0.0122104
-3180,0.0116299
-3178,0.0123239
-3176,0.0135919
-3174,0.0141666
-3172,0.0229442
-3170,0.0142373
-3168,0.00702339
-3166,0.0182726
-3164,0.0359473
-3162,0.0340697
-3160,0.0230894
-3158,0.0162789
-3156,0.0214272
-3154,0.0358224
-3152,0.0633265
-3150,0.0866227
-3148,0.0384245
-3146,0.0251534
-3144,0.0154824
-3142,0.0111514
-3140,0.00864502
-3138,0.0185068
-3136,0.018415
-3134,0.0136635
-3132,0.0137787
-3130,0.00894139
-3128,0.0124334
-3126,0.0138756
-3124,0.0144431
-3122,0.0110415
-3120,0.0151859
-3118,0.00612123
-3116,0.0141226
-3114,0.0201591
-3112,0.0168685
-3110,0.014868
-3108,0.0033633
-3106,0.0142611
-3104,0.0239612
-3102,0.017857
-3100,0.00969729
-3098,0.0221693
-3096,0.0144899
-3094,0.0114427
-3092,0.00472036
-3090,0.00720455
-3088,0.00910458
-3086,0.0164582
-3084,0.0145626
-3082,0.0103908
-3080,0.00624677
-3078,0.00812808
-3076,0.0124556
-3074,0.00675348
-3072,0.00512856
-3070,0.0125212
-3068,0.0129008
-3066,0.0173827
-3064,0.0205954
-3062,0.0184863
-3060,0.0224734
-3058,0.00855125
-3056,0.00626801
-3054,0.0178235
-3052,0.0245752
-3050,0.0124752
-3048,0.00583955
-3046,0.0104154
-3044,0.00638954
-3042,0.00841864
-3040,0.00941034
-3038,0.0104898
-3036,0.0163956
-3034,0.00872377
-3032,0.00851322
-3030,0.0182948
-3028,0.0299888
-3026,0.0229807
-3024,0.0302851
-3022,0.0147686
-3020,0.00941375
-3018,0.0180848
-3016,0.019253
-3014,0.0177724
-3012,0.013926
-3010,0.00418406
-3008,0.00252624
-3006,0.00807805
-3004,0.00769137
-3002,0.00523587
-3000,0.0083915
-2998,0.00836589
-2996,0.0177716
-2994,0.0232348
-2992,0.0227947
-2990,0.0247354
-2988,0.0183813
-2986,0.019521
-2984,0.0293742
-2982,0.0352822
-2980,0.0308723
-2978,0.0261895
-2976,0.0192589
-2974,0.011957
-2972,0.020584
-2970,0.0117229
-2968,0.00984394
-2966,0.0185355
-2964,0.0252511
-2962,0.00980926
-2960,0.00573149
-2958,0.0189399
-2956,0.0237516
-2954,0.0332397
-2952,0.0344997
-2950,0.0321058
-2948,0.0248316
-2946,0.0227354
-2944,0.0194115
-2942,0.0202508
-2940,0.0100099
-2938,0.00963692
-2936,0.0181357
-2934,0.0284895
-2932,0.0370641
-2930,0.0347677
-2928,0.0186746
-2926,0.0117423
-2924,0.0140114
-2922,0.0144122
-2920,0.019513
-2918,0.0232297
-2916,0.0140477
-2914,0.0216037
-2912,0.0206531
-2910,0.0165312
-2908,0.0122947
-2906,0.00798827
-2904,0.012868
-2902,0.00157619
-2900,0.0154193
-2898,0.0168894
-2896,0.0104212
-2894,0.0128771
-2892,0.0119903
-2890,0.0177251
-2888,0.0183183
-2886,0.0168631
-2884,0.0130016
-2882,0.00502555
-2880,0.00980292
-2878,0.0122009
-2876,0.00578765
-2874,0.00744692
-2872,0.0183548
-2870,0.0199455
-2868,0.0135994
-2866,0.0157454
-2864,0.00887537
-2862,0.00722282
-2860,0.0124251
-2858,0.0183493
-2856,0.0219373
-2854,0.0224527
-2852,0.0239865
-2850,0.0312268
-2848,0.0216062
-2846,0.0153904
-2844,0.012724
-2842,0.0136228
-2840,0.0180822
-2838,0.0231249
-2836,0.0232908
-2834,0.0319517
-2832,0.0377677
-2830,0.0206331
-2828,0.0201716
-2826,0.018432
-2824,0.0124112
-2822,0.0173123
-2820,0.0116528
-2818,0.0245887
-2816,0.0318642
-2814,0.0332624
-2812,0.0231554
-2810,0.0135292
-2808,0.0133668
-2806,0.00341604
-2804,0.00221945
-2802,0.0152973
-2800,0.0110186
-2798,0.019434
-2796,0.0146383
-2794,0.0231565
-2792,0.0218703
-2790,0.0103763
-2788,0.0166296
-2786,0.0157511
-2784,0.0171306
-2782,0.0316041
-2780,0.0298207
-2778,0.0276812
-2776,0.0111551
-2774,0.00498028
-2772,0.0172062
-2770,0.0247498
-2768,0.0237895
-2766,0.0197021
-2764,0.00632328
-2762,0.00669315
-2760,0.0143148
-2758,0.00296839
-2756,0.0154086
-2754,0.0402296
-2752,0.0519415
-2750,0.082032
-2748,0.046705
-2746,0.0268536
-2744,0.0213323
-2742,0.0310198
-2740,0.0232054
-2738,0.0151513
-2736,0.0119339
-2734,0.0114371
-2732,0.016011
-2730,0.0242438
-2728,0.0208302
-2726,0.0139738
-2724,0.0145182
-2722,0.0109262
-2720,0.011121
-2718,0.0061991
-2716,0.0131263
-2714,0.0195439
-2712,0.0238314
-2710,0.0168812
-2708,0.011058
-2706,0.0196775
-2704,0.0151355
-2702,0.00577391
-2700,0.010419
-2698,0.0145752
-2696,0.0252029
-2694,0.0201932
-2692,0.0182237
-2690,0.0146324
-2688,0.0114581
-2686,0.00917828
-2684,0.00483372
-2682,0.0104058
-2680,0.0237712
-2678,0.0225776
-2676,0.0129867
-2674,0.00585245
-2672,0.00716498
-2670,0.00668657
-2668,0.0105389
-2666,0.0194452
-2664,0.0226459
-2662,0.0329114
-2660,0.0392027
-2658,0.0384479
-2656,0.0285992
-2654,0.0264596
-2652,0.0287082
-2650,0.0452046
-2648,0.0197736
-2646,0.0172559
-2644,0.0225515
-2642,0.0252591
-2640,0.0198862
-2638,0.0152463
-2636,0.0115261
-2634,0.0234467
-2632,0.0227332
-2630,0.0234943
-2628,0.0142616
-2626,0.00956493
-2624,0.0157019
-2622,0.0184224
-2620,0.0248923
-2618,0.0235921
-2616,0.0282556
-2614,0.024918
-2612,0.0130567
-2610,0.00125273
-2608,0.00180189
-2606,0.00656648
-2604,0.0145985
-2602,0.0137276
-2600,0.00430462
-2598,0.00886587
-2596,0.0198294
-2594,0.0159587
-2592,0.00363085
-2590,0.0114677
-2588,0.0197478
-2586,0.0240478
-2584,0.0179149
-2582,0.020834
-2580,0.024222
-2578,0.0171624
-2576,0.0164128
-2574,0.0152328
-2572,0.0259373
-2570,0.0206718
-2568,0.0223823
-2566,0.0241809
-2564,0.0264573
-2562,0.026979
-2560,0.0161482
-2558,0.0287742
-2556,0.024396
-2554,0.0163222
-2552,0.0318455
-2550,0.0441928
-2548,0.0351785
-2546,0.0449097
-2544,0.0248755
-2542,0.00831965
-2540,0.0246473
-2538,0.0330477
-2536,0.0197259
-2534,0.022357
-2532,0.00896728
-2530,0.0051439
-2528,0.00440589
-2526,0.0208798
-2524,0.0206892
-2522,0.00663711
-2520,0.00291843
-2518,0.00901985
-2516,0.0206242
-2514,0.033194
-2512,0.0342931
-2510,0.0285592
-2508,0.010476
-2506,0.00747861
-2504,0.00747576
-2502,0.019411
-2500,0.0318699
-2498,0.0220268
-2496,0.0100916
-2494,0.0151523
-2492,0.0225152
-2490,0.0226685
-2488,0.00854293
-2486,0.0177085
-2484,0.0256237
-2482,0.00407993
-2480,0.00781982
-2478,0.00793753
-2476,0.0057702
-2474,0.00444384
-2472,0.00902316
-2470,0.00574937
-2468,0.00303173
-2466,0.00606199
-2464,0.0218728
-2462,0.0328542
-2460,0.0425265
-2458,0.0225041
-2456,0.0227431
-2454,0.0367505
-2452,0.0630031
-2450,0.0904638
-2448,0.0369458
-2446,0.0499453
-2444,0.048549
-2442,0.0411544
-2440,0.0360023
-2438,0.0397728
-2436,0.0344974
-2434,0.0411091
-2432,0.0369685
-2430,0.04201
-2428,0.0381854
-2426,0.0410118
-2424,0.0283533
-2422,0.0088072
-2420,0.00861971
-2418,0.0266136
-2416,0.0236229
-2414,0.0235653
-2412,0.0230544
-2410,0.0340629
-2408,0.0336076
-2406,0.0399451
-2404,0.0231841
-2402,0.0280287
-2400,0.0230132
-2398,0.00495918
-2396,0.0437507
-2394,0.0559123
-2392,0.0532562
-2390,0.0528085
-2388,0.0663792
-2386,0.0456358
-2384,0.0329381
-2382,0.0165313
-2380,0.0284615
-2378,0.037735
-2376,0.0503666
-2374,0.0513596
-2372,0.0301792
-2370,0.0107295
-2368,0.021706
-2366,0.0217562
-2364,0.0231751
-2362,0.00878976
-2360,0.0200101
-2358,0.0254234
-2356,0.0052285
-2354,0.0268024
-2352,0.0340231
-2350,0.0230913
-2348,0.0135936
-2346,0.0287289
-2344,0.0336781
-2342,0.0318168
-2340,0.0134675
-2338,0.028462
-2336,0.0258064
-2334,0.0277995
-2332,0.0299756
-2330,0.0347973
-2328,0.00952119
-2326,0.00698215
-2324,0.00707488
-2322,0.0147189
-2320,0.0300757
-2318,0.0276137
-2316,0.0159338
-2314,0.0164119
-2312,0.0235611
-2310,0.037895
-2308,0.0475712
-2306,0.051804
-2304,0.060027
-2302,0.0613945
-2300,0.0431845
-2298,0.0564834
-2296,0.0668651
-2294,0.0352861
-2292,0.0346009
-2290,0.0433663
-2288,0.0382463
-2286,0.0220638
-2284,0.0401093
-2282,0.0356403
-2280,0.0157198
-2278,0.00934779
-2276,0.0213873
-2274,0.0308874
-2272,0.0177758
-2270,0.00706373
-2268,0.00648548
-2266,0.0302717
-2264,0.0254317
-2262,0.0217629
-2260,0.030499
-2258,0.0612649
-2256,0.0717163
-2254,0.119207
-2252,0.192095
-2250,0.311888
-2248,0.148633
-2246,0.108028
-2244,0.0815167
-2242,0.0273959
-2240,0.062216
-2238,0.0708918
-2236,0.0366222
-2234,0.0582881
-2232,0.0441766
-2230,0.0471179
-2228,0.036532
-2226,0.0296046
-2224,0.0605469
-2222,0.0350863
-2220,0.0196546
-2218,0.0172417
-2216,0.00700288
-2214,0.0202192
-2212,0.0220499
-2210,0.0446079
-2208,0.0457862
-2206,0.0351448
-2204,0.0210065
-2202,0.0472263
-2200,0.0964239
-2198,0.130878
-2196,0.0916695
-2194,0.0783475
-2192,0.0354372
-2190,0.016539
-2188,0.0395637
-2186,0.0489269
-2184,0.0447801
-2182,0.0278437
-2180,0.0594889
-2178,0.0462575
-2176,0.0281772
-2174,0.0534304
-2172,0.0490748
-2170,0.0371812
-2168,0.0680557
-2166,0.0564419
-2164,0.055553
-2162,0.0480144
-2160,0.0386392
-2158,0.0640875
-2156,0.0835356
-2154,0.114743
-2152,0.204263
-2150,0.286676
-2148,0.135156
-2146,0.0941694
-2144,0.0999184
-2142,0.0847832
-2140,0.0303179
-2138,0.0520769
-2136,0.0971279
-2134,0.0601983
-2132,0.0204454
-2130,0.0375469
-2128,0.0570189
-2126,0.0627234
-2124,0.0810529
-2122,0.0701766
-2120,0.0258386
-2118,0.024839
-2116,0.0411425
-2114,0.0349935
-2112,0.0243488
-2110,0.0391428
-2108,0.0572543
-2106,0.0376016
-2104,0.0263856
-2102,0.0161432
-2100,0.0445954
-2098,0.0616936
-2096,0.0699869
-2094,0.0718448
-2092,0.100091
-2090,0.129162
-2088,0.0676285
-2086,0.0993484
-2084,0.0592984
-2082,0.0722315
-2080,0.106573
-2078,0.0771525
-2076,0.040613
-2074,0.101353
-2072,0.112056
-2070,0.0794469
-2068,0.0651964
-2066,0.0797565
-2064,0.101869
-2062,0.102263
-2060,0.113438
-2058,0.0782759
-2056,0.0603185
-2054,0.0544603
-2052,0.0243205
-2050,0.0668145
-2048,0.0240579
-2046,0.0878281
-2044,0.122299
-2042,0.184899
-2040,0.146409
-2038,0.162303
-2036,0.119771
-2034,0.118793
-2032,0.128847
-2030,0.129337
-2028,0.072957
-2026,0.0887289
-2024,0.134671
-2022,0.085354
-2020,0.0825938
-2018,0.0931803
-2016,0.0423295
-2014,0.0852175
-2012,0.0970379
-2010,0.115681
-2008,0.093177
-2006,0.0156864
-2004,0.0993402
-2002,0.172234
-2000,0.0963591
-1998,0.106504
-1996,0.134214
-1994,0.135359
-1992,0.0679258
-1990,0.0750369
-1988,0.0742131
-1986,0.0885631
-1984,0.113835
-1982,0.138622
-1980,0.19092
-1978,0.130622
-1976,0.0931706
-1974,0.0787691
-1972,0.135117
-1970,0.092782
-1968,0.0985914
-1966,0.0337576
-1964,0.0903722
-1962,0.113032
-1960,0.180668
-1958,0.12901
-1956,0.100146
-1954,0.162212
-1952,0.417595
-1950,0.761655
-1948,0.402165
-1946,0.210038
-1944,0.105519
-1942,0.153683
-1940,0.124102
-1938,0.0627246
-1936,0.0427485
-1934,0.0670359
-1932,0.080596
-1930,0.0811828
-1928,0.0295566
-1926,0.0571096
-1924,0.095704
-1922,0.126874
-1920,0.0690206
-1918,0.056344
-1916,0.0895755
-1914,0.0785436
-1912,0.0451351
-1910,0.115987
-1908,0.120134
-1906,0.0788333
-1904,0.0511405
-1902,0.067606
-1900,0.13805
-1898,0.116385
-1896,0.0858285
-1894,0.0250687
-1892,0.0502468
-1890,0.0827002
-1888,0.101972
-1886,0.0804364
-1884,0.0514651
-1882,0.0205139
-1880,0.0469367
-1878,0.00369828
-1876,0.0409179
-1874,0.0491101
-1872,0.0234028
-1870,0.0239718
-1868,0.016653
-1866,0.0304731
-1864,0.0243845
-1862,0.0249233
-1860,0.0189582
-1858,0.0118418
-1856,0.0380157
-1854,0.0821987
-1852,0.0853613
-1850,0.0983555
-1848,0.0393191
-1846,0.058831
-1844,0.0522903
-1842,0.0430307
-1840,0.0480273
-1838,0.0531841
-1836,0.07961
-1834,0.0850325
-1832,0.0626202
-1830,0.0501293
-1828,0.0203505
-1826,0.0584519
-1824,0.0753171
-1822,0.0119901
-1820,0.03903
-1818,0.056033
-1816,0.0316149
-1814,0.0315199
-1812,0.0339604
-1810,0.0378837
-1808,0.0280957
-1806,0.00676364
-1804,0.023087
-1802,0.0576541
-1800,0.0675834
-1798,0.047587
-1796,0.0520131
-1794,0.0569784
-1792,0.0451566
-1790,0.00839196
-1788,0.0146146
-1786,0.0310063
-1784,0.0371014
-1782,0.0218526
-1780,0.037268
-1778,0.0194484
-1776,0.0153606
-1774,0.019993
-1772,0.0370734
-1770,0.0603474
-1768,0.0245184
-1766,0.0440393
-1764,0.0406959
-1762,0.0222363
-1760,0.0485895
-1758,0.0273186
-1756,0.0135063
-1754,0.00866172
-1752,0.0193703
-1750,0.0441197
-1748,0.0563225
-1746,0.0535053
-1744,0.0507735
-1742,0.0415505
-1740,0.0434316
-1738,0.0160402
-1736,0.018318
-1734,0.0134528
-1732,0.0492073
-1730,0.0583506
-1728,0.0220958
-1726,0.0334527
-1724,0.0185819
-1722,0.0139082
-1720,0.00953702
-1718,0.0109782
-1716,0.0150899
-1714,0.0557113
-1712,0.0592798
-1710,0.0532711
-1708,0.0499126
-1706,0.0334137
-1704,0.0449703
-1702,0.0307581
-1700,0.0099314
-1698,0.0176855
-1696,0.00509032
-1694,0.0364451
-1692,0.0458359
-1690,0.0121488
-1688,0.0242745
-1686,0.0283464
-1684,0.0438975
-1682,0.0296905
-1680,0.0110439
-1678,0.0199198
-1676,0.0151825
-1674,0.0246689
-1672,0.0304314
-1670,0.0306055
-1668,0.0146686
-1666,0.00614401
-1664,0.0199313
-1662,0.0103194
-1660,0.0370062
-1658,0.0362954
-1656,0.0315312
-1654,0.0279708
-1652,0.0517504
-1650,0.0715098
-1648,0.0443056
-1646,0.0373216
-1644,0.0182391
-1642,0.0168447
-1640,0.0260085
-1638,0.0220731
-1636,0.0305199
-1634,0.0446833
-1632,0.0407283
-1630,0.0252883
-1628,0.00408649
-1626,0.0169282
-1624,0.0220176
-1622,0.0394584
-1620,0.0438913
-1618,0.0116849
-1616,0.0275975
-1614,0.0256497
-1612,0.0177299
-1610,0.0128197
-1608,0.0143087
-1606,0.00834913
-1604,0.0172783
-1602,0.0277864
-1600,0.0306688
-1598,0.0426937
-1596,0.0522068
-1594,0.0377835
-1592,0.0158955
-1590,0.0218509
-1588,0.0154801
-1586,0.0245221
-1584,0.0372581
-1582,0.0205794
-1580,0.00469371
-1578,0.0205371
-1576,0.0283282
-1574,0.00525747
-1572,0.0183184
-1570,0.0268605
-1568,0.0259214
-1566,0.038131
-1564,0.0481377
-1562,0.0308907
-1560,0.0261137
-1558,0.0475631
-1556,0.0658098
-1554,0.0896524
-1552,0.120392
-1550,0.171683
-1548,0.0814851
-1546,0.0241482
-1544,0.0299933
-1542,0.0582905
-1540,0.0385386
-1538,0.0539176
-1536,0.0537182
-1534,0.0304609
-1532,0.0223826
-1530,0.0181219
-1528,0.0108684
-1526,0.0273151
-1524,0.0236603
-1522,0.0243911
-1520,0.0211193
-1518,0.0122009
-1516,0.00555537
-1514,0.0164794
-1512,0.0166417
-1510,0.0177666
-1508,0.00785166
-1506,0.0358639
-1504,0.0512134
-1502,0.0416948
-1500,0.0480774
-1498,0.0283607
-1496,0.0270847
-1494,0.0216138
-1492,0.0119986
-1490,0.0105979
-1488,0.0121403
-1486,0.0164415
-1484,0.0206554
-1482,0.0263967
-1480,0.0328539
-1478,0.019108
-1476,0.0220694
-1474,0.0226005
-1472,0.03092
-1470,0.0353681
-1468,0.0179115
-1466,0.0238391
-1464,0.0282402
-1462,0.00813374
-1460,0.0117779
-1458,0.0141134
-1456,0.0174801
-1454,0.0112878
-1452,0.0445365
-1450,0.0505363
-1448,0.0233334
-1446,0.0217869
-1444,0.0324032
-1442,0.0330972
-1440,0.0233547
-1438,0.0159635
-1436,0.0147942
-1434,0.0155284
-1432,0.0183214
-1430,0.0301976
-1428,0.0158176
-1426,0.0221067
-1424,0.0114913
-1422,0.0261787
-1420,0.0250435
-1418,0.0187186
-1416,0.0202924
-1414,0.02663
-1412,0.0404042
-1410,0.027971
-1408,0.0224585
-1406,0.0212402
-1404,0.00112895
-1402,0.0248252
-1400,0.032851
-1398,0.0112918
-1396,0.0110568
-1394,0.0267883
-1392,0.0244703
-1390,0.0308017
-1388,0.0344609
-1386,0.0259095
-1384,0.0123782
-1382,0.00846693
-1380,0.00532648
-1378,0.0238954
-1376,0.0181698
-1374,0.0146303
-1372,0.00678991
-1370,0.013163
-1368,0.0176586
-1366,0.0167761
-1364,0.0191566
-1362,0.00970215
-1360,0.0131787
-1358,0.0138579
-1356,0.0102806
-1354,0.0113619
-1352,0.0110694
-1350,0.0479223
-1348,0.026333
-1346,0.00378685
-1344,0.0176923
-1342,0.0151837
-1340,0.00719035
-1338,0.00801408
-1336,0.016458
-1334,0.0249336
-1332,0.0208556
-1330,0.0161946
-1328,0.0069053
-1326,0.00597716
-1324,0.0123721
-1322,0.0211589
-1320,0.0192613
-1318,0.00786606
-1316,0.0191208
-1314,0.0231332
-1312,0.0185429
-1310,0.00838907
-1308,0.0112766
-1306,0.00535002
-1304,0.00541691
-1302,0.00780043
-1300,0.0209171
-1298,0.0249933
-1296,0.0259711
-1294,0.0180565
-1292,0.0173743
-1290,0.0154223
-1288,0.00676625
-1286,0.0188452
-1284,0.0104588
-1282,0.0133497
-1280,0.0149813
-1278,0.0122609
-1276,0.00513504
-1274,0.0171052
-1272,0.0242437
-1270,0.0186912
-1268,0.02462
-1266,0.0339271
-1264,0.0257288
-1262,0.0333736
-1260,0.0320754
-1258,0.028526
-1256,0.0506484
-1254,0.0616647
-1252,0.110951
-1250,0.19823
-1248,0.100119
-1246,0.0612679
-1244,0.0625874
-1242,0.029422
-1240,0.01528
-1238,0.0322721
-1236,0.0251357
-1234,0.0414654
-1232,0.0368802
-1230,0.0318893
-1228,0.026939
-1226,0.03982
-1224,0.0266035
-1222,0.0121043
-1220,0.0122334
-1218,0.0261758
-1216,0.0272023
-1214,0.00664668
-1212,0.0166885
-1210,0.0329565
-1208,0.0332121
-1206,0.0383351
-1204,0.0285054
-1202,0.0216024
-1200,0.0177885
-1198,0.0204514
-1196,0.0149378
-1194,0.000960925
-1192,0.0139287
-1190,0.0115869
-1188,0.0210426
-1186,0.0249188
-1184,0.0140402
-1182,0.0272195
-1180,0.0192748
-1178,0.0171494
-1176,0.0222872
-1174,0.0143324
-1172,0.012445
-1170,0.0255482
-1168,0.0249319
-1166,0.0226328
-1164,0.00884903
-1162,0.0113894
-1160,0.00862491
-1158,0.00269713
-1156,0.010904
-1154,0.0119647
-1152,0.0262901
-1150,0.0437809
-1148,0.020829
-1146,0.0232122
-1144,0.0298296
-1142,0.0277219
-1140,0.0322703
-1138,0.0355629
-1136,0.0345135
-1134,0.0225199
-1132,0.0141726
-1130,0.0209716
-1128,0.00708538
-1126,0.00322533
-1124,0.00508646
-1122,0.00858909
-1120,0.0101222
-1118,0.00322392
-1116,0.0171063
-1114,0.0192248
-1112,0.0155829
-1110,0.0175444
-1108,0.0158146
-1106,0.00729431
-1104,0.00833768
-1102,0.0142948
-1100,0.0150351
-1098,0.0106379
-1096,0.0087024
-1094,0.00503744
-1092,0.0148446
-1090,0.0182708
-1088,0.00476788
-1086,0.0122689
-1084,0.0158224
-1082,0.0146517
-1080,0.0245661
-1078,0.0277429
-1076,0.041629
-1074,0.0251649
-1072,0.00787319
-1070,0.0152507
-1068,0.0191675
-1066,0.0190164
-1064,0.0154289
-1062,0.00848522
-1060,0.0326043
-1058,0.0388255
-1056,0.0696456
-1054,0.0914223
-1052,0.143166
-1050,0.232511
-1048,0.10988
-1046,0.0636208
-1044,0.0445361
-1042,0.0369686
-1040,0.0326663
-1038,0.037513
-1036,0.0329085
-1034,0.0224903
-1032,0.00628304
-1030,0.0107469
-1028,0.00919199
-1026,0.0313148
-1024,0.0418955
-1022,0.0292613
-1020,0.0136149
-1018,0.0078648
-1016,0.0206448
-1014,0.0150687
-1012,0.0145495
-1010,0.012397
-1008,0.00963798
-1006,0.00875001
-1004,0.0108529
-1002,0.0040992
-1000,0.0127528
-998,0.0239135
-996,0.0229896
-994,0.0213228
-992,0.0209234
-990,0.017693
-988,0.0237673
-986,0.013963
-984,0.00984258
-982,0.0151891
-980,0.0113406
-978,0.00634743
-976,0.00291219
-974,0.0133484
-972,0.0123612
-970,0.0182292
-968,0.0160841
-966,0.0178246
-964,0.0189058
-962,0.0215766
-960,0.0299605
-958,0.0393966
-956,0.0431846
-954,0.0627274
-952,0.100914
-950,0.186414
-948,0.10537
-946,0.0723727
-944,0.051228
-942,0.036446
-940,0.0377448
-938,0.0205133
-936,0.00870722
-934,0.00972209
-932,0.00406564
-930,0.0043203
-928,0.0202307
-926,0.0177856
-924,0.0257501
-922,0.0169422
-920,0.0127321
-918,0.0108172
-916,0.00327745
-914,0.0193641
-912,0.0203186
-910,0.00703207
-908,0.0121606
-906,0.0186906
-904,0.0196633
-902,0.0256322
-900,0.0591172
-898,0.0474711
-896,0.0249124
-894,0.0145063
-892,0.00804127
-890,0.0143847
-888,0.009188
-886,0.0136848
-884,0.0165403
-882,0.0220842
-880,0.0238772
-878,0.0218707
-876,0.0201699
-874,0.0135486
-872,0.0168044
-870,0.0299516
-868,0.0326111
-866,0.0287734
-864,0.0312626
-862,0.0257493
-860,0.0319464
-858,0.0620876
-856,0.083753
-854,0.104066
-852,0.168611
-850,0.302631
-848,0.170844
-846,0.103112
-844,0.0631065
-842,0.0455785
-840,0.0507519
-838,0.0403033
-836,0.0347861
-834,0.0372916
-832,0.0285824
-830,0.00246363
-828,0.0161134
-826,0.0142064
-824,0.0199824
-822,0.0198752
-820,0.0220642
-818,0.0102663
-816,0.0167744
-814,0.0235317
-812,0.0101627
-810,0.0254067
-808,0.0127874
-806,0.00370439
-804,0.0127883
-802,0.0148049
-800,0.0343096
-798,0.0210063
-796,0.0300626
-794,0.0262847
-792,0.0346676
-790,0.0321823
-788,0.0213924
-786,0.0133337
-784,0.00592671
-782,0.0201287
-780,0.0163539
-778,0.0146308
-776,0.0186592
-774,0.0171379
-772,0.00841624
-770,0.0149893
-768,0.00824712
-766,0.0173246
-764,0.0241117
-762,0.0228288
-760,0.0170826
-758,0.0172658
-756,0.00879729
-754,0.0129054
-752,0.0190828
-750,0.0491246
-748,0.0334851
-746,0.0338119
-744,0.0327657
-742,0.0219893
-740,0.0221972
-738,0.0375374
-736,0.0436216
-734,0.0187688
-732,0.0145598
-730,0.0215836
-728,0.0131333
-726,0.0079295
-724,0.0147647
-722,0.0116724
-720,0.0121688
-718,0.0182745
-716,0.022218
-714,0.019857
-712,0.0166781
-710,0.0203953
-708,0.0145822
-706,0.012377
-704,0.0113011
-702,0.0069487
-700,0.0152279
-698,0.0168502
-696,0.0123895
-694,0.0159039
-692,0.0111407
-690,0.0133964
-688,0.0202644
-686,0.0214601
-684,0.0247099
-682,0.0125464
-680,0.0124748
-678,0.0291059
-676,0.0356122
-674,0.0161147
-672,0.0294106
-670,0.0243403
-668,0.033731
-666,0.036403
-664,0.0441548
-662,0.0435049
-660,0.0519306
-658,0.060552
-656,0.0692815
-654,0.0923325
-652,0.200495
-650,0.381148
-648,0.204833
-646,0.1163
-644,0.0742152
-642,0.0655681
-640,0.0615045
-638,0.0485523
-636,0.0352387
-634,0.029279
-632,0.0132944
-630,0.0126423
-628,0.0310393
-626,0.0345632
-624,0.0226021
-622,0.019501
-620,0.0179568
-618,0.0112061
-616,0.0239011
-614,0.0207769
-612,0.0172463
-610,0.0214412
-608,0.0158308
-606,0.0124731
-604,0.0189082
-602,0.0135122
-600,0.0199601
-598,0.0102091
-596,0.0170925
-594,0.0123542
-592,0.0265634
-590,0.0403074
-588,0.030386
-586,0.0192993
-584,0.00649644
-582,0.0190087
-580,0.011938
-578,0.0186878
-576,0.0107672
-574,0.00868381
-572,0.00568166
-570,0.0130104
-568,0.0121551
-566,0.0100147
-564,0.017407
-562,0.0309131
-560,0.0402644
-558,0.0660029
-556,0.0734628
-554,0.107087
-552,0.221428
-550,0.432653
-548,0.236835
-546,0.132776
-544,0.115582
-542,0.111789
-540,0.0828644
-538,0.071993
-536,0.0584688
-534,0.0402312
-532,0.0424679
-530,0.0408617
-528,0.0412558
-526,0.0233247
-524,0.0402025
-522,0.0449582
-520,0.052209
-518,0.0549235
-516,0.0320522
-514,0.0151223
-512,0.0245445
-510,0.0342347
-508,0.0310373
-506,0.022389
-504,0.0366076
-502,0.0273396
-500,0.0403999
-498,0.0306382
-496,0.0344186
-494,0.029575
-492,0.00721028
-490,0.0112155
-488,0.0130107
-486,0.00612944
-484,0.00853656
-482,0.00268363
-480,0.00910114
-478,0.0179798
-476,0.0295627
-474,0.0243365
-472,0.0299072
-470,0.0201248
-468,0.00640372
-466,0.018197
-464,0.00716534
-462,0.0109419
-460,0.0205861
-458,0.0402552
-456,0.0400081
-454,0.0483611
-452,0.104092
-450,0.19997
-448,0.114827
-446,0.0575393
-444,0.0492621
-442,0.0319964
-440,0.027345
-438,0.0234108
-436,0.00791163
-434,0.0278096
-432,0.0385848
-430,0.0521342
-428,0.0423979
-426,0.039203
-424,0.0191203
-422,0.0242847
-420,0.0286823
-418,0.0481264
-416,0.0445804
-414,0.0412705
-412,0.049279
-410,0.0332206
-408,0.0308654
-406,0.00502082
-404,0.0106308
-402,0.0247429
-400,0.0418877
-398,0.037293
-396,0.0460724
-394,0.0376307
-392,0.0307592
-390,0.045824
-388,0.0271098
-386,0.0254347
-384,0.0373988
-382,0.0428815
-380,0.0334587
-378,0.0215906
-376,0.0272493
-374,0.0498376
-372,0.0392408
-370,0.0471421
-368,0.0598536
-366,0.0729431
-364,0.0762348
-362,0.102967
-360,0.105558
-358,0.138944
-356,0.174986
-354,0.245622
-352,0.419075
-350,0.719096
-348,0.349644
-346,0.18915
-344,0.121649
-342,0.0828831
-340,0.0551879
-338,0.0494198
-336,0.0561086
-334,0.0385799
-332,0.0320822
-330,0.0439546
-328,0.0596911
-326,0.049022
-324,0.0354548
-322,0.020993
-320,0.0208617
-318,0.0138793
-316,0.0284171
-314,0.0212395
-312,0.0107351
-310,0.00699117
-308,0.00578301
-306,0.00635124
-304,0.0126056
-302,0.016981
-300,0.0332544
-298,0.0279161
-296,0.0323923
-294,0.025022
-292,0.00815436
-290,0.0305398
-288,0.0435617
-286,0.046882
-284,0.0339837
-282,0.0429554
-280,0.034377
-278,0.0284405
-276,0.040838
-274,0.0359475
-272,0.05135
-270,0.0607603
-268,0.0676785
-266,0.0864493
-264,0.104911
-262,0.102835
-260,0.121521
-258,0.164831
-256,0.21964
-254,0.30227
-252,0.548404
-250,1.00831
-248,0.525654
-246,0.29192
-244,0.20408
-242,0.167526
-240,0.151994
-238,0.128665
-236,0.117279
-234,0.0977431
-232,0.0872146
-230,0.0749952
-228,0.0769075
-226,0.065616
-224,0.0617396
-222,0.0473827
-220,0.0435226
-218,0.0447456
-216,0.0634082
-214,0.0661941
-212,0.0544552
-210,0.0495213
-208,0.063113
-206,0.0530264
-204,0.0455184
-202,0.0362472
-200,0.0437927
-198,0.0412921
-196,0.015569
-194,0.0237388
-192,0.0304789
-190,0.0316248
-188,0.0377755
-186,0.0254964
-184,0.0353605
-182,0.0300061
-180,0.0214947
-178,0.0313706
-176,0.0295638
-174,0.0227853
-172,0.0273659
-170,0.0491622
-168,0.0467622
-166,0.0322962
-164,0.0205812
-162,0.0344472
-160,0.0289822
-158,0.0141694
-156,0.0242352
-154,0.0269444
-152,0.0237435
-150,0.0581643
-148,0.0555854
-146,0.0449751
-144,0.036543
-142,0.0312786
-140,0.0270983
-138,0.0326534
-136,0.0249641
-134,0.0247367
-132,0.0182578
-130,0.027975
-128,0.0292205
-126,0.0241268
-124,0.023942
-122,0.0074673
-120,0.0143805
-118,0.0271992
-116,0.0314009
-114,0.0258091
-112,0.0189067
-110,0.0121068
-108,0.0162853
-106,0.0211761
-104,0.0272402
-102,0.0275862
-100,0.0612146
-98,0.0575142
-96,0.0307792
-94,0.0484469
-92,0.0544139
-90,0.0486225
-88,0.0391111
-86,0.0506988
-84,0.0659288
-82,0.072433
-80,0.0495403
-78,0.0427373
-76,0.0403528
-74,0.027151
-72,0.038137
-70,0.0554844
-68,0.0595998
-66,0.0550047
-64,0.0580814
-62,0.0785853
-60,0.0838703
-58,0.10178
-56,0.113864
-54,0.159504
-52,0.279306
-50,0.518917
-48,0.267281
-46,0.131009
-44,0.0917904
-42,0.0659724
-40,0.0597549
-38,0.0648246
-36,0.0523425
-34,0.0335617
-32,0.0101973
-30,0.0265689
-28,0.0263853
-26,0.0297636
-24,0.019949
-22,0.0117062
-20,0.0184442
-18,0.0229141
-16,0.0296767
-14,0.0234759
-12,0.0279619
-10,0.0366812
-8,0.0299108
-6,0.0580505
-4,0.0802313
-2,0.143397
0,0.257678
2,0.143397
4,0.0802312
6,0.0580504
8,0.0299108
10,0.0366812
12,0.0279619
14,0.0234759
16,0.0296767
18,0.0229141
20,0.0184442
22,0.0117062
24,0.019949
26,0.0297635
28,0.0263853
30,0.0265689
32,0.0101973
34,0.0335617
36,0.0523425
38,0.0648246
40,0.0597549
42,0.0659724
44,0.0917904
46,0.131009
48,0.267281
50,0.518917
52,0.279306
54,0.159504
56,0.113864
58,0.10178
60,0.0838703
62,0.0785853
64,0.0580814
66,0.0550047
68,0.0595998
70,0.0554844
72,0.038137
74,0.027151
76,0.0403528
78,0.0427373
80,0.0495403
82,0.072433
84,0.0659288
86,0.0506988
88,0.0391111
90,0.0486225
92,0.0544139
94,0.0484469
96,0.0307792
98,0.0575142
100,0.0612146
102,0.0275862
104,0.0272402
106,0.0211761
108,0.0162853
110,0.0121068
112,0.0189067
114,0.0258091
116,0.0314009
118,0.0271992
120,0.0143805
122,0.00746734
124,0.023942
126,0.0241269
128,0.0292205
130,0.027975
132,0.0182578
134,0.0247367
136,0.0249641
138,0.0326534
140,0.0270983
142,0.0312786
144,0.036543
146,0.0449751
148,0.0555854
150,0.0581643
152,0.0237435
154,0.0269444
156,0.0242352
158,0.0141694
160,0.0289822
162,0.0344473
164,0.0205812
166,0.0322963
168,0.0467622
170,0.0491622
172,0.0273659
174,0.0227853
176,0.0295638
178,0.0313706
180,0.0214947
182,0.0300061
184,0.0353605
186,0.0254964
188,0.0377755
190,0.0316248
192,0.0304789
194,0.0237388
196,0.015569
198,0.0412921
200,0.0437927
202,0.0362472
204,0.0455185
206,0.0530264
208,0.063113
210,0.0495213
212,0.0544552
214,0.066194
216,0.0634082
218,0.0447456
220,0.0435226
222,0.0473827
224,0.0617396
226,0.065616
228,0.0769075
230,0.0749952
232,0.0872146
234,0.0977431
236,0.117279
238,0.128665
240,0.151994
242,0.167526
244,0.20408
246,0.29192
248,0.525654
250,1.00831
252,0.548404
254,0.30227
256,0.21964
258,0.164831
260,0.121521
262,0.102835
264,0.104911
266,0.0864493
268,0.0676785
270,0.0607603
272,0.05135
274,0.0359475
276,0.040838
278,0.0284405
280,0.034377
282,0.0429554
284,0.0339837
286,0.046882
288,0.0435617
290,0.0305398
292,0.00815437
294,0.0250219
296,0.0323923
298,0.0279161
300,0.0332544
302,0.016981
304,0.0126056
306,0.00635125
308,0.00578302
310,0.00699117
312,0.0107351
314,0.0212395
316,0.028417
318,0.0138793
320,0.0208617
322,0.020993
324,0.0354548
326,0.049022
328,0.0596911
330,0.0439546
332,0.0320822
334,0.0385799
336,0.0561086
338,0.0494199
340,0.0551879
342,0.0828831
344,0.121649
346,0.18915
348,0.349644
350,0.719097
352,0.419075
354,0.245622
356,0.174986
358,0.138944
360,0.105558
362,0.102967
364,0.0762348
366,0.0729431
368,0.0598536
370,0.0471421
372,0.0392408
374,0.0498375
376,0.0272493
378,0.0215906
380,0.0334586
382,0.0428815
384,0.0373988
386,0.0254347
388,0.0271098
390,0.045824
392,0.0307592
394,0.0376307
396,0.0460724
398,0.037293
400,0.0418877
402,0.0247429
404,0.0106308
406,0.00502084
408,0.0308654
410,0.0332206
412,0.049279
414,0.0412705
416,0.0445804
418,0.0481264
420,0.0286823
422,0.0242847
424,0.0191203
426,0.039203
428,0.0423979
430,0.0521342
432,0.0385848
434,0.0278096
436,0.00791162
438,0.0234108
440,0.027345
442,0.0319964
444,0.0492621
446,0.0575393
448,0.114827
450,0.19997
452,0.104092
454,0.0483611
456,0.0400081
458,0.0402552
460,0.0205861
462,0.0109419
464,0.00716534
466,0.018197
468,0.00640372
470,0.0201248
472,0.0299072
474,0.0243364
476,0.0295626
478,0.0179799
480,0.00910113
482,0.00268364
484,0.00853656
486,0.00612945
488,0.0130107
490,0.0112156
492,0.00721029
494,0.029575
496,0.0344186
498,0.0306382
500,0.0403999
502,0.0273396
504,0.0366076
506,0.0223891
508,0.0310373
510,0.0342347
512,0.0245445
514,0.0151223
516,0.0320522
518,0.0549235
520,0.052209
522,0.0449582
524,0.0402025
526,0.0233247
528,0.0412558
530,0.0408617
532,0.0424679
534,0.0402312
536,0.0584688
538,0.071993
540,0.0828644
542,0.111789
544,0.115582
546,0.132776
548,0.236835
550,0.432653
552,0.221428
554,0.107087
556,0.0734627
558,0.0660028
560,0.0402644
562,0.0309131
564,0.017407
566,0.0100147
568,0.0121551
570,0.0130104
572,0.00568167
574,0.00868379
576,0.0107672
578,0.0186878
580,0.011938
582,0.0190087
584,0.00649644
586,0.0192993
588,0.030386
590,0.0403074
592,0.0265634
594,0.0123542
596,0.0170925
598,0.0102091
600,0.0199601
602,0.0135122
604,0.0189082
606,0.0124731
608,0.0158308
610,0.0214412
612,0.0172463
614,0.0207769
616,0.0239011
618,0.011206
620,0.0179568
622,0.019501
624,0.0226021
626,0.0345632
628,0.0310393
630,0.0126423
632,0.0132944
634,0.029279
636,0.0352387
638,0.0485523
640,0.0615045
642,0.0655681
644,0.0742152
646,0.1163
648,0.204832
650,0.381148
652,0.200495
654,0.0923325
656,0.0692815
658,0.060552
660,0.0519306
662,0.0435049
664,0.0441548
666,0.036403
668,0.033731
670,0.0243403
672,0.0294106
674,0.0161147
676,0.0356122
678,0.0291059
680,0.0124748
682,0.0125464
684,0.0247099
686,0.0214601
688,0.0202644
690,0.0133964
692,0.0111407
694,0.0159039
696,0.0123895
698,0.0168502
700,0.0152279
702,0.0069487
704,0.0113011
706,0.012377
708,0.0145822
710,0.0203953
712,0.0166781
714,0.019857
716,0.022218
718,0.0182745
720,0.0121688
722,0.0116724
724,0.0147647
726,0.00792951
728,0.0131333
730,0.0215836
732,0.0145598
734,0.0187688
736,0.0436216
738,0.0375374
740,0.0221972
742,0.0219893
744,0.0327657
746,0.0338119
748,0.0334851
750,0.0491246
752,0.0190828
754,0.0129053
756,0.00879729
758,0.0172658
760,0.0170826
762,0.0228289
764,0.0241117
766,0.0173246
768,0.00824712
770,0.0149893
772,0.00841625
774,0.0171378
776,0.0186592
778,0.0146308
780,0.0163539
782,0.0201287
784,0.00592671
786,0.0133337
788,0.0213925
790,0.0321823
792,0.0346676
794,0.0262847
796,0.0300627
798,0.0210063
800,0.0343096
802,0.0148049
804,0.0127883
806,0.00370439
808,0.0127874
810,0.0254067
812,0.0101627
814,0.0235317
816,0.0167744
818,0.0102663
820,0.0220642
822,0.0198752
824,0.0199823
826,0.0142064
828,0.0161134
830,0.00246361
832,0.0285824
834,0.0372916
836,0.0347861
838,0.0403033
840,0.0507519
842,0.0455785
844,0.0631065
846,0.103112
848,0.170844
850,0.302631
852,0.168611
854,0.104066
856,0.0837529
858,0.0620876
860,0.0319464
862,0.0257493
864,0.0312626
866,0.0287734
868,0.0326111
870,0.0299516
872,0.0168044
874,0.0135486
876,0.0201699
878,0.0218708
880,0.0238772
882,0.0220842
884,0.0165403
886,0.0136848
888,0.009188
890,0.0143847
892,0.00804127
894,0.0145063
896,0.0249124
898,0.0474711
900,0.0591172
902,0.0256322
904,0.0196633
906,0.0186906
908,0.0121606
910,0.00703207
912,0.0203186
914,0.0193641
916,0.00327744
918,0.0108172
920,0.0127321
922,0.0169422
924,0.0257501
926,0.0177856
928,0.0202307
930,0.00432029
932,0.00406563
934,0.0097221
936,0.00870723
938,0.0205133
940,0.0377448
942,0.036446
944,0.051228
946,0.0723727
948,0.10537
950,0.186414
952,0.100914
954,0.0627274
956,0.0431846
958,0.0393966
960,0.0299605
962,0.0215766
964,0.0189058
966,0.0178246
968,0.0160841
970,0.0182292
972,0.0123612
974,0.0133484
976,0.00291218
978,0.00634743
980,0.0113406
982,0.0151891
984,0.00984258
986,0.013963
988,0.0237674
990,0.017693
992,0.0209234
994,0.0213227
996,0.0229896
998,0.0239135
1000,0.0127528
1002,0.0040992
1004,0.0108529
1006,0.00875
1008,0.00963798
1010,0.012397
1012,0.0145495
1014,0.0150687
1016,0.0206448
1018,0.00786476
1020,0.0136149
1022,0.0292613
1024,0.0418955
1026,0.0313148
1028,0.00919199
1030,0.0107469
1032,0.00628304
1034,0.0224903
1036,0.0329085
1038,0.037513
1040,0.0326663
1042,0.0369686
1044,0.0445361
1046,0.0636208
1048,0.109879
1050,0.232511
1052,0.143166
1054,0.0914223
1056,0.0696456
1058,0.0388255
1060,0.0326043
1062,0.0084852
1064,0.0154289
1066,0.0190164
1068,0.0191675
1070,0.0152507
1072,0.00787321
1074,0.0251649
1076,0.041629
1078,0.0277429
1080,0.0245661
1082,0.0146517
1084,0.0158224
1086,0.0122689
1088,0.00476788
1090,0.0182708
1092,0.0148446
1094,0.00503743
1096,0.0087024
1098,0.0106379
1100,0.0150351
1102,0.0142948
1104,0.00833768
1106,0.00729431
1108,0.0158146
1110,0.0175444
1112,0.0155829
1114,0.0192248
1116,0.0171063
1118,0.00322392
1120,0.0101222
1122,0.00858914
1124,0.00508646
1126,0.00322536
1128,0.00708538
1130,0.0209716
1132,0.0141726
1134,0.0225199
1136,0.0345135
1138,0.0355629
1140,0.0322703
1142,0.0277219
1144,0.0298296
1146,0.0232122
1148,0.020829
1150,0.0437809
1152,0.0262901
1154,0.0119647
1156,0.010904
1158,0.00269713
1160,0.00862492
1162,0.0113894
1164,0.00884903
1166,0.0226328
1168,0.0249319
1170,0.0255482
1172,0.012445
1174,0.0143324
1176,0.0222872
1178,0.0171494
1180,0.0192748
1182,0.0272195
1184,0.0140402
1186,0.0249188
1188,0.0210426
1190,0.0115869
1192,0.0139287
1194,0.00096092
1196,0.0149378
1198,0.0204514
1200,0.0177885
1202,0.0216024
1204,0.0285054
1206,0.0383351
1208,0.0332121
1210,0.0329565
1212,0.0166885
1214,0.00664667
1216,0.0272023
1218,0.0261758
1220,0.0122334
1222,0.0121043
1224,0.0266035
1226,0.03982
1228,0.0269389
1230,0.0318893
1232,0.0368802
1234,0.0414654
1236,0.0251357
1238,0.0322721
1240,0.01528
1242,0.029422
1244,0.0625874
1246,0.0612679
1248,0.100119
1250,0.19823
1252,0.110951
1254,0.0616647
1256,0.0506484
1258,0.028526
1260,0.0320754
1262,0.0333736
1264,0.0257288
1266,0.0339271
1268,0.02462
1270,0.0186912
1272,0.0242438
1274,0.0171052
1276,0.00513506
1278,0.0122609
1280,0.0149813
1282,0.0133497
1284,0.0104587
1286,0.0188451
1288,0.00676625
1290,0.0154223
1292,0.0173743
1294,0.0180565
1296,0.0259711
1298,0.0249933
1300,0.0209171
1302,0.00780042
1304,0.00541692
1306,0.00535001
1308,0.0112766
1310,0.00838907
1312,0.0185429
1314,0.0231332
1316,0.0191208
1318,0.00786606
1320,0.0192613
1322,0.0211588
1324,0.0123721
1326,0.00597716
1328,0.0069053
1330,0.0161946
1332,0.0208556
1334,0.0249336
1336,0.016458
1338,0.00801407
1340,0.00719035
1342,0.0151837
1344,0.0176923
1346,0.00378686
1348,0.026333
1350,0.0479223
1352,0.0110694
1354,0.0113619
1356,0.0102806
1358,0.0138579
1360,0.0131787
1362,0.00970216
1364,0.0191566
1366,0.016776
1368,0.0176586
1370,0.013163
1372,0.00678991
1374,0.0146303
1376,0.0181698
1378,0.0238954
1380,0.00532648
1382,0.00846694
1384,0.0123782
1386,0.0259095
1388,0.0344609
1390,0.0308017
1392,0.0244703
1394,0.0267883
1396,0.0110568
1398,0.0112918
1400,0.032851
1402,0.0248252
1404,0.00112896
1406,0.0212402
1408,0.0224585
1410,0.027971
1412,0.0404042
1414,0.0266299
1416,0.0202924
1418,0.0187186
1420,0.0250435
1422,0.0261787
1424,0.0114913
1426,0.0221067
1428,0.0158176
1430,0.0301976
1432,0.0183214
1434,0.0155284
1436,0.0147942
1438,0.0159635
1440,0.0233547
1442,0.0330972
1444,0.0324032
1446,0.0217869
1448,0.0233334
1450,0.0505363
1452,0.0445365
1454,0.0112878
1456,0.0174801
1458,0.0141134
1460,0.0117779
1462,0.00813374
1464,0.0282402
1466,0.0238391
1468,0.0179115
1470,0.0353681
1472,0.03092
1474,0.0226005
1476,0.0220694
1478,0.0191081
1480,0.0328539
1482,0.0263967
1484,0.0206554
1486,0.0164415
1488,0.0121403
1490,0.0105979
1492,0.0119986
1494,0.0216138
1496,0.0270847
1498,0.0283607
1500,0.0480774
1502,0.0416948
1504,0.0512134
1506,0.0358639
1508,0.00785165
1510,0.0177666
1512,0.0166417
1514,0.0164794
1516,0.00555537
1518,0.0122009
1520,0.0211193
1522,0.0243911
1524,0.0236603
1526,0.0273151
1528,0.0108684
1530,0.0181219
1532,0.0223826
1534,0.0304609
1536,0.0537182
1538,0.0539176
1540,0.0385386
1542,0.0582905
1544,0.0299933
1546,0.0241482
1548,0.0814851
1550,0.171683
1552,0.120392
1554,0.0896524
1556,0.0658098
1558,0.0475631
1560,0.0261137
1562,0.0308907
1564,0.0481377
1566,0.038131
1568,0.0259214
1570,0.0268605
1572,0.0183184
1574,0.00525747
1576,0.0283282
1578,0.0205371
1580,0.00469371
1582,0.0205794
1584,0.0372581
1586,0.0245221
1588,0.0154801
1590,0.0218509
1592,0.0158955
1594,0.0377835
1596,0.0522068
1598,0.0426937
1600,0.0306688
1602,0.0277864
1604,0.0172783
1606,0.00834914
1608,0.0143087
1610,0.0128197
1612,0.0177299
1614,0.0256497
1616,0.0275975
1618,0.0116849
1620,0.0438913
1622,0.0394584
1624,0.0220176
1626,0.0169282
1628,0.00408649
1630,0.0252883
1632,0.0407283
1634,0.0446833
1636,0.0305199
1638,0.0220731
1640,0.0260085
1642,0.0168447
1644,0.0182391
1646,0.0373216
1648,0.0443056
1650,0.0715098
1652,0.0517504
1654,0.0279709
1656,0.0315312
1658,0.0362954
1660,0.0370062
1662,0.0103194
1664,0.0199313
1666,0.00614401
1668,0.0146686
1670,0.0306055
1672,0.0304314
1674,0.0246689
1676,0.0151825
1678,0.0199198
1680,0.0110439
1682,0.0296905
1684,0.0438975
1686,0.0283464
1688,0.0242745
1690,0.0121488
1692,0.0458359
1694,0.0364451
1696,0.00509034
1698,0.0176855
1700,0.0099314
1702,0.0307581
1704,0.0449703
1706,0.0334137
1708,0.0499126
1710,0.0532711
1712,0.0592798
1714,0.0557113
1716,0.0150899
1718,0.0109782
1720,0.00953702
1722,0.0139082
1724,0.0185819
1726,0.0334527
1728,0.0220959
1730,0.0583506
1732,0.0492073
1734,0.0134528
1736,0.018318
1738,0.0160402
1740,0.0434316
1742,0.0415505
1744,0.0507735
1746,0.0535053
1748,0.0563225
1750,0.0441197
1752,0.0193703
1754,0.00866173
1756,0.0135063
1758,0.0273185
1760,0.0485895
1762,0.0222363
1764,0.0406959
1766,0.0440393
1768,0.0245184
1770,0.0603474
1772,0.0370734
1774,0.019993
1776,0.0153606
1778,0.0194484
1780,0.037268
1782,0.0218526
1784,0.0371014
1786,0.0310063
1788,0.0146146
1790,0.00839196
1792,0.0451566
1794,0.0569784
1796,0.0520131
1798,0.047587
1800,0.0675834
1802,0.0576541
1804,0.023087
1806,0.00676363
1808,0.0280957
1810,0.0378837
1812,0.0339604
1814,0.0315199
1816,0.0316149
1818,0.056033
1820,0.03903
1822,0.0119901
1824,0.0753171
1826,0.0584519
1828,0.0203505
1830,0.0501292
1832,0.0626202
1834,0.0850325
1836,0.07961
1838,0.0531841
1840,0.0480273
1842,0.0430307
1844,0.0522903
1846,0.0588309
1848,0.0393191
1850,0.0983555
1852,0.0853614
1854,0.0821987
1856,0.0380157
1858,0.0118418
1860,0.0189582
1862,0.0249233
1864,0.0243845
1866,0.0304731
1868,0.016653
1870,0.0239717
1872,0.0234028
1874,0.0491101
1876,0.0409179
1878,0.00369828
1880,0.0469367
1882,0.020514
1884,0.0514651
1886,0.0804364
1888,0.101972
1890,0.0827002
1892,0.0502467
1894,0.0250687
1896,0.0858285
1898,0.116385
1900,0.13805
1902,0.0676061
1904,0.0511406
1906,0.0788333
1908,0.120134
1910,0.115987
1912,0.0451351
1914,0.0785436
1916,0.0895755
1918,0.056344
1920,0.0690206
1922,0.126874
1924,0.095704
1926,0.0571095
1928,0.0295566
1930,0.0811828
1932,0.080596
1934,0.0670358
1936,0.0427485
1938,0.0627246
1940,0.124102
1942,0.153683
1944,0.105519
1946,0.210038
1948,0.402165
1950,0.761655
1952,0.417595
1954,0.162212
1956,0.100146
1958,0.12901
1960,0.180668
1962,0.113032
1964,0.0903722
1966,0.0337575
1968,0.0985914
1970,0.092782
1972,0.135117
1974,0.0787691
1976,0.0931706
1978,0.130622
1980,0.19092
1982,0.138622
1984,0.113835
1986,0.088563
1988,0.0742131
1990,0.0750368
1992,0.0679258
1994,0.135359
1996,0.134214
1998,0.106504
2000,0.0963591
2002,0.172234
2004,0.0993402
2006,0.0156864
2008,0.093177
2010,0.115681
2012,0.0970379
2014,0.0852175
2016,0.0423295
2018,0.0931803
2020,0.0825938
2022,0.085354
2024,0.134671
2026,0.0887289
2028,0.072957
2030,0.129337
2032,0.128847
2034,0.118793
2036,0.119771
2038,0.162303
2040,0.146409
2042,0.184899
2044,0.122299
2046,0.0878281
2048,0.0240579
2050,0.0668145
2052,0.0243205
2054,0.0544602
2056,0.0603185
2058,0.0782759
2060,0.113438
2062,0.102263
2064,0.101869
2066,0.0797565
2068,0.0651965
2070,0.0794469
2072,0.112056
2074,0.101353
2076,0.040613
2078,0.0771525
2080,0.106573
2082,0.0722315
2084,0.0592984
2086,0.0993484
2088,0.0676285
2090,0.129162
2092,0.100091
2094,0.0718448
2096,0.0699869
2098,0.0616936
2100,0.0445955
2102,0.0161432
2104,0.0263856
2106,0.0376015
2108,0.0572544
2110,0.0391429
2112,0.0243488
2114,0.0349935
2116,0.0411426
2118,0.024839
2120,0.0258386
2122,0.0701766
2124,0.0810529
2126,0.0627234
2128,0.0570189
2130,0.0375469
2132,0.0204454
2134,0.0601983
2136,0.0971279
2138,0.0520769
2140,0.0303179
2142,0.0847832
2144,0.0999184
2146,0.0941694
2148,0.135156
2150,0.286676
2152,0.204263
2154,0.114743
2156,0.0835356
2158,0.0640875
2160,0.0386391
2162,0.0480144
2164,0.055553
2166,0.0564419
2168,0.0680556
2170,0.0371812
2172,0.0490748
2174,0.0534303
2176,0.0281772
2178,0.0462575
2180,0.0594889
2182,0.0278437
2184,0.0447801
2186,0.0489269
2188,0.0395636
2190,0.016539
2192,0.0354372
2194,0.0783475
2196,0.0916695
2198,0.130878
2200,0.0964238
2202,0.0472262
2204,0.0210066
2206,0.0351448
2208,0.0457861
2210,0.0446078
2212,0.0220499
2214,0.0202192
2216,0.00700288
2218,0.0172417
2220,0.0196546
2222,0.0350863
2224,0.0605469
2226,0.0296046
2228,0.036532
2230,0.0471179
2232,0.0441766
2234,0.0582881
2236,0.0366222
2238,0.0708918
2240,0.062216
2242,0.0273959
2244,0.0815167
2246,0.108028
2248,0.148633
2250,0.311888
2252,0.192095
2254,0.119207
2256,0.0717163
2258,0.0612649
2260,0.030499
2262,0.0217628
2264,0.0254317
2266,0.0302717
2268,0.00648548
2270,0.00706373
2272,0.0177758
2274,0.0308874
2276,0.0213872
2278,0.0093478
2280,0.0157198
2282,0.0356403
2284,0.0401093
2286,0.0220638
2288,0.0382463
2290,0.0433663
2292,0.0346009
2294,0.0352861
2296,0.0668651
2298,0.0564833
2300,0.0431845
2302,0.0613945
2304,0.0600269
2306,0.051804
2308,0.0475712
2310,0.037895
2312,0.023561
2314,0.016412
2316,0.0159338
2318,0.0276137
2320,0.0300757
2322,0.0147189
2324,0.00707488
2326,0.00698216
2328,0.00952119
2330,0.0347973
2332,0.0299756
2334,0.0277995
2336,0.0258064
2338,0.028462
2340,0.0134675
2342,0.0318168
2344,0.0336781
2346,0.0287289
2348,0.0135936
2350,0.0230913
2352,0.0340231
2354,0.0268024
2356,0.00522849
2358,0.0254234
2360,0.0200101
2362,0.00878976
2364,0.0231751
2366,0.0217562
2368,0.021706
2370,0.0107295
2372,0.0301792
2374,0.0513596
2376,0.0503667
2378,0.037735
2380,0.0284615
2382,0.0165313
2384,0.0329382
2386,0.0456358
2388,0.0663792
2390,0.0528085
2392,0.0532562
2394,0.0559123
2396,0.0437507
2398,0.00495914
2400,0.0230132
2402,0.0280287
2404,0.0231841
2406,0.0399451
2408,0.0336077
2410,0.0340629
2412,0.0230544
2414,0.0235653
2416,0.0236229
2418,0.0266136
2420,0.00861969
2422,0.00880718
2424,0.0283533
2426,0.0410118
2428,0.0381854
2430,0.04201
2432,0.0369685
2434,0.0411091
2436,0.0344974
2438,0.0397728
2440,0.0360023
2442,0.0411544
2444,0.048549
2446,0.0499453
2448,0.0369458
2450,0.0904638
2452,0.0630031
2454,0.0367505
2456,0.0227431
2458,0.0225041
2460,0.0425265
2462,0.0328542
2464,0.0218728
2466,0.00606198
2468,0.00303172
2470,0.00574938
2472,0.00902316
2474,0.00444383
2476,0.0057702
2478,0.00793753
2480,0.00781982
2482,0.00407993
2484,0.0256237
2486,0.0177085
2488,0.00854294
2490,0.0226685
2492,0.0225152
2494,0.0151523
2496,0.0100916
2498,0.0220268
2500,0.0318699
2502,0.019411
2504,0.00747576
2506,0.00747861
2508,0.010476
2510,0.0285592
2512,0.0342931
2514,0.033194
2516,0.0206242
2518,0.00901985
2520,0.00291842
2522,0.00663711
2524,0.0206892
2526,0.0208798
2528,0.00440588
2530,0.00514391
2532,0.00896728
2534,0.022357
2536,0.0197259
2538,0.0330477
2540,0.0246473
2542,0.00831965
2544,0.0248755
2546,0.0449097
2548,0.0351785
2550,0.0441928
2552,0.0318455
2554,0.0163222
2556,0.024396
2558,0.0287742
2560,0.0161482
2562,0.026979
2564,0.0264573
2566,0.0241809
2568,0.0223823
2570,0.0206718
2572,0.0259373
2574,0.0152328
2576,0.0164128
2578,0.0171624
2580,0.024222
2582,0.020834
2584,0.0179149
2586,0.0240478
2588,0.0197478
2590,0.0114677
2592,0.00363086
2594,0.0159587
2596,0.0198294
2598,0.0088659
2600,0.00430461
2602,0.0137276
2604,0.0145985
2606,0.00656649
2608,0.00180189
2610,0.00125273
2612,0.0130567
2614,0.024918
2616,0.0282556
2618,0.0235921
2620,0.0248923
2622,0.0184224
2624,0.0157019
2626,0.00956494
2628,0.0142616
2630,0.0234943
2632,0.0227332
2634,0.0234467
2636,0.0115261
2638,0.0152463
2640,0.0198862
2642,0.0252591
2644,0.0225515
2646,0.0172559
2648,0.0197736
2650,0.0452046
2652,0.0287082
2654,0.0264596
2656,0.0285992
2658,0.0384479
2660,0.0392027
2662,0.0329114
2664,0.0226459
2666,0.0194452
2668,0.0105389
2670,0.00668656
2672,0.00716498
2674,0.00585246
2676,0.0129867
2678,0.0225776
2680,0.0237712
2682,0.0104058
2684,0.00483372
2686,0.00917827
2688,0.0114581
2690,0.0146324
2692,0.0182237
2694,0.0201932
2696,0.0252029
2698,0.0145752
2700,0.010419
2702,0.00577392
2704,0.0151355
2706,0.0196775
2708,0.011058
2710,0.0168812
2712,0.0238315
2714,0.0195439
2716,0.0131263
2718,0.00619909
2720,0.011121
2722,0.0109262
2724,0.0145182
2726,0.0139738
2728,0.0208302
2730,0.0242438
2732,0.016011
2734,0.0114371
2736,0.0119339
2738,0.0151514
2740,0.0232054
2742,0.0310198
2744,0.0213323
2746,0.0268536
2748,0.046705
2750,0.082032
2752,0.0519415
2754,0.0402296
2756,0.0154086
2758,0.00296839
2760,0.0143149
2762,0.00669314
2764,0.00632328
2766,0.0197021
2768,0.0237895
2770,0.0247498
2772,0.0172062
2774,0.00498028
2776,0.0111551
2778,0.0276812
2780,0.0298207
2782,0.0316041
2784,0.0171306
2786,0.0157511
2788,0.0166296
2790,0.0103763
2792,0.0218703
2794,0.0231565
2796,0.0146383
2798,0.019434
2800,0.0110186
2802,0.0152973
2804,0.00221944
2806,0.00341605
2808,0.0133668
2810,0.0135291
2812,0.0231554
2814,0.0332624
2816,0.0318642
2818,0.0245887
2820,0.0116528
2822,0.0173124
2824,0.0124112
2826,0.0184321
2828,0.0201716
2830,0.0206331
2832,0.0377677
2834,0.0319517
2836,0.0232908
2838,0.0231249
2840,0.0180822
2842,0.0136228
2844,0.012724
2846,0.0153904
2848,0.0216062
2850,0.0312268
2852,0.0239865
2854,0.0224527
2856,0.0219373
2858,0.0183493
2860,0.0124251
2862,0.00722283
2864,0.00887538
2866,0.0157454
2868,0.0135994
2870,0.0199455
2872,0.0183548
2874,0.00744691
2876,0.00578765
2878,0.012201
2880,0.00980292
2882,0.00502556
2884,0.0130016
2886,0.0168631
2888,0.0183183
2890,0.0177251
2892,0.0119903
2894,0.0128771
2896,0.0104212
2898,0.0168894
2900,0.0154193
2902,0.0015762
2904,0.012868
2906,0.00798825
2908,0.0122947
2910,0.0165312
2912,0.0206531
2914,0.0216037
2916,0.0140477
2918,0.0232297
2920,0.019513
2922,0.0144122
2924,0.0140114
2926,0.0117423
2928,0.0186746
2930,0.0347677
2932,0.0370641
2934,0.0284895
2936,0.0181357
2938,0.00963691
2940,0.0100099
2942,0.0202508
2944,0.0194115
2946,0.0227354
2948,0.0248316
2950,0.0321058
2952,0.0344997
2954,0.0332397
2956,0.0237516
2958,0.0189399
2960,0.00573149
2962,0.00980926
2964,0.0252511
2966,0.0185355
2968,0.00984394
2970,0.0117229
2972,0.0205841
2974,0.011957
2976,0.0192589
2978,0.0261895
2980,0.0308723
2982,0.0352822
2984,0.0293742
2986,0.019521
2988,0.0183813
2990,0.0247354
2992,0.0227947
2994,0.0232348
2996,0.0177716
2998,0.00836588
3000,0.0083915
3002,0.00523588
3004,0.00769137
3006,0.00807806
3008,0.00252624
3010,0.00418406
3012,0.013926
3014,0.0177724
3016,0.019253
3018,0.0180848
3020,0.00941374
3022,0.0147686
3024,0.0302851
3026,0.0229807
3028,0.0299888
3030,0.0182948
3032,0.00851323
3034,0.00872377
3036,0.0163957
3038,0.0104898
3040,0.00941034
3042,0.00841864
3044,0.00638953
3046,0.0104154
3048,0.00583955
3050,0.0124752
3052,0.0245752
3054,0.0178235
3056,0.00626801
3058,0.00855126
3060,0.0224734
3062,0.0184863
3064,0.0205954
3066,0.0173827
3068,0.0129008
3070,0.0125212
3072,0.00512856
3074,0.00675347
3076,0.0124556
3078,0.00812809
3080,0.00624677
3082,0.0103908
3084,0.0145626
3086,0.0164582
3088,0.00910457
3090,0.00720455
3092,0.00472036
3094,0.0114427
3096,0.0144899
3098,0.0221693
3100,0.0096973
3102,0.017857
3104,0.0239612
3106,0.0142611
3108,0.00336328
3110,0.014868
3112,0.0168685
3114,0.0201591
3116,0.0141226
3118,0.00612122
3120,0.0151859
3122,0.0110415
3124,0.0144431
3126,0.0138756
3128,0.0124334
3130,0.0089414
3132,0.0137787
3134,0.0136635
3136,0.018415
3138,0.0185068
3140,0.00864502
3142,0.0111514
3144,0.0154824
3146,0.0251534
3148,0.0384245
3150,0.0866227
3152,0.0633265
3154,0.0358224
3156,0.0214272
3158,0.0162789
3160,0.0230894
3162,0.0340697
3164,0.0359473
3166,0.0182726
3168,0.0070234
3170,0.0142373
3172,0.0229442
3174,0.0141666
3176,0.0135919
3178,0.0123239
3180,0.0116299
3182,0.0122104
3184,0.00462095
3186,0.0092656
3188,0.00703119
3190,0.00969833
3192,0.0250672
3194,0.0178485
3196,0.00736878
3198,0.00771316
3200,0.0165359
3202,0.0103828
3204,0.00913917
3206,0.00730448
3208,0.00717239
3210,0.00536355
3212,0.00203169
3214,0.000961101
3216,0.00667899
3218,0.0149544
3220,0.0124766
3222,0.0147494
3224,0.00738664
3226,0.0166844
3228,0.0128073
3230,0.0101879
3232,0.00645386
3234,0.00758845
3236,0.000933283
3238,0.0111643
3240,0.0126832
3242,0.0102019
3244,0.0124655
3246,0.00818112
3248,0.00406791
3250,0.0267923
3252,0.0290685
3254,0.01621
3256,0.0207638
3258,0.0333059
3260,0.0303494
3262,0.0281642
3264,0.0134809
3266,0.028785
3268,0.0208766
3270,0.0132135
3272,0.00973604
3274,0.0152895
3276,0.00839762
3278,0.00503793
3280,0.00526339
3282,0.00500463
3284,0.00490075
3286,0.00966178
3288,0.0150183
3290,0.00382366
3292,0.0110274
3294,0.0134826
3296,0.0208021
3298,0.0248974
3300,0.017932
3302,0.0235996
3304,0.0236863
3306,0.00964247
3308,0.00843786
3310,0.022907
3312,0.0281767
3314,0.0131124
3316,0.0114956
3318,0.0152025
3320,0.0100239
3322,0.00289683
3324,0.0118078
3326,0.0173405
3328,0.0208056
3330,0.0189603
3332,0.0209219
3334,0.00732202
3336,0.00527913
3338,0.021832
3340,0.0208131
3342,0.0176821
3344,0.00815017
3346,0.00491796
3348,0.00543073
3350,0.00384319
3352,0.00426373
3354,0.00893419
3356,0.00161215
3358,0.00219896
3360,0.00482026
3362,0.00573036
3364,0.0171603
3366,0.0289001
3368,0.026439
3370,0.022112
3372,0.0210856
3374,0.0162179
3376,0.00657262
3378,0.00969727
3380,0.0150034
3382,0.00611558
3384,0.00286237
3386,0.00375368
3388,0.00258234
3390,0.00237805
3392,0.0123682
3394,0.0180743
3396,0.0182839
3398,0.00797159
3400,0.01345
3402,0.0179374
3404,0.00703914
3406,0.0184556
3408,0.0165592
3410,0.00588216
3412,0.0167246
3414,0.0195018
3416,0.017669
3418,0.0229135
3420,0.0180379
3422,0.0113324
3424,0.0227421
3426,0.00784566
3428,0.0100221
3430,0.0101361
3432,0.0162655
3434,0.00655604
3436,0.0167485
3438,0.0179396
3440,0.011418
3442,0.0154667
3444,0.0135039
3446,0.0171595
3448,0.0261787
3450,0.0481846
3452,0.0287688
3454,0.00760723
3456,0.00868521
3458,0.0151211
3460,0.00868938
3462,0.00570557
3464,0.0093632
3466,0.00550805
3468,0.0129091
3470,0.0165725
3472,0.0149502
3474,0.0096877
3476,0.00497965
3478,0.0172155
3480,0.0106816
3482,0.0119461
3484,0.0185467
3486,0.0106347
3488,0.0104757
3490,0.0114928
3492,0.0080948
3494,0.00739024
3496,0.00785302
3498,0.00256979
3500,0.00825944
3502,0.0107282
3504,0.0062425
3506,0.00870646
3508,0.0100757
3510,0.00595781
3512,0.0118121
3514,0.0149988
3516,0.00456897
3518,0.0122076
3520,0.0138066
3522,0.00542531
3524,0.00806177
3526,0.013448
3528,0.0126496
3530,0.00229188
3532,0.00792814
3534,0.0179087
3536,0.022649
3538,0.0110231
3540,0.0133768
3542,0.0184256
3544,0.0106105
3546,0.00758953
3548,0.0231485
3550,0.0358849
3552,0.0250916
3554,0.0141589
3556,0.0211111
3558,0.0148845
3560,0.00330589
3562,0.0130483
3564,0.0137057
3566,0.0164135
3568,0.00742563
3570,0.00374032
3572,0.0107649
3574,0.00579426
3576,0.00612565
3578,0.00230439
3580,0.00366015
3582,0.0123783
3584,0.0174257
3586,0.0254772
3588,0.028428
3590,0.0113962
3592,0.0121268
3594,0.014703
3596,0.00955467
3598,0.00885914
3600,0.0138028
3602,0.00916048
3604,0.0104438
3606,0.0150551
3608,0.00909404
3610,0.00962354
3612,0.00511935
3614,0.00792449
3616,0.00560923
3618,0.00476175
3620,0.0108482
3622,0.0229346
3624,0.0265026
3626,0.0143745
3628,0.00733621
3630,0.0135443
3632,0.0216694
3634,0.0111433
3636,0.0111132
3638,0.0165136
3640,0.00017674
3642,0.011671
3644,0.019294
3646,0.026299
3648,0.0212751
3650,0.0177242
3652,0.0112105
3654,0.0111679
3656,0.0135174
3658,0.01042
3660,0.0133595
3662,0.0160351
3664,0.00502297
3666,0.00811689
3668,0.00658034
3670,0.0224915
3672,0.0197905
3674,0.0088173
3676,0.00373301
3678,0.00953364
3680,0.0164332
3682,0.0189492
3684,0.0221329
3686,0.0157054
3688,0.00956403
3690,0.0161904
3692,0.014761
3694,0.0179741
3696,0.0228175
3698,0.0165598
3700,0.013344
3702,0.0159414
3704,0.00816658
3706,0.00406271
3708,0.00763289
3710,0.0182338
3712,0.0130367
3714,0.0221984
3716,0.018501
3718,0.0275278
3720,0.0299134
3722,0.0130433
3724,0.0161129
3726,0.0281654
3728,0.0290816
3730,0.0146983
3732,0.00657355
3734,0.00820309
3736,0.0205092
3738,0.0151026
3740,0.00162706
3742,0.019288
3744,0.0150192
3746,0.00730898
3748,0.0119037
3750,0.0170712
3752,0.00505244
3754,0.0160255
3756,0.0119067
3758,0.00789686
3760,0.00932936
3762,0.0121674
3764,0.00415353
3766,0.0163006
3768,0.00982643
3770,0.00982339
3772,0.00729803
3774,0.010119
3776,0.0100978
3778,0.0131785
3780,0.0154727
3782,0.014678
3784,0.0146661
3786,0.0151658
3788,0.0195459
3790,0.0272079
3792,0.019183
3794,0.0128307
3796,0.0191306
3798,0.0155626
3800,0.0197653
3802,0.0243913
3804,0.00888424
3806,0.00839804
3808,0.00549417
3810,0.0149876
3812,0.0159039
3814,0.0223614
3816,0.0228918
3818,0.0259609
3820,0.012266
3822,0.00702634
3824,0.0081269
3826,0.0079217
3828,0.0102281
3830,0.00491934
3832,0.00294407
3834,0.00820482
3836,0.00802331
3838,0.0115345
3840,0.0235918
3842,0.0252392
3844,0.023417
3846,0.0181179
3848,0.00297605
3850,0.0101394
3852,0.0186281
3854,0.0144707
3856,0.00754904
3858,0.0122133
3860,0.00698082
3862,0.0119537
3864,0.0119443
3866,0.00872768
3868,0.0102001
3870,0.0115127
3872,0.012335
3874,0.00873713
3876,0.0084927
3878,0.0107559
3880,0.0123911
3882,0.0120807
3884,0.0141197
3886,0.0121809
3888,0.0178311
3890,0.0112553
3892,0.00800808
3894,0.00973826
3896,0.00799958
3898,0.00904344
3900,0.00469077
3902,0.0050874
3904,0.00691542
3906,0.0136873
3908,0.0170529
3910,0.0211672
3912,0.0187883
3914,0.00935623
3916,0.00349492
3918,0.00928761
3920,0.011036
3922,0.00605905
3924,0.00345249
3926,0.0103671
3928,0.018936
3930,0.0209444
3932,0.022619
3934,0.0241794
3936,0.00997522
3938,0.0127063
3940,0.00267024
3942,0.00985233
3944,0.0131454
3946,0.0180825
3948,0.0179218
3950,0.0153648
3952,0.0128094
3954,0.0162558
3956,0.0182035
3958,0.0155988
3960,0.0115781
3962,0.0129694
3964,0.0150454
3966,0.00913185
3968,0.00113531
3970,0.0173674
3972,0.0238604
3974,0.0139077
3976,0.00424017
3978,0.0021716
3980,0.00202492
3982,0.0181555
3984,0.0209411
3986,0.0140634
3988,0.0145186
3990,0.00636529
3992,0.0168264
3994,0.00673731
3996,0.0073889
3998,0.00360756
4000,0.0100162
4002,0.0144052
4004,0.0204253
4006,0.0157643
4008,0.00767682
4010,0.00171079
4012,0.0163672
4014,0.022729
4016,0.0277154
4018,0.019897
4020,0.0147096
4022,0.0119904
4024,0.00288886
4026,0.00214872
4028,0.00999409
4030,0.00800173
4032,0.00625429
4034,0.0143785
4036,0.0134609
4038,0.0109444
4040,0.00623164
4042,0.0165845
4044,0.00927689
4046,0.00498204
4048,0.00448834
4050,0.0226467
4052,0.0218299
4054,0.00732313
4056,0.0268239
4058,0.018097
4060,0.0150372
4062,0.0117721
4064,0.0155236
4066,0.007145
4068,0.0181901
4070,0.0100053
4072,0.0109259
4074,0.0153035
4076,0.00922055
4078,0.00664315
4080,0.0113961
4082,0.0115641
4084,0.00272116
4086,0.0113748
4088,0.0160244
4090,0.00842794
4092,0.00562399
4094,0.00329098
