# BEGINHEADER
# This file contains data from the SALSA 2m radio telescope.
# DATE=2024-01-31T11:25:0009
# GLON and GLAT given in degrees
# GLON=36.064957005754515
# GLAT=-21.801604311193362
# DATA in two columns below. Col. 1 is velocity relative to LSR [km/s]. Col. 2 is uncalibrated antenna temperature [K].
# ENDHEADER
2391.961237991127 16.29554847023528
2389.900094040528 33.654776465219946
2387.8389500899298 30.07094954317695
2385.777806139331 32.80234078232065
2383.7166621887327 32.012233021606676
2381.655518238134 34.13524124614027
2379.594374287535 34.626137037885
2377.5332303369364 36.494511958000984
2375.472086386338 37.85935612629453
2373.4109424357393 39.8850132692047
2371.3497984851406 41.31849908989482
2369.2886545345414 43.00045279232052
2367.227510583943 45.21097863638123
2365.1663666333443 46.81347100159387
2363.105222682746 48.94407962719696
2361.044078732147 50.7610751124678
2358.9829347815485 52.86571318182071
2356.9217908309497 54.50008153833639
2354.8606468803514 57.134931637213256
2352.7995029297526 58.42283512074171
2350.738358979154 60.522566914996574
2348.677215028555 61.66023093041217
2346.616071077957 62.77262349104641
2344.554927127358 63.51366805966236
2342.4937831767597 65.50269999765672
2340.432639226161 66.24604027954182
2338.371495275562 66.8623853369527
2336.3103513249634 67.32965141295064
2334.249207374365 67.67617799163507
2332.1880634237664 69.3895919838399
2330.1269194731676 70.00814230703263
2328.065775522569 70.2804643212571
2326.0046315719705 70.74575629388436
2323.943487621372 71.52002624601867
2321.8823436707735 72.05948625668941
2319.8211997201747 72.5210411508578
2317.760055769576 71.75060723466773
2315.698911818977 72.92394315015734
2313.637767868379 72.49131014690826
2311.57662391778 73.05722782466053
2309.5154799671814 73.5093205136302
2307.454336016582 73.62643911655398
2305.393192065984 73.69733565833829
2303.332048115385 74.02349931921746
2301.2709041647868 74.63277512128296
2299.209760214188 74.51591252598173
2297.1486162635892 75.43999433462277
2295.0874723129905 75.20180387158905
2293.026328362392 74.72191077548914
2290.9651844117934 75.17120502097009
2288.9040404611947 75.2104022244516
2286.842896510596 75.31196417362344
2284.7817525599976 76.26860603361584
2282.720608609399 75.47817965195212
2280.6594646588005 75.91913319226234
2278.5983207082018 75.36468569895436
2276.537176757603 76.22678973197044
2274.4760328070042 76.55974261466827
2272.414888856406 76.8514556924667
2270.353744905807 77.69777981514663
2268.2926009552084 77.15949793218373
2266.2314570046096 77.05697409469941
2264.1703130540113 76.41901361018218
2262.1091691034126 77.44921707810357
2260.0480251528143 76.97925043610681
2257.9868812022155 76.93071662305745
2255.9257372516167 76.7826385019448
2253.864593301018 77.65328452508648
2251.8034493504197 77.55199463473272
2249.742305399821 78.29138766599733
2247.681161449222 78.65014706435122
2245.6200174986234 78.54272988985562
2243.5588735480246 78.23176951898655
2241.497729597426 77.948867314189
2239.4365856468276 77.87623349818509
2237.375441696229 78.74345565386291
2235.31429774563 77.96406051459408
2233.2531537950313 77.61089094616183
2231.192009844433 78.44256878072184
2229.130865893834 79.01271551677469
2227.0697219432354 79.00914234563179
2225.0085779926367 78.61051988955408
2222.9474340420384 79.63353888693453
2220.8862900914396 78.62398079361125
2218.8251461408413 78.64135310977927
2216.7640021902425 79.2059294904777
2214.702858239644 80.72132148577523
2212.641714289045 83.90001423337513
2210.5805703384467 79.68459789709708
2208.519426387848 79.5571795939504
2206.458282437249 80.05368193062446
2204.3971384866504 80.30170653064874
2202.335994536052 79.51550435296667
2200.2748505854534 79.45216238325025
2198.213706634855 79.47416468422522
2196.1525626842563 79.83365579153056
2194.0914187336575 79.554781017011
2192.0302747830588 79.34569971745786
2189.9691308324605 80.0596382721163
2187.9079868818617 80.31544702159725
2185.846842931263 79.9353201565393
2183.785698980664 79.25490455826957
2181.724555030066 79.74300079364538
2179.6634110794666 80.31821469329077
2177.6022671288683 79.74880217115725
2175.5411231782696 80.62222689013821
2173.479979227671 79.6046829278363
2171.418835277072 80.12790951756529
2169.3576913264737 79.64580231112424
2167.296547375875 80.67970995242561
2165.235403425276 80.2726386279746
2163.1742594746775 80.59633165838598
2161.113115524079 80.3966186973054
2159.0519715734804 80.42791954884963
2156.990827622882 80.87265221044812
2154.9296836722833 79.43383453663692
2152.8685397216846 80.86680977597116
2150.807395771086 79.97002072860656
2148.7462518204875 80.17019935760743
2146.6851078698887 80.07001772582605
2144.62396391929 81.4202117855143
2142.562819968691 81.60897074793765
2140.501676018093 80.49012868248931
2138.440532067494 80.18316123012497
2136.379388116896 80.62536791630208
2134.3182441662966 81.07196226010662
2132.2571002156983 80.60906897068517
2130.1959562650995 82.94624102611076
2128.1348123145012 84.99247649468326
2126.0736683639025 82.52161592696928
2124.0125244133037 82.28865539149545
2121.951380462705 80.39082777450918
2119.8902365121066 80.64028996248625
2117.8290925615074 80.01614824264415
2115.767948610909 81.53438047028772
2113.70680466031 81.4998683636101
2111.6456607097116 80.6793989529509
2109.584516759113 80.29305196724283
2107.5233728085145 80.07287267558685
2105.4622288579158 80.29078790406155
2103.401084907317 80.3767388796288
2101.3399409567182 80.66676039764516
2099.27879700612 81.23415840703288
2097.217653055521 80.0974745934014
2095.156509104923 80.16095176586761
2093.095365154324 80.29275029586447
2091.0342212037253 79.86443769483974
2088.9730772531266 79.83804987612278
2086.9119333025283 81.11874882784174
2084.850789351929 80.09594169321939
2082.7896454013307 79.48820735724267
2080.728501450732 80.43355871045692
2078.6673575001337 79.34913583983624
2076.606213549535 79.49953986157948
2074.545069598936 80.1280090701631
2072.4839256483374 81.09678441952022
2070.422781697739 81.73242349833254
2068.3616377471403 79.44664191064919
2066.3004937965416 80.37160509440561
2064.239349845943 78.12318146657033
2062.1782058953445 82.07087478345677
2060.1170619447457 75.20126285082323
2058.0559179941474 110.25883637281613
2055.994774043548 93.50222632371835
2053.93363009295 74.53538763570491
2051.872486142351 81.6590371589818
2049.8113421917524 77.84774853301501
2047.7501982411538 79.99381957410424
2045.6890542905553 78.25671643696342
2043.6279103399565 80.75686751178844
2041.5667663893582 78.98690614016216
2039.5056224387592 78.80426704506249
2037.4444784881607 77.98682776442651
2035.383334537562 78.17194743672091
2033.3221905869634 78.49777421215971
2031.2610466363647 79.44957349065571
2029.1999026857661 79.53673487542414
2027.1387587351674 78.2545773905279
2025.0776147845688 78.63181991914249
2023.01647083397 77.43240912342333
2020.9553268833718 78.58304098505728
2018.894182932773 78.09185260043107
2016.8330389821745 77.6013219057514
2014.7718950315757 77.4954080856749
2012.7107510809772 78.0187679771958
2010.6496071303784 77.71393299931415
2008.5884631797796 77.28626023008539
2006.5273192291809 77.22210417211569
2004.4661752785823 77.26385536753527
2002.4050313279836 77.50063952479005
2000.3438873773853 77.63645060829356
1998.2827434267863 76.7132871482175
1996.221599476188 76.11520356810635
1994.1604555255892 76.03479125343218
1992.0993115749907 76.96257915071448
1990.038167624392 76.30720954485649
1987.9770236737934 76.55295602693204
1985.9158797231946 76.39485090739112
1983.854735772596 75.60097435663246
1981.7935918219973 75.75956566470339
1979.732447871399 75.88238478132797
1977.6713039207998 75.65311028154565
1975.6101599702015 75.67714356799121
1973.5490160196027 75.84887520618538
1971.4878720690042 75.8201006404754
1969.4267281184054 74.16865886196436
1967.365584167807 74.92738655002309
1965.3044402172081 74.23157309280808
1963.2432962666096 74.51647331025544
1961.1821523160108 74.52198393831732
1959.1210083654125 74.2983254782346
1957.0598644148135 73.71417550378987
1954.9987204642152 74.12590627799489
1952.9375765136165 73.60535412278288
1950.876432563018 73.45451005133629
1948.8152886124192 73.02415185837177
1946.7541446618206 72.90480130068498
1944.6930007112217 72.6746836070806
1942.6318567606231 73.0403977506879
1940.5707128100244 72.96997962443753
1938.509568859426 71.56150100693124
1936.448424908827 71.34235349871189
1934.3872809582288 71.73995494379612
1932.32613700763 71.13806601825301
1930.2649930570315 70.54590932026868
1928.2038491064327 70.20157468551808
1926.1427051558342 69.61659645059835
1924.0815612052354 69.56475563034665
1922.0204172546369 68.38616758526751
1919.959273304038 67.1955372602526
1917.8981293534398 67.12609962957113
1915.8369854028406 65.80114359183936
1913.7758414522423 65.25520614395113
1911.7146975016435 64.03760057744037
1909.653553551045 61.764673529536594
1907.5924096004462 61.203809580108654
1905.5312656498477 59.495011364562316
1903.470121699249 58.1949274842619
1901.4089777486504 56.18034331610262
1899.3478337980516 54.83743293224265
1897.2866898474533 53.319136872476925
1895.2255458968543 51.13235007858865
1893.164401946256 49.45820845923387
1891.1032579956573 47.14434796480489
1889.0421140450587 44.964435521119476
1886.98097009446 43.02300621616777
1884.9198261438614 41.00894086796431
1882.8586821932624 39.52459538839121
1880.797538242664 38.29754784805889
1878.7363942920651 36.81757815918925
1876.6752503414668 34.84101072698795
1874.6141063908678 34.203508049902965
1872.5529624402695 32.200740628621766
1870.4918184896708 32.9760908777609
1868.4306745390722 29.84894627580775
1866.3695305884735 33.45536966691195
