234.876822 0.000000
232.815678 0.000000
230.754534 0.000000
228.693390 0.000000
226.632246 0.000000
224.571102 0.000000
222.509958 0.000000
220.448814 0.000000
218.387670 0.000000
216.326526 0.000000
214.265382 0.000000
212.204238 0.000000
210.143094 0.000000
208.081951 0.000000
206.020807 0.000000
203.959663 0.000000
201.898519 0.000000
199.837375 0.000000
197.776231 0.000000
195.715087 0.000000
193.653943 0.000000
191.592799 0.000000
189.531655 0.000000
187.470511 0.000000
185.409367 0.000000
183.348223 0.000000
181.287079 0.000000
179.225935 0.000000
177.164791 0.000000
175.103647 0.000000
173.042503 0.000000
170.981359 0.000000
168.920215 0.000000
166.859072 0.000000
164.797928 0.000000
162.736784 0.000000
160.675640 0.000000
158.614496 0.000000
156.553352 0.000000
154.492208 0.000000
152.431064 0.000000
150.369920 0.000000
148.308776 0.000000
146.247632 0.000000
144.186488 0.000000
142.125344 0.000000
140.064200 0.000000
138.003056 0.000000
135.941912 0.000000
133.880768 0.000000
131.819624 0.000000
129.758480 0.000000
127.697336 0.000000
125.636193 0.000000
123.575049 0.000000
121.513905 0.000000
119.452761 0.000000
117.391617 0.000000
115.330473 0.000000
113.269329 0.000000
111.208185 0.000000
109.147041 0.000000
107.085897 0.000000
105.024753 0.000000
102.963609 0.000000
100.902465 0.000000
98.841321 0.000000
96.780177 0.000000
94.719033 0.000000
92.657889 0.000000
90.596745 0.000000
88.535601 0.000000
86.474457 0.000000
84.413314 0.000001
82.352170 0.000007
80.291026 0.000034
78.229882 0.000154
76.168738 0.000635
74.107594 0.002414
72.046450 0.008448
69.985306 0.027202
67.924162 0.080589
65.863018 0.219697
63.801874 0.551115
61.740730 1.272164
59.679586 2.702384
57.618442 5.283056
55.557298 9.506277
53.496154 15.747508
51.435010 24.023854
49.373866 33.773122
47.312722 43.799976
45.251578 52.505754
43.190435 58.387228
41.129291 60.616239
39.068147 59.414715
37.007003 56.007918
34.945859 52.150262
32.884715 49.442704
30.823571 48.757387
28.762427 50.008472
26.701283 52.329336
24.640139 54.550808
22.578995 55.788357
20.517851 55.919906
18.456707 55.725251
16.395563 56.493037
14.334419 59.110553
12.273275 63.078419
10.212131 66.235685
8.150987 65.714969
6.089843 59.691742
4.028699 48.653789
1.967555 35.174018
-0.093588 22.410201
-2.154732 12.540780
-4.215876 6.154539
-6.277020 2.648257
-8.338164 1.000115
-10.399308 0.332337
-12.460452 0.097665
-14.521596 0.025620
-16.582740 0.006098
-18.643884 0.001353
-20.705028 0.000291
-22.766172 0.000063
-24.827316 0.000014
-26.888460 0.000003
-28.949604 0.000001
-31.010748 0.000000
-33.071892 0.000000
-35.133036 0.000000
-37.194180 0.000000
-39.255324 0.000000
-41.316467 0.000000
-43.377611 0.000000
-45.438755 0.000000
-47.499899 0.000000
-49.561043 0.000000
-51.622187 0.000000
-53.683331 0.000000
-55.744475 0.000000
-57.805619 0.000000
-59.866763 0.000000
-61.927907 0.000000
-63.989051 0.000000
-66.050195 0.000000
-68.111339 0.000000
-70.172483 0.000000
-72.233627 0.000000
-74.294771 0.000000
-76.355915 0.000000
-78.417059 0.000000
-80.478203 0.000000
-82.539346 0.000000
-84.600490 0.000000
-86.661634 0.000000
-88.722778 0.000000
-90.783922 0.000000
-92.845066 0.000000
-94.906210 0.000000
-96.967354 0.000000
-99.028498 0.000000
-101.089642 0.000000
-103.150786 0.000000
-105.211930 0.000000
-107.273074 0.000000
-109.334218 0.000000
-111.395362 0.000000
-113.456506 0.000000
-115.517650 0.000000
-117.578794 0.000000
-119.639938 0.000000
-121.701082 0.000000
-123.762225 0.000000
-125.823369 0.000000
-127.884513 0.000000
-129.945657 0.000000
-132.006801 0.000000
-134.067945 0.000000
-136.129089 0.000000
-138.190233 0.000000
-140.251377 0.000000
-142.312521 0.000000
-144.373665 0.000000
-146.434809 0.000000
-148.495953 0.000000
-150.557097 0.000000
-152.618241 0.000000
-154.679385 0.000000
-156.740529 0.000000
-158.801673 0.000000
-160.862817 0.000000
-162.923961 0.000000
-164.985105 0.000000
-167.046248 0.000000
-169.107392 0.000000
-171.168536 0.000000
-173.229680 0.000000
-175.290824 0.000000
-177.351968 0.000000
-179.413112 0.000000
-181.474256 0.000000
-183.535400 0.000000
-185.596544 0.000000
-187.657688 0.000000
-189.718832 0.000000
-191.779976 0.000000
-193.841120 0.000000
-195.902264 0.000000
-197.963408 0.000000
-200.024552 0.000000
-202.085696 0.000000
-204.146840 0.000000
-206.207984 0.000000
-208.269127 0.000000
-210.330271 0.000000
-212.391415 0.000000
-214.452559 0.000000
-216.513703 0.000000
-218.574847 0.000000
-220.635991 0.000000
-222.697135 0.000000
-224.758279 0.000000
-226.819423 0.000000
-228.880567 0.000000
-230.941711 0.000000
-233.002855 0.000000
-235.063999 0.000000
-237.125143 0.000000
-239.186287 0.000000
-241.247431 0.000000
-243.308575 0.000000
-245.369719 0.000000
-247.430863 0.000000
-249.492006 0.000000
-251.553150 0.000000
-253.614294 0.000000
-255.675438 0.000000
-257.736582 0.000000
-259.797726 0.000000
-261.858870 0.000000
-263.920014 0.000000
-265.981158 0.000000
-268.042302 0.000000
-270.103446 0.000000
-272.164590 0.000000
-274.225734 0.000000
-276.286878 0.000000
-278.348022 0.000000
-280.409166 0.000000
-282.470310 0.000000
-284.531454 0.000000
-286.592598 0.000000
-288.653742 0.000000
-290.714885 0.000000
