234.876822 -3.546491
232.815678 -4.430978
230.754534 -4.795587
228.693390 -4.881239
226.632246 -4.910224
224.571102 -4.880885
222.509958 -4.901539
220.448814 -5.004353
218.387670 -5.094684
216.326526 -5.069218
214.265382 -4.740906
212.204238 -3.975639
210.143094 -3.813967
208.081951 -4.405818
206.020807 -4.509753
203.959663 -4.644011
201.898519 -5.381023
199.837375 -5.993300
197.776231 -5.856444
195.715087 -5.400933
193.653943 -5.160666
191.592799 -5.097281
189.531655 -4.774049
187.470511 -4.087122
185.409367 -3.732062
183.348223 -4.365361
181.287079 -5.526220
179.225935 -5.975094
177.164791 -5.831010
175.103647 -5.822501
173.042503 -5.598437
170.981359 -4.900562
168.920215 -4.291184
166.859072 -4.396176
164.797928 -4.961958
162.736784 -5.310242
160.675640 -5.080438
158.614496 -4.649680
156.553352 -4.632241
154.492208 -5.258885
152.431064 -5.942808
150.369920 -6.412365
148.308776 -6.661348
146.247632 -6.537352
144.186488 -6.037168
142.125344 -5.714733
140.064200 -6.261941
138.003056 -6.696011
135.941912 -6.509119
133.880768 -5.942842
131.819624 -5.650294
129.758480 -6.148433
127.697336 -6.613997
125.636193 -6.327957
123.575049 -5.523522
121.513905 -5.305264
119.452761 -5.670784
117.391617 -5.928727
115.330473 -5.923170
113.269329 -5.723392
111.208185 -5.782469
109.147041 -5.980726
107.085897 -6.245619
105.024753 -6.682660
102.963609 -6.760752
100.902465 -6.563371
98.841321 -6.512285
96.780177 -6.919151
94.719033 -7.662510
92.657889 -8.129741
90.596745 -7.805012
88.535601 -7.249353
86.474457 -7.436436
84.413314 -8.186627
82.352170 -8.638631
80.291026 -8.150557
78.229882 -7.041733
76.168738 -6.333377
74.107594 -6.618363
72.046450 -7.105894
69.985306 -6.478079
67.924162 -5.065344
65.863018 -3.726935
63.801874 -2.781441
61.740730 -1.546964
59.679586 0.450368
57.618442 4.096237
55.557298 10.340261
53.496154 17.743454
51.435010 25.119140
49.373866 33.569397
47.312722 43.139975
45.251578 52.181693
43.190435 58.317611
41.129291 60.219977
39.068147 59.435117
37.007003 56.667335
34.945859 52.603265
32.884715 49.227390
30.823571 48.272454
28.762427 49.795822
26.701283 52.434496
24.640139 54.799993
22.578995 56.141599
20.517851 55.800267
18.456707 55.196185
16.395563 56.321968
14.334419 59.438431
12.273275 63.518575
10.212131 66.475554
8.150987 65.390428
6.089843 58.933012
4.028699 48.297770
1.967555 35.888311
-0.093588 23.660944
-2.154732 13.089514
-4.215876 5.444676
-6.277020 0.670660
-8.338164 -1.975850
-10.399308 -3.178042
-12.460452 -4.516771
-14.521596 -6.027957
-16.582740 -6.286016
-18.643884 -5.767648
-20.705028 -5.422112
-22.766172 -5.884814
-24.827316 -6.649401
-26.888460 -6.868416
-28.949604 -6.318872
-31.010748 -6.247971
-33.071892 -7.263191
-35.133036 -8.382309
-37.194180 -8.732523
-39.255324 -8.470743
-41.316467 -8.453108
-43.377611 -8.608634
-45.438755 -8.612832
-47.499899 -8.527758
-49.561043 -8.452280
-51.622187 -8.712670
-53.683331 -9.027771
-55.744475 -9.145222
-57.805619 -9.344484
-59.866763 -9.444650
-61.927907 -9.220256
-63.989051 -9.206004
-66.050195 -9.304510
-68.111339 -9.254756
-70.172483 -9.004095
-72.233627 -8.845821
-74.294771 -8.958578
-76.355915 -8.901675
-78.417059 -9.145005
-80.478203 -9.818298
-82.539346 -9.685200
-84.600490 -9.105151
-86.661634 -9.093133
-88.722778 -9.201660
-90.783922 -9.118443
-92.845066 -9.060157
-94.906210 -9.010229
-96.967354 -8.825428
-99.028498 -9.024324
-101.089642 -9.530544
-103.150786 -9.761440
-105.211930 -9.363853
-107.273074 -8.668428
-109.334218 -8.852257
-111.395362 -10.017127
-113.456506 -10.697239
-115.517650 -10.319851
-117.578794 -9.229360
-119.639938 -8.558868
-121.701082 -8.805568
-123.762225 -8.964361
-125.823369 -8.853510
-127.884513 -8.684606
-129.945657 -8.480543
-132.006801 -8.576865
-134.067945 -8.671148
-136.129089 -8.082740
-138.190233 -7.612451
-140.251377 -8.213612
-142.312521 -8.844241
-144.373665 -8.913607
-146.434809 -8.797054
-148.495953 -7.990568
-150.557097 -6.609855
-152.618241 -6.275419
-154.679385 -6.966133
-156.740529 -6.747095
-158.801673 -6.809310
-160.862817 -7.554908
-162.923961 -7.942067
-164.985105 -8.230328
-167.046248 -8.476575
-169.107392 -8.300640
-171.168536 -7.779149
-173.229680 -7.455025
-175.290824 -7.237138
-177.351968 -7.384419
-179.413112 -7.675708
-181.474256 -7.326149
-183.535400 -7.135325
-185.596544 -7.689912
-187.657688 -8.170161
-189.718832 -8.074378
-191.779976 -7.429677
-193.841120 -6.966462
-195.902264 -7.260789
-197.963408 -7.832470
-200.024552 -8.084095
-202.085696 -7.770178
-204.146840 -7.321021
-206.207984 -7.077485
-208.269127 -7.285479
-210.330271 -7.502429
-212.391415 -7.388549
-214.452559 -6.804751
-216.513703 -6.340346
-218.574847 -6.362231
-220.635991 -6.462143
-222.697135 -6.250887
-224.758279 -6.212843
-226.819423 -6.235867
-228.880567 -6.279982
-230.941711 -6.643703
-233.002855 -6.850351
-235.063999 -6.706145
-237.125143 -6.427694
-239.186287 -6.365584
-241.247431 -6.373199
-243.308575 -6.264599
-245.369719 -6.380584
-247.430863 -6.821478
-249.492006 -6.638075
-251.553150 -5.996453
-253.614294 -6.027846
-255.675438 -6.872348
-257.736582 -7.450226
-259.797726 -7.115418
-261.858870 -6.598089
-263.920014 -6.156027
-265.981158 -5.475862
-268.042302 -5.175580
-270.103446 -5.251769
-272.164590 -5.468929
-274.225734 -5.503582
-276.286878 -5.529698
-278.348022 -6.201198
-280.409166 -5.939758
-282.470310 -4.692058
-284.531454 -4.667229
-286.592598 -5.455824
-288.653742 -5.091635
-290.714885 -4.428148
