# BEGINHEADER
# This file contains data from the SALSA 2m radio telescope.
# DATE=2024-01-31T18:39:0040
# GLON and GLAT given in degrees
# GLON=209.98518741383597
# GLAT=-0.26927394429974044
# DATA in two columns below. Col. 1 is velocity relative to LSR [km/s]. Col. 2 is uncalibrated antenna temperature [K].
# ENDHEADER
234.87682190580242 -2.756644684691196
232.81567795520377 -5.605203358801095
230.75453400460515 -4.4251905104253435
228.6933900540065 -5.057606071753421
226.63224610340785 -4.938954029039073
224.5711021528092 -4.819189520769073
222.50995820221058 -4.877550258136126
220.44881425161194 -4.910926719711978
218.38767030101332 -5.363831460762691
216.32652635041464 -4.792178093755287
214.26538239981602 -5.658930907337908
212.20423844921737 -3.5513542121798087
210.14309449861875 -2.313214498911944
208.0819505480201 -6.087888392877246
206.02080659742145 -3.927093171258233
203.9596626468228 -4.167707673708278
201.8985186962242 -5.351990983287174
199.83737474562554 -6.8528284738188
197.7762307950269 -5.855102057892477
195.71508684442824 -5.216677654956077
193.6539428938296 -4.96851152285874
191.59279894323097 -5.233552351871341
189.53165499263233 -5.285674757081639
187.47051104203368 -3.799807610182939
185.40936709143503 -3.162970941244872
183.3482231408364 -3.5522546359132936
181.28707919023776 -6.530390596425732
179.22593523963914 -6.4800952049276335
177.16479128904047 -5.12458707236255
175.10364733844185 -6.234313797936349
173.0425033878432 -5.898229579819023
170.98135943724458 -5.053872345575414
168.92021548664593 -3.4820614301136383
166.85907153604728 -4.292006839729729
164.79792758544863 -4.936970860393434
162.73678363485 -6.005920232298255
160.67563968425137 -4.966535365123074
158.61449573365272 -4.6810145599407535
156.55335178305407 -3.7295726975231878
154.49220783245542 -5.624175095867958
152.4310638818568 -6.043816261447521
150.36991993125815 -6.339799720740213
148.3087759806595 -7.125856839864699
146.24763203006086 -6.3862513129736165
144.18648807946224 -6.844955243712404
142.1253441288636 -3.8166192645073376
140.06420017826497 -7.2785190583517805
138.0030562276663 -6.790835247627353
135.94191227706767 -6.75523669268983
133.88076832646902 -6.1818062600823716
131.8196243758704 -4.323032655668192
129.75848042527176 -6.780000002036335
127.69733647467311 -6.671449663732054
125.63619252407446 -7.370308176281011
123.57504857347583 -4.523862778435341
121.51390462287718 -4.8996029208655125
119.45276067227854 -6.168420474834625
117.3916167216799 -5.650015292064709
115.33047277108126 -6.597031128209137
113.26932882048263 -5.068440530000217
111.20818486988398 -5.809737634212205
109.14704091928535 -6.319717210727779
107.0858969686867 -5.420398219677468
105.02475301808806 -7.563160283736166
102.96360906748941 -6.602667625542206
100.90246511689078 -6.680974836245017
98.84132116629215 -6.0695711325257715
96.78017721569348 -6.727448139735368
94.71903326509485 -7.6953655948290836
92.6578893144962 -8.823912434905651
90.59674536389757 -8.193647047754805
88.53560141329892 -6.309076979365055
86.47445746270029 -7.23339967023214
84.41331351210165 -8.248249109039316
82.352169561503 -9.38068367856739
80.29102561090437 -8.659192590405434
78.22988166030572 -6.654068006048053
76.16873770970709 -5.756579743527355
74.10759375910844 -5.834566134059623
72.0464498085098 -8.816618730242507
69.98530585791117 -6.3151016593207645
67.92416190731252 -5.457075254428145
65.86301795671389 -2.7390769871766123
63.80187400611524 -3.4616835804679553
61.7407300555166 -1.7827500005506576
59.67958610491796 0.16561507524220387
57.61844215431932 1.6404454841128178
55.55729820372068 9.842240402597188
53.496154253122036 18.937011562051197
51.4350103025234 23.76591471627107
49.37386635192476 32.72718746301688
47.31272240132612 43.620783174339934
45.25157845072748 52.8965592676461
43.19043450012884 62.548763888343345
41.1292905495302 59.92971682878024
39.068146598931556 61.09346007535231
37.007002648332914 57.44336480147347
34.94585869773428 52.36915043019698
32.88471474713564 47.43921642576122
30.823570796536995 46.970515094255184
28.762426845938354 48.90304152088619
26.701282895339713 53.397374333044304
24.640138944741075 54.33236074416051
22.57899499414243 58.23819363357288
20.51785104354379 55.764659979109005
18.456707092945148 53.88543027765122
16.39556314234651 55.12006349135401
14.334419191747868 58.994587914864326
12.273275241149227 63.46956796105285
10.212131290550584 69.1140498128794
8.150987339951945 68.5034940782944
6.089843389353303 61.32198391306271
4.028699438754662 48.952739730755646
1.9675554881560222 35.62396439072215
-0.09358846244261868 23.094332144553515
-2.1547324130412595 11.163257544978581
-4.215876363639901 3.7455171063368584
-6.277020314238541 0.16527518240852257
-8.338164264837182 -3.5134480910056847
-10.399308215435823 -2.6930867174917292
-12.460452166034463 -3.3279510726505084
-14.521596116633104 -8.320431094975108
-16.582740067231747 -5.67428495870293
-18.643884017830384 -6.496517154206293
-20.705027968429025 -4.003285119569202
-22.766171919027666 -6.302168815464268
-24.827315869626307 -6.433650516683803
-26.88845982022495 -8.193567411048848
-28.94960377082359 -5.657493860736951
-31.010747721422227 -5.196325107819181
-33.071891672020875 -7.522742341406015
-35.13303562261951 -8.711128985816913
-37.19417957321815 -9.612200307067896
-39.25532352381679 -7.694199151905584
-41.31646747441543 -8.473853800781876
-43.377611425014074 -8.936157946635445
-45.438755375612715 -8.313785146347795
-47.499899326211356 -9.014509045609532
-49.561043276810004 -7.764584620200875
-51.622187227408645 -8.842364705599362
-53.683331178007286 -9.319606980995445
-55.74447512860593 -8.979933987142887
-57.80561907920457 -9.072435465343558
-59.8667630298032 -10.392089523567833
-61.92790698040184 -8.350059463438898
-63.989050931000484 -9.510369825961343
-66.05019488159913 -9.247874390402956
-68.11133883219777 -9.436228807206815
-70.17248278279641 -9.174899414890849
-72.23362673339506 -8.087139593829434
-74.29477068399369 -9.6485851304428
-76.35591463459234 -8.823650076563151
-78.41705858519097 -7.928154557298025
-80.4782025357896 -11.188787107076015
-82.53934648638825 -10.09747480833301
-84.60049043698689 -7.947160785524451
-86.66163438758554 -9.560359457760098
-88.72277833818417 -9.175266379593412
-90.78392228878282 -9.274473165767642
-92.84506623938145 -8.591517313698048
-94.90621018998009 -9.812885702014077
-96.96735414057875 -8.04272125218925
-99.02849809117738 -8.953768791847017
-101.08964204177603 -9.696083046660103
-103.15078599237467 -10.11368046176887
-105.21192994297331 -9.867487551275799
-107.27307389357195 -8.111316217888957
-109.33421784417058 -7.449447715396111
-111.39536179476923 -11.152725377279076
-113.45650574536786 -10.925223357181359
-115.51764969596651 -11.066233195643054
-117.57879364656515 -9.074603869558596
-119.6399375971638 -7.134436100200308
-121.70108154776243 -9.708656563422236
-123.76222549836106 -8.895247531602926
-125.82336944895971 -8.745342532050897
-127.88451339955834 -9.009436281866344
-129.945657350157 -8.097354542448942
-132.00680130075565 -8.28409903040717
-134.06794525135427 -9.536816929013645
-136.12908920195292 -8.352562689272892
-138.19023315255154 -5.981886524695771
-140.2513771031502 -8.654901818053458
-142.31252105374884 -9.636861278093068
-144.3736650043475 -8.214645481605302
-146.4348089549461 -9.591286344437549
-148.49595290554475 -8.522307673762144
-150.55709685614337 -6.371579487423372
-152.61824080674205 -3.6011005095024555
-154.6793847573407 -10.288256677808208
-156.74052870793932 -5.0978218283344
-158.80167265853797 -6.192931817884351
-160.86281660913662 -8.664230156235542
-162.92396055973526 -7.36565169034234
-164.98510451033388 -8.474417301878178
-167.04624846093253 -8.461772027837943
-169.10739241153115 -9.11869182700541
-171.16853636212983 -6.861750086388171
-173.22968031272845 -8.004099031450776
-175.2908242633271 -6.892993681119028
-177.35196821392572 -6.7030550292226785
-179.41311216452436 -8.97556163049147
-181.474256115123 -7.011366857315008
-183.53540006572166 -6.115605016332275
-185.59654401632028 -8.26408040554725
-187.65768796691893 -8.23789645072213
-189.71883191751755 -8.647151764048514
-191.77997586811622 -7.441458627646822
-193.84111981871487 -5.961630482556499
-195.9022637693135 -7.577317088863847
-197.96340771991214 -7.559478795413689
-200.0245516705108 -9.11797568469875
-202.08569562110944 -7.1291754682123605
-204.14683957170806 -7.933887756450828
-206.2079835223067 -5.944331511418952
-208.26912747290532 -8.025732544389225
-210.330271423504 -7.03656646210501
-212.39141537410262 -8.38857718150565
-214.45255932470127 -6.258999195749263
-216.5137032752999 -6.243096457403293
-218.57484722589854 -5.874926057450037
-220.63599117649719 -7.4722314104614105
-222.69713512709583 -5.457594278682863
-224.75827907769445 -6.35206726224319
-226.8194230282931 -6.6319288167206025
-228.88056697889175 -5.3669023195034375
-230.9417109294904 -7.319278979109458
-233.00285488008905 -6.712031587777097
-235.06399883068767 -7.170777196920629
-237.1251427812863 -5.863247891867987
-239.18628673188496 -6.550060306954644
-241.2474306824836 -6.359228201938298
-243.30857463308223 -6.530238393837665
-245.36971858368088 -5.296301734738264
-247.4308625342795 -7.906312326811284
-249.49200648487817 -6.9752669653252894
-251.5531504354768 -5.406118149893233
-253.61429438607544 -5.29718227962011
-255.67543833667406 -7.046811844152983
-257.7365822872727 -8.463703691178488
-259.79772623787136 -7.041008842021478
-261.85887018847 -5.943481678323561
-263.92001413906866 -7.323822494435926
-265.98115808966725 -4.405935237724404
-268.04230204026595 -5.329242544263883
-270.10344599086454 -5.178098681512292
-272.1645899414632 -5.132424127291529
-274.2257338920619 -6.815759736757629
-276.2868778426605 -3.251251310034883
-278.34802179325914 -7.779708003658227
-280.4091657438577 -7.1327637840009235
-282.47030969445643 -3.30665064672197
-284.5314536450551 -3.1274554717612375
-286.5925975956537 -8.067462556028854
-288.6537415462523 -4.223361245064017
-290.71488549685097 -4.226533831362366
