# BEGINHEADER
# This file contains data from the SALSA 2m radio telescope.
# DATE=2024-01-31T11:30:0050
# GLON and GLAT given in degrees
# GLON=38.660771073383636
# GLAT=-33.40547146897593
# DATA in two columns below. Col. 1 is velocity relative to LSR [km/s]. Col. 2 is uncalibrated antenna temperature [K].
# ENDHEADER
2383.7848411299187 19.935205214256435
2381.7236971793204 41.1134481893285
2379.6625532287217 36.91107842895838
2377.601409278123 39.965180677332796
2375.540265327524 39.588340562233576
2373.479121376926 41.89781356908305
2371.417977426327 42.37208115637251
2369.3568334757288 44.67556868960808
2367.2956895251295 46.891958564649464
2365.234545574531 48.86353973462058
2363.173401623932 51.10059879666348
2361.1122576733337 53.09817808286353
2359.051113722735 55.578512765354425
2356.989969772136 57.69033947314413
2354.9288258215374 60.15290032866578
2352.867681870939 61.741582940351
2350.8065379203404 64.80938684141334
2348.745393969742 67.77224356838067
2346.684250019143 69.30041917794227
2344.6231060685445 71.60536500076992
2342.5619621179458 73.17464288043229
2340.5008181673475 75.20911985606877
2338.4396742167487 77.33420349517507
2336.37853026615 79.37625083991657
2334.317386315551 81.41931238488388
2332.256242364953 81.8586104073974
2330.195098414354 82.52457313892941
2328.1339544637553 82.89238412686579
2326.0728105131566 84.14054659520835
2324.0116665625583 84.76793121886173
2321.9505226119595 86.61065017141017
2319.889378661361 87.54473861495107
2317.8282347107624 87.84507436765313
2315.7670907601637 88.357104524163
2313.705946809565 88.60185267609397
2311.6448028589666 89.27952655240674
2309.583658908368 88.62603527947779
2307.522514957769 89.67104129590655
2305.4613710071703 89.91654391929477
2303.400227056572 90.74412790167894
2301.339083105973 90.11404697409314
2299.2779391553745 90.39450474578042
2297.2167952047757 91.07127273612414
2295.155651254177 90.73205671532921
2293.094507303578 92.19252769728274
2291.03336335298 91.51949736922259
2288.972219402381 92.0068012770358
2286.9110754517824 91.89385797743276
2284.8499315011836 91.8405183677474
2282.7887875505853 93.86242344428747
2280.7276435999865 92.73875926983499
2278.6664996493882 94.10305809453746
2276.6053556987895 93.38890796811229
2274.5442117481907 92.93486278209897
2272.483067797592 93.11157406665139
2270.4219238469936 92.54292211562232
2268.360779896395 93.82409690160564
2266.299635945796 94.10996541055383
2264.2384919951974 94.32622198877465
2262.177348044599 94.74994700112222
2260.1162040940003 94.96646296501712
2258.055060143402 94.31460357643343
2255.993916192803 94.36568383085687
2253.9327722422045 94.88970655641205
2251.8716282916057 94.86092314717907
2249.8104843410074 95.77356016624846
2247.7493403904086 95.7114614495161
2245.68819643981 94.91656520999021
2243.627052489211 95.92409070318656
2241.565908538613 96.63889760306135
2239.5047645880136 95.81804311307428
2237.4436206374153 95.72340964057037
2235.3824766868165 96.6002138211505
2233.3213327362178 96.18204222756535
2231.260188785619 95.78705381411824
2229.1990448350207 96.4082503526838
2227.137900884422 96.15848744453581
2225.076756933823 96.77545833111378
2223.0156129832244 96.53111653839122
2220.954469032626 97.73007256739942
2218.8933250820273 98.13020050991648
2216.832181131429 97.2987617378187
2214.7710371808303 97.3380858209176
2212.7098932302315 96.81512911443257
2210.6487492796327 97.29287956615497
2208.5876053290344 96.68278671388549
2206.5264613784357 99.14946345073454
2204.465317427837 101.32473182572316
2202.404173477238 97.33635474548711
2200.34302952664 98.50933057472868
2198.281885576041 97.36637281438362
2196.2207416254428 97.7213792212201
2194.159597674844 97.3266934029506
2192.0984537242452 98.69991720768864
2190.0373097736465 98.0404614768007
2187.976165823048 98.42418271120307
2185.9150218724494 98.37483007516542
2183.8538779218507 97.79999927242706
2181.792733971252 97.82919862347663
2179.7315900206536 98.21240733065113
2177.6704460700544 98.46205564310817
2175.609302119456 98.65991245644409
2173.5481581688573 99.4094922991065
2171.4870142182585 98.45237449182893
2169.42587026766 98.30598200991099
2167.3647263170615 97.66248920971086
2165.3035823664627 99.30988873647537
2163.242438415864 99.18902104602634
2161.181294465265 97.80924776394463
2159.120150514667 98.10093762010253
2157.059006564068 98.51369723409402
2154.99786261347 98.59695804068656
2152.936718662871 98.1226563736782
2150.8755747122723 100.0894045386971
2148.8144307616735 99.36933921732131
2146.753286811075 97.74549210433877
2144.6921428604765 98.77077911941936
2142.6309989098777 98.64343799889016
2140.569854959279 98.8255675894614
2138.5087110086806 97.86545066823292
2136.447567058082 99.63436164412141
2134.3864231074836 99.55541392874484
2132.325279156885 97.83188213213406
2130.264135206286 99.3382653507753
2128.2029912556873 99.15842431490957
2126.141847305089 99.56417593476404
2124.08070335449 99.4178708060755
2122.0195594038914 100.02097797005467
2119.9584154532927 102.02877987783515
2117.8972715026944 101.21753619200734
2115.8361275520956 98.86819577724741
2113.774983601497 98.52803457581038
2111.713839650898 97.68624059005211
2109.6526957002993 98.38213209574901
2107.5915517497006 99.6672658436416
2105.5304077991022 99.14442931771733
2103.4692638485035 98.25963838131777
2101.4081198979047 99.5130137203265
2099.346975947306 98.4733036842325
2097.2858319967077 98.60509848468658
2095.224688046109 98.01437191330517
2093.1635440955106 99.92268725667408
2091.102400144912 98.76945566717026
2089.041256194313 98.41106467167525
2086.9801122437143 97.70923281615111
2084.918968293116 98.40640304397105
2082.857824342517 98.30174605509124
2080.7966803919185 98.19144811594423
2078.7355364413197 101.12281826005145
2076.6743924907214 98.20234835956207
2074.6132485401226 97.71476077870996
2072.552104589524 97.58639438617053
2070.490960638925 97.58419591011715
2068.429816688327 96.88438138323181
2066.368672737728 98.18170480027
2064.3075287871297 99.3774819428902
2062.2463848365305 98.83610889008062
2060.185240885932 96.15993927962815
2058.1240969353335 98.65302021188032
2056.062952984735 96.31083133489685
2054.0018090341364 99.90522097902023
2051.9406650835376 95.01838583172508
2049.879521132939 131.39763418669725
2047.8183771823403 111.7689337543659
2045.7572332317416 93.13452531236267
2043.6960892811433 99.13662702543968
2041.6349453305443 95.34337349551045
2039.573801379946 96.7061233313753
2037.5126574293472 97.84763462139374
2035.4515134787484 99.06074620932603
2033.3903695281497 96.22090308288728
2031.3292255775511 95.89039323730307
2029.2680816269524 96.3454763298087
2027.2069376763538 96.88212745212685
2025.145793725755 95.85743397337092
2023.0846497751568 96.0092315303376
2021.0235058245578 96.52094250510547
2018.9623618739595 95.61305801642153
2016.9012179233607 96.16942920836205
2014.8400739727622 96.00841114690532
2012.7789300221634 95.46546840112676
2010.717786071565 95.3395101311347
2008.6566421209661 95.38079115174136
2006.5954981703676 95.98469139415519
2004.5343542197686 95.07054352945504
2002.4732102691703 95.22417676744317
2000.4120663185713 94.52531913100135
1998.350922367973 94.34584350120684
1996.2897784173742 94.31577972044549
1994.2286344667757 94.07059228769644
1992.167490516177 93.93788868837314
1990.1063465655784 92.6102184613308
1988.0452026149796 94.00480840513592
1985.984058664381 93.44926160970932
1983.9229147137823 92.6105056975328
1981.861770763184 92.480618202621
1979.800626812585 93.04353036664244
1977.7394828619867 94.13933018049426
1975.678338911388 92.59884782730498
1973.6171949607892 93.00520771834955
1971.5560510101905 91.9372587270742
1969.494907059592 92.04315326637604
1967.4337631089932 92.83731194334555
1965.3726191583946 91.93746942974086
1963.3114752077959 92.0751996943925
1961.2503312571976 91.49389254830947
1959.1891873065986 91.39290222104663
1957.1280433560003 91.15272632350135
1955.0668994054015 91.04471989166964
1953.005755454803 90.83633515377025
1950.9446115042042 90.89778419465752
1948.8834675536057 90.92071497938599
1946.822323603007 90.86654668109362
1944.7611796524084 90.61579801562311
1942.7000357018094 89.9300610778551
1940.6388917512108 90.26550247227962
1938.577747800612 88.44667237439596
1936.5166038500138 89.31968734334255
1934.455459899415 88.27845791131487
1932.3943159488165 87.69527821758983
1930.3331719982177 87.44050469616995
1928.2720280476192 87.53418780849906
1926.2108840970204 87.49092427878583
1924.149740146422 86.60681702779681
1922.0885961958231 87.22984036572932
1920.0274522452246 85.60411642476988
1917.9663082946258 84.93253338322414
1915.9051643440275 85.13177793450734
1913.8440203934288 83.29485248048096
1911.7828764428302 81.7815159498269
1909.7217324922312 80.83681252766432
1907.6605885416327 80.64340629237621
1905.599444591034 79.26754522981376
1903.5383006404354 76.70643127207848
1901.4771566898366 76.08753153333893
1899.416012739238 75.3008443082311
1897.3548687886394 72.67705401093316
1895.293724838041 70.66513290962952
1893.232580887442 69.45210936320998
1891.1714369368437 66.63737195742009
1889.110292986245 64.80301718930193
1887.0491490356465 61.926525327248214
1884.9880050850477 59.914063736999466
1882.9268611344492 57.41930951913164
1880.8657171838504 54.57419477437511
1878.8045732332516 52.39700456894761
1876.7434292826529 50.693436054958546
1874.6822853320546 48.48087921664141
1872.6211413814556 46.0153441578682
1870.5599974308573 45.002930244011374
1868.4988534802585 42.38011262740044
1866.43770952966 41.656226513291735
1864.3765655790612 39.66590001987744
1862.3154216284627 40.05504575935632
1860.254277677864 36.38520518457428
1858.1931337272654 41.08026541192807
