# BEGINHEADER
# This file contains data from the SALSA 2m radio telescope.
# DATE=2024-01-31T12:09:0009
# GLON and GLAT given in degrees
# GLON=46.999083360428216
# GLAT=-28.80933459145013
# DATA in two columns below. Col. 1 is velocity relative to LSR [km/s]. Col. 2 is uncalibrated antenna temperature [K].
# ENDHEADER
2384.7497720382494 17.7936172691152
2382.688628087651 36.603100144502676
2380.627484137052 33.00027323876081
2378.5663401864535 36.020830232266206
2376.505196235855 35.12811099720199
2374.4440522852565 37.29187684570802
2372.3829083346577 38.230882032394675
2370.321764384059 40.070802111637484
2368.26062043346 41.15223462236925
2366.199476482862 43.23797242209995
2364.138332532263 45.50237583274565
2362.077188581665 47.26888142935412
2360.0160446310656 50.0773302206384
2357.9549006804673 51.41359225196793
2355.893756729868 53.76586356649863
2353.8326127792698 56.07557362271503
2351.771468828671 57.305500404310514
2349.7103248780722 60.015903712443304
2347.6491809274735 61.90579800805164
2345.588036976875 63.74761814245609
2343.5268930262764 65.98958768091248
2341.465749075678 67.02471072953136
2339.404605125079 68.24844115231376
2337.3434611744806 70.10845911709613
2335.282317223882 71.02387102118658
2333.2211732732835 72.1494451927187
2331.1600293226847 73.35333401981063
2329.098885372086 74.74341818120128
2327.037741421487 74.87833917746245
2324.976597470889 75.75572626725706
2322.91545352029 76.71427777368307
2320.854309569692 77.11282824376401
2318.7931656190926 77.68416091386352
2316.7320216684943 78.58336050492339
2314.6708777178956 78.39478485009236
2312.6097337672973 79.06587615466943
2310.5485898166985 78.19166253486483
2308.4874458660997 79.65026426840907
2306.426301915501 79.82285968360763
2304.3651579649027 80.20014099883133
2302.304014014304 80.6123283316646
2300.2428700637056 80.84729101845033
2298.1817261131064 81.1886929087245
2296.120582162508 81.13619124375921
2294.059438211909 82.18017499388007
2291.9982942613105 81.77236200779349
2289.937150310712 81.53717079951576
2287.876006360113 81.87204109676617
2285.8148624095143 81.69835152623868
2283.753718458916 82.83517180480749
2281.692574508317 82.38433278088624
2279.631430557719 82.44487870085317
2277.5702866071197 83.29026594451548
2275.5091426565214 82.34723863878678
2273.4479987059226 82.64513003738138
2271.3868547553243 82.78034091520577
2269.3257108047255 83.13211189218774
2267.2645668541268 83.40005991681561
2265.203422903528 83.8492735015334
2263.1422789529297 83.99449931761806
2261.081135002331 83.35307396623325
2259.0199910517326 84.03589186120797
2256.9588471011334 84.67173059894203
2254.897703150535 85.69966241021272
2252.8365591999363 84.76030849181195
2250.775415249338 83.5952806799986
2248.7142712987393 85.5436023495524
2246.6531273481405 84.478693924951
2244.5919833975418 85.2612587424286
2242.5308394469434 85.59463885952924
2240.4696954963447 85.25090380248862
2238.4085515457464 85.395765087411
2236.347407595147 86.09039644152847
2234.286263644549 85.97389850585985
2232.22511969395 85.23507788437806
2230.1639757433513 85.56735263098102
2228.1028317927526 86.36091366060694
2226.041687842154 85.85240726250296
2223.980543891555 86.07730218892368
2221.9193999409567 86.58426304798746
2219.858255990358 86.2708834681788
2217.797112039759 86.27127959511093
2215.7359680891605 86.47736174694249
2213.674824138562 86.71820795214148
2211.6136801879634 86.5741124225312
2209.552536237365 86.08786735666682
2207.4913922867663 86.74252010290492
2205.4302483361676 87.75758097698206
2203.369104385569 86.71052871531832
2201.3079604349705 86.61670016304156
2199.2468164843717 86.55901719413004
2197.185672533773 86.78170234415752
2195.124528583174 87.69236653228319
2193.063384632576 87.52996887451357
2191.002240681977 87.29907946267394
2188.941096731379 86.86859381954551
2186.87995278078 87.50088629296948
2184.8188088301813 87.96679972195129
2182.7576648795825 86.89092764286052
2180.6965209289842 87.44311320359049
2178.6353769783855 87.93761720520176
2176.5742330277867 88.37023994154193
2174.513089077188 88.48007390394405
2172.4519451265896 87.34620873484239
2170.390801175991 87.13018104721145
2168.329657225392 87.56502723762962
2166.2685132747933 88.33140711644545
2164.2073693241946 87.28070346735495
2162.146225373596 87.17987272768515
2160.0850814229975 87.89494439569542
2158.0239374723988 87.16017755290716
2155.9627935218 87.92730913795319
2153.9016495712012 88.4786035242154
2151.840505620603 87.67697121489279
2149.779361670004 87.89582165037035
2147.718217719406 87.46161546099869
2145.657073768807 88.12274456225045
2143.5959298182083 88.24296010162273
2141.5347858676096 87.8563276850714
2139.4736419170113 88.53798745446647
2137.4124979664125 88.03342296424324
2135.3513540158137 88.49524039608886
2133.290210065215 87.370539795639
2131.2290661146167 87.71021778034942
2129.167922164018 88.70908189458405
2127.1067782134196 88.20581115650079
2125.045634262821 87.68728493345836
2122.984490312222 89.72641430911823
2120.9233463616233 92.51625499481534
2118.862202411025 88.96642585183169
2116.8010584604262 88.29900882819858
2114.7399145098275 88.5913963540958
2112.6787705592287 88.74125488353098
2110.6176266086304 87.64158636426902
2108.5564826580317 87.99388089169787
2106.4953387074333 88.7922926512179
2104.434194756834 87.87303573371676
2102.3730508062354 87.63598694037687
2100.3119068556366 87.24589795267761
2098.2507629050383 88.80418900139139
2096.1896189544395 87.3776028538374
2094.1284750038412 88.21109995388505
2092.0673310532425 89.23482156462902
2090.0061871026437 87.2699285544258
2087.945043152045 87.17064227746909
2085.8838992014466 87.6459938129107
2083.822755250848 88.39623690409273
2081.761611300249 87.34526079192807
2079.7004673496504 88.44285218373055
2077.639323399052 88.15637459673862
2075.5781794484533 87.61351236388211
2073.5170354978545 88.29852207020348
2071.4558915472558 86.91914867160794
2069.3947475966575 86.67297882723273
2067.3336036460587 87.25661941326645
2065.27245969546 89.06907480809376
2063.211315744861 88.24975185928244
2061.150171794263 86.01681395308283
2059.089027843664 87.93954790847071
2057.027883893066 85.28854660476443
2054.966739942467 89.3938680078938
2052.9055959918683 82.25731692530584
2050.8444520412695 120.88560905468296
2048.783308090671 102.12495555743789
2046.7221641400722 81.65682717229757
2044.6610201894737 89.32500340755394
2042.599876238875 83.77536005706085
2040.5387322882764 87.89106921761886
2038.4775883376776 87.4357100027059
2036.4164443870793 88.04093453934422
2034.3553004364805 86.56269081838616
2032.294156485882 86.33404164302101
2030.2330125352833 86.45185634270038
2028.1718685846847 86.24004224060222
2026.1107246340857 86.1578591177704
2024.0495806834872 85.64494704937249
2021.9884367328884 86.55056871861974
2019.92729278229 85.47339819556184
2017.8661488316911 86.4199516423396
2015.8050048810928 86.14541171843226
2013.7438609304938 85.38181449759284
2011.6827169798955 84.72767754014656
2009.6215730292968 85.47554827883539
2007.5604290786982 85.744658652821
2005.4992851280995 85.43338617151453
2003.438141177501 84.6867002696055
2001.3769972269022 85.13163506865507
1999.3158532763036 84.73342185232791
1997.2547093257047 83.96872061187368
1995.1935653751063 84.51109897683351
1993.1324214245074 86.20239107651219
1991.071277473909 85.1509074007787
1989.0101335233103 84.72703043324528
1986.9489895727118 84.72884485869272
1984.887845622113 84.15221637304649
1982.8267016715145 83.89094502777868
1980.7655577209157 83.46616966714564
1978.7044137703172 84.29472061166402
1976.6432698197184 83.68012595871011
1974.58212586912 82.72960183868848
1972.520981918521 83.58869949597562
1970.4598379679228 82.51455556313087
1968.398694017324 83.33773340163096
1966.3375500667255 83.30740181971875
1964.2764061161265 82.67251100055176
1962.215262165528 82.26431507477355
1960.1541182149292 82.87250902095859
1958.0929742643307 82.32580091253766
1956.031830313732 81.51822133867198
1953.9706863631336 81.94982625968557
1951.9095424125346 81.44095921011072
1949.8483984619363 81.18620301715701
1947.7872545113376 80.9017623669526
1945.726110560739 80.23785572156794
1943.6649666101403 80.71453610540132
1941.6038226595417 80.37051461564317
1939.542678708943 80.58401274887798
1937.4815347583444 80.8545087235843
1935.4203908077457 80.42022346056959
1933.3592468571471 79.35010628585094
1931.2981029065481 78.69977273914056
1929.2369589559498 78.3967571227757
1927.175815005351 79.01766329379083
1925.1146710547525 78.09758927619153
1923.0535271041538 79.00701859419915
1920.9923831535552 77.91591667278053
1918.9312392029565 76.0777243371066
1916.870095252358 76.0130005102937
1914.8089513017592 75.19252797765536
1912.7478073511609 74.51023677341561
1910.6866634005619 74.3349037243016
1908.6255194499636 72.856116634976
1906.5643754993648 71.08194692430638
1904.5032315487663 69.68363459190094
1902.4420875981673 68.58155655533251
1900.3809436475688 67.38166404242845
1898.31979969697 65.74526384150778
1896.2586557463715 63.50296378634213
1894.1975117957727 62.3627288509799
1892.1363678451744 59.85243316431162
1890.0752238945754 58.09625064951147
1888.014079943977 56.00772828250853
1885.9529359933783 53.76442654837207
1883.8917920427798 51.21001824544644
1881.830648092181 50.03719113403182
1879.7695041415825 47.617240454200015
1877.7083601909837 45.486339318821024
1875.6472162403852 43.85161912115686
1873.5860722897864 41.617258066784125
1871.5249283391881 39.82174933619951
1869.463784388589 38.445549057724925
1867.4026404379906 37.58344572451653
1865.3414964873919 35.277122534875126
1863.2803525367933 35.525568382495536
1861.2192085861946 32.768157947114545
1859.158064635596 36.892270016939584
