-5555.56,-4.89131,-2.60076
-5550.13,5.70602,-10.9805
-5544.7,18.1423,-21.65
-5539.28,12.6338,-6.43247
-5533.85,-5.50021,11.9389
-5528.43,-14.2006,10.906
-5523,-2.01259,-0.719866
-5517.58,-10.4913,3.5476
-5512.15,-17.0888,3.94143
-5506.73,4.24236,-20.5234
-5501.3,12.5187,-18.278
-5495.88,14.7777,3.09814
-5490.45,20.7049,-2.67998
-5485.03,19.6871,-20.8505
-5479.6,9.60782,-22.5075
-5474.17,-13.9525,-14.902
-5468.75,-23.2265,1.32603
-5463.32,1.00566,6.9632
-5457.9,17.3958,-4.87198
-5452.47,15.961,1.44508
-5447.05,12.9836,12.1247
-5441.62,0.95129,0.88711
-5436.2,-1.6719,-8.6113
-5430.77,5.02931,-9.61989
-5425.35,7.32011,-18.6544
-5419.92,12.7926,-5.32998
-5414.5,6.22426,20.0332
-5409.07,8.59768,9.83588
-5403.65,19.6342,-6.65847
-5398.22,4.77129,-16.4684
-5392.79,-17.4811,-29.1307
-5387.37,-19.1263,-19.1709
-5381.94,5.13739,-21.2728
-5376.52,35.0522,-34.126
-5371.09,48.162,-19.8165
-5365.67,49.5123,0.814743
-5360.24,42.2954,12.7351
-5354.82,19.1344,8.54654
-5349.39,3.4823,17.3138
-5343.97,22.3059,21.8722
-5338.54,41.6406,-12.7626
-5333.12,19.0759,-33.009
-5327.69,-17.4363,-48.9606
-5322.27,-18.4702,-59.7804
-5316.84,1.97746,-24.3244
-5311.41,3.03918,-1.62425
-5305.99,6.71413,-9.65372
-5300.56,11.7805,-8.00469
-5295.14,-1.78872,5.9286
-5289.71,-8.30998,0.882802
-5284.29,12.0397,-29.0444
-5278.86,40.1941,-36.7123
-5273.44,30.4843,-20.4086
-5268.01,3.9645,1.99207
-5262.59,5.29563,9.01054
-5257.16,6.69377,-23.8708
-5251.74,-9.51995,-34.1533
-5246.31,-15.9671,-9.11707
-5240.88,-10.8161,-7.75816
-5235.46,-25.1232,-13.7525
-5230.03,-37.9905,-7.39073
-5224.61,-23.93,-2.65977
-5219.18,-36.0633,5.1757
-5213.76,-37.6777,8.11693
-5208.33,-1.48185,-15.2147
-5202.91,-8.26323,-19.0963
-5197.48,-30.7415,8.15056
-5192.06,-14.1522,29.0121
-5186.63,5.04339,36.8703
-5181.21,-4.19548,8.72252
-5175.78,-8.86708,-12.6278
-5170.36,4.39645,0.7248
-5164.93,-1.20183,0.625839
-5159.5,-2.08081,2.0129
-5154.08,24.7819,7.49633
-5148.65,26.5592,-3.41246
-5143.23,-0.671778,0.803516
-5137.8,-7.82751,7.05439
-5132.38,-8.50782,-16.5671
-5126.95,-9.98344,-16.5585
-5121.53,3.7565,12.5147
-5116.1,1.68145,13.7212
-5110.68,-3.20334,10.3483
-5105.25,8.51211,16.3336
-5099.83,11.6096,31.1142
-5094.4,6.32794,34.4783
-5088.98,-1.22472,6.52709
-5083.55,-11.1365,-2.70971
-5078.12,-0.035085,9.59092
-5072.7,4.6305,13.4876
-5067.27,-17.8582,10.9556
-5061.85,-6.34455,15.2604
-5056.42,-3.58489,20.5249
-5051,-21.8419,13.4979
-5045.57,-2.63533,5.8624
-5040.15,-0.345881,16.1098
-5034.72,-17.5768,20.4358
-5029.3,-6.52688,1.64896
-5023.87,-4.30793,-4.67656
-5018.45,-17.365,-7.27951
-5013.02,-3.21742,-10.8577
-5007.6,9.73573,6.39569
-5002.17,-0.9079,13.7594
-4996.74,-7.12816,6.92005
-4991.32,5.18938,4.55204
-4985.89,8.85537,13.219
-4980.47,-5.63351,23.4256
-4975.04,-5.11763,16.2051
-4969.62,4.68121,-0.363739
-4964.19,4.77039,6.98529
-4958.77,-5.83034,29.2501
-4953.34,-9.25347,2.25784
-4947.92,0.330866,-46.2775
-4942.49,-3.65435,-57.4024
-4937.07,-14.6865,-34.4382
-4931.64,-16.0598,-1.70353
-4926.21,-14.8613,2.02395
-4920.79,-3.5216,3.27823
-4915.36,6.32466,22.0124
-4909.94,3.13536,11.2947
-4904.51,4.30521,-14.0099
-4899.09,-0.72623,-19.9592
-4893.66,-7.64593,-14.6558
-4888.24,5.24101,-2.07568
-4882.81,23.0406,2.82988
-4877.39,15.8545,0.920328
-4871.96,18.6348,7.93936
-4866.54,30.6943,14.9372
-4861.11,7.54463,14.7258
-4855.69,-4.8638,12.1964
-4850.26,11.7529,3.59414
-4844.83,25.6687,7.66459
-4839.41,16.4853,29.1911
-4833.98,-8.6642,2.10179
-4828.56,-30.0854,-36.3573
-4823.13,-44.4429,-25.789
-4817.71,-33.1874,-8.53243
-4812.28,-0.429436,-12.8279
-4806.86,15.7234,-23.0103
-4801.43,1.1251,-18.2136
-4796.01,-14.0165,1.24071
-4790.58,-2.21057,18.6822
-4785.16,10.4644,-2.75664
-4779.73,6.61347,-20.1071
-4774.31,-7.59236,1.73206
-4768.88,-12.5957,9.03475
-4763.45,3.75562,-9.18423
-4758.03,8.99729,-19.266
-4752.6,-11.0778,1.64576
-4747.18,-16.0193,26.2119
-4741.75,2.14887,38.077
-4736.33,10.6038,52.3873
-4730.9,20.7156,41.5148
-4725.48,31.2703,13.918
-4720.05,17.804,-6.2903
-4714.63,-11.877,-11.1819
-4709.2,-15.7185,-2.15649
-4703.78,-6.92276,-3.8721
-4698.35,-18.9159,-1.78516
-4692.92,-26.5533,-4.09884
-4687.5,-19.764,-26.1974
-4682.07,-10.0963,-41.0088
-4676.65,-4.82896,-37.2194
-4671.22,5.86888,-19.0483
-4665.8,14.3185,17.3984
-4660.37,0.791354,42.3232
-4654.95,-30.5182,33.2017
-4649.52,-39.5886,18.238
-4644.1,-0.697532,15.4448
-4638.67,15.3716,2.90985
-4633.25,-10.6781,-18.0097
-4627.82,-7.0977,-16.4016
-4622.4,7.11895,2.51729
-4616.97,-4.11587,27.5895
-4611.54,-7.18319,25.08
-4606.12,-6.35028,4.36478
-4600.69,-10.9035,-2.20905
-4595.27,1.46993,-20.0585
-4589.84,13.2763,-34.3563
-4584.42,2.02034,-35.2974
-4578.99,-14.1969,-23.7218
-4573.57,-3.11969,-14.5396
-4568.14,23.4863,-28.169
-4562.72,41.7161,-13.0781
-4557.29,19.9402,10.9585
-4551.87,-15.1946,-1.80131
-4546.44,2.30125,-16.0099
-4541.02,26.1467,-19.7745
-4535.59,28.233,-15.8163
-4530.16,5.48043,10.8626
-4524.74,-31.6654,20.3571
-4519.31,-33.7844,-3.36214
-4513.89,-6.79709,0.000463804
-4508.46,22.4549,12.603
-4503.04,33.5752,17.1543
-4497.61,17.9659,23.5555
-4492.19,-9.16493,23.6525
-4486.76,-10.2267,20.2768
-4481.34,5.94851,6.92081
-4475.91,-4.28201,-0.679323
-4470.49,-25.7111,-12.977
-4465.06,-27.6977,-28.3337
-4459.63,-9.01677,-9.24427
-4454.21,-2.19885,26.4039
-4448.78,-3.91167,32.6943
-4443.36,4.41726,9.24551
-4437.93,4.81153,-1.70085
-4432.51,13.2565,8.2486
-4427.08,9.41279,15.4538
-4421.66,-7.31433,6.68451
-4416.23,10.0098,-10.3634
-4410.81,7.25375,-9.11155
-4405.38,-17.9978,-10.0271
-4399.96,-4.70129,-21.0222
-4394.53,1.18662,-1.85024
-4389.11,-23.6194,43.1686
-4383.68,-23.973,62.406
-4378.25,7.66169,44.0447
-4372.83,23.9775,8.24496
-4367.4,14.2233,-14.5345
-4361.98,14.2683,-0.792652
-4356.55,19.5659,12.157
-4351.13,3.48471,24.6147
-4345.7,-3.75523,31.5316
-4340.28,2.49643,7.87615
-4334.85,7.18226,-12.2225
-4329.43,28.9707,-4.14498
-4324,41.3544,13.7349
-4318.58,9.66397,13.5183
-4313.15,-26.1347,0.575282
-4307.73,-13.3341,-4.01331
-4302.3,12.9773,1.69624
-4296.87,17.6613,6.28475
-4291.45,12.5915,11.6019
-4286.02,8.51593,-1.74727
-4280.6,-8.08185,-26.6132
-4275.17,-29.6021,-31.8056
-4269.75,-5.83276,-29.4017
-4264.32,7.44502,-16.9554
-4258.9,-6.66679,4.57965
-4253.47,9.38154,20.8202
-4248.05,26.3844,26.4076
-4242.62,20.6095,15.5687
-4237.2,1.81534,4.28151
-4231.77,-10.3515,11.9532
-4226.35,-17.4011,27.5401
-4220.92,-16.4452,32.3005
-4215.49,-7.74142,10.2008
-4210.07,-11.6045,-10.91
-4204.64,-12.8082,4.76305
-4199.22,-0.496418,13.6679
-4193.79,14.8436,6.17816
-4188.37,4.90453,-6.961
-4182.94,-13.6277,-30.7177
-4177.52,3.61534,-21.7263
-4172.09,11.5507,11.094
-4166.67,-10.4505,23.4598
-4161.24,-12.74,5.3854
-4155.82,14.2925,-17.8319
-4150.39,34.8935,-19.3659
-4144.96,9.71114,-5.1845
-4139.54,-35.8559,12.5773
-4134.11,-40.3328,-1.05555
-4128.69,-11.314,-30.2215
-4123.26,-5.3593,-5.6051
-4117.84,-22.2319,27.6678
-4112.41,-18.82,5.68922
-4106.99,7.25852,-25.9302
-4101.56,25.8096,-45.5952
-4096.14,26.5679,-58.1968
-4090.71,15.9744,-27.1719
-4085.29,1.15242,9.42535
-4079.86,-7.24379,-9.43724
-4074.44,-20.9026,-15.8078
-4069.01,-30.9234,3.63067
-4063.58,-32.1557,0.56532
-4058.16,-49.572,7.77792
-4052.73,-54.1731,23.0591
-4047.31,-19.5622,41.0683
-4041.88,16.8869,59.3857
-4036.46,10.5643,36.8613
-4031.03,-10.2695,-10.8102
-4025.61,-1.38116,-9.78539
-4020.18,0.595832,39.1635
-4014.76,0.396088,53.2267
-4009.33,15.1091,37.9671
-4003.91,7.59234,22.3121
-3998.48,4.44974,-6.81509
-3993.06,14.9826,-27.5112
-3987.63,17.2862,-27.428
-3982.2,24.3536,-4.70485
-3976.78,16.475,18.7205
-3971.35,0.751364,15.7854
-3965.93,3.24136,0.31038
-3960.5,12.5736,6.10048
-3955.08,17.1147,28.7558
-3949.65,11.1502,5.2395
-3944.23,8.969,-34.3488
-3938.8,4.10176,-32.532
-3933.38,-23.3168,-11.8573
-3927.95,-39.2874,10.5335
-3922.53,-20.0523,11.1274
-3917.1,6.9606,-3.29355
-3911.68,17.6923,15.051
-3906.25,3.3004,32.3352
-3900.82,-26.6287,26.0981
-3895.4,-51.1195,38.9219
-3889.97,-36.9196,31.7383
-3884.55,-2.55622,-8.39112
-3879.12,-12.482,-14.3272
-3873.7,-46.3008,4.29902
-3868.27,-52.8163,20.3724
-3862.85,-13.304,14.1748
-3857.42,12.3043,-14.9465
-3852,-8.21462,1.91741
-3846.57,-15.3804,34.7897
-3841.15,-36.3724,25.3354
-3835.72,-55.5253,0.153481
-3830.29,-18.5263,-16.1498
-3824.87,10.2298,-18.7618
-3819.44,3.5768,-14.6008
-3814.02,-7.37926,-16.4974
-3808.59,-22.0719,-30.8061
-3803.17,-33.6639,-20.6023
-3797.74,-16.0859,7.74186
-3792.32,9.76241,9.45669
-3786.89,13.8136,-3.82595
-3781.47,1.11725,-16.6892
-3776.04,-8.62059,-2.4048
-3770.62,14.7524,12.0943
-3765.19,27.7533,9.0446
-3759.77,-4.21114,36.7283
-3754.34,-18.6672,43.0605
-3748.91,-16.081,7.8894
-3743.49,-30.9503,-7.13917
-3738.06,-47.3843,3.15253
-3732.64,-65.1146,26.3076
-3727.21,-57.4089,41.3406
-3721.79,-31.4578,6.47154
-3716.36,4.23145,-47.4795
-3710.94,56.2406,-43.2064
-3705.51,73.9257,-5.42359
-3700.09,51.3475,0.404776
-3694.66,22.1146,-14.5567
-3689.24,0.496402,-6.13182
-3683.81,-13.7406,13.4827
-3678.39,-10.8169,11.8089
-3672.96,5.29033,18.4864
-3667.53,13.592,27.2706
-3662.11,2.61491,5.82981
-3656.68,-10.5239,-6.26228
-3651.26,-9.50973,6.90414
-3645.83,-4.19349,5.23473
-3640.41,0.903675,-4.58954
-3634.98,5.20024,-11.1461
-3629.56,15.9548,-25.287
-3624.13,27.402,-28.4302
-3618.71,17.9636,-20.2244
-3613.28,8.95211,-4.14155
-3607.86,13.8624,12.714
-3602.43,18.5545,4.04263
-3597,19.0493,-7.98728
-3591.58,0.566859,-2.69255
-3586.15,-3.07168,-15.6279
-3580.73,10.7965,-22.5671
-3575.3,-3.25785,2.25832
-3569.88,-4.72262,23.4451
-3564.45,12.6216,42.7557
-3559.03,-6.03101,45.1567
-3553.6,-11.6289,10.4073
-3548.18,-9.64968,-13.2234
-3542.75,-37.4047,8.58065
-3537.33,-26.7512,40.5351
-3531.9,-1.86051,14.2593
-3526.48,-27.6108,-30.9436
-3521.05,-64.3899,-5.86407
-3515.62,-49.4582,29.8597
-3510.2,-15.4506,32.6465
-3504.77,-1.5287,39.2459
-3499.35,5.67043,49.6051
-3493.92,10.6135,52.0252
-3488.5,22.9237,35.0159
-3483.07,38.3538,26.8551
-3477.65,36.8607,37.1481
-3472.22,10.9124,18.3604
-3466.8,-26.8617,-14.4761
-3461.37,-51.9777,-19.0457
-3455.95,-50.6263,6.76778
-3450.52,-34.7812,16.9197
-3445.1,-20.6173,-10.846
-3439.67,-7.41602,-7.55954
-3434.24,-15.1399,20.7054
-3428.82,-25.2836,19.8431
-3423.39,11.6748,37.6805
-3417.97,38.0168,66.0042
-3412.54,17.1781,48.1703
-3407.12,-0.433776,14.133
-3401.69,-2.55014,-0.271339
-3396.27,-0.938344,17.0649
-3390.84,-4.79671,25.2728
-3385.42,-10.5574,2.26801
-3379.99,-18.0344,0.0791276
-3374.57,-7.82737,28.3645
-3369.14,29.7535,37.5683
-3363.71,23.4443,7.72502
-3358.29,-0.984264,-8.60894
-3352.86,23.0623,-5.69658
-3347.44,24.567,13.3431
-3342.01,-16.0051,34.3238
-3336.59,-18.4829,5.08285
-3331.16,2.707,-18.2052
-3325.74,-20.1791,-5.77861
-3320.31,-36.0958,-5.89909
-3314.89,-13.3749,-16.3082
-3309.46,-21.9367,-7.72332
-3304.04,-56.2816,4.85589
-3298.61,-58.4502,-5.05997
-3293.19,-11.1746,-20.7397
-3287.76,15.7873,-19.7282
-3282.33,-15.0711,-5.93916
-3276.91,-26.434,-7.27997
-3271.48,-40.9254,-12.8578
-3266.06,-56.2524,-1.67362
-3260.63,10.0554,15.5204
-3255.21,54.777,23.3711
-3249.78,2.66454,7.21178
-3244.36,-24.3588,-15.6074
-3238.93,13.5668,-16.7338
-3233.51,19.2718,-7.86776
-3228.08,2.88778,-3.52419
-3222.66,25.7508,-1.38656
-3217.23,25.0218,13.714
-3211.81,4.26747,25.0585
-3206.38,8.67805,13.4392
-3200.95,-11.3288,32.1692
-3195.53,-24.5371,35.1433
-3190.1,14.3686,-14.2284
-3184.68,38.3058,-12.0631
-3179.25,13.8529,29.7454
-3173.83,-9.37512,11.6228
-3168.4,5.50642,-23.8553
-3162.98,55.9385,-21.7132
-3157.55,96.0421,-19.858
-3152.13,70.9429,-13.0631
-3146.7,30.8673,-3.91181
-3141.28,27.0897,-6.57372
-3135.85,35.4621,-14.9625
-3130.43,24.9647,-20.7984
-3125,8.44771,-16.6118
-3119.57,15.2475,-8.85647
-3114.15,42.0137,8.64711
-3108.72,67.1654,12.9973
-3103.3,40.9553,-13.8792
-3097.87,-22.0225,-27.9933
-3092.45,-42.3847,-16.0137
-3087.02,-22.5606,8.21217
-3081.6,-4.7005,24.3991
-3076.17,12.0835,6.25505
-3070.75,-13.0153,1.62418
-3065.32,-44.4429,19.8051
-3059.9,-23.737,22.6353
-3054.47,-16.356,17.9211
-3049.04,-37.1345,6.01805
-3043.62,-21.4151,-6.64775
-3038.19,-6.3467,-1.66202
-3032.77,-47.3778,-9.80488
-3027.34,-61.57,-24.842
-3021.92,-42.1136,0.495092
-3016.49,-38.8509,-2.88181
-3011.07,-33.6374,-56.2385
-3005.64,-16.168,-68.2934
-3000.22,6.81287,-46.8896
-2994.79,20.9141,-43.2171
-2989.37,16.4966,-36.4539
-2983.94,-6.96495,-13.2665
-2978.52,-16.697,-3.7984
-2973.09,5.06381,-7.6512
-2967.66,21.3879,-8.13528
-2962.24,118.311,7.1399
-2956.81,206.495,14.0952
-2951.39,81.9407,7.32277
-2945.96,-37.3814,38.8708
-2940.54,-38.2417,57.5512
-2935.11,-51.4903,14.5238
-2929.69,-57.726,-22.7975
-2924.26,-39.01,-8.29461
-2918.84,-21.5196,23.52
-2913.41,-8.90135,22.8048
-2907.99,9.98182,9.46676
-2902.56,32.5274,3.53468
-2897.14,33.6342,-0.172414
-2891.71,15.445,3.78306
-2886.28,-11.7967,-8.67452
-2880.86,-15.0522,-13.6839
-2875.43,26.7089,-1.31531
-2870.01,43.1861,9.68467
-2864.58,40.745,52.3007
-2859.16,57.7909,86.5766
-2853.73,17.8487,54.0074
-2848.31,-35.939,-0.136401
-2842.88,-40.7412,-18.3647
-2837.46,-23.8006,-11.7591
-2832.03,15.2166,-30.4496
-2826.61,13.6778,-49.4624
-2821.18,-31.973,-35.3881
-2815.75,-54.1641,-30.4516
-2810.33,-39.9233,-21.5656
-2804.9,-30.863,13.8842
-2799.48,-33.9767,46.7394
-2794.05,-22.5631,39.5311
-2788.63,-37.5285,0.901278
-2783.2,-43.1023,-10.7479
-2777.78,7.31377,-1.05423
-2772.35,30.5235,-4.16175
-2766.93,13.9275,-12.2735
-2761.5,78.4357,-90.9606
-2756.08,134.035,-180.479
-2750.65,62.5134,-134.704
-2745.23,18.7757,-50.1329
-2739.8,27.4481,-7.77978
-2734.37,9.10421,19.1255
-2728.95,-17.3679,18.7324
-2723.52,-9.50372,-9.00793
-2718.1,29.6308,-39.1073
-2712.67,44.9595,-40.3931
-2707.25,29.7273,2.01828
-2701.82,14.7304,30.7399
-2696.4,6.56492,4.56301
-2690.97,-10.9742,-18.9393
-2685.55,-42.3393,-35.3878
-2680.12,-58.5497,-64.902
-2674.7,-22.3121,-55.5428
-2669.27,14.5037,-29.9406
-2663.85,28.5066,5.60185
-2658.42,78.8757,44.0085
-2652.99,91.0723,30.9003
-2647.57,44.7002,19.5911
-2642.14,8.50606,12.04
-2636.72,-30.2283,-13.6126
-2631.29,-21.4413,-22.0542
-2625.87,26.9651,-0.842439
-2620.44,26.7066,4.5713
-2615.02,6.7912,-38.4832
-2609.59,39.1751,-52.7791
-2604.17,41.18,-6.95385
-2598.74,-8.16391,35.8563
-2593.32,-12.287,45.3969
-2587.89,-24.3981,35.3817
-2582.47,-7.18976,32.8991
-2577.04,57.987,43.8145
-2571.61,45.0651,44.7747
-2566.19,-4.25314,36.2835
-2560.76,-40.5437,27.5139
-2555.34,-66.8691,22.527
-2549.91,-58.6766,18.8821
-2544.49,-27.5671,37.2787
-2539.06,3.94265,52.7936
-2533.64,23.0233,40.8255
-2528.21,36.634,33.5124
-2522.79,31.2209,20.2773
-2517.36,47.0994,15.0024
-2511.94,55.9782,23.58
-2506.51,28.6373,2.19911
-2501.08,21.3649,-13.5784
-2495.66,26.084,11.0914
-2490.23,48.5558,-0.745719
-2484.81,68.028,-32.0585
-2479.38,81.1866,-12.4736
-2473.96,64.9791,-33.8879
-2468.53,3.80416,-60.1468
-2463.11,-7.90868,-34.3919
-2457.68,61.8108,-81.6157
-2452.26,72.4703,-124.097
-2446.83,-35.6278,-119.311
-2441.41,-93.0135,-85.0927
-2435.98,-45.0274,2.80054
-2430.56,10.1372,62.9208
-2425.13,13.7218,78.1423
-2419.7,-6.97374,35.1476
-2414.28,-1.91155,-33.4067
-2408.85,-2.2297,-17.1423
-2403.43,-8.66483,56.1017
-2398,-10.1433,48.8081
-2392.58,-2.15472,28.2471
-2387.15,63.8482,45.4591
-2381.73,110.82,31.4725
-2376.3,65.5706,12.2312
-2370.88,31.5229,-30.4854
-2365.45,62.4084,-40.5719
-2360.03,104.009,21.0203
-2354.6,110.11,14.9865
-2349.18,90.126,-27.558
-2343.75,57.4267,34.4069
-2338.32,-8.53013,74.1194
-2332.9,-47.5762,7.23023
-2327.47,-3.32528,-73.1099
-2322.05,11.8323,-116.117
-2316.62,12.8706,-81.8978
-2311.2,39.6074,-17.2242
-2305.77,-5.82134,54.9166
-2300.35,-58.1074,99.0875
-2294.92,-50.9914,89.5606
-2289.5,-59.1739,62.3842
-2284.07,-100.061,17.898
-2278.65,-109.104,18.0727
-2273.22,-72.3208,55.9002
-2267.79,-11.6039,48.3221
-2262.37,171.275,86.5391
-2256.94,418.825,125.95
-2251.52,310.207,4.86905
-2246.09,44.6238,-79.2875
-2240.67,44.4081,-10.8221
-2235.24,124.379,19.2096
-2229.82,109.1,-15.3288
-2224.39,-47.5205,-29.3232
-2218.97,-151.285,14.4776
-2213.54,-88.8258,85.1063
-2208.12,-16.1943,61.1784
-2202.69,15.8151,50.1512
-2197.27,-43.6925,146.994
-2191.84,-121.902,155.162
-2186.41,3.5164,62.4567
-2180.99,112.35,24.967
-2175.56,-16.5215,41.2721
-2170.14,-94.0029,52.8103
-2164.71,-149.192,67.6759
-2159.29,-286.099,-130.532
-2153.86,-205.426,-391.181
-2148.44,17.3228,-301.011
-2143.01,106.012,-141.963
-2137.59,45.7664,-31.944
-2132.16,-53.0002,152.584
-2126.74,-39.7869,230.972
-2121.31,15.001,74.851
-2115.89,-50.1228,-159.694
-2110.46,-118.597,-288.244
-2105.03,-34.4465,-292.297
-2099.61,191.264,-155.832
-2094.18,185.875,-92.0852
-2088.76,-8.91405,-38.9069
-2083.33,37.8382,-14.9522
-2077.91,39.8261,-152.535
-2072.48,-62.6135,-141.829
-2067.06,-90.8525,-97.5843
-2061.63,51.0109,118.95
-2056.21,280.759,760.542
-2050.78,50.6511,588.474
-2045.36,-171.811,98.0485
-2039.93,-199.867,134.968
-2034.51,-155.536,241.999
-2029.08,-195.133,-463.054
-2023.65,694.4,1319.77
-2018.23,8393.34,14578.4
-2012.8,12701.7,19879
-2007.38,4952.75,6298.54
-2001.95,130.679,-736.024
-1996.53,429.676,-24.5211
-1991.1,195.936,-280.289
-1985.68,192.615,-84.85
-1980.25,51.0126,15.0794
-1974.83,59.9922,25.031
-1969.4,2.53543,23.9166
-1963.98,-321.609,-161.887
-1958.55,-273.671,-1277.42
-1953.12,102.837,-1491.6
-1947.7,176.014,-196.843
-1942.27,10.0162,207.34
-1936.85,-33.6878,-180.863
-1931.42,28.1846,-169.815
-1926,-47.2876,-76.6844
-1920.57,-3.80784,-78.7389
-1915.15,129.793,-41.9042
-1909.72,55.6224,-9.99697
-1904.3,-26.8219,-77.001
-1898.87,53.1226,-67.2406
-1893.45,88.8198,20.4099
-1888.02,42.781,-49.6868
-1882.6,31.7889,-98.0846
-1877.17,-41.9385,-53.1313
-1871.74,-111.435,-46.1141
-1866.32,6.27488,16.0555
-1860.89,-31.8426,122.997
-1855.47,-228.039,246.343
-1850.04,-133.371,196.591
-1844.62,13.2005,-3.43431
-1839.19,44.6392,-39.8523
-1833.77,71.134,-35.694
-1828.34,42.0006,-37.022
-1822.92,-7.42915,53.7959
-1817.49,-75.2506,81.3649
-1812.07,-71.7444,20.8427
-1806.64,-24.948,-64.2885
-1801.22,-41.4856,-60.9036
-1795.79,-36.4031,-1.45975
-1790.36,-31.6852,0.763779
-1784.94,-16.8067,-7.44539
-1779.51,48.9898,-25.9163
-1774.09,81.5716,-36.1763
-1768.66,34.7357,-26.2706
-1763.24,-35.0544,-70.4588
-1757.81,8.13393,-128.311
-1752.39,66.0532,-68.4998
-1746.96,22.0027,65.6584
-1741.54,-34.9968,40.997
-1736.11,-50.4803,-76.6382
-1730.69,-59.5829,-68.8812
-1725.26,-73.5411,21.3063
-1719.83,-35.5364,75.1845
-1714.41,0.396823,68.5207
-1708.98,-17.0351,21.551
-1703.56,-24.5884,-30.1625
-1698.13,14.0285,-41.0313
-1692.71,52.6518,-10.8753
-1687.28,59.3341,16.8056
-1681.86,50.0701,19.6291
-1676.43,29.1996,65.0547
-1671.01,8.77488,78.7162
-1665.58,-48.8182,30.8515
-1660.16,-97.3842,9.64574
-1654.73,-62.8563,-24.1949
-1649.31,-15.4234,-18.6892
-1643.88,9.60715,40.9593
-1638.45,43.4837,54.7167
-1633.03,34.8542,-31.1795
-1627.6,-36.9644,-78.8326
-1622.18,-57.5422,-5.62513
-1616.75,-44.8898,33.0397
-1611.33,-39.6506,-23.346
-1605.9,0.131165,-76.2033
-1600.48,1.27352,-74.9229
-1595.05,-60.0014,-70.2784
-1589.63,-80.5565,-44.4199
-1584.2,-41.5036,8.48623
-1578.78,-12.2898,23.6784
-1573.35,-3.66952,19.0626
-1567.93,-0.908419,7.01645
-1562.5,-20.9795,-19.3228
-1557.07,-59.0114,-48.5658
-1551.65,-18.1805,-51.1153
-1546.22,57.4647,-19.0251
-1540.8,46.3021,-26.6661
-1535.37,29.5546,-31.7886
-1529.95,41.2365,7.04478
-1524.52,45.1967,-17.6995
-1519.1,42.4263,-73.7174
-1513.67,36.2117,-48.2846
-1508.25,36.1442,34.3608
-1502.82,5.36094,75.3294
-1497.4,-65.3825,30.6748
-1491.97,-70.2139,-16.5086
-1486.55,-0.730614,-24.0448
-1481.12,25.1179,12.1906
-1475.69,1.42022,50.5757
-1470.27,-5.37783,2.31006
-1464.84,24.7276,-69.4637
-1459.42,113.292,7.24866
-1453.99,93.0422,159.445
-1448.57,-110.845,115.109
-1443.14,-143.13,-0.71815
-1437.72,-33.4549,9.05783
-1432.29,-16.274,38.5668
-1426.87,6.70142,20.135
-1421.44,42.2564,24.6706
-1416.02,22.3388,68.3737
-1410.59,2.95796,40.9714
-1405.16,26.4772,-31.7971
-1399.74,15.6749,-40.1747
-1394.31,-30.0647,-11.0083
-1388.89,-53.2456,-17.65
-1383.46,-51.4958,-50.3009
-1378.04,-14.89,-43.5845
-1372.61,20.9368,6.28293
-1367.19,36.3319,-2.64461
-1361.76,15.311,-30.3811
-1356.34,-60.7882,62.2258
-1350.91,-58.5751,101.823
-1345.49,26.4292,55.0546
-1340.06,55.0887,79.7387
-1334.64,36.4558,66.5413
-1329.21,20.56,-6.31544
-1323.78,19.069,-46.3615
-1318.36,-1.51769,-43.3994
-1312.93,-23.5966,-40.082
-1307.51,-1.79579,-50.6665
-1302.08,26.8726,-13.7737
-1296.66,22.5127,38.6105
-1291.23,2.11194,19.5357
-1285.81,27.715,-24.3461
-1280.38,61.9712,-33.1535
-1274.96,45.1935,-16.8536
-1269.53,20.6228,1.52275
-1264.11,9.36829,-15.8529
-1258.68,62.4343,34.7573
-1253.26,133.386,145.962
-1247.83,92.2452,127.342
-1242.4,44.9226,35.849
-1236.98,46.3045,19.5198
-1231.55,12.1616,52.5296
-1226.13,-21.2882,52.3486
-1220.7,-11.7634,29.6906
-1215.28,13.4247,18.8889
-1209.85,38.4542,21.6941
-1204.43,34.4446,5.64699
-1199,0.827633,-28.6827
-1193.58,-39.0036,-23.6288
-1188.15,-74.3548,3.47224
-1182.73,-54.3431,34.2486
-1177.3,-17.1057,35.2224
-1171.87,-15.4048,-12.9801
-1166.45,10.8952,-12.1457
-1161.02,-42.435,16.8454
-1155.6,-208.949,-29.108
-1150.17,-163.571,-77.0415
-1144.75,13.7751,-60.7586
-1139.32,46.1141,-30.6745
-1133.9,47.1182,-17.9484
-1128.47,69.8816,-42.8477
-1123.05,46.377,-55.1843
-1117.62,2.1772,-14.7265
-1112.2,2.062,-17.6701
-1106.77,20.414,-35.7245
-1101.35,12.8248,-7.6748
-1095.92,14.2646,-1.60688
-1090.49,55.7495,-16.6341
-1085.07,73.3843,-8.14948
-1079.64,35.8169,25.0253
-1074.22,-0.686195,13.6303
-1068.79,-24.7685,-43.83
-1063.37,-27.0849,-59.6631
-1057.94,18.5731,-79.6643
-1052.52,45.2883,-102.149
-1047.09,-2.05961,-31.7503
-1041.67,-25.8919,23.9678
-1036.24,17.0283,7.60534
-1030.82,41.1585,37.2687
-1025.39,17.3835,47.7133
-1019.97,-22.7604,-0.655511
-1014.54,-54.0464,1.95336
-1009.11,-56.486,28.831
-1003.69,-35.4068,26.2946
-998.264,-34.2848,38.0596
-992.838,-44.1401,64.8137
-987.413,-37.0347,14.4193
-981.988,-46.1721,-37.3306
-976.562,-70.2157,-27.577
-971.137,-65.3571,-38.6641
-965.712,-31.0187,-44.3828
-960.286,24.0422,19.8106
-954.861,99.5183,161.426
-949.436,89.1419,193.668
-944.01,-6.854,72.8435
-938.585,-14.4073,-13.4507
-933.16,26.2135,-23.417
-927.734,7.27437,19.5303
-922.309,-7.07255,62.9303
-916.884,24.5679,66.2357
-911.458,29.7788,52.7343
-906.033,-27.6812,4.57338
-900.608,-54.8416,-51.7578
-895.182,-25.6624,-43.552
-889.757,-16.5628,-5.66916
-884.331,-34.9215,17.6111
-878.906,-39.7483,29.0858
-873.481,-9.89079,21.4054
-868.055,6.39874,-3.15432
-862.63,-15.5945,-9.75647
-857.205,117.109,-48.3532
-851.779,259.314,-111.271
-846.354,127.086,-56.9013
-840.929,10.6022,33.1523
-835.503,20.4905,34.0017
-830.078,2.47926,-1.21919
-824.653,1.36135,-22.8903
-819.227,35.9862,-24.2185
-813.802,51.7152,-9.71479
-808.377,31.4617,3.93778
-802.951,-10.7297,11.907
-797.526,-37.2174,17.473
-792.101,-11.9799,2.45177
-786.675,-17.5713,-11.6087
-781.25,-31.4718,6.48015
-775.825,28.0734,19.9633
-770.399,45.6544,26.665
-764.974,22.8939,37.8276
-759.549,39.1665,24.7411
-754.123,81.3498,27.5665
-748.698,83.0603,32.1357
-743.273,51.3687,7.89154
-737.847,58.7573,-10.0756
-732.422,48.2261,-22.8857
-726.996,15.0363,-22.8798
-721.571,-4.09936,-2.41823
-716.146,-11.7051,20.0584
-710.72,-0.73534,13.1356
-705.295,21.3627,-10.3346
-699.87,24.035,-3.6508
-694.444,-14.6196,18.4983
-689.019,-45.493,8.13497
-683.594,-31.2322,-1.94122
-678.168,-6.86,12.9772
-672.743,4.30529,5.09171
-667.318,19.4239,-35.0269
-661.892,40.1529,-39.7686
-656.467,171.398,129.291
-651.042,272.935,242.834
-645.616,135.327,91.9171
-640.191,30.3463,8.25012
-634.766,36.8585,30.2236
-629.34,31.2757,5.02109
-623.915,20.6417,1.98776
-618.49,-0.771939,19.4843
-613.064,-15.7887,20.0124
-607.639,-29.3463,13.1603
-602.214,-14.1444,-1.44514
-596.788,-7.35135,-36.6137
-591.363,-31.4221,-55.4166
-585.937,-25.8994,-23.317
-580.512,7.73699,29.1541
-575.087,24.5643,48.9465
-569.661,21.6206,56.7026
-564.236,-7.37588,13.5916
-558.811,136.304,141.378
-553.385,499.141,521.548
-547.96,428.585,450.728
-542.535,68.4327,97.92
-537.109,-7.02977,38.5998
-531.684,10.3332,47.1606
-526.259,27.4995,31.9757
-520.833,50.0175,12.7224
-515.408,44.7854,-6.40868
-509.983,16.7844,5.11531
-504.557,-17.245,26.9947
-499.132,-29.6354,28.2199
-493.707,-12.6313,-6.30562
-488.281,1.9752,-43.832
-482.856,3.89746,-49.8402
-477.431,5.20382,-24.4032
-472.005,-0.0283324,-18.5954
-466.58,-34.6403,-6.62617
-461.154,23.6405,-42.3304
-455.729,851.36,-545.087
-450.304,1375.64,-846.051
-444.878,537.98,-321.34
-439.453,-34.1755,28.6098
-434.028,-9.77927,10.2797
-428.602,-30.2472,14.7101
-423.177,-3.26569,25.667
-417.752,12.2726,45.183
-412.326,-15.9059,26.7962
-406.901,-38.0624,-0.564287
-401.476,-38.1991,-7.48241
-396.05,-30.6539,2.74448
-390.625,-18.0948,12.5077
-385.2,-1.97896,0.828711
-379.774,16.737,3.981
-374.349,25.2674,15.1378
-368.924,-10.2338,14.8064
-363.498,11.5935,-6.95948
-358.073,-308.854,131.203
-352.648,-1023.77,441.271
-347.222,-804.234,356.809
-341.797,-87.2442,56.6821
-336.371,14.4712,5.21102
-330.946,-35.8433,18.6942
-325.521,-34.7946,11.8718
-320.095,-43.1079,-11.1065
-314.67,-36.9743,-34.9439
-309.245,-13.506,-28.5152
-303.819,-0.544035,-16.5806
-298.394,-14.3953,-10.6832
-292.969,-20.4758,6.67968
-287.543,-10.1846,37.414
-282.118,-5.26828,32.1992
-276.693,-23.8719,11.1321
-271.267,-52.9415,12.6079
-265.842,-32.3468,33.6705
-260.417,-42.9319,-31.5125
-254.991,-489.316,-527.844
-249.566,-720.577,-783.573
-244.141,-238.363,-274.228
-238.715,30.697,41.9354
-233.29,-0.348076,11.3579
-227.865,2.03309,15.7693
-222.439,-4.18234,4.62143
-217.014,-10.3019,-2.57671
-211.589,-20.1786,17.0262
-206.163,-39.434,28.8525
-200.738,-69.2182,30.4956
-195.312,-43.6312,33.9252
-189.887,-17.9495,42.5804
-184.462,-10.2335,47.139
-179.036,8.10147,40.0563
-173.611,11.4796,37.0255
-168.186,-4.10706,53.521
-162.76,17.4405,24.9916
-157.335,-134.859,201.541
-151.91,-459.961,581.246
-146.484,-334.784,415.443
-141.059,-10.9465,32.9181
-135.634,7.72583,5.30282
-130.208,-26.1281,23.8184
-124.783,-21.0147,14.808
-119.358,-32.7884,1.69035
-113.932,-31.3159,-16.5903
-108.507,-9.77047,-16.1863
-103.082,-23.4197,-26.6077
-97.6562,-40.6225,-41.8524
-92.2309,-9.90719,-25.539
-86.8055,29.9089,14.6489
-81.3802,46.8643,15.225
-75.9549,16.7158,-14.1601
-70.5295,-20.8289,-16.6975
-65.1042,-9.83501,3.55663
-59.6788,26.133,32.404
-54.2535,54.4087,144.53
-48.8281,55.9369,199.547
-43.4028,16.754,80.3559
-37.9774,-19.1216,14.7637
-32.5521,-9.99565,13.9263
-27.1267,-0.983371,-2.46859
-21.7014,-6.61427,5.56635
-16.276,-1.81297,7.85877
-10.8507,-5.06426,-12.9007
-5.42535,204.328,92.3687
0,416.227,221.312
5.42535,190.836,117.744
10.8507,-13.5271,3.01543
16.276,5.5014,-5.89763
21.7014,0.916031,-8.5961
27.1267,-2.59653,0.565173
32.5521,5.95594,-16.0742
37.9774,1.54705,-24.1082
43.4028,75.9868,-31.0447
48.8281,196.711,-65.2113
54.2535,150.245,-35.7131
59.6788,41.4775,3.54521
65.1042,-2.55146,-10.1422
70.5295,-25.4896,-7.93008
75.9549,-2.39182,21.7762
81.3802,38.8283,30.3386
86.8055,28.8693,16.604
92.2309,-26.7128,6.06779
97.6562,-57.413,-10.2739
103.082,-35.1548,-4.53695
108.507,-18.8826,0.951083
113.932,-31.2655,-16.6849
119.358,-16.9337,-28.1281
124.783,0.525153,-25.7025
130.208,5.13573,-34.9803
135.634,8.71649,3.43974
141.059,21.1692,-27.4825
146.484,157.209,-509.861
151.91,224.668,-706.353
157.335,91.6726,-224.503
162.76,30.4716,0.483711
168.186,42.0743,-33.3334
173.611,37.1148,-11.1873
179.036,37.7385,-15.6828
184.462,33.3575,-34.8438
189.887,25.2636,-38.6916
195.312,3.727,-55.1427
200.738,-13.4242,-74.4373
206.163,1.8686,-48.8264
211.589,2.83167,-26.2497
217.014,-7.89692,-7.09977
222.439,1.4926,-6.05155
227.865,14.2102,-7.13256
233.29,9.22149,-6.6399
238.715,51.9317,1.99911
244.141,-360.636,-44.2659
249.566,-1052.55,-159.217
254.991,-711.225,-110.495
260.417,-50.1323,-17.9705
265.842,9.82608,-45.645
271.267,-19.1522,-50.9408
276.693,-4.12047,-26.016
282.118,23.7485,-22.3732
287.543,25.3225,-29.3651
292.969,-5.91223,-20.7105
298.394,-16.9066,-5.96026
303.819,-14.0502,8.82075
309.245,-31.1926,4.74862
314.67,-49.6456,-11.1127
320.095,-33.3133,-29.5275
325.521,-9.61468,-35.4847
330.946,-4.54512,-40.1691
336.371,12.4122,9.08316
341.797,-1.79471,-104.025
347.222,-153.914,-866.265
352.648,-206.656,-1095.5
358.073,-63.9366,-329.419
363.498,0.713254,13.5031
368.924,6.55238,-16.7639
374.349,26.6791,12.4827
379.774,12.6596,11.6495
385.2,-0.419611,-2.10406
390.625,0.250934,-21.9955
396.05,-14.8661,-26.948
401.476,-27.5638,-27.4844
406.901,-21.752,-31.2397
412.326,13.3207,-28.1706
417.752,44.3212,-15.0916
423.177,19.4528,-17.0602
428.602,-4.71885,-33.3018
434.028,3.05377,-13.8557
439.453,4.60797,-44.3312
444.878,34.4317,625.696
450.304,67.837,1613.56
455.729,24.1763,1010.62
461.154,-21.8739,43.2697
466.58,-24.8639,-25.0128
472.005,-15.4322,10.3749
477.431,-17.3213,17.9603
482.856,-39.14,31.1014
488.281,-35.2338,26.148
493.707,-12.2909,-6.94572
499.132,6.82345,-40.3492
504.557,12.7363,-29.392
509.983,13.6265,11.0545
515.408,19.7307,40.7125
520.833,38.5168,34.3521
526.259,41.8866,4.91746
531.684,44.8761,-17.8052
537.109,28.0696,-27.4127
542.535,119.446,1.97714
547.96,613.332,103.27
553.385,711.499,122.161
558.811,193.428,33.9442
564.236,7.14348,-13.7152
569.661,59.0988,-13.7834
575.087,54.3147,-7.00574
580.512,28.4963,-9.8885
585.937,-33.8133,-8.43281
591.363,-63.5133,4.93842
596.788,-34.4649,14.3796
602.214,-9.10753,-10.9181
607.639,-5.49984,-31.6883
613.064,7.76211,-24.2802
618.49,15.7214,-11.5358
623.915,13.1907,16.0008
629.34,21.6516,23.1209
634.766,45.6676,13.6564
640.191,23.8091,20.5448
645.616,151.877,60.7921
651.042,353.942,90.4827
656.467,203.032,69.7972
661.892,-10.5165,55.5266
667.318,-18.1769,35.6899
672.743,6.6287,0.721983
678.168,6.92265,-12.944
683.594,-19.0741,-24.8072
689.019,-18.6951,-42.2644
694.444,7.16056,-22.4643
699.87,10.4135,21.9674
705.295,3.37805,23.4895
710.72,10.4787,-7.95508
716.146,10.0838,-20.9205
721.571,-4.29702,-2.04617
726.996,-10.56,25.2598
732.422,7.9946,52.7788
737.847,24.5036,54.3462
743.273,35.2674,38.1737
748.698,73.0884,50.8901
754.123,68.3439,52.0271
759.549,42.4134,18.6355
764.974,44.1611,-2.17377
770.399,47.6362,22.9381
775.825,32.2488,12.1106
781.25,-12.2265,-29.715
786.675,-19.4498,-8.07581
792.101,-4.66641,-11.3029
797.526,-6.32594,-40.6255
802.951,3.87126,-15.5536
808.377,20.8577,23.8809
813.802,20.8648,48.3063
819.227,0.0450795,43.3767
824.653,-18.2157,13.9286
830.078,0.375644,2.73714
835.503,39.6468,-2.02606
840.929,33.4132,-9.74893
846.354,23.892,137.178
851.779,52.7587,277.203
857.205,25.4002,124.127
862.63,-16.8089,-7.47273
868.055,0.963068,7.06866
873.481,12.2151,-20.1696
878.906,1.88614,-49.2174
884.331,-4.92763,-38.7993
889.757,-13.9617,-10.561
895.182,-50.4565,3.07893
900.608,-73.5761,-16.5232
906.033,-11.6877,-25.5062
911.458,60.3709,-4.80089
916.884,68.6501,-16.6708
922.309,48.2167,-41.0536
927.734,20.2592,-4.89046
933.16,-4.75509,34.8266
938.585,-19.2076,-4.42287
944.01,56.5573,-46.4158
949.436,210.406,-34.3957
954.861,189.478,-7.76374
960.286,29.868,8.85389
965.712,-54.1405,-0.897123
971.137,-68.6017,-32.563
976.562,-62.1266,-42.7906
981.988,-56.7676,-17.4034
987.413,-8.75543,-38.7663
992.838,29.0502,-72.8372
998.264,12.381,-49.706
1003.69,1.99998,-44.0573
1009.11,-7.68455,-62.9512
1014.54,-28.603,-45.8988
1019.97,-13.2709,-18.5027
1025.39,49.2769,-12.2693
1030.82,53.9127,13.2815
1036.24,15.8272,9.8642
1041.67,5.39167,-34.868
1047.09,-27.4739,16.047
1052.52,-59.3605,94.6666
1057.94,-55.6588,59.9455
1063.37,-64.6086,10.9087
1068.79,-50.1871,3.97535
1074.22,10.9163,-8.19083
1079.64,40.7755,15.6996
1085.07,34.2798,65.3955
1090.49,17.3844,55.5201
1095.92,6.64451,12.7245
1101.35,0.808842,14.9239
1106.77,-18.2016,36.9008
1112.2,-13.4957,11.5902
1117.62,-10.9913,10.04
1123.05,-19.8162,69.3069
1128.47,3.55497,81.8946
1133.9,11.4682,49.0994
1139.32,0.356255,55.3834
1144.75,-42.6684,45.3957
1150.17,-155.338,-92.5257
1155.6,-140.974,-156.95
1161.02,-9.76383,-44.6
1166.45,-3.97677,15.8244
1171.87,-19.3752,-5.51279
1177.3,19.6353,-33.8774
1182.73,-1.99482,-64.204
1188.15,-38.7,-63.5846
1193.58,-41.3997,-19.1224
1199,-23.3162,16.7252
1204.43,23.9427,25.3981
1209.85,39.4885,19.7488
1215.28,23.1666,0.567057
1220.7,18.0367,-26.3551
1226.13,31.4948,-46.9217
1231.55,50.3497,-19.2917
1236.98,42.0758,27.4729
1242.4,54.8407,17.1961
1247.83,157.154,5.26594
1253.26,195.596,28.9609
1258.68,63.728,32.3243
1264.11,-7.90389,16.6315
1269.53,12.7945,16.2456
1274.96,11.2995,46.8915
1280.38,7.16826,69.9156
1285.81,-4.68578,36.5908
1291.23,17.3768,-9.17336
1296.66,44.5985,-2.92679
1302.08,3.60799,29.9805
1307.51,-43.0086,26.8436
1312.93,-46.4244,2.85083
1318.36,-36.8297,23.0096
1323.78,-27.772,41.7343
1329.21,6.26126,20.5765
1334.64,75.5511,-6.98618
1340.06,96.9117,1.08134
1345.49,60.4214,-8.87532
1350.91,51.6604,-105.5
1356.34,17.5952,-85.1919
1361.76,-16.6252,29.6823
1367.19,18.124,31.5993
1372.61,16.9164,13.844
1378.04,-44.4595,12.0277
1383.46,-70.4974,-14.564
1388.89,-44.4071,-34.2728
1394.31,-25.9383,-18.769
1399.74,-24.5412,35.4604
1405.16,-11.5551,39.7312
1410.59,35.6209,-20.4586
1416.02,69.1761,-19.7144
1421.44,44.0823,21.2365
1426.87,20.4401,-5.70362
1432.29,22.8731,-35.058
1437.72,-11.1984,-32.8004
1443.14,-80.6325,-118.258
1448.57,33.4457,-156.263
1453.99,184.214,-12.0249
1459.42,69.3624,89.8695
1464.84,-43.7606,59.3436
1470.27,-1.09212,-5.75021
1475.69,42.7233,-27.1041
1481.12,24.1523,14.0068
1486.55,-20.3427,12.8399
1491.97,-52.9496,-48.9787
1497.4,-11.131,-71.3577
1502.82,65.4487,-37.6792
1508.25,48.698,10.7506
1513.67,-19.7805,57.0213
1519.1,-37.39,76.3952
1524.52,10.6002,47.3672
1529.95,28.8996,30.2473
1535.37,-9.82732,42.2777
1540.8,3.78458,53.2977
1546.22,16.3614,58.2792
1551.65,-52.5429,13.511
1557.07,-73.2616,-21.765
1562.5,-27.7509,-6.58768
1567.93,5.30893,-4.67669
1573.35,13.7516,-13.7019
1578.78,12.7579,-23.4296
1584.2,-16.1731,-39.1535
1589.63,-81.8723,-41.9451
1595.05,-91.8158,-10.4442
1600.48,-61.4018,42.9521
1605.9,-63.102,42.721
1611.33,-41.527,-19.8169
1616.75,2.28912,-55.6909
1622.18,-36.8407,-44.5592
1627.6,-86.0254,13.4378
1633.03,-6.35834,46.331
1638.45,69.6779,5.45259
1643.88,39.329,-14.9394
1649.31,-24.1187,-2.33573
1654.73,-55.2072,-38.5807
1660.16,-46.4601,-86.1289
1665.58,-1.7232,-57.7242
1671.01,70.1649,-36.7426
1676.43,70.261,-12.1706
1681.86,44.2721,30.5336
1687.28,47.1117,39.7926
1692.71,20.4265,49.7317
1698.13,-26.1719,34.5746
1703.56,-38.7555,-3.51808
1708.98,8.34061,-26.1739
1714.41,57.0281,-37.9873
1719.83,42.4591,-71.5038
1725.26,-23.4599,-72.8827
1730.69,-90.4234,-10.8786
1736.11,-91.7642,1.00543
1741.54,14.4181,-51.9389
1746.96,66.7368,-18.4748
1752.39,-19.8526,93.065
1757.81,-101.826,78.4939
1763.24,-78.0151,10.3385
1768.66,-2.35541,43.4875
1774.09,15.6228,87.8555
1779.51,5.90915,55.1066
1784.94,-15.5707,-9.77
1790.36,-17.0849,-26.6954
1795.79,-21.5667,-29.3634
1801.22,-73.6898,-0.336197
1806.64,-67.248,15.2668
1812.07,-22.8395,-71.1339
1817.49,25.375,-107.884
1822.92,40.4445,-36.2413
1828.34,-7.20611,55.5225
1833.77,10.1857,78.9325
1839.19,-8.07795,59.2925
1844.62,4.53404,12.8646
1850.04,88.4008,-220.502
1855.47,76.71,-326.806
1860.89,84.1633,-95.1779
1866.32,16.8195,-3.776
1871.74,-100.544,-66.5973
1877.17,-67.4996,-5.05797
1882.6,-63.54,81.2023
1888.02,-17.2694,63.2515
1893.45,66.588,62.2216
1898.87,-26.0393,81.6411
1904.3,-78.8353,20.822
1909.72,22.8158,51.7033
1915.15,37.8392,131.036
1920.57,-67.4073,40.8732
1926,-90.0177,3.67806
1931.42,-125.022,118.325
1936.85,-168.78,73.2087
1942.27,177.493,-107.639
1947.7,-64.7646,255.995
1953.12,-1179.09,919.348
1958.55,-1212.07,487.441
1963.98,-314.052,-176.1
1969.4,21.2448,-11.2723
1974.83,54.2989,35.7386
1980.25,41.0273,33.8589
1985.68,37.3651,207.133
1991.1,-122.804,319.174
1996.53,219.943,369.929
2001.95,-537.117,519.917
2007.38,7991.27,583.921
2012.8,23583.2,-585.997
2018.23,16779.5,-1193.73
2023.65,1482.44,-162.323
2029.08,-493.006,97.1632
2034.51,113.652,-264.269
2039.93,0.130076,-241.17
2045.36,-14.7897,-197.266
2050.78,516.191,-287.079
2056.21,787.517,-192.529
2061.63,127.139,-24.226
2067.06,-131.705,-20.7517
2072.48,-152.595,27.4008
2077.91,-104.187,118.314
2083.33,8.76296,39.7305
2088.76,-37.24,14.3664
2094.18,27.5984,205.591
2099.61,-22.2364,245.706
2105.03,-261.587,134.893
2110.46,-305.283,62.8628
2115.89,-160.421,47.7463
2121.31,70.4427,-29.4197
2126.74,169.236,-162.143
2132.16,96.8605,-129.263
2137.59,-0.890521,55.8049
2143.01,-58.4108,167.273
2148.44,-239.863,182.685
2153.86,-439.176,48.4391
2159.29,-268.2,-164.194
2164.71,-27.3211,-161.53
2170.14,-8.78402,-107.463
2175.56,24.9774,-36.776
2180.99,83.5241,79.181
2186.41,53.7462,-32.0101
2191.84,60.469,-187.827
2197.27,97.4315,-118.421
2202.69,50.4209,-14.9329
2208.12,41.6634,-47.6362
2213.54,20.8856,-121.231
2218.97,-72.5952,-133.517
2224.39,-50.8831,-22.999
2229.82,48.3,99.02
2235.24,85.4775,92.3732
2240.67,15.8608,42.8676
2246.09,-40.7791,81.3318
2251.52,177.502,254.451
2256.94,338.621,276.791
2262.37,167.52,93.6012
2267.79,33.5722,-36.6413
2273.22,5.90246,-91.2157
2278.65,-46.0272,-100.557
2284.07,-41.115,-92.9625
2289.5,18.6292,-83.9422
2294.92,45.7351,-92.3554
2300.35,49.6541,-103.582
2305.77,42.2727,-35.535
2311.2,7.86862,42.4677
2316.62,-60.699,56.4669
2322.05,-89.6491,74.7413
2327.47,-62.4702,38.1258
2332.9,-20.6101,-43.4856
2338.32,56.6778,-48.5188
2343.75,60.6372,28.3688
2349.18,27.5512,90.1281
2354.6,73.9975,82.9052
2360.03,75.5892,74.4725
2365.45,1.26296,74.4262
2370.88,-7.64623,43.181
2376.3,46.8067,47.5209
2381.73,88.0616,74.2748
2387.15,73.3907,27.5121
2392.58,22.213,-17.5819
2398,34.7918,-35.7023
2403.43,41.6652,-38.5551
2408.85,-15.4585,7.73736
2414.28,-28.7643,17.0957
2419.7,25.239,-25.4358
2425.13,72.456,-32.3207
2430.56,57.8323,-26.7806
2435.98,-22.8572,-38.8954
2441.41,-122.557,-29.5285
2446.83,-118.836,37.181
2452.26,-62.3559,129.474
2457.68,-33.0984,96.8824
2463.11,-32.9347,12.6751
2468.53,-47.7367,36.7874
2473.96,8.24153,72.8199
2479.38,35.0579,74.2818
2484.81,11.4631,74.3246
2490.23,26.5339,40.6716
2495.66,23.781,15.4225
2501.08,0.69013,25.305
2506.51,17.8369,22.5117
2511.94,50.8513,33.2222
2517.36,38.7751,30.6579
2522.79,34.2691,14.5444
2528.21,48.2685,11.6311
2533.64,46.7205,-3.74205
2539.06,45.9728,-26.2533
2544.49,15.4902,-43.7001
2549.91,-17.1575,-59.2039
2555.34,-18.717,-68.034
2560.76,0.138294,-48.9978
2566.19,27.7021,-23.8155
2571.61,62.32,12.323
2577.04,68.7498,23.5727
2582.47,23.2541,-24.3575
2587.89,15.6897,-40.0123
2593.32,30.7649,-35.572
2598.74,25.161,-26.8188
2604.17,17.2626,38.0283
2609.59,-21.8495,61.9913
2615.02,-28.1063,27.1497
2620.44,18.724,19.5845
2625.87,14.3803,22.8262
2631.29,-30.2736,-5.4431
2636.72,-28.1887,-17.4484
2642.14,14.7382,0.319139
2647.57,41.2378,26.103
2652.99,76.5444,58.2232
2658.42,80.5914,40.7818
2663.85,20.5848,20.5005
2669.27,-16.7116,28.7667
2674.7,-58.524,12.5617
2680.12,-86.5467,-12.2472
2685.55,-53.0137,-15.3123
2690.97,-21.838,1.49269
2696.4,7.45398,2.89096
2701.82,33.7219,-4.97734
2707.25,18.2978,23.5165
2712.67,-8.34693,59.8605
2718.1,-15.8521,46.4336
2723.52,-12.7823,-2.84179
2728.95,5.81789,-24.8736
2734.37,20.9468,-3.14712
2739.8,8.89905,27.1059
2745.23,-31.0628,43.5997
2750.65,-76.7174,127.151
2756.08,-74.6725,212.043
2761.5,-31.5491,115.891
2766.93,-2.38707,18.4097
2772.35,13.6183,27.6324
2777.78,3.21581,6.65291
2783.2,-33.0129,-29.7233
2788.63,-20.2384,-31.6166
2794.05,20.1558,-40.8112
2799.48,19.7492,-54.3043
2804.9,-5.74781,-33.3505
2810.33,-40.2035,-21.0386
2815.75,-55.5337,-27.8758
2821.18,-47.2171,-6.71808
2826.61,-33.3577,38.9984
2832.03,-16.7348,29.6423
2837.46,-23.0577,-13.156
2842.88,-38.0075,-23.5063
2848.31,-20.2096,-29.7178
2853.73,54.755,-15.4033
2859.16,104.091,-0.502151
2864.58,66.1435,4.53298
2870.01,32.1783,30.3874
2875.43,13.845,22.8783
2880.86,-19.7615,-4.82694
2886.28,-13.7881,-4.92932
2891.71,11.7731,10.689
2897.14,18.665,27.9804
2902.56,21.1195,24.9899
2907.99,13.4301,2.98155
2913.41,13.9285,-20.1318
2918.84,7.46536,-30.9928
2924.26,-28.6906,-27.7025
2929.69,-51.18,-35.1089
2935.11,-16.7522,-50.809
2940.54,26.3276,-63.886
2945.96,11.3219,-52.7269
2951.39,51.8915,63.8371
2956.81,127.156,163.311
2962.24,72.0782,94.092
2967.66,5.21567,22.2806
2973.09,-3.5115,8.47659
2978.52,-12.4858,-11.7185
2983.94,-14.8931,1.64432
2989.37,-20.9969,34.0611
2994.79,-24.1337,41.5053
3000.22,-35.0636,31.8685
3005.64,-65.6589,24.7853
3011.07,-65.4336,3.56143
3016.49,-24.1143,-30.5974
3021.92,-23.1392,-35.1907
3027.34,-55.0244,-37.1523
3032.77,-34.622,-33.7952
3038.19,-4.9269,-4.33226
3043.62,-17.4864,-14.0365
3049.04,-15.7761,-34.1512
3054.47,5.71142,-23.5815
3059.9,5.49201,-32.3364
3065.32,-8.43295,-47.9198
3070.75,-5.93156,-11.6984
3076.17,11.9427,6.51991
3081.6,17.5993,-17.5407
3087.02,-5.80754,-23.2958
3092.45,-36.9772,-26.1838
3097.87,-35.5223,-2.60389
3103.3,11.3955,41.7147
3108.72,48.3336,48.4147
3114.15,30.6626,29.9956
3119.57,1.18395,17.5933
3125,-9.04795,16.2926
3130.43,-3.28259,32.327
3135.85,7.42569,37.7664
3141.28,9.69864,26.1343
3146.7,14.0178,27.7777
3152.13,28.841,66.1191
3157.55,37.243,90.727
3162.98,13.2793,58.5171
3168.4,-16.6978,17.9048
3173.83,4.39327,-14.2717
3179.25,32.4065,-5.14883
3184.68,11.4195,38.5025
3190.1,-3.76086,19.8687
3195.53,15.4147,-39.9943
3200.95,20.3345,-27.3806
3206.38,15.9943,-0.320681
3211.81,23.1608,-10.4746
3217.23,25.3614,13.0752
3222.66,13.2502,22.1238
3228.08,-1.30667,4.3649
3233.51,4.25406,20.3767
3238.93,-6.28657,20.6048
3244.36,-26.5604,-11.4668
3249.78,7.46884,-1.82379
3255.21,50.0064,32.3433
3260.63,18.4899,-0.342566
3266.06,-32.8434,-45.6995
3271.48,-33.5448,-26.7386
3276.91,-20.8171,-17.8439
3282.33,-13.3515,-9.17328
3287.76,-7.52728,24.1201
3293.19,-23.4427,2.33327
3298.61,-36.8798,-45.6279
3304.04,-27.4465,-49.375
3309.46,-18.6697,-13.8675
3314.89,-20.9992,-1.96883
3320.31,-25.0751,-26.626
3325.74,-16.0747,-13.4978
3331.16,-13.5791,12.4244
3336.59,-6.12161,-18.1653
3342.01,19.5058,-32.4625
3347.44,24.7996,12.9056
3352.86,8.17355,22.305
3358.29,-7.68749,3.99806
3363.71,19.5143,15.1165
3369.14,47.7835,3.65873
3374.57,19.1383,-22.3505
3379.99,-10.0191,-14.9954
3385.42,-4.0233,-10.0207
3390.84,18.2698,-18.109
3396.27,13.623,-10.3202
3401.69,-1.64986,-1.96201
3407.12,11.4751,-8.26256
3412.54,49.5408,-12.6953
3417.97,75.9787,-5.3917
3423.39,37.7671,-11.3918
3428.82,2.31229,-32.0572
3434.24,8.69943,-24.1298
3439.67,-10.4141,-1.92093
3445.1,-20.5208,-11.0276
3450.52,-5.42232,-38.2963
3455.95,-22.6992,-45.7555
3461.37,-44.8552,-32.4413
3466.8,-27.0222,-14.1744
3472.22,21.3236,-1.2202
3477.65,51.4094,9.786
3483.07,43.7111,16.7796
3488.5,41.8486,-0.575972
3493.92,49.0658,-20.2931
3499.35,44.2955,-23.0379
3504.77,31.6815,-23.2134
3510.2,18.4253,-31.0648
3515.62,-2.90185,-57.7
3521.05,-40.8678,-50.1025
3526.48,-41.0931,-5.58693
3531.9,10.7811,-9.51611
3537.33,18.6466,-44.8429
3542.75,-13.8022,-35.8064
3548.18,-16.3589,-0.605214
3553.6,2.12518,-15.4605
3559.03,34.0641,-30.2512
3564.45,42.504,-13.4449
3569.88,16.7961,-17.0255
3575.3,0.0507221,-3.96359
3580.73,-12.6717,21.57
3586.15,-14.6737,6.19235
3591.58,-1.91525,1.97561
3597,4.03033,20.2591
3602.43,13.7271,13.1218
3607.86,18.2921,4.38289
3613.28,1.57247,9.73756
3618.71,-6.72169,26.2017
3624.13,-8.24676,38.6153
3629.56,-12.042,27.3675
3634.98,-6.33264,10.544
3640.41,-3.29956,3.31562
3645.83,1.99484,-6.40378
3651.26,0.406037,-11.7447
3656.68,-11.0765,-5.22289
3662.11,6.29539,-1.09223
3667.53,30.2089,-3.98127
3672.96,18.2843,-5.95158
3678.39,3.74132,-15.571
3683.81,3.49402,-18.9308
3689.24,-4.80593,3.84042
3694.66,0.29828,26.4738
3700.09,29.0487,42.3426
3705.51,36.8423,64.32
3710.94,-4.37037,70.7863
3716.36,-36.9963,30.0582
3721.79,-12.2259,-29.6986
3727.21,2.17032,-70.7115
3732.64,-14.6016,-68.6934
3738.06,-23.8834,-41.0462
3743.49,-23.2257,-21.6667
3748.91,-2.45145,-17.7439
3754.34,25.2604,-39.5547
3759.77,28.0944,-24.0294
3765.19,23.0178,17.9509
3770.62,18.2761,5.46722
3776.04,-6.81424,-5.80206
3781.47,-13.2112,10.2587
3786.89,4.55261,13.5914
3792.32,13.299,2.80533
3797.74,-2.5768,-17.665
3803.17,-35.9046,-16.388
3808.59,-37.8818,-1.07189
3814.02,-17.8034,3.10759
3819.44,-10.1045,11.13
3824.87,-9.83385,18.9724
3830.29,-23.7485,-6.32812
3835.72,-30.9219,-46.1184
3841.15,0.664815,-44.3214
3846.57,20.2415,-32.2051
3852,-3.00395,-7.88242
3857.42,-5.51078,18.5587
3862.85,4.31191,-18.9559
3868.27,-12.645,-55.1788
3873.7,-22.327,-40.7891
3879.12,-18.8577,-2.33642
3884.55,-8.38582,2.57308
3889.97,5.66662,-48.3554
3895.4,3.68198,-64.1449
3900.82,6.74576,-36.67
3906.25,28.6527,-15.3455
3911.68,22.3712,6.25123
3917.1,1.16189,7.61227
3922.53,-1.98808,-22.8465
3927.95,-13.2365,-38.4611
3933.38,-22.8687,-12.7
3938.8,-24.6766,21.5922
3944.23,-23.4611,26.6432
3949.65,10.5788,6.31405
3955.08,33.4101,-1.89129
3960.5,12.0886,7.01266
3965.93,2.06981,2.51371
3971.35,13.5068,-8.20414
3976.78,24.7328,3.19003
3982.2,9.71788,22.821
3987.63,-13.0726,29.6684
3993.06,-14.4297,27.8052
3998.48,-3.16171,7.49993
4003.91,22.7431,-6.18244
4009.33,39.9252,-8.70486
4014.76,44.3484,-29.4356
4020.18,32.8013,-21.406
4025.61,-8.88478,4.32687
4031.03,-14.7047,-2.46887
4036.46,36.4669,-11.8544
4041.88,58.676,-19.2081
4047.31,23.1081,-39.1828
4052.73,-11.1763,-57.8061
4058.16,-21.2721,-45.4465
4063.58,-17.5125,-26.9744
4069.01,-14.2822,-27.6669
4074.44,-24.7939,-8.48939
4079.86,-11.8745,-0.72813
4085.29,8.4584,-4.31517
4090.71,-13.5937,28.4377
4096.14,-33.3908,54.5688
4101.56,-23.3677,46.8936
4106.99,-17.4382,20.5176
4112.41,-5.80738,-18.7838
4117.84,10.5058,-33.9027
4123.26,-7.64371,-1.30872
4128.69,-31.3815,7.51993
4134.11,-23.4289,-32.8472
4139.54,-9.62321,-36.759
4144.96,1.13226,10.9501
4150.39,3.45717,39.7574
4155.82,-6.79108,21.8204
4161.24,-2.65942,-13.5734
4166.67,13.6052,-21.7825
4172.09,15.6564,3.37225
4177.52,-15.9902,15.1464
4182.94,-33.0866,5.87925
4188.37,-3.02835,7.95857
4193.79,13.4223,8.85106
4199.22,11.0536,-8.05456
4204.64,-3.21353,-13.282
4210.07,-15.5339,-3.51983
4215.49,4.12788,-12.1221
4220.92,17.5823,-31.6959
4226.35,13.1012,-29.8264
4231.77,4.12151,-15.266
4237.2,4.56521,-0.889764
4242.62,24.4318,8.38021
4248.05,36.6468,7.10678
4253.47,22.5069,-3.86489
4258.9,0.0686982,-8.08791
4264.32,-9.89344,15.6536
4269.75,-27.6366,11.6055
4275.17,-42.9214,-6.75587
4280.6,-26.5826,8.18177
4286.02,3.31351,8.03709
4291.45,16.6595,3.9512
4296.87,15.0864,11.1275
4302.3,8.66302,9.8101
4307.73,-10.7835,-8.81031
4313.15,-14.1374,-21.9884
4318.58,16.6113,0.452429
4324,34.5118,26.604
4329.43,12.7639,26.3356
4334.85,-6.11668,12.7891
4340.28,7.92561,-2.33465
4345.7,24.041,-20.7455
4351.13,22.3552,-10.8754
4356.55,21.0196,9.42267
4361.98,7.32159,12.2722
4367.4,-4.09609,19.9193
4372.83,20.2434,15.2677
4378.25,40.7991,-18.2776
4383.68,38.3314,-54.7714
4389.11,22.5806,-43.7209
4394.53,-0.870365,2.01841
4399.96,-20.0571,7.85789
4405.38,-18.377,-9.31378
4410.81,-3.49759,11.1086
4416.23,-2.99435,14.0937
4421.66,1.45159,-9.80179
4427.08,18.0753,-0.838093
4432.51,14.2514,6.37762
4437.93,1.28044,4.94008
4443.36,10.1354,-1.50816
4448.78,24.9173,-21.5252
4454.21,20.6603,-16.5878
4459.63,-12.706,-2.30593
4465.06,-38.9781,-7.11848
4470.49,-25.1358,-14.0589
4475.91,-2.95765,-3.17007
4481.34,9.06398,1.06148
4486.76,11.0916,-19.817
4492.19,14.4838,-20.8244
4497.61,29.5746,1.72245
4503.04,32.9965,18.2426
4508.46,23.005,11.5685
4513.89,-3.8005,-5.6353
4519.31,-21.6793,-26.1285
4524.74,-0.830235,-37.6354
4530.16,12.0702,-1.53095
4535.59,2.67539,32.2505
4541.02,-1.77267,32.7343
4546.44,-11.9859,10.8604
4551.87,-9.99005,-11.5896
4557.29,20.2354,10.4033
4562.72,12.4851,41.8974
4568.14,-10.2198,35.2229
4573.57,-13.7984,5.54408
4578.99,-27.6049,1.49516
4584.42,-28.1329,21.413
4589.84,-21.0585,30.2184
4595.27,-15.8073,12.4352
4600.69,-7.92856,-7.80415
4606.12,0.0675596,-7.70537
4611.54,16.7755,-19.9797
4616.97,20.5711,-18.84
4622.4,6.06782,4.49415
4627.82,-17.5666,3.28735
4633.25,-20.9018,1.21837
4638.67,11.0081,11.1165
4644.1,12.4143,-9.2149
4649.52,-7.01762,-43.019
4654.95,10.4599,-43.8668
4660.37,35.53,-23.0107
4665.8,22.4307,2.1415
4671.22,-12.51,15.5172
4676.65,-33.5566,16.8094
4682.07,-39.6436,14.5616
4687.5,-32.7705,-1.73572
4692.92,-18.2465,-19.7216
4698.35,-12.0576,-14.6838
4703.78,-7.08128,-3.57398
4709.2,-10.5775,-11.8253
4714.63,-15.9117,-3.59355
4720.05,4.74098,18.2777
4725.48,29.0247,18.1414
4730.9,46.0014,-6.04076
4736.33,49.3606,-20.5036
4741.75,32.7688,-19.5108
4747.18,12.7728,-27.9381
4752.6,-4.83028,-10.1043
4758.03,-10.9408,18.2327
4763.45,-5.51388,8.24936
4768.88,0.446723,-15.4945
4774.31,-2.80965,-7.2629
4779.73,-12.9714,16.7266
4785.16,3.56609,10.2168
4790.58,14.2527,-12.2801
4796.01,-6.80931,-12.3145
4801.43,-14.4706,11.1176
4806.86,-10.284,25.9025
4812.28,-10.8749,6.81722
4817.71,-25.6319,-22.7424
4823.13,-46.2322,-22.4239
4828.56,-46.9652,-4.61127
4833.98,-3.10242,-8.35836
4839.41,33.419,-2.65658
4844.83,20.7079,16.9943
4850.26,9.55184,7.73377
4855.69,7.39148,-10.8524
4861.11,16.4271,-1.97976
4866.54,29.5476,17.094
4871.96,17.0025,11.0094
4877.39,9.62873,12.6293
4882.81,15.2302,17.5191
4888.24,1.20994,5.50567
4893.66,-16.4257,1.85662
4899.09,-16.953,10.5589
4904.51,-9.20731,11.4034
4909.94,11.117,-3.71656
4915.36,21.7858,-7.06577
4920.79,0.748484,-4.75269
4926.21,-6.63208,-13.4525
4931.64,-10.393,-12.362
4937.07,-36.7632,7.08175
4942.49,-49.6323,29.0694
4947.92,-38.1808,26.1523
4953.34,-3.30267,-8.93405
4958.77,20.9892,-21.19
4964.19,8.45867,0.048728
4969.62,2.31619,4.08425
4975.04,10.5729,-13.3045
4980.47,16.2705,-17.7698
4985.89,15.9109,-0.0505244
4991.32,6.67565,1.75672
4996.74,1.75096,-9.77917
5002.17,10.8994,-8.44689
5007.6,10.7465,4.49477
5013.02,-10.8006,3.40416
5018.45,-15.7453,-10.3256
5023.87,-6.286,-0.956337
5029.3,-2.28271,-6.33311
5034.72,7.11329,-25.9994
5040.15,13.1622,-9.29521
5045.57,3.38652,-5.46298
5051,-1.02362,-25.6557
5056.42,15.0113,-14.4494
5061.85,9.10357,-13.7934
5067.27,-0.903503,-20.9314
5072.7,13.7711,-3.7033
5078.12,7.93161,-5.39226
5083.55,-8.47391,-7.71734
5088.98,4.72635,-4.66525
5094.4,32.1223,-14.0339
5099.83,32.2868,-7.77397
5105.25,18.3013,-2.07696
5110.68,6.7878,-8.44239
5116.1,12.3156,-6.27879
5121.53,12.4758,-3.88386
5126.95,-19.3103,0.98274
5132.38,-18.4922,2.21074
5137.8,1.4716,-10.4341
5143.23,0.290602,-1.00613
5148.65,12.0226,23.9267
5154.08,20.0726,16.3532
5159.5,0.50521,-2.85067
5164.93,-0.15321,-1.34633
5170.36,3.05935,3.23954
5175.78,-15.4273,-0.289771
5181.21,4.88521,-8.35574
5186.63,33.3871,-16.4365
5192.06,16.1382,-27.9562
5197.48,-10.4333,-30.0437
5202.91,-20.4523,3.82796
5208.33,-13.4422,7.27943
5213.76,-14.3399,-35.7751
5219.18,-15.8754,-32.792
5224.61,-15.5864,-18.3516
5230.03,-27.3712,-27.3627
5235.46,-25.45,-13.1378
5240.88,-12.4801,-4.62866
5246.31,-16.4871,-8.13914
5251.74,-33.6379,11.2059
5257.16,-16.0467,18.8978
5262.59,10.4314,-0.648346
5268.01,3.86835,2.17278
5273.44,0.127125,36.6849
5278.86,-7.95938,53.8516
5284.29,-17.3464,26.2228
5289.71,-3.91499,-7.38293
5295.14,3.91479,-4.79815
5300.56,-0.0486304,14.2427
5305.99,-4.2487,10.9645
5311.41,0.352733,3.42796
5316.84,-19.0599,15.2414
5322.27,-59.8887,18.1162
5327.69,-50.3404,12.923
5333.12,-16.6986,34.2731
5338.54,12.7045,41.6584
5343.97,30.6062,6.26162
5349.39,16.3011,-6.79482
5354.82,17.7852,11.084
5360.24,34.2092,27.9431
5365.67,28.3623,40.5919
5371.09,10.5032,51.0094
5376.52,-8.69076,48.1427
5381.94,-14.7631,16.1547
5387.37,-26.5887,-5.13623
5392.79,-33.9258,1.79711
5398.22,-10.9848,13.1646
5403.65,5.45915,20.0009
5409.07,12.9621,1.62764
5414.5,20.0888,-6.04227
5419.92,2.73475,13.586
5425.35,-11.3718,16.5
5430.77,-5.16288,9.54886
5436.2,-8.07399,3.42932
5441.62,1.26741,0.292539
5447.05,17.3122,3.98377
5452.47,10.1235,12.4247
5457.9,5.68859,17.1461
5463.32,6.33511,-3.06002
5468.75,-11.8887,-19.9971
5474.17,-20.1564,-3.23413
5479.6,-13.2869,20.5513
5485.03,-6.27686,27.9811
5490.45,9.35643,18.6638
5495.88,10.8321,10.5188
5501.3,-8.15279,20.5994
5506.73,-14.6423,14.9936
5512.15,-6.28835,-16.3713
5517.58,-2.92555,-10.6815
5523,-1.72222,-1.26599
5528.43,1.10061,-17.8713
5533.85,6.82214,-11.236
5539.28,1.73204,14.0708
5544.7,-7.80366,27.1471
5550.13,-5.91247,10.8707
