iter      chisq       delta/lim  lambda   l             c            
   0 1.1054758271e+09   0.00e+00  1.11e-01    1.000000e-02   2.000000e+03
   * 1.1057110992e+09   2.13e+01  1.11e+00   -8.725286e+01  -1.957122e+07
   * 1.1057110943e+09   2.13e+01  1.11e+01   -7.772089e+01  -1.548321e+07
   * 1.1057106012e+09   2.12e+01  1.11e+02   -4.518095e+00  -8.989989e+05
   * 1.1056480932e+09   1.56e+01  1.11e+03   -3.757526e-02  -7.466397e+03
   1 1.1054641309e+09  -1.06e+00  1.11e+02    9.524006e-03   1.905288e+03
   * 1.1056559167e+09   1.73e+01  1.11e+03   -4.290615e-02  -8.521811e+03
   2 1.1054498185e+09  -1.29e+00  1.11e+02    8.999382e-03   1.800953e+03
   * 1.1056634465e+09   1.93e+01  1.11e+03   -4.969306e-02  -9.863946e+03
   3 1.1054316957e+09  -1.64e+00  1.11e+02    8.412005e-03   1.684214e+03
   * 1.1056707610e+09   2.16e+01  1.11e+03   -5.871719e-02  -1.164583e+04
   4 1.1054076254e+09  -2.18e+00  1.11e+02    7.740036e-03   1.550779e+03
   * 1.1056779466e+09   2.44e+01  1.11e+03   -7.146972e-02  -1.415876e+04
   5 1.1053732947e+09  -3.11e+00  1.11e+02    6.946827e-03   1.393463e+03
   * 1.1056851072e+09   2.82e+01  1.11e+03   -9.121519e-02  -1.803793e+04
   6 1.1053182275e+09  -4.98e+00  1.11e+02    5.963092e-03   1.198731e+03
   * 1.1056923788e+09   3.38e+01  1.11e+03   -1.267923e-01  -2.499254e+04
   7 1.1052070986e+09  -1.01e+01  1.11e+02    4.630307e-03   9.357866e+02
   * 1.1056999359e+09   4.46e+01  1.11e+03   -2.132133e-01  -4.171240e+04
   8 1.1047679780e+09  -3.97e+01  1.11e+02    2.428620e-03   5.047551e+02
   * 1.1057076098e+09   8.50e+01  1.11e+03   -6.912284e-01  -1.303541e+05
   * 1.1052495783e+09   4.36e+01  1.11e+04   -5.415792e-03  -9.749288e+02
   9 1.1047382564e+09  -2.69e+00  1.11e+03    2.350073e-03   4.899389e+02
   * 1.1052953282e+09   5.04e+01  1.11e+04   -6.010469e-03  -1.081304e+03
  10 1.1047044955e+09  -3.06e+00  1.11e+03    2.266344e-03   4.742032e+02
   * 1.1053381419e+09   5.73e+01  1.11e+04   -6.701891e-03  -1.203997e+03
  11 1.1046656414e+09  -3.52e+00  1.11e+03    2.176509e-03   4.573926e+02
   * 1.1053784582e+09   6.45e+01  1.11e+04   -7.519519e-03  -1.347722e+03
  12 1.1046202032e+09  -4.11e+00  1.11e+03    2.079357e-03   4.393058e+02
   * 1.1054166723e+09   7.21e+01  1.11e+04   -8.506741e-03  -1.519304e+03
  13 1.1045659865e+09  -4.91e+00  1.11e+03    1.973247e-03   4.196737e+02
   * 1.1054531523e+09   8.03e+01  1.11e+04   -9.730411e-03  -1.729052e+03
  14 1.1044995965e+09  -6.01e+00  1.11e+03    1.855876e-03   3.981252e+02
   * 1.1054882560e+09   8.94e+01  1.11e+04   -1.129959e-02  -1.993365e+03
  15 1.1044154316e+09  -7.62e+00  1.11e+03    1.723851e-03   3.741249e+02
   * 1.1055223514e+09   1.00e+02  1.11e+04   -1.340588e-02  -2.340148e+03
  16 1.1043034062e+09  -1.01e+01  1.11e+03    1.571845e-03   3.468551e+02
   * 1.1055558450e+09   1.13e+02  1.11e+04   -1.642156e-02  -2.821340e+03
  17 1.1041429461e+09  -1.45e+01  1.11e+03    1.390733e-03   3.149660e+02
   * 1.1055892250e+09   1.31e+02  1.11e+04   -2.118217e-02  -3.546537e+03
  18 1.1038830298e+09  -2.35e+01  1.11e+03    1.162720e-03   2.759608e+02
   * 1.1056231173e+09   1.57e+02  1.11e+04   -3.003717e-02  -4.794682e+03
  19 1.1033423316e+09  -4.90e+01  1.11e+03    8.448363e-04   2.242995e+02
   * 1.1056581666e+09   2.09e+02  1.11e+04   -5.286981e-02  -7.517164e+03
  20 1.1006014474e+09  -2.49e+02  1.11e+03    2.782230e-04   1.426462e+02
   * 1.1056816979e+09   4.59e+02  1.11e+04   -1.334345e-01  -9.643737e+03
   * 1.1039982448e+09   3.08e+02  1.11e+05   -3.368149e-03  -1.229412e+02
  21 1.1001737203e+09  -3.89e+01  1.11e+04    2.411188e-04   1.399438e+02
   * 1.1043481939e+09   3.78e+02  1.11e+05   -4.276894e-03  -1.503919e+02
  22 1.0994882293e+09  -6.23e+01  1.11e+04    1.947300e-04   1.369630e+02
   * 1.1046861605e+09   4.71e+02  1.11e+05   -5.949013e-03  -1.883776e+02
  23 1.0980136305e+09  -1.34e+02  1.11e+04    1.302051e-04   1.335466e+02
   * 1.1050139152e+09   6.34e+02  1.11e+05   -1.009245e-02  -2.371618e+02
  24 1.0789603099e+09  -1.77e+03  1.11e+04    1.101717e-05   1.292265e+02
   * 1.1057111247e+09   2.42e+03  1.11e+05   -1.746584e-03   1.188976e+02
   * 1.1057111247e+09   2.42e+03  1.11e+06   -1.284932e-03   1.250934e+02
   * 1.1057111247e+09   2.42e+03  1.11e+07   -3.648555e-05   1.290763e+02
  25 1.0783511111e+09  -5.65e+01  1.11e+06    1.052913e-05   1.292250e+02
   * 1.1057111247e+09   2.47e+03  1.11e+07   -4.010152e-05   1.290720e+02
  26 1.0776507629e+09  -6.50e+01  1.11e+06    1.000694e-05   1.292234e+02
   * 1.1057111247e+09   2.54e+03  1.11e+07   -4.434507e-05   1.290673e+02
  27 1.0768312476e+09  -7.61e+01  1.11e+06    9.443563e-06   1.292218e+02
   * 1.1057111247e+09   2.61e+03  1.11e+07   -4.942358e-05   1.290622e+02
  28 1.0758502136e+09  -9.12e+01  1.11e+06    8.829300e-06   1.292201e+02
   * 1.1057111247e+09   2.70e+03  1.11e+07   -5.565033e-05   1.290567e+02
  29 1.0746396833e+09  -1.13e+02  1.11e+06    8.150209e-06   1.292184e+02
   * 1.1057111247e+09   2.81e+03  1.11e+07   -6.352074e-05   1.290507e+02
  30 1.0730813983e+09  -1.45e+02  1.11e+06    7.385042e-06   1.292166e+02
   * 1.1057111247e+09   2.95e+03  1.11e+07   -7.385933e-05   1.290444e+02
  31 1.0709447798e+09  -2.00e+02  1.11e+06    6.498784e-06   1.292148e+02
   * 1.1057111247e+09   3.14e+03  1.11e+07   -8.810038e-05   1.290382e+02
  32 1.0676941616e+09  -3.04e+02  1.11e+06    5.426723e-06   1.292128e+02
   * 1.1057111247e+09   3.44e+03  1.11e+07   -1.086365e-04   1.290349e+02
  33 1.0616322488e+09  -5.71e+02  1.11e+06    4.025280e-06   1.292106e+02
   * 1.1057111247e+09   3.99e+03  1.11e+07   -1.358705e-04   1.290486e+02
  34 1.0409258986e+09  -1.99e+03  1.11e+06    1.845138e-06   1.292081e+02
   * 1.1057111247e+09   5.86e+03  1.11e+07   -9.968097e-05   1.291533e+02
   * 1.1057111247e+09   5.86e+03  1.11e+08   -4.760335e-06   1.292046e+02
  35 1.0396823913e+09  -1.20e+02  1.11e+07    1.775234e-06   1.292080e+02
   * 1.1057111247e+09   5.97e+03  1.11e+08   -5.172500e-06   1.292045e+02
  36 1.0382838293e+09  -1.35e+02  1.11e+07    1.701212e-06   1.292080e+02
   * 1.1057111247e+09   6.10e+03  1.11e+08   -5.637783e-06   1.292044e+02
  37 1.0366912588e+09  -1.54e+02  1.11e+07    1.622366e-06   1.292079e+02
   * 1.1057111247e+09   6.24e+03  1.11e+08   -6.168635e-06   1.292043e+02
  38 1.0348498537e+09  -1.78e+02  1.11e+07    1.537780e-06   1.292079e+02
   * 1.1057111247e+09   6.41e+03  1.11e+08   -6.781608e-06   1.292042e+02
  39 1.0326792941e+09  -2.10e+02  1.11e+07    1.446215e-06   1.292079e+02
   * 1.1057111247e+09   6.60e+03  1.11e+08   -7.498894e-06   1.292041e+02
  40 1.0300557963e+09  -2.55e+02  1.11e+07    1.345946e-06   1.292078e+02
   * 1.1057111247e+09   6.84e+03  1.11e+08   -8.350096e-06   1.292041e+02
  41 1.0267755348e+09  -3.19e+02  1.11e+07    1.234443e-06   1.292078e+02
   * 1.1057111247e+09   7.14e+03  1.11e+08   -9.372795e-06   1.292040e+02
  42 1.0224711568e+09  -4.21e+02  1.11e+07    1.107758e-06   1.292077e+02
   * 1.1057111247e+09   7.53e+03  1.11e+08   -1.060475e-05   1.292040e+02
  43 1.0163878744e+09  -5.99e+02  1.11e+07    9.591616e-07   1.292077e+02
   * 1.1057111247e+09   8.08e+03  1.11e+08   -1.203190e-05   1.292041e+02
  44 1.0066135394e+09  -9.71e+02  1.11e+07    7.755551e-07   1.292076e+02
   * 1.1057111247e+09   8.96e+03  1.11e+08   -1.329770e-05   1.292045e+02
  45 9.8590542142e+08  -2.10e+03  1.11e+07    5.251964e-07   1.292076e+02
   * 1.1057111247e+09   1.08e+04  1.11e+08   -1.208300e-05   1.292057e+02
  46 8.2572970734e+08  -1.94e+04  1.11e+07    8.828384e-08   1.292075e+02
   * 1.1057111247e+09   2.53e+04  1.11e+08   -1.014611e-06   1.292074e+02
   * 1.1057111247e+09   2.53e+04  1.11e+09   -8.433812e-07   1.292075e+02
  47 6.6286004682e+08  -2.46e+04  1.11e+08    3.190632e-08   1.292075e+02
   * 1.1057111247e+09   4.01e+04  1.11e+09   -1.808245e-07   1.292075e+02
   * 1.1057111247e+09   4.01e+04  1.11e+10   -8.236553e-08   1.292075e+02
  48 6.4746753714e+08  -2.38e+03  1.11e+09    2.948958e-08   1.292075e+02
   * 1.1057111247e+09   4.14e+04  1.11e+10   -8.178244e-08   1.292075e+02
  49 6.2829014366e+08  -3.05e+03  1.11e+09    2.681029e-08   1.292075e+02
   * 1.1057111247e+09   4.32e+04  1.11e+10   -7.893325e-08   1.292075e+02
  50 6.0327142770e+08  -4.15e+03  1.11e+09    2.378098e-08   1.292075e+02
   * 1.1057111247e+09   4.54e+04  1.11e+10   -7.272093e-08   1.292075e+02
  51 5.6829563821e+08  -6.15e+03  1.11e+09    2.025827e-08   1.292075e+02
   * 1.1057111247e+09   4.86e+04  1.11e+10   -6.166468e-08   1.292075e+02
  52 5.1348284008e+08  -1.07e+04  1.11e+09    1.598379e-08   1.292075e+02
   * 1.1057111247e+09   5.36e+04  1.11e+10   -4.412385e-08   1.292075e+02
  53 4.0653277504e+08  -2.63e+04  1.11e+09    1.043945e-08   1.292075e+02
   * 1.1057111247e+09   6.32e+04  1.11e+10   -1.984951e-08   1.292075e+02
  54 6.9306055439e+07  -4.87e+05  1.11e+09    2.778453e-09   1.292075e+02
  55 5.4569468696e+07  -2.70e+04  1.11e+08    1.184771e-09   1.292075e+02
  56 1.6560048877e+07  -2.30e+05  1.11e+07    1.563592e-09   1.292075e+02
  57 1.5152277480e+07  -9.29e+03  1.11e+06    1.672260e-09   1.292071e+02
  58 1.5148015885e+07  -2.81e+01  1.11e+05    1.678562e-09   1.291682e+02
  59 1.5052678365e+07  -6.33e+02  1.11e+04    1.725077e-09   1.252968e+02
   * 1.1057111247e+09   9.86e+04  1.11e+05    5.572553e-09  -1.776292e+02
  60 1.4946326645e+07  -7.12e+02  1.11e+04    1.778090e-09   1.212140e+02
   * 1.1057111247e+09   9.86e+04  1.11e+05    5.967870e-09  -1.891818e+02
  61 1.4826725804e+07  -8.07e+02  1.11e+04    1.837894e-09   1.168906e+02
   * 1.1057111247e+09   9.87e+04  1.11e+05    6.420161e-09  -2.007276e+02
  62 1.4690770016e+07  -9.25e+02  1.11e+04    1.906084e-09   1.122887e+02
   * 1.1057111247e+09   9.87e+04  1.11e+05    6.940263e-09  -2.119801e+02
  63 1.4534210322e+07  -1.08e+03  1.11e+04    1.984876e-09   1.073602e+02
   * 1.1057111247e+09   9.87e+04  1.11e+05    7.541113e-09  -2.224864e+02
  64 1.4351068056e+07  -1.28e+03  1.11e+04    2.077409e-09   1.020425e+02
   * 1.1057111247e+09   9.87e+04  1.11e+05    8.237634e-09  -2.315407e+02
  65 1.4132625053e+07  -1.55e+03  1.11e+04    2.188295e-09   9.625164e+01
   * 1.1057111247e+09   9.87e+04  1.11e+05    9.045950e-09  -2.380511e+02
  66 1.3865612537e+07  -1.93e+03  1.11e+04    2.324630e-09   8.987176e+01
   * 1.1057111247e+09   9.87e+04  1.11e+05    9.980932e-09  -2.403453e+02
  67 1.3528782776e+07  -2.49e+03  1.11e+04    2.497994e-09   8.273563e+01
   * 1.1057111247e+09   9.88e+04  1.11e+05    1.104994e-08  -2.359080e+02
  68 1.3086112883e+07  -3.38e+03  1.11e+04    2.728788e-09   7.458907e+01
   * 1.1057111247e+09   9.88e+04  1.11e+05    1.223822e-08  -2.210975e+02
  69 1.2473662561e+07  -4.91e+03  1.11e+04    3.056835e-09   6.501815e+01
   * 1.1057111247e+09   9.89e+04  1.11e+05    1.347592e-08  -1.910862e+02
  70 1.1588809299e+07  -7.64e+03  1.11e+04    3.571917e-09   5.328611e+01
   * 1.1057111247e+09   9.90e+04  1.11e+05    1.456348e-08  -1.408950e+02
  71 1.0608029047e+07  -9.25e+03  1.11e+04    4.523842e-09   3.794052e+01
   * 1.1057111247e+09   9.90e+04  1.11e+05    1.499065e-08  -7.043217e+01
   * 2.2945206500e+07   5.38e+04  1.11e+06    6.838811e-09   1.632480e+01
  72 9.4191084620e+06  -1.26e+04  1.11e+05    4.832818e-09   3.767384e+01
   * 1.9191794255e+07   5.09e+04  1.11e+06    6.999487e-09   1.636146e+01
  73 9.3740112175e+06  -4.81e+02  1.11e+05    4.874464e-09   3.741276e+01
   * 1.9612578649e+07   5.22e+04  1.11e+06    7.064544e-09   1.602163e+01
  74 9.3309787273e+06  -4.61e+02  1.11e+05    4.901447e-09   3.714981e+01
   * 2.0277638313e+07   5.40e+04  1.11e+06    7.126220e-09   1.565918e+01
  75 9.2871747686e+06  -4.72e+02  1.11e+05    4.928865e-09   3.688452e+01
   * 2.0991547099e+07   5.58e+04  1.11e+06    7.189258e-09   1.529441e+01
  76 9.2425750573e+06  -4.83e+02  1.11e+05    4.956844e-09   3.661684e+01
   * 2.1756459518e+07   5.75e+04  1.11e+06    7.253736e-09   1.492752e+01
  77 9.1971547633e+06  -4.94e+02  1.11e+05    4.985404e-09   3.634674e+01
   * 2.2576271733e+07   5.93e+04  1.11e+06    7.319699e-09   1.455854e+01
  78 9.1508879701e+06  -5.06e+02  1.11e+05    5.014565e-09   3.607414e+01
   * 2.3455210274e+07   6.10e+04  1.11e+06    7.387196e-09   1.418752e+01
  79 9.1037476117e+06  -5.18e+02  1.11e+05    5.044349e-09   3.579899e+01
   * 2.4397852456e+07   6.27e+04  1.11e+06    7.456273e-09   1.381452e+01
  80 9.0557054085e+06  -5.31e+02  1.11e+05    5.074779e-09   3.552125e+01
   * 2.5409156001e+07   6.44e+04  1.11e+06    7.526982e-09   1.343960e+01
  81 9.0067317969e+06  -5.44e+02  1.11e+05    5.105878e-09   3.524084e+01
   * 2.6494490860e+07   6.60e+04  1.11e+06    7.599375e-09   1.306284e+01
  82 8.9567958561e+06  -5.58e+02  1.11e+05    5.137671e-09   3.495771e+01
   * 2.7659673259e+07   6.76e+04  1.11e+06    7.673506e-09   1.268432e+01
  83 8.9058652285e+06  -5.72e+02  1.11e+05    5.170185e-09   3.467180e+01
   * 2.8911001940e+07   6.92e+04  1.11e+06    7.749430e-09   1.230413e+01
  84 8.8539060349e+06  -5.87e+02  1.11e+05    5.203447e-09   3.438303e+01
   * 3.0255296536e+07   7.07e+04  1.11e+06    7.827205e-09   1.192238e+01
  85 8.8008827844e+06  -6.02e+02  1.11e+05    5.237486e-09   3.409134e+01
   * 3.1699937904e+07   7.22e+04  1.11e+06    7.906890e-09   1.153917e+01
  86 8.7467582764e+06  -6.19e+02  1.11e+05    5.272333e-09   3.379666e+01
   * 3.3252910155e+07   7.37e+04  1.11e+06    7.988547e-09   1.115463e+01
  87 8.6914934975e+06  -6.36e+02  1.11e+05    5.308021e-09   3.349892e+01
   * 3.4922843937e+07   7.51e+04  1.11e+06    8.072239e-09   1.076890e+01
  88 8.6350475097e+06  -6.54e+02  1.11e+05    5.344584e-09   3.319803e+01
   * 3.6719060337e+07   7.65e+04  1.11e+06    8.158030e-09   1.038214e+01
  89 8.5773773305e+06  -6.72e+02  1.11e+05    5.382058e-09   3.289393e+01
   * 3.8651614517e+07   7.78e+04  1.11e+06    8.245989e-09   9.994521e+00
  90 8.5184378053e+06  -6.92e+02  1.11e+05    5.420481e-09   3.258652e+01
   * 4.0731337822e+07   7.91e+04  1.11e+06    8.336184e-09   9.606222e+00
  91 8.4581814691e+06  -7.12e+02  1.11e+05    5.459895e-09   3.227573e+01
   * 4.2969876679e+07   8.03e+04  1.11e+06    8.428685e-09   9.217453e+00
  92 8.3965583989e+06  -7.34e+02  1.11e+05    5.500342e-09   3.196147e+01
   * 4.5379726019e+07   8.15e+04  1.11e+06    8.523565e-09   8.828442e+00
  93 8.3335160551e+06  -7.56e+02  1.11e+05    5.541867e-09   3.164363e+01
   * 4.7974254237e+07   8.26e+04  1.11e+06    8.620898e-09   8.439437e+00
  94 8.2689991101e+06  -7.80e+02  1.11e+05    5.584520e-09   3.132213e+01
   * 5.0767715727e+07   8.37e+04  1.11e+06    8.720759e-09   8.050709e+00
  95 8.2029492655e+06  -8.05e+02  1.11e+05    5.628352e-09   3.099688e+01
   * 5.3775245911e+07   8.47e+04  1.11e+06    8.823227e-09   7.662556e+00
  96 8.1353050544e+06  -8.31e+02  1.11e+05    5.673418e-09   3.066775e+01
   * 5.7012832101e+07   8.57e+04  1.11e+06    8.928379e-09   7.275304e+00
  97 8.0660016293e+06  -8.59e+02  1.11e+05    5.719776e-09   3.033465e+01
   * 6.0497251742e+07   8.67e+04  1.11e+06    9.036295e-09   6.889308e+00
  98 7.9949705342e+06  -8.88e+02  1.11e+05    5.767488e-09   2.999747e+01
   * 6.4245967159e+07   8.76e+04  1.11e+06    9.147055e-09   6.504955e+00
  99 7.9221394588e+06  -9.19e+02  1.11e+05    5.816621e-09   2.965608e+01
   * 6.8276963114e+07   8.84e+04  1.11e+06    9.260740e-09   6.122665e+00
 100 7.8474319753e+06  -9.52e+02  1.11e+05    5.867245e-09   2.931038e+01
   * 7.2608509887e+07   8.92e+04  1.11e+06    9.377430e-09   5.742898e+00
 101 7.7707672550e+06  -9.87e+02  1.11e+05    5.919437e-09   2.896022e+01
   * 7.7258830361e+07   8.99e+04  1.11e+06    9.497206e-09   5.366151e+00
 102 7.6920597638e+06  -1.02e+03  1.11e+05    5.973278e-09   2.860547e+01
   * 8.2245644486e+07   9.06e+04  1.11e+06    9.620148e-09   4.992964e+00
 103 7.6112189360e+06  -1.06e+03  1.11e+05    6.028855e-09   2.824601e+01
   * 8.7585558639e+07   9.13e+04  1.11e+06    9.746334e-09   4.623924e+00
 104 7.5281488245e+06  -1.10e+03  1.11e+05    6.086261e-09   2.788168e+01
   * 9.3293260725e+07   9.19e+04  1.11e+06    9.875840e-09   4.259663e+00
 105 7.4427477261e+06  -1.15e+03  1.11e+05    6.145596e-09   2.751234e+01
   * 9.9380474811e+07   9.25e+04  1.11e+06    1.000874e-08   3.900867e+00
 106 7.3549077823e+06  -1.19e+03  1.11e+05    6.206969e-09   2.713782e+01
   * 1.0585462200e+08   9.31e+04  1.11e+06    1.014510e-08   3.548275e+00
 107 7.2645145531e+06  -1.24e+03  1.11e+05    6.270496e-09   2.675798e+01
   * 1.1271712833e+08   9.36e+04  1.11e+06    1.028498e-08   3.202682e+00
 108 7.1714465650e+06  -1.30e+03  1.11e+05    6.336302e-09   2.637262e+01
   * 1.1996131717e+08   9.40e+04  1.11e+06    1.042845e-08   2.864944e+00
 109 7.0755748332e+06  -1.35e+03  1.11e+05    6.404522e-09   2.598159e+01
   * 1.2756982607e+08   9.45e+04  1.11e+06    1.057554e-08   2.535979e+00
 110 6.9767623594e+06  -1.42e+03  1.11e+05    6.475304e-09   2.558469e+01
   * 1.3551149934e+08   9.49e+04  1.11e+06    1.072631e-08   2.216770e+00
 111 6.8748636065e+06  -1.48e+03  1.11e+05    6.548805e-09   2.518174e+01
   * 1.4373773538e+08   9.52e+04  1.11e+06    1.088077e-08   1.908368e+00
 112 6.7697239568e+06  -1.55e+03  1.11e+05    6.625197e-09   2.477252e+01
   * 1.5217831760e+08   9.56e+04  1.11e+06    1.103894e-08   1.611889e+00
 113 6.6611791567e+06  -1.63e+03  1.11e+05    6.704668e-09   2.435684e+01
   * 1.6073684221e+08   9.59e+04  1.11e+06    1.120082e-08   1.328519e+00
 114 6.5490547606e+06  -1.71e+03  1.11e+05    6.787420e-09   2.393448e+01
   * 1.6928598385e+08   9.61e+04  1.11e+06    1.136639e-08   1.059513e+00
 115 6.4331655842e+06  -1.80e+03  1.11e+05    6.873675e-09   2.350521e+01
   * 1.7766302279e+08   9.64e+04  1.11e+06    1.153560e-08   8.061908e-01
 116 6.3133151877e+06  -1.90e+03  1.11e+05    6.963674e-09   2.306879e+01
   * 1.8566629703e+08   9.66e+04  1.11e+06    1.170839e-08   5.699349e-01
 117 6.1892954141e+06  -2.00e+03  1.11e+05    7.057679e-09   2.262500e+01
   * 1.9305352816e+08   9.68e+04  1.11e+06    1.188465e-08   3.521858e-01
 118 6.0608860173e+06  -2.12e+03  1.11e+05    7.155980e-09   2.217358e+01
   * 1.9954326083e+08   9.70e+04  1.11e+06    1.206425e-08   1.544335e-01
 119 5.9278544285e+06  -2.24e+03  1.11e+05    7.258892e-09   2.171428e+01
   * 2.0482087250e+08   9.71e+04  1.11e+06    1.224702e-08  -2.179310e-02
 120 5.7899557248e+06  -2.38e+03  1.11e+05    7.366761e-09   2.124685e+01
   * 2.0855061990e+08   9.72e+04  1.11e+06    1.243275e-08  -1.749405e-01
 121 5.6469328865e+06  -2.53e+03  1.11e+05    7.479966e-09   2.077101e+01
   * 2.1039482139e+08   9.73e+04  1.11e+06    1.262118e-08  -3.034491e-01
 122 5.4985174583e+06  -2.70e+03  1.11e+05    7.598925e-09   2.028651e+01
   * 2.1004036386e+08   9.74e+04  1.11e+06    1.281199e-08  -4.057763e-01
 123 5.3444307694e+06  -2.88e+03  1.11e+05    7.724096e-09   1.979309e+01
   * 2.0723120015e+08   9.74e+04  1.11e+06    1.300482e-08  -4.804251e-01
 124 5.1843859141e+06  -3.09e+03  1.11e+05    7.855985e-09   1.929049e+01
   * 2.0180352350e+08   9.74e+04  1.11e+06    1.319922e-08  -5.259797e-01
 125 5.0180907653e+06  -3.31e+03  1.11e+05    7.995149e-09   1.877847e+01
   * 1.9371833868e+08   9.74e+04  1.11e+06    1.339469e-08  -5.411478e-01
 126 4.8452523727e+06  -3.57e+03  1.11e+05    8.142197e-09   1.825680e+01
   * 1.8308494387e+08   9.74e+04  1.11e+06    1.359067e-08  -5.248098e-01
 127 4.6655832102e+06  -3.85e+03  1.11e+05    8.297804e-09   1.772529e+01
   * 1.7016916991e+08   9.73e+04  1.11e+06    1.378649e-08  -4.760777e-01
 128 4.4788098737e+06  -4.17e+03  1.11e+05    8.462709e-09   1.718378e+01
   * 1.5538247988e+08   9.71e+04  1.11e+06    1.398142e-08  -3.943616e-01
 129 4.2846850027e+06  -4.53e+03  1.11e+05    8.637720e-09   1.663216e+01
   * 1.3925184856e+08   9.69e+04  1.11e+06    1.417466e-08  -2.794440e-01
 130 4.0830034033e+06  -4.94e+03  1.11e+05    8.823721e-09   1.607041e+01
   * 1.2237458970e+08   9.67e+04  1.11e+06    1.436532e-08  -1.315621e-01
 131 3.8736235894e+06  -5.41e+03  1.11e+05    9.021668e-09   1.549860e+01
   * 1.0536554225e+08   9.63e+04  1.11e+06    1.455245e-08   4.850463e-02
 132 3.6564962088e+06  -5.94e+03  1.11e+05    9.232592e-09   1.491693e+01
   * 8.8805205455e+07   9.59e+04  1.11e+06    1.473501e-08   2.593448e-01
 133 3.4317010403e+06  -6.55e+03  1.11e+05    9.457588e-09   1.432577e+01
   * 7.3196334312e+07   9.53e+04  1.11e+06    1.491195e-08   4.988272e-01
 134 3.1994943605e+06  -7.26e+03  1.11e+05    9.697796e-09   1.372572e+01
   * 5.8933836367e+07   9.46e+04  1.11e+06    1.508215e-08   7.640220e-01
 135 2.9603683190e+06  -8.08e+03  1.11e+05    9.954377e-09   1.311767e+01
   * 4.6289629206e+07   9.36e+04  1.11e+06    1.524453e-08   1.051141e+00
 136 2.7151232698e+06  -9.03e+03  1.11e+05    1.022846e-08   1.250286e+01
   * 3.5411394908e+07   9.23e+04  1.11e+06    1.539799e-08   1.355505e+00
 137 2.4649523714e+06  -1.01e+04  1.11e+05    1.052108e-08   1.188298e+01
   * 2.6332433323e+07   9.06e+04  1.11e+06    1.554152e-08   1.671564e+00
 138 2.2115345815e+06  -1.15e+04  1.11e+05    1.083305e-08   1.126029e+01
   * 1.8989133039e+07   8.84e+04  1.11e+06    1.567422e-08   1.992972e+00
 139 1.9571267378e+06  -1.30e+04  1.11e+05    1.116483e-08   1.063770e+01
   * 1.3242701909e+07   8.52e+04  1.11e+06    1.579533e-08   2.312751e+00
 140 1.7046371377e+06  -1.48e+04  1.11e+05    1.151631e-08   1.001890e+01
   * 8.9023739476e+06   8.09e+04  1.11e+06    1.590431e-08   2.623553e+00
 141 1.4576521149e+06  -1.69e+04  1.11e+05    1.188656e-08   9.408446e+00
   * 5.7480170521e+06   7.46e+04  1.11e+06    1.600086e-08   2.918032e+00
 142 1.2203757520e+06  -1.94e+04  1.11e+05    1.227353e-08   8.811769e+00
   * 3.5506877786e+06   6.56e+04  1.11e+06    1.608498e-08   3.189323e+00
 143 9.9743688091e+05  -2.24e+04  1.11e+05    1.267374e-08   8.235134e+00
   * 2.0901115746e+06   5.23e+04  1.11e+06    1.615696e-08   3.431596e+00
 144 7.9352721067e+05  -2.57e+04  1.11e+05    1.308204e-08   7.685427e+00
   * 1.1683146430e+06   3.21e+04  1.11e+06    1.621741e-08   3.640614e+00
 145 6.1287188419e+05  -2.95e+04  1.11e+05    1.349152e-08   7.169768e+00
   * 6.1879831952e+05   9.58e+02  1.11e+06    1.626719e-08   3.814199e+00
 146 4.5860323428e+05  -3.36e+04  1.11e+05    1.389379e-08   6.694930e+00
 147 3.1089299682e+05  -4.75e+04  1.11e+04    1.630738e-08   3.952477e+00
 148 9.1659021554e+03  -3.29e+06  1.11e+03    1.644333e-08   4.254229e+00
 149 9.0564759259e+03  -1.21e+03  1.11e+02    1.643764e-08   4.266406e+00
 150 9.0564758021e+03  -1.37e-03  1.11e+01    1.643767e-08   4.266391e+00
iter      chisq       delta/lim  lambda   l             c            

After 150 iterations the fit converged.
final sum of squares of residuals : 9056.48
rel. change during last iteration : -1.36716e-08

degrees of freedom    (FIT_NDF)                        : 254
rms of residuals      (FIT_STDFIT) = sqrt(WSSR/ndf)    : 5.97122
variance of residuals (reduced chisquare) = WSSR/ndf   : 35.6554

Final set of parameters            Asymptotic Standard Error
=======================            ==========================
l               = 1.64377e-08      +/- 2.344e-11    (0.1426%)
c               = 4.26639          +/- 0.01814      (0.4252%)

correlation matrix of the fit parameters:
                l      c      
l               1.000 
c              -0.968  1.000 
