# BEGINHEADER
# This file contains data from the SALSA 2m radio telescope.
# DATE=2024-01-31T11:36:0029
# GLON and GLAT given in degrees
# GLON=29.540533807731858
# GLAT=-41.88635744897193
# DATA in two columns below. Col. 1 is velocity relative to LSR [km/s]. Col. 2 is uncalibrated antenna temperature [K].
# ENDHEADER
2379.467386557838 20.05979491883504
2377.406242607239 41.50344465849152
2375.345098656641 37.257488771322
2373.283954706042 40.039310731719
2371.2228107554433 39.69314381914648
2369.1616668048446 42.54525318190535
2367.1005228542463 42.601247456424424
2365.0393789036475 44.44122949509625
2362.9782349530487 47.37212575729689
2360.91709100245 49.28811201768343
2358.8559470518517 51.01598180494354
2356.794803101253 53.45505766939986
2354.7336591506546 55.832793937488674
2352.672515200056 58.034961601830275
2350.611371249457 60.508076847310505
2348.5502272988583 62.877769044974976
2346.48908334826 65.16545682924702
2344.4279393976612 67.48081988029902
2342.3667954470625 69.6759728681273
2340.3056514964637 71.69155063036001
2338.244507545865 74.24368572236226
2336.183363595266 75.23037181798807
2334.122219644668 77.62478250716565
2332.061075694069 79.34691063393026
2329.9999317434704 80.32934243386357
2327.9387877928716 81.91393857499745
2325.8776438422733 82.31935344897153
2323.8164998916745 83.50385023962623
2321.755355941076 85.21091213079852
2319.694211990477 85.17070115899112
2317.6330680398787 86.78925384636163
2315.57192408928 87.57211992666821
2313.5107801386816 87.06069237699121
2311.449636188083 87.98097932153696
2309.388492237484 88.15937508513221
2307.3273482868854 89.43308467084586
2305.266204336287 90.02724284438099
2303.2050603856883 90.18073490802718
2301.1439164350895 90.374578167043
2299.0827724844908 91.18254259956677
2297.0216285338925 91.2675765124922
2294.9604845832937 90.36182931631711
2292.8993406326954 90.79673338722311
2290.8381966820966 91.72065804151836
2288.777052731498 91.79011523676638
2286.715908780899 91.91425707834745
2284.654764830301 91.72097475006674
2282.593620879702 92.09144350940748
2280.5324769291033 92.2260833790067
2278.4713329785045 93.37964150887393
2276.410189027906 93.09478994426449
2274.349045077307 93.28360405147342
2272.2879011267087 93.45067640119721
2270.22675717611 94.1832672839
2268.165613225511 93.34932845944164
2266.1044692749124 94.35918453328085
2264.043325324314 95.043685216537
2261.9821813737153 94.5092944216986
2259.9210374231166 94.99077762172374
2257.859893472518 94.98853944775276
2255.7987495219195 95.16509543794308
2253.7376055713207 94.93213958454136
2251.6764616207224 94.91835022051849
2249.6153176701237 95.49724773108149
2247.554173719525 96.48754531162841
2245.493029768926 95.96768937018142
2243.431885818328 95.45561040782523
2241.370741867729 96.6888936688004
2239.3095979171303 96.20437522571874
2237.2484539665315 96.79427445887002
2235.1873100159332 97.01492816503615
2233.1261660653345 96.41127856197264
2231.065022114736 96.84257043146182
2229.0038781641374 96.14476790427773
2226.9427342135386 96.02992867717234
2224.88159026294 97.3029567657623
2222.8204463123416 96.11001377922857
2220.759302361743 96.94326951906191
2218.698158411144 97.52609898363592
2216.6370144605453 97.24693630413455
2214.575870509947 96.82061272539408
2212.5147265593478 96.70882789594619
2210.4535826087495 98.20464258768642
2208.3924386581507 98.0683024843859
2206.331294707552 97.80306708835887
2204.270150756953 96.8523462596595
2202.209006806355 100.40391325515603
2200.147862855756 113.12666427049847
2198.0867189051573 97.56889011994082
2196.0255749545586 99.60060777579481
2193.9644310039603 98.75921205194405
2191.9032870533615 97.98355136417308
2189.842143102763 98.05662522475205
2187.7809991521644 98.8847012852415
2185.7198552015657 98.71317672262549
2183.658711250967 98.66165521056449
2181.5975673003686 98.08293184668752
2179.53642334977 98.47227786634474
2177.475279399171 96.93652681192174
2175.4141354485723 99.36798765817421
2173.352991497974 99.59802650107989
2171.2918475473753 97.7337222305253
2169.230703596777 99.57241888454632
2167.169559646178 99.36655187378064
2165.1084156955794 98.42598942296034
2163.0472717449807 99.03223801416766
2160.9861277943824 98.4482690907772
2158.9249838437836 98.59901727361604
2156.863839893185 99.33982569044873
2154.802695942586 99.46344230901579
2152.7415519919878 99.32924143987061
2150.6804080413885 98.42338826457262
2148.6192640907902 98.61313721244862
2146.558120140191 99.1544443518339
2144.4969761895927 99.95043045898188
2142.435832238994 99.1507748533908
2140.3746882883956 99.22499548313597
2138.313544337797 99.46565066834222
2136.252400387198 99.36089646906854
2134.1912564365994 99.59783228228996
2132.130112486001 99.25471332712858
2130.0689685354023 99.95454778224138
2128.007824584804 99.01945126763553
2125.9466806342048 99.79223079170146
2123.8855366836065 99.43746903048553
2121.8243927330077 99.70053267660542
2119.7632487824094 100.21901728864762
2117.7021048318106 101.10718502928555
2115.640960881212 103.21697916616708
2113.579816930613 100.33259202278217
2111.518672980015 98.19268281296686
2109.457529029416 98.94188550130129
2107.3963850788177 100.13275488471511
2105.3352411282185 98.3924609540091
2103.27409717762 99.1288382225924
2101.2129532270214 99.29054767160636
2099.151809276423 98.41695001437134
2097.090665325824 98.75785760511427
2095.0295213752256 97.66439303037015
2092.968377424627 99.10677295807476
2090.9072334740285 99.15198909291037
2088.84608952343 98.99805649058489
2086.784945572831 98.73239708859444
2084.7238016222323 98.82377783359323
2082.6626576716335 98.64066383499829
2080.6015137210347 97.79923850560513
2078.5403697704364 99.17306267095569
2076.4792258198377 98.47771220161636
2074.4180818692394 98.70476506724525
2072.3569379186406 99.01911870858754
2070.295793968042 98.4220493693466
2068.234650017443 98.35048967172433
2066.1735060668448 97.6326926959809
2064.112362116246 97.66092029527128
2062.0512181656472 99.62081272793135
2059.9900742150485 99.47542493027731
2057.92893026445 98.12073473324017
2055.867786313851 97.42009381917936
2053.8066423632526 99.08086214729535
2051.745498412654 96.99933442713845
2049.6843544620556 100.60452666783233
2047.6232105114568 95.23041196499629
2045.5620665608583 118.75069680977131
2043.5009226102595 107.99300118744236
2041.439778659661 94.37799740077006
2039.378634709062 98.80215516936308
2037.3174907584635 96.79071990068974
2035.2563468078647 97.94108242601335
2033.1952028572664 97.55662527246868
2031.1340589066676 98.20255999057164
2029.072914956069 97.4363080547813
2027.0117710054703 97.47433244727256
2024.9506270548718 96.0627662662808
2022.889483104273 96.20471466598744
2020.8283391536745 96.22839620983301
2018.7671952030757 96.7153429838432
2016.7060512524772 96.7817811613484
2014.6449073018784 96.63257940653234
2012.5837633512801 96.52506186683193
2010.5226194006812 95.98099759200807
2008.4614754500826 96.14413223905412
2006.4003314994839 95.44218717965195
2004.3391875488853 95.145013656598
2002.2780435982866 95.96509074118306
2000.216899647688 95.3927115222165
1998.1557556970893 95.8643708005068
1996.0946117464907 94.76819101513195
1994.033467795892 95.44103397659632
1991.9723238452937 96.35431478844885
1989.9111798946947 94.82573136405935
1987.8500359440964 96.53172843610628
1985.7888919934976 95.28785198686995
1983.727748042899 94.52506584212912
1981.6666040923003 93.99574861791666
1979.6054601417018 93.94158994790247
1977.5443161911028 94.03605726415329
1975.4831722405042 93.58496544503687
1973.4220282899055 93.7950756943559
1971.3608843393072 92.6732499582161
1969.2997403887082 93.40484185813641
1967.2385964381099 93.15380734909888
1965.1774524875111 93.03646796577085
1963.1163085369126 93.54342524284317
1961.0551645863138 92.451192460853
1958.9940206357153 92.46390802834479
1956.9328766851165 92.74976935444636
1954.871732734518 92.63523574559645
1952.8105887839192 92.05518680572152
1950.749444833321 92.26252596645791
1948.688300882722 90.86114535858914
1946.6271569321234 91.35431393429245
1944.5660129815246 92.1979571635124
1942.504869030926 89.65083535222969
1940.4437250803273 90.53366456760762
1938.3825811297288 89.44262239593368
1936.32143717913 89.8809467194357
1934.2602932285315 89.17761858413444
1932.1991492779327 89.80136171570167
1930.1380053273344 90.12651020867811
1928.0768613767355 88.43481056569874
1926.0157174261371 88.29981236701667
1923.9545734755384 88.19807936515365
1921.8934295249398 87.23292071309916
1919.832285574341 86.98137683727832
1917.7711416237426 87.43010898657185
1915.7099976731436 86.1831068195808
1913.648853722545 84.87189370063696
1911.5877097719463 84.50996271693083
1909.526565821348 83.24664910728916
1907.465421870749 82.5909089160014
1905.4042779201507 81.5178931338126
1903.343133969552 81.24871324537042
1901.2819900189534 80.48630875659148
1899.2208460683546 77.47993245106426
1897.159702117756 76.69517390680043
1895.0985581671573 74.81822869412446
1893.0374142165588 73.3684616976497
1890.97627026596 72.1479940924383
1888.9151263153617 69.24181832016454
1886.8539823647627 67.87155876508439
1884.7928384141644 65.07670599375324
1882.7316944635654 61.74674798639813
1880.6705505129669 59.90987434997658
1878.6094065623681 57.75677324507627
1876.5482626117696 55.600165788670566
1874.4871186611708 52.818254105863595
1872.4259747105723 50.629156128949376
1870.3648307599735 48.62330052896674
1868.3036868093752 46.3868001846118
1866.2425428587762 45.087800101602895
1864.181398908178 42.744002167649825
1862.1202549575792 41.848190928557365
1860.0591110069806 39.61091606190953
1857.9979670563819 40.127996584236584
1855.9368231057833 37.03105411217698
1853.8756791551846 41.77893473475249
