# BEGINHEADER
# This file contains data from the SALSA 2m radio telescope.
# DATE=2024-01-31T11:16:0000
# GLON and GLAT given in degrees
# GLON=34.557701592333245
# GLAT=-42.95004300375225
# DATA in two columns below. Col. 1 is velocity relative to LSR [km/s]. Col. 2 is uncalibrated antenna temperature [K].
# ENDHEADER
2377.9828829516823 18.339174116912158
2375.921739001084 38.238602133242836
2373.8605950504852 33.83684160523343
2371.7994510998865 37.13817852399555
2369.7383071492877 36.35895208595007
2367.6771631986894 38.595245552316605
2365.6160192480907 39.566822068672515
2363.5548752974923 41.34081649203349
2361.4937313468936 42.48837429804114
2359.432587396295 45.097563224153866
2357.371443445696 47.156556950567634
2355.3102994950978 48.36494650023629
2353.249155544499 50.99045899367799
2351.1880115939002 52.98195398154409
2349.1268676433015 55.34867366105376
2347.065723692703 57.76947095342518
2345.0045797421044 58.93364044466954
2342.943435791506 61.46919916418336
2340.8822918409073 64.20286993979025
2338.8211478903086 65.45752914041474
2336.76000393971 66.83781072717908
2334.6988599891115 68.7062679393492
2332.6377160385127 70.4121194839893
2330.576572087914 72.64844086118892
2328.515428137315 74.1566455939654
2326.454284186717 74.99441755165113
2324.393140236118 75.90147207568053
2322.33199628552 76.77917611912002
2320.2708523349206 77.86247556269761
2318.209708384322 78.05266378263009
2316.148564433723 78.64928859593182
2314.087420483125 79.85183535333306
2312.026276532526 79.83148921149417
2309.9651325819273 80.36962054560595
2307.9039886313285 80.3080044916502
2305.84284468073 81.03933872154282
2303.7817007301314 82.26478732076156
2301.720556779533 82.75874094077729
2299.6594128289344 83.05749147814949
2297.5982688783356 83.44095575123595
2295.537124927737 83.95727036452618
2293.4759809771385 84.71079266711894
2291.4148370265398 83.74160611465044
2289.353693075941 83.99710264961175
2287.2925491253422 84.26886752461851
2285.231405174744 83.76791954281677
2283.170261224145 84.59567760417322
2281.109117273547 84.36250872364448
2279.047973322948 84.96712341193987
2276.9868293723493 84.973437402961
2274.9256854217506 85.6781788527937
2272.8645414711523 84.89485557999467
2270.8033975205535 85.92892056831917
2268.7422535699548 85.77575787262128
2266.681109619356 84.9399642198248
2264.6199656687577 85.01746029247073
2262.558821718159 84.4752079668185
2260.4976777675606 86.83464848965008
2258.4365338169614 87.62376458124703
2256.3753898663626 87.06429357485537
2254.314245915764 86.50002988463552
2252.2531019651656 87.49542155648261
2250.191958014567 87.46653940109958
2248.130814063968 86.87346360226351
2246.0696701133693 87.9731609469477
2244.008526162771 87.32023683079532
2241.947382212172 87.96178397704519
2239.886238261574 88.91064716823453
2237.825094310975 88.37402541438647
2235.7639503603764 88.6227537228979
2233.7028064097776 88.5910571250556
2231.6416624591793 88.29222472908782
2229.5805185085806 88.39242608162134
2227.519374557982 88.33967499231235
2225.458230607383 88.48713308493632
2223.3970866567847 88.74678760005118
2221.335942706186 88.10689950265828
2219.2747987555877 88.36277834741688
2217.213654804989 88.75200429592702
2215.15251085439 88.88219369939948
2213.0913669037914 89.32169194709611
2211.030222953193 88.47958082680101
2208.9690790025943 89.45185078057337
2206.9079350519955 89.21261114300819
2204.846791101397 89.12229983884568
2202.7856471507985 89.63120372643
2200.7245032001997 90.36727669373488
2198.6633592496014 91.39899790778976
2196.602215299002 89.4386448083404
2194.5410713484034 89.4432153957965
2192.4799273978047 89.86020152558052
2190.4187834472064 88.99096017625267
2188.3576394966076 88.96335396234643
2186.296495546009 90.07813056830378
2184.23535159541 89.42044424200512
2182.1742076448118 89.77161448887192
2180.113063694213 90.13277826746926
2178.0519197436147 90.40358816966618
2175.990775793016 90.67098875705288
2173.929631842417 90.33463257180617
2171.8684878918184 89.75748250848373
2169.80734394122 90.06561804084511
2167.7461999906213 90.51781721318368
2165.6850560400226 89.83128437275104
2163.623912089424 89.96991647986593
2161.5627681388255 89.63766766102067
2159.5016241882267 90.1238217662368
2157.4404802376284 89.7868266725767
2155.3793362870297 90.04053086972883
2153.318192336431 90.78754840593972
2151.257048385832 90.16502866444965
2149.195904435234 89.6616237612465
2147.134760484635 90.23252304312585
2145.0736165340363 90.37503336784327
2143.0124725834376 91.06633442413302
2140.9513286328392 89.09992979955626
2138.8901846822405 89.75530310209075
2136.829040731642 89.5501111260006
2134.7678967810434 92.15048584157924
2132.706752830444 91.11448017318233
2130.6456088798454 90.25911996093807
2128.584464929247 91.17041131568462
2126.5233209786484 90.73611376735789
2124.4621770280496 91.03535250799503
2122.401033077451 89.66125034058817
2120.3398891268525 90.89604164427755
2118.278745176254 90.28949186349385
2116.2176012256555 92.76116416424351
2114.1564572750567 94.24964054363527
2112.095313324458 91.66546479193588
2110.034169373859 90.52690693363341
2107.973025423261 89.78419884330695
2105.911881472662 90.91378709855734
2103.8507375220634 90.42462083149137
2101.7895935714646 89.97409806462656
2099.7284496208663 90.08706745238011
2097.6673056702675 89.31925146102236
2095.6061617196688 89.58240452856187
2093.54501776907 89.33263095147281
2091.4838738184717 89.57988545251767
2089.422729867873 89.83415104062247
2087.3615859172746 91.19971136939873
2085.3004419666754 89.10579400380357
2083.239298016077 89.50935890563825
2081.1781540654783 89.33126631401798
2079.11701011488 89.05957061933941
2077.0558661642813 89.51747566933183
2074.9947222136825 90.1865451605796
2072.9335782630837 90.47924327893637
2070.872434312485 89.14862479718747
2068.811290361886 89.91572309901014
2066.750146411288 89.54593222376211
2064.689002460689 89.23401814385758
2062.627858510091 88.6500892845595
2060.566714559492 89.49837347926119
2058.5055706088933 89.9991092307679
2056.4444266582946 88.43616757445226
2054.3832827076963 89.05243850598453
2052.3221387570975 88.81850351901329
2050.2609948064987 90.53809021396026
2048.1998508559 90.47473677941407
2046.1387069053017 91.66367294397827
2044.0775629547027 94.36024686067715
2042.0164190041044 89.59357596289276
2039.9552750535056 88.99211696983626
2037.894131102907 88.75178704887047
2035.8329871523083 88.16090715840454
2033.7718432017098 87.94586892168813
2031.710699251111 88.76434486511579
2029.6495553005125 87.86343153230484
2027.5884113499137 87.79381072660674
2025.5272673993154 87.89662133505558
2023.4661234487162 88.04402531701959
2021.4049794981179 87.52608351977845
2019.3438355475191 87.91511152993694
2017.2826915969206 87.9458494516161
2015.2215476463218 87.54156947759466
2013.1604036957233 88.0249882507565
2011.0992597451245 87.73061278823141
2009.038115794526 87.39097425702629
2006.9769718439272 87.34481736636002
2004.9158278933287 87.34300010673205
2002.85468394273 87.89414982932306
2000.7935399921316 87.80002986405077
1998.7323960415329 87.27941245244456
1996.6712520909343 87.33374648061431
1994.6101081403356 87.23349201110119
1992.5489641897368 85.97841638841118
1990.487820239138 87.2449759426563
1988.4266762885395 87.79152325569584
1986.3655323379407 86.92472917275876
1984.3043883873422 85.40869123718336
1982.2432444367435 86.81940931685874
1980.1821004861451 86.38385653434729
1978.1209565355464 86.94135465102238
1976.0598125849478 87.06113997627007
1973.998668634349 86.72021541943133
1971.9375246837506 86.6007702052358
1969.8763807331518 85.54935215836346
1967.8152367825533 86.56268789610375
1965.7540928319545 84.88674026295479
1963.692948881356 85.31430496148174
1961.631804930757 84.81541339171156
1959.5706609801587 84.66331176560159
1957.50951702956 84.59925457367876
1955.4483730789614 83.99312388974033
1953.3872291283626 84.64448964715169
1951.326085177764 84.60106532036517
1949.2649412271653 83.62703629973046
1947.2037972765668 83.29855667715327
1945.142653325968 83.46284182822218
1943.0815093753695 82.91457874703326
1941.0203654247707 82.8304456269317
1938.9592214741724 83.4119658145301
1936.8980775235734 82.46638400479019
1934.836933572975 81.74790154724248
1932.7757896223764 82.32233737253785
1930.7146456717776 82.15064950321295
1928.6535017211788 82.01446344412199
1926.5923577705803 81.03183112133142
1924.5312138199815 80.79456742111661
1922.470069869383 80.98318783611849
1920.4089259187842 79.38721703552991
1918.347781968186 80.12619876345278
1916.286638017587 79.85073113675062
1914.2254940669886 77.92772749256652
1912.1643501163899 78.13052546987059
1910.1032061657913 76.93598628327945
1908.0420622151926 76.50776968507606
1905.980918264594 76.17802287534059
1903.9197743139953 74.19080906308847
1901.8586303633967 73.71428129580296
1899.7974864127978 72.82677532829862
1897.7363424621994 71.28601745796986
1895.6751985116005 70.99332186923787
1893.6140545610021 68.15249962776402
1891.5529106104034 67.08136374417712
1889.4917666598049 65.86295902274699
1887.430622709206 63.30824168153387
1885.3694787586076 61.46048832624759
1883.3083348080088 59.118482724153765
1881.2471908574103 56.86799420728073
1879.1860469068115 55.37414771986021
1877.1249029562132 52.788791270703605
1875.0637590056142 50.696297022878674
1873.002615055016 48.59160666986139
1870.9414711044171 46.60166410760318
1868.8803271538186 44.829653152017436
1866.8191832032196 42.67768562158802
1864.758039252621 40.79885085933207
1862.6968953020223 39.35141012969773
1860.6357513514238 38.606399897145224
1858.574607400825 36.5155708538214
1856.5134634502267 37.00220794078475
1854.4523194996277 33.64136750451075
1852.3911755490294 37.9573813548877
