# BEGINHEADER
# This file contains data from the SALSA 2m radio telescope.
# DATE=2024-01-31T11:45:0049
# GLON and GLAT given in degrees
# GLON=27.283328260996143
# GLAT=-28.65917113562943
# DATA in two columns below. Col. 1 is velocity relative to LSR [km/s]. Col. 2 is uncalibrated antenna temperature [K].
# ENDHEADER
2388.9956492128294 23.52847611723676
2386.9345052622307 48.47260990629847
2384.8733613116324 42.88479423260387
2382.8122173610336 47.08962526267627
2380.751073410435 46.15011762568757
2378.689929459836 49.25560969804186
2376.628785509238 49.89979541571057
2374.567641558639 52.361561452975586
2372.5064976080403 54.42041004887134
2370.445353657441 57.22959867245176
2368.3842097068427 59.437963628300544
2366.323065756244 62.242154967461566
2364.2619218056457 64.50699796828972
2362.200777855047 67.2821903083146
2360.139633904448 70.75063733686594
2358.0784899538494 73.37169684559063
2356.017346003251 75.50356334132626
2353.9562020526523 78.90932402439012
2351.8950581020536 81.12289898109
2349.833914151455 83.61730212173644
2347.7727702008565 85.2442004737824
2345.7116262502577 87.96781368921445
2343.6504822996594 89.96235771629411
2341.5893383490607 92.18625833980587
2339.528194398462 93.29747631720468
2337.467050447863 94.26012165088858
2335.405906497265 96.37918996901392
2333.344762546666 98.54805653675973
2331.2836185960673 99.51264141116238
2329.2224746454685 99.20724521926596
2327.1613306948702 100.09242943830256
2325.1001867442715 101.14641604654729
2323.039042793673 101.57494687358762
2320.9778988430744 102.44847476327041
2318.9167548924756 102.45098236866379
2316.855610941877 104.77986332072248
2314.7944669912786 104.37509154116796
2312.73332304068 105.19892449024461
2310.672179090081 105.83291332848842
2308.611035139482 105.74739377452546
2306.5498911888835 105.95962852935325
2304.4887472382848 106.10106000589921
2302.4276032876865 106.38741977635186
2300.3664593370877 106.33864495636205
2298.305315386489 107.4070205615789
2296.24417143589 106.006015792156
2294.183027485292 107.45988129092187
2292.121883534693 107.87652585179868
2290.0607395840943 107.74281459018816
2287.9995956334956 108.5353410345045
2285.9384516828973 108.7037609579501
2283.8773077322985 108.3152748149693
2281.8161637817 109.87749534283614
2279.7550198311014 108.61596313732493
2277.6938758805027 109.66584116622785
2275.632731929904 109.67167411626549
2273.5715879793056 108.77664729279942
2271.510444028707 109.63528681920626
2269.449300078108 110.15121145405655
2267.3881561275093 109.56005502079682
2265.327012176911 110.72936444354424
2263.2658682263123 112.02156381492239
2261.204724275714 111.41209748188389
2259.143580325115 110.81166117105516
2257.0824363745164 111.56205140732773
2255.0212924239177 111.76247846458166
2252.9601484733194 112.35334990137197
2250.8990045227206 113.59728755260716
2248.837860572122 112.94300075712255
2246.776716621523 112.84202614394522
2244.7155726709243 112.12860513220251
2242.6544287203255 113.23428385805595
2240.5932847697272 114.37558093976286
2238.5321408191285 113.22403925574056
2236.4709968685297 112.79218113494265
2234.409852917931 111.96362098932038
2232.3487089673326 113.17437430049561
2230.287565016734 113.83247350567265
2228.226421066135 115.30703290165775
2226.1652771155364 114.17204603841687
2224.104133164938 113.8529280167968
2222.0429892143393 115.32584942310017
2219.981845263741 114.68577733437421
2217.920701313142 114.09613906700953
2215.8595573625435 113.28442670653716
2213.7984134119447 114.58373336246578
2211.7372694613464 114.08648116892425
2209.6761255107476 116.1859855242658
2207.614981560149 115.82977896792856
2205.55383760955 114.93170998500412
2203.492693658952 115.14521286051558
2201.431549708353 115.87936344918369
2199.3704057577547 114.53551674371516
2197.3092618071555 116.53852166890691
2195.248117856557 115.33108121212608
2193.1869739059584 114.06630181911923
2191.12582995536 114.88719674028115
2189.0646860047614 114.65450350215633
2187.0035420541626 115.82147771493845
2184.942398103564 114.29500600518216
2182.881254152965 115.10105079226587
2180.8201102023663 114.95498489045258
2178.758966251768 115.42626040384224
2176.697822301169 115.61094225761903
2174.6366783505705 114.89272878750083
2172.5755343999717 115.16548106288793
2170.5143904493734 114.81603701582374
2168.4532464987747 116.36497857527124
2166.392102548176 116.5886212652848
2164.330958597577 116.02217172300436
2162.269814646979 115.48570808728506
2160.20867069638 115.7432264093435
2158.1475267457818 116.22322039026206
2156.0863827951825 117.18771910362526
2154.0252388445842 116.42957846084558
2151.9640948939855 114.83627915234403
2149.902950943387 115.77727884570295
2147.8418069927884 115.10492409891982
2145.7806630421896 115.07847179218322
2143.719519091591 115.26658712046162
2141.6583751409926 114.90120648982892
2139.597231190394 117.39297071556356
2137.5360872397955 115.73989428985595
2135.4749432891963 116.18924708409011
2133.413799338598 116.16904478497291
2131.352655387999 116.00055876254577
2129.291511437401 116.74133419000339
2127.230367486802 117.40396162431122
2125.1692235362034 119.27277026597032
2123.1080795856046 117.54300793945514
2121.0469356350063 115.98090473759518
2118.985791684407 116.33667738289407
2116.924647733809 116.58008582236761
2114.8635037832096 115.49575382704683
2112.8023598326113 116.69675111783434
2110.7412158820125 116.33734530243501
2108.680071931414 115.85085357371477
2106.6189279808154 115.43430024439343
2104.5577840302167 115.15344015240137
2102.496640079618 116.08040801127899
2100.4354961290196 116.55952195774407
2098.374352178421 117.46057867761769
2096.3132082278225 116.0561109888977
2094.252064277224 114.92906915685091
2092.190920326625 115.30954395120405
2090.1297763760263 114.63442079286423
2088.0686324254275 116.08574418766287
2086.0074884748287 116.02591321677725
2083.9463445242304 115.86168817465422
2081.8852005736317 115.11995140020018
2079.8240566230334 115.2965107192877
2077.7629126724346 113.94465618358842
2075.701768721836 113.86711510293101
2073.640624771237 114.40971905010755
2071.5794808206388 114.5580016126686
2069.51833687004 116.00509785882453
2067.4571929194412 114.70169155731337
2065.3960489688425 113.90985736511651
2063.334905018244 114.86555184198292
2061.2737610676454 114.67599026141194
2059.212617117047 115.00358046273743
2057.151473166448 117.94445287518771
2055.0903292158496 131.67549069686228
2053.029185265251 119.19201220083188
2050.968041314652 112.75765734615914
2048.9068973640533 114.30973770047106
2046.845753413455 113.16210858779526
2044.7846094628562 113.60237772182558
2042.723465512258 114.57033238215189
2040.6623215616587 114.74848293780566
2038.6011776110604 113.33330259389565
2036.5400336604616 113.80615242856177
2034.478889709863 112.3877751589457
2032.4177457592643 112.59760187194304
2030.3566018086658 112.38961197405362
2028.295457858067 113.36934561178238
2026.2343139074685 114.77282904208323
2024.1731699568697 112.99392230656376
2022.1120260062714 112.28035337174943
2020.0508820556724 111.5357541593305
2017.9897381050741 112.55218760158452
2015.9285941544754 112.41973468806201
2013.8674502038768 112.88950642697627
2011.806306253278 112.71941075386157
2009.7451623026793 113.0316315185063
2007.6840183520806 111.91274819348341
2005.622874401482 112.0536959653856
2003.5617304508833 111.54887652234089
2001.500586500285 111.17943453572174
1999.439442549686 112.63706039542845
1997.3782985990877 111.96654373533369
1995.317154648489 109.7633415635057
1993.2560106978904 109.99914291215102
1991.1948667472916 111.32718724080036
1989.133722796693 111.0579104533957
1987.0725788460943 109.76083116749618
1985.0114348954958 110.94424535288763
1982.950290944897 110.15477846747416
1980.8891469942987 109.02186376502311
1978.8280030436995 109.14481894694316
1976.7668590931012 109.13903079191354
1974.7057151425024 108.641378111728
1972.6445711919039 109.09774205612814
1970.5834272413051 109.14463683265947
1968.5222832907066 108.09645287583739
1966.4611393401078 108.35616101751863
1964.3999953895093 107.88639929452934
1962.3388514389105 107.18517204970664
1960.2777074883122 106.87432709062328
1958.2165635377132 107.73661759347377
1956.155419587115 107.21537179689474
1954.0942756365162 106.60834364190158
1952.0331316859176 106.78027526312167
1949.9719877353189 106.18075454549673
1947.91084378472 105.94024634507365
1945.8496998341213 105.15784089687354
1943.7885558835228 106.0879916817531
1941.727411932924 104.90846481584418
1939.6662679823257 104.86654269225345
1937.6051240317267 103.62517461721211
1935.5439800811284 103.98368730962397
1933.4828361305297 105.00456922227636
1931.4216921799311 102.90254445620143
1929.3605482293324 102.74746165376843
1927.2994042787338 101.5907264551157
1925.238260328135 100.39572102383211
1923.1771163775365 99.06304863101981
1921.1159724269378 99.258206663874
1919.0548284763395 97.65618581334743
1916.9936845257403 95.89881895702457
1914.932540575142 96.01084512685972
1912.8713966245432 94.79327214082913
1910.8102526739447 93.18987772812982
1908.749108723346 92.43976663232475
1906.6879647727474 90.58310618154772
1904.6268208221486 87.9214623444285
1902.56567687155 86.32893224491788
1900.5045329209513 83.07302564726274
1898.443388970353 81.0311408037562
1896.382245019754 78.33347240411858
1894.3211010691557 75.5121439829474
1892.259957118557 72.3573127310385
1890.1988131679584 70.57661957915396
1888.1376692173596 67.76735660735925
1886.076525266761 64.97288497738064
1884.0153813161621 62.074303516369916
1881.9542373655636 59.8365718540073
1879.8930934149648 56.44070743887646
1877.8319494643663 54.1880785824008
1875.7708055137675 52.22459532130029
1873.7096615631692 50.180928737542764
1871.6485176125705 49.07860570369884
1869.587373661972 46.22231399158283
1867.5262297113732 47.16611629420556
1865.4650857607746 43.181445340008125
1863.4039418101759 48.35360232508382
