# BEGINHEADER
# This file contains data from the SALSA 2m radio telescope.
# DATE=2024-01-31T11:48:0029
# GLON and GLAT given in degrees
# GLON=30.062174452039795
# GLAT=-36.08216722281799
# DATA in two columns below. Col. 1 is velocity relative to LSR [km/s]. Col. 2 is uncalibrated antenna temperature [K].
# ENDHEADER
2383.4892957836873 97.51355341138535
2381.4281518330886 199.2290890652484
2379.3670078824903 175.37256905096203
2377.3058639318915 189.86099406986585
2375.2447199812927 189.6177684105038
2373.183576030694 202.68386014243308
2371.1224320800957 205.1524451907172
2369.061288129497 215.62292410762834
2367.0001441788986 225.85423605408306
2364.9390002283 235.17519829622893
2362.877856277701 246.49148220550924
2360.8167123271023 255.53831264424642
2358.755568376504 264.34688690056134
2356.6944244259053 279.9248345189953
2354.6332804753065 289.5403410900402
2352.5721365247077 303.46784487543846
2350.5109925741094 314.31667961590284
2348.4498486235107 324.118859913189
2346.3887046729124 333.738931522237
2344.3275607223136 343.08504709950523
2342.266416771715 353.94049860843637
2340.205272821116 361.920875099617
2338.1441288705173 372.5180680449721
2336.0829849199185 379.92305247041827
2334.02184096932 385.8840230154143
2331.960697018721 390.2584974115908
2329.8995530681227 397.1362304195362
2327.838409117524 400.43065442117836
2325.7772651669256 406.63013122277
2323.716121216327 410.9709196783561
2321.654977265728 414.85658404383776
2319.5938333151294 416.2123894406386
2317.532689364531 422.43324708793966
2315.4715454139323 422.1167738617966
2313.4104014633335 424.53119134500787
2311.3492575127348 429.8668126836223
2309.2881135621365 430.82905520732095
2307.2269696115377 429.67164574626213
2305.1658256609394 436.8263023645543
2303.1046817103406 434.3558151652915
2301.043537759742 438.2993107301747
2298.982393809143 437.89125067767907
2296.921249858545 436.3054872504051
2294.860105907946 438.53865543746406
2292.7989619573473 438.35337338236576
2290.7378180067485 439.17173192086796
2288.67667405615 443.86877274791476
2286.6155301055514 444.8293654922418
2284.554386154953 446.29078061389725
2282.4932422043544 449.48744582713243
2280.4320982537556 446.5590348614771
2278.370954303157 446.8291458399418
2276.3098103525585 449.48628799466496
2274.2486664019593 449.1027331302345
2272.1875224513606 450.8976707257227
2270.126378500762 452.35036601664603
2268.0652345501635 454.5684561930864
2266.0040905995647 451.62330444541305
2263.9429466489664 450.4635679222656
2261.8818026983677 461.6674643957857
2259.820658747769 457.82078667077576
2257.75951479717 459.1315024596181
2255.698370846572 461.25643634861416
2253.637226895973 456.5774435472261
2251.5760829453743 457.84810082076865
2249.5149389947755 454.8110407872206
2247.4537950441772 461.6520490320618
2245.3926510935785 460.2828262168219
2243.33150714298 459.2919059139452
2241.2703631923814 461.4632886144116
2239.2092192417826 462.90235425019347
2237.148075291184 464.06286891230275
2235.0869313405856 462.22969965071565
2233.025787389987 462.66603899551603
2230.964643439388 461.31168627976217
2228.9034994887893 461.98923974116036
2226.842355538191 463.068513158575
2224.781211587592 467.1960265632627
2222.720067636994 467.78930235987275
2220.658923686395 470.907563033016
2218.5977797357964 471.11535286911345
2216.5366357851976 467.99562499294314
2214.4754918345993 469.04855471714916
2212.414347884 471.99323270154355
2210.3532039334013 470.53487151609534
2208.2920599828026 467.0283364433898
2206.2309160322043 470.4974861490308
2204.1697720816055 479.3738209377628
2202.108628131007 466.87920943808143
2200.0474841804084 468.815358966452
2197.9863402298097 470.99993711093543
2195.925196279211 471.606983785239
2193.8640523286126 476.13453067308626
2191.802908378014 476.4918517952931
2189.741764427415 473.74873246163753
2187.6806204768163 469.22371509835443
2185.619476526218 469.06705666037874
2183.5583325756193 470.9540963792712
2181.497188625021 476.06400378175886
2179.436044674422 474.69399975654983
2177.3749007238234 474.34108955304333
2175.3137567732247 475.0991989841907
2173.2526128226264 471.5669049988211
2171.1914688720276 475.3672453057033
2169.130324921429 473.78515390004316
2167.06918097083 476.3869263528946
2165.0080370202318 478.1714205702784
2162.946893069633 470.9105324671389
2160.8857491190347 474.1900125531626
2158.824605168436 479.6814802208322
2156.763461217837 479.1747392342728
2154.7023172672384 476.06336792180554
2152.64117331664 474.06033556468606
2150.580029366041 476.24714481685567
2148.518885415442 478.9239512748694
2146.4577414648434 477.5990076184402
2144.396597514245 475.87676332658185
2142.3354535636463 476.07961220674554
2140.274309613048 473.9158949977336
2138.213165662449 477.0169213592371
2136.1520217118505 477.1106366662439
2134.0908777612517 475.7479276899979
2132.0297338106534 474.623391801689
2129.9685898600546 474.8738644888405
2127.907445909456 473.63889040248256
2125.846301958857 476.74360474344104
2123.785158008259 470.89686230494766
2121.72401405766 473.6595401030024
2119.6628701070617 468.36691054118705
2117.6017261564625 473.9106384929637
2115.540582205864 477.73283647918066
2113.4794382552654 475.1590447442841
2111.418294304667 475.8096080424813
2109.3571503540684 472.23530990414434
2107.2960064034696 472.9989706339348
2105.234862452871 475.23921825442443
2103.1737185022725 475.68568713558625
2101.112574551674 478.953390712675
2099.0514306010755 474.9774096431504
2096.9902866504763 473.17861165000954
2094.929142699878 476.3556490937433
2092.867998749279 473.81237889501796
2090.806854798681 474.4289977116579
2088.7457108480817 477.57918934132607
2086.6845668974834 473.75736005340144
2084.6234229468846 473.79131982549933
2082.562278996286 472.0940816864346
2080.501135045687 471.5752884659918
2078.4399910950888 476.93632514693047
2076.37884714449 474.2772905905976
2074.3177031938912 469.60915333324795
2072.2565592432925 474.27843602321684
2070.195415292694 470.66322979321603
2068.1342713420954 467.1931027558547
2066.073127391497 464.20911439014225
2064.0119834408983 473.823645908135
2061.9508394902996 471.7196811149182
2059.889695539701 471.40364131925134
2057.8285515891025 472.705817497645
2055.7674076385033 470.16729234724517
2053.706263687905 473.15540599331297
2051.6451197373062 470.21132518628315
2049.5839757867075 497.183601672898
2047.522831836109 479.8075508712568
2045.4616878855106 466.2822023983052
2043.4005439349119 464.6992267312417
2041.339399984313 465.6679886010958
2039.2782560337143 468.9658420483576
2037.2171120831158 465.0537600397348
2035.155968132517 471.3390851248278
2033.0948241819185 465.77745084821
2031.0336802313197 466.6039287267149
2028.9725362807212 465.3803963526868
2026.9113923301225 464.19382445597824
2024.8502483795241 467.7897323929352
2022.7891044289254 462.33450406967785
2020.7279604783268 463.18177696471787
2018.666816527728 465.0628705628072
2016.6056725771296 462.27180705627353
2014.5445286265308 463.2339440234368
2012.4833846759323 463.7176040448024
2010.4222407253333 459.69372403580974
2008.3610967747347 461.3849443622307
2006.299952824136 464.6461659625287
2004.2388088735377 456.95297974764867
2002.1776649229387 459.89177295375157
2000.1165209723404 455.058009391734
1998.0553770217416 453.4710424529237
1995.994233071143 454.9190984991445
1993.9330891205443 455.11440484387117
1991.8719451699458 462.1184146587334
1989.810801219347 453.8220895153187
1987.7496572687485 459.1752799327158
1985.6885133181497 455.4010660967162
1983.6273693675514 450.4964694783859
1981.5662254169524 451.7658948611976
1979.505081466354 451.73028445963047
1977.4439375157551 449.81578571990957
1975.3827935651566 451.3592738672783
1973.3216496145578 450.01603916501784
1971.2605056639593 447.32826417738283
1969.1993617133605 446.6280778758599
1967.138217762762 445.3691743941458
1965.0770738121632 446.1664454895918
1963.015929861565 444.5567246599328
1960.954785910966 443.13637380319346
1958.8936419603676 442.4720805436361
1956.8324980097689 440.15803117861475
1954.7713540591703 440.29282958404934
1952.7102101085716 440.1130429819807
1950.649066157973 437.79486532223
1948.5879222073743 438.1947923122649
1946.5267782567755 434.16202018774067
1944.4656343061768 435.84265954937104
1942.4044903555784 435.8553297530852
1940.3433464049795 434.1035663967613
1938.2822024543811 438.01825211062527
1936.2210585037824 429.58449616077235
1934.1599145531839 424.7375580533938
1932.098770602585 427.8466709602679
1930.0376266519866 426.16470438928235
1927.9764827013878 419.15332198680267
1925.9153387507893 422.02240458092086
1923.8541948001905 424.03112910157375
1921.7930508495922 414.1006923100041
1919.7319068989932 415.2027521317447
1917.670762948395 412.829275147742
1915.609618997796 408.7570705356771
1913.5484750471974 405.31042860620494
1911.4873310965986 402.93679741739396
1909.426187146 398.91224542717356
1907.3650431954013 388.8293644163173
1905.3038992448028 382.0747954327713
1903.242755294204 378.7267644300528
1901.1816113436057 365.6094768459028
1899.1204673930067 362.2486800655239
1897.0593234424084 354.841648612824
1894.9981794918097 343.08857060160506
1892.9370355412111 333.5209073681158
1890.8758915906124 322.90003310713854
1888.8147476400138 314.6114808238378
1886.753603689415 302.5605501415314
1884.6924597388163 291.403178242165
1882.6313157882175 276.04347284860296
1880.5701718376192 265.76896033414954
1878.5090278870202 257.00226004961826
1876.447883936422 244.07865876016854
1874.3867399858232 234.7739589589221
1872.3255960352246 226.15366594106408
1870.2644520846259 216.07668777558848
1868.2033081340273 204.466572159974
1866.1421641834286 199.99748196988912
1864.08102023283 191.4757456187744
1862.0198762822313 195.0336712450957
1859.958732331633 177.73406377829093
1857.897588381034 198.14059955376544
