0,6.86166
0.00012207,5.74932
0.000244141,-3.34524
0.000366211,-8.95397
0.000488281,3.4332
0.000610352,6.5765
0.000732422,1.41461
0.000854492,-3.42316
0.000976563,7.87499
0.00109863,9.18375
0.0012207,2.44243
0.00134277,-1.56414
0.00146484,-1.09383
0.00158691,0.124887
0.00170898,-4.27319
0.00183105,-10.0649
0.00195313,-10.989
0.0020752,-2.1459
0.00219727,1.70883
0.00231934,-6.92175
0.00244141,-8.77553
0.00256348,-7.21803
0.00268555,-6.004
0.00280762,-7.48221
0.00292969,-8.09267
0.00305176,-0.123432
0.00317383,2.12712
0.0032959,3.54174
0.00341797,-0.707656
0.00354004,0.0922128
0.00366211,1.56609
0.00378418,0.184066
0.00390625,2.0534
0.00402832,1.3778
0.00415039,3.51761
0.00427246,3.88087
0.00439453,5.15927
0.0045166,1.61642
0.00463867,-0.517966
0.00476074,-0.639216
0.00488281,-1.94619
0.00500488,-0.243036
0.00512695,-2.30659
0.00524902,0.0606405
0.00537109,-2.48383
0.00549316,2.08801
0.00561523,-0.574399
0.0057373,1.5403
0.00585938,10.319
0.00598145,6.7822
0.00610352,-0.391478
0.00622559,-3.42961
0.00634766,2.4645
0.00646973,-3.33284
0.0065918,-6.83915
0.00671387,-5.75366
0.00683594,1.19751
0.00695801,-0.747713
0.00708008,-3.91419
0.00720215,1.31341
0.00732422,0.685883
0.00744629,-3.99212
0.00756836,-0.982174
0.00769043,11.7746
0.0078125,12.6245
0.00793457,7.35959
0.00805664,9.90203
0.00817871,12.1137
0.00830078,10.5041
0.00842285,2.95601
0.00854492,-2.06719
0.00866699,-0.354029
0.00878906,-1.88631
0.00891113,-8.36233
0.0090332,-9.03074
0.00915527,-5.5836
0.00927734,-3.64048
0.00939941,-4.51682
0.00952148,-8.70252
0.00964355,-4.50801
0.00976563,0.935816
0.0098877,1.98667
0.0100098,-1.57611
0.0101318,-1.37046
0.0102539,-1.80607
0.010376,0.523832
0.010498,-1.27923
0.0106201,-7.26125
0.0107422,-2.72757
0.0108643,-0.637743
0.0109863,-5.93681
0.0111084,-8.07196
0.0112305,-3.06377
0.0113525,-1.06839
0.0114746,-0.461554
0.0115967,0.720474
0.0117188,5.41268
0.0118408,10.5559
0.0119629,2.64359
0.012085,-0.631546
0.012207,1.63468
0.0123291,3.92513
0.0124512,0.686943
0.0125732,2.28758
0.0126953,11.141
0.0128174,8.47606
0.0129395,0.627243
0.0130615,0.911463
0.0131836,5.40653
0.0133057,0.142138
0.0134277,-5.99238
0.0135498,-4.36932
0.0136719,1.30385
0.0137939,1.13267
0.013916,-9.10911
0.0140381,-2.96746
0.0141602,2.76693
0.0142822,-4.37199
0.0144043,-7.49558
0.0145264,-1.49202
0.0146484,4.86544
0.0147705,0.196675
0.0148926,-0.449105
0.0150146,2.4957
0.0151367,3.38973
0.0152588,-1.67921
0.0153809,-5.42416
0.0155029,0.0837969
0.015625,2.73469
0.0157471,-9.84086
0.0158691,-12.7556
0.0159912,-0.417351
0.0161133,1.63998
0.0162354,-4.10983
0.0163574,-9.46003
0.0164795,-0.443439
0.0166016,10.2445
0.0167236,1.63199
0.0168457,-4.25561
0.0169678,-1.6012
0.0170898,4.38521
0.0172119,2.50732
0.017334,-6.49616
0.0174561,-3.87739
0.0175781,1.0989
0.0177002,-9.93531
0.0178223,-14.8884
0.0179443,-15.23
0.0180664,-9.49576
0.0181885,-5.93248
0.0183105,-12.6181
0.0184326,-10.5321
0.0185547,5.58802
0.0186768,3.59463
0.0187988,1.14263
0.0189209,3.88658
0.019043,9.06888
0.019165,5.09966
0.0192871,-0.270994
0.0194092,3.05924
0.0195313,8.41146
0.0196533,6.26866
0.0197754,-4.75089
0.0198975,-2.6428
0.0200195,3.93339
0.0201416,4.09104
0.0202637,-4.59793
0.0203857,-3.43837
0.0205078,3.00563
0.0206299,4.9062
0.020752,-2.24983
0.020874,-2.24763
0.0209961,7.53825
0.0211182,9.42697
0.0212402,-1.49404
0.0213623,-2.77193
0.0214844,4.65976
0.0216064,3.21874
0.0217285,-9.96571
0.0218506,-11.7348
0.0219727,-0.928318
0.0220947,4.10711
0.0222168,-7.49147
0.0223389,-8.56843
0.0224609,0.660499
0.022583,-2.11153
0.0227051,-13.1051
0.0228271,-8.61405
0.0229492,-0.500022
0.0230713,3.12866
0.0231934,-2.86295
0.0233154,-5.14303
0.0234375,5.40016
0.0235596,7.20191
0.0236816,0.470938
0.0238037,-3.05811
0.0239258,4.90909
0.0240479,4.64343
0.0241699,-0.703653
0.024292,2.8379
0.0244141,9.15565
0.0245361,2.88433
0.0246582,-3.55647
0.0247803,-4.35696
0.0249023,2.43544
0.0250244,2.12246
0.0251465,-3.69775
0.0252686,-1.73082
0.0253906,4.12927
0.0255127,2.47514
0.0256348,-6.77425
0.0257568,4.78623
0.0258789,14.9102
0.026001,3.82665
0.026123,-5.36235
0.0262451,-1.46103
0.0263672,2.22782
0.0264893,-0.35815
0.0266113,-9.58393
0.0267334,-6.25539
0.0268555,1.70899
0.0269775,-0.586095
0.0270996,-3.92045
0.0272217,0
0.0273438,2.21048
0.0274658,-0.228447
0.0275879,1.42006
0.02771,6.91605
0.027832,9.16178
0.0279541,11.5801
0.0280762,8.71449
0.0281982,5.72828
0.0283203,8.62186
0.0284424,5.23858
0.0285645,-0.805149
0.0286865,-2.01091
0.0288086,-4.14345
0.0289307,-6.44744
0.0290527,-4.56143
0.0291748,-5.10782
0.0292969,-4.35242
0.0294189,-5.09786
0.029541,-5.16778
0.0296631,-5.31238
0.0297852,0.498328
0.0299072,1.96647
0.0300293,-2.95927
0.0301514,-1.76389
0.0302734,0.198554
0.0303955,-0.173565
0.0305176,-3.59177
0.0306396,-5.568
0.0307617,-2.34864
0.0308838,-1.92647
0.0310059,-5.92182
0.0311279,-5.17654
0.03125,-2.11785
0.0313721,-0.861073
0.0314941,-1.42553
0.0316162,-0.810284
0.0317383,7.53074
0.0318604,9.85148
0.0319824,4.52921
0.0321045,0.513625
0.0322266,4.3982
0.0323486,5.00418
0.0324707,0.317028
0.0325928,1.90031
0.0327148,9.10286
0.0328369,8.70493
0.032959,-1.65184
0.0330811,-2.98497
0.0332031,1.40617
0.0333252,5.71607
0.0334473,-3.16981
0.0335693,-6.33343
0.0336914,0.289798
0.0338135,1.49583
0.0339355,-5.4231
0.0340576,-6.06795
0.0341797,-0.240557
0.0343018,-1.32177
0.0344238,-8.13895
0.0345459,-3.262
0.034668,3.23485
0.03479,1.77145
0.0349121,-4.61562
0.0350342,-3.70322
0.0351563,4.79756
0.0352783,2.2176
0.0354004,-5.59814
0.0355225,-1.23753
0.0356445,1.68805
0.0357666,-4.72668
0.0358887,-10.0136
0.0360107,-3.86405
0.0361328,3.0077
0.0362549,-1.13566
0.036377,-4.9873
0.036499,-0.991764
0.0366211,8.46894
0.0367432,3.34656
0.0368652,-4.23798
0.0369873,-1.27015
0.0371094,3.05479
0.0372314,0.281706
0.0373535,-2.01692
0.0374756,-2.81156
0.0375977,-1.7321
0.0377197,-4.91063
0.0378418,-10.7228
0.0379639,-14.1664
0.0380859,-6.1553
0.038208,-5.4738
0.0383301,-9.14513
0.0384521,-8.60151
0.0385742,1.4167
0.0386963,5.10443
0.0388184,3.54644
0.0389404,4.44609
0.0390625,3.37758
0.0391846,5.68543
0.0393066,2.3089
0.0394287,2.53731
0.0395508,3.04179
0.0396729,4.76543
0.0397949,1.28794
0.039917,-3.21671
0.0400391,0.688622
0.0401611,5.0679
0.0402832,0.801825
0.0404053,-6.33967
0.0405273,-1.85203
0.0406494,3.47202
0.0407715,4.13041
0.0408936,-2.32536
0.0410156,2.48252
0.0411377,8.21391
0.0412598,2.29583
0.0413818,-2.22546
0.0415039,0.113433
0.041626,1.17855
0.041748,-5.38888
0.0418701,-6.24319
0.0419922,-5.42357
0.0421143,0.790165
0.0422363,1.28558
0.0423584,-4.52895
0.0424805,-6.52793
0.0426025,-4.67753
0.0427246,-1.37044
0.0428467,-6.59861
0.0429688,-4.28267
0.0430908,-1.09762
0.0432129,-2.10359
0.043335,0.424778
0.043457,0.670047
0.0435791,-0.0669394
0.0437012,0.200622
0.0438232,1.13575
0.0439453,2.82548
0.0440674,-2.08926
0.0441895,1.37667
0.0443115,7.12066
0.0444336,4.60951
0.0445557,0.221395
0.0446777,-2.05696
0.0447998,0.751273
0.0449219,1.34656
0.0450439,-2.60227
0.045166,-3.21662
0.0452881,4.31398
0.0454102,3.51818
0.0455322,-2.46032
0.0456543,-4.14774
0.0457764,8.55048
0.0458984,9.7687
0.0460205,1.44418
0.0461426,-3.0167
0.0462646,-1.48504
0.0463867,4.05806
0.0465088,-1.06802
0.0466309,-6.51071
0.0467529,-3.08903
0.046875,-0.17386
0.0469971,-0.390803
0.0471191,-1.56168
0.0472412,0.823418
0.0473633,0.779319
0.0474854,-2.24917
0.0476074,1.9661
0.0477295,8.07257
0.0478516,8.04313
0.0479736,8.50921
0.0480957,9.72761
0.0482178,5.43957
0.0483398,4.2529
0.0484619,5.34312
0.048584,-0.836057
0.0487061,-1.15649
0.0488281,-2.61026
0.0489502,-5.87803
0.0490723,-5.915
0.0491943,-4.24526
0.0493164,-2.57877
0.0494385,-6.60031
0.0495605,-5.06239
0.0496826,-1.35999
0.0498047,0.700558
0.0499268,-2.12083
0.0500488,-4.64009
0.0501709,0.55034
0.050293,0.972728
0.050415,-3.16884
0.0505371,-4.45316
0.0506592,1.83434
0.0507813,5.11851
0.0509033,-3.893
0.0510254,-10.4063
0.0511475,-1.42815
0.0512695,1.17498
0.0513916,-2.24285
0.0515137,-2.59666
0.0516357,2.97069
0.0517578,5.45488
0.0518799,4.3847
0.052002,2.83684
0.052124,3.0633
0.0522461,1.31156
0.0523682,2.30859
0.0524902,2.88812
0.0526123,4.15151
0.0527344,3.73271
0.0528564,6.00794
0.0529785,2.40083
0.0531006,-1.77819
0.0532227,-0.537067
0.0533447,2.51762
0.0534668,-0.824645
0.0535889,-5.56092
0.0537109,-2.73659
0.053833,2.03502
0.0539551,-2.32054
0.0540771,-5.12892
0.0541992,-1.78312
0.0543213,-0.880454
0.0544434,-4.35706
0.0545654,-4.04627
0.0546875,1.12287
0.0548096,5.07856
0.0549316,-0.285263
0.0550537,-2.32059
0.0551758,-2.50135
0.0552979,2.29574
0.0554199,-0.142075
0.055542,-0.18249
0.0556641,-4.39574
0.0557861,-4.61406
0.0559082,-5.21608
0.0560303,-2.03996
0.0561523,-0.908006
0.0562744,-2.39883
0.0563965,0.0604156
0.0565186,0
0.0566406,3.71836
0.0567627,2.0682
0.0568848,-0.28084
0.0570068,-2.04413
0.0571289,-2.16226
0.057251,-0.60004
0.057373,1.11898
0.0574951,-1.49717
0.0576172,-5.92302
0.0577393,-8.2682
0.0578613,-3.66232
0.0579834,-9.06733
0.0581055,-12.7534
0.0582275,-7.08491
0.0583496,-2.10159
0.0584717,-2.11935
0.0585938,-2.37452
0.0587158,0
0.0588379,3.65357
0.05896,3.68946
0.059082,1.04466
0.0592041,2.99307
0.0593262,4.5049
0.0594482,1.76875
0.0595703,1.51179
0.0596924,2.37335
0.0598145,2.17508
0.0599365,-1.52694
0.0600586,-0.782284
0.0601807,2.59856
0.0603027,2.61554
0.0604248,-1.42349
0.0605469,-1.14937
0.0606689,-0.0778474
0.060791,3.36361
0.0609131,0.990618
0.0610352,3.74515
0.0611572,4.57509
0.0612793,2.53708
0.0614014,2.28308
0.0615234,-0.231951
0.0616455,-2.25932
0.0617676,-4.28272
0.0618896,-3.73891
0.0620117,-2.36823
0.0621338,-1.23105
0.0622559,-2.65185
0.0623779,-2.61087
0.0625,-2.33982
0.0626221,-4.04278
0.0627441,-8.11596
0.0628662,-4.4556
0.0629883,-1.29908
0.0631104,-0.992442
0.0632324,-0.610137
0.0633545,-0.685734
0.0634766,2.39773
0.0635986,1.71099
0.0637207,-0.189924
0.0638428,0.284609
0.0639648,3.29824
0.0640869,-1.11728
0.064209,0.378368
0.0643311,5.78338
0.0644531,4.87143
0.0645752,-1.41473
0.0646973,-2.24251
0.0648193,2.61685
0.0649414,-0.131655
0.0650635,-4.6598
0.0651855,-2.27131
0.0653076,4.72572
0.0654297,1.77978
0.0655518,-3.78069
0.0656738,-1.14058
0.0657959,9.63875
0.065918,8.00579
0.06604,-1.00674
0.0661621,-4.0789
0.0662842,1.82348
0.0664063,1.8217
0.0665283,-3.02701
0.0666504,-3.33945
0.0667725,-2.02025
0.0668945,-0.574005
0.0670166,-1.42436
0.0671387,-3.10467
0.0672607,0.313856
0.0673828,2.3424
0.0675049,-3.29827
0.067627,0.202489
0.067749,8.56981
0.0678711,9.11261
0.0679932,5.41451
0.0681152,4.25403
0.0682373,5.18412
0.0683594,7.02742
0.0684814,0.292523
0.0686035,-2.15525
0.0687256,1.84295
0.0688477,-3.20834
0.0689697,-6.48327
0.0690918,-5.54907
0.0692139,-1.09055
0.0693359,-1.18028
0.069458,-6.53056
0.0695801,-5.56368
0.0697021,-0.941462
0.0698242,0.705407
0.0699463,-3.84885
0.0700684,-1.04702
0.0701904,2.07396
0.0703125,-1.35126
0.0704346,-1.65593
0.0705566,-2.33762
0.0706787,-1.23953
0.0708008,1.11269
0.0709229,-0.573731
0.0710449,-5.51677
0.071167,-7.44395
0.0712891,-0.21452
0.0714111,-0.107155
0.0715332,-3.60404
0.0716553,0.28519
0.0717773,6.60638
0.0718994,5.37245
0.0720215,1.42178
0.0721436,3.05383
0.0722656,3.13954
0.0723877,1.09865
0.0725098,-0.867443
0.0726318,4.70438
0.0727539,9.02854
0.072876,4.09506
0.072998,-1.18147
0.0731201,-0.493267
0.0732422,1.49596
0.0733643,-0.562634
0.0734863,-4.93581
0.0736084,-2.75504
0.0737305,-0.210371
0.0738525,-0.28022
0.0739746,-3.35936
0.0740967,-3.56584
0.0742188,0.0174625
0.0743408,-2.05857
0.0744629,-3.62512
0.074585,1.02728
0.074707,1.06106
0.0748291,1.2338
0.0749512,-0.451373
0.0750732,-0.502963
0.0751953,0.0173267
0.0753174,-1.21168
0.0754395,-1.6774
0.0755615,-0.0518278
0.0756836,-1.65687
0.0758057,-2.75876
0.0759277,-5.27097
0.0760498,-1.17018
0.0761719,0.326644
0.0762939,1.4427
0.076416,-1.50993
0.0765381,-1.04563
0.0766602,3.49345
0.0767822,3.13077
0.0769043,0.871659
0.0770264,-1.36597
0.0771484,0.733494
0.0772705,1.22698
0.0773926,-1.34495
0.0775146,-0.340162
0.0776367,-2.71864
0.0777588,-6.58627
0.0778809,-5.5793
0.0780029,-7.57298
0.078125,-9.83358
0.0782471,-5.0219
0.0783691,-2.77033
0.0784912,-1.43444
0.0786133,-0.438341
0.0787354,0.926355
0.0788574,5.4854
0.0789795,2.28615
0.0791016,1.41066
0.0792236,2.18103
0.0793457,3.78794
0.0794678,3.53307
0.0795898,0.217465
0.0797119,0.618335
0.079834,0.851467
0.0799561,1.9181
0.0800781,0.649852
0.0802002,-1.4649
0.0803223,0.881408
0.0804443,3.09023
0.0805664,0.448143
0.0806885,-0.497451
0.0808105,0.894538
0.0809326,2.69754
0.0810547,3.8357
0.0811768,0.396409
0.0812988,-0.544531
0.0814209,1.91224
0.081543,0.214094
0.081665,-4.04735
0.0817871,-6.8705
0.0819092,-3.76031
0.0820313,1.39438
0.0821533,-3.21215
0.0822754,-3.71656
0.0823975,-1.81558
0.0825195,0.931413
0.0826416,-4.26073
0.0827637,-9.63844
0.0828857,-3.6007
0.0830078,1.5463
0.0831299,-0.617917
0.083252,-3.91507
0.083374,1.13605
0.0834961,5.25314
0.0836182,-2.26766
0.0837402,-1.97418
0.0838623,3.52418
0.0839844,5.32957
0.0841064,-1.24235
0.0842285,-2.99808
0.0843506,6.16743
0.0844727,6.57968
0.0845947,-1.57501
0.0847168,-3.67679
0.0848389,-0.529326
0.0849609,0.192294
0.085083,-2.81756
0.0852051,-0.271885
0.0853271,2.25285
0.0854492,2.85721
0.0855713,-1.91358
0.0856934,0.541651
0.0858154,7.97359
0.0859375,4.92894
0.0860596,-1.22309
0.0861816,-1.25363
0.0863037,2.98042
0.0864258,0.380108
0.0865479,-4.69924
0.0866699,-2.90847
0.086792,0.994864
0.0869141,-0.646819
0.0870361,-5.13798
0.0871582,-0.283415
0.0872803,4.19989
0.0874023,0.424294
0.0875244,-5.82442
0.0876465,3.27794
0.0877686,9.71453
0.0878906,4.68034
0.0880127,2.65847
0.0881348,8.20195
0.0882568,6.05572
0.0883789,2.027
0.088501,-1.68232
0.088623,-0.84034
0.0887451,0.83952
0.0888672,-1.81718
0.0889893,-5.26004
0.0891113,-3.67378
0.0892334,-0.758817
0.0893555,-2.69194
0.0894775,-5.85776
0.0895996,-4.33885
0.0897217,-0.385642
0.0898438,1.24826
0.0899658,-1.53956
0.0900879,-4.09123
0.09021,-0.399504
0.090332,1.47365
0.0904541,-1.82493
0.0905762,-3.67694
0.0906982,-1.13262
0.0908203,0.978605
0.0909424,-1.28317
0.0910645,-5.63126
0.0911865,-4.36035
0.0913086,1.44695
0.0914307,-0.669514
0.0915527,-2.84266
0.0916748,0
0.0917969,4.41497
0.0919189,4.59254
0.092041,0.423979
0.0921631,-0.68073
0.0922852,1.22412
0.0924072,3.30642
0.0925293,-1.05581
0.0926514,1.17533
0.0927734,5.31393
0.0928955,3.78981
0.0930176,0.10517
0.0931396,-0.600384
0.0932617,0.11996
0.0933838,1.58791
0.0935059,-1.70609
0.0936279,-2.7211
0.09375,-1.00074
0.0938721,0.537189
0.0939941,-2.29573
0.0941162,-0.506355
0.0942383,-1.51758
0.0943604,-4.62262
0.0944824,-1.54432
0.0946045,2.25488
0.0947266,0.889215
0.0948486,-2.48737
0.0949707,0.739567
0.0950928,3.08837
0.0952148,-2.22913
0.0953369,-3.09709
0.095459,1.51757
0.0955811,2.54644
0.0957031,-4.02915
0.0958252,-6.46385
0.0959473,-2.3482
0.0960693,0.68911
0.0961914,-3.06135
0.0963135,-3.45346
0.0964355,2.42676
0.0965576,3.41751
0.0966797,-1.19642
0.0968018,-1.80745
0.0969238,1.32514
0.0970459,3.89881
0.097168,-1.33709
0.09729,-2.96196
0.0974121,-0.203073
0.0975342,3.33295
0.0976563,-2.0123
0.0977783,-8.80785
0.0979004,-5.18708
0.0980225,-4.89333
0.0981445,-6.4027
0.0982666,-6.88627
0.0983887,-2.95044
0.0985107,0.603889
0.0986328,0.833128
0.0987549,-0.172203
0.098877,2.16477
0.098999,4.25371
0.0991211,1.81715
0.0992432,0.72901
0.0993652,2.68471
0.0994873,1.9545
0.0996094,2.2804
0.0997314,0.412919
0.0998535,0.512089
0.0999756,-1.39266
0.100098,0.326529
0.10022,-0.666605
0.100342,-0.396738
0.100464,0.353885
0.100586,0.975769
0.100708,-0.282556
0.10083,0.254052
0.100952,1.26902
0.101074,3.87378
0.101196,2.61752
0.101318,0.295238
0.10144,1.03935
0.101563,2.48358
0.101685,-2.34098
0.101807,-5.95177
0.101929,-2.99396
0.102051,0.53112
0.102173,-0.335117
0.102295,-3.66873
0.102417,-2.53634
0.102539,0.988486
0.102661,-3.4911
0.102783,-6.16946
0.102905,-2.15165
0.103027,2.01087
0.103149,-0.263236
0.103271,-3.94469
0.103394,-0.235067
0.103516,2.61085
0.103638,2.5669
0.10376,-1.26841
0.103882,0.303019
0.104004,3.61892
0.104126,1.48464
0.104248,-0.920131
0.10437,0.754594
0.104492,2.50829
0.104614,0.21909
0.104736,-2.72227
0.104858,-2.24129
0.10498,-1.36531
0.105103,1.22758
0.105225,1.33539
0.105347,-0.762335
0.105469,-1.01999
0.105591,1.01899
0.105713,2.48391
0.105835,3.43069
0.105957,1.23276
0.106079,1.7729
0.106201,1.12219
0.106323,1.09408
0.106445,-1.64627
0.106567,-2.80401
0.106689,0.377095
0.106812,-0.0941817
0.106934,-3.01087
0.107056,-1.58454
0.107178,0.751249
0.1073,1.56804
0.107422,-1.52634
0.107544,-1.8325
0.107666,3.48771
0.107788,5.28653
0.10791,3.89434
0.108032,5.22292
0.108154,5.89667
0.108276,2.88562
0.108398,1.56761
0.108521,0.809581
0.108643,0.58339
0.108765,-1.57627
0.108887,-3.37441
0.109009,-4.24365
0.109131,-0.845259
0.109253,-1.96595
0.109375,-3.92806
0.109497,-4.67483
0.109619,-2.02598
0.109741,-1.39314
0.109863,-0.800931
0.109985,-2.04628
0.110107,-1.83462
0.110229,1.13897
0.110352,0.706257
0.110474,-1.59406
0.110596,-2.28433
0.110718,-2.13865
0.11084,1.32884
0.110962,-1.35357
0.111084,-6.18915
0.111206,-2.31217
0.111328,-0.0778623
0.11145,-0.803792
0.111572,-1.03614
0.111694,0.336416
0.111816,4.13647
0.111938,5.28176
0.112061,2.1416
0.112183,-0.0902205
0.112305,0.772564
0.112427,2.79138
0.112549,2.069
0.112671,2.43929
0.112793,3.11668
0.112915,3.39554
0.113037,1.01127
0.113159,-1.36835
0.113281,-0.408827
0.113403,1.13594
0.113525,-0.0382528
0.113647,-2.12733
0.11377,-1.97254
0.113892,-0.305127
0.114014,-0.952591
0.114136,-1.11662
0.114258,-2.30711
0.11438,-2.44416
0.114502,-0.948878
0.114624,1.41561
0.114746,-1.47736
0.114868,-0.479358
0.11499,1.65091
0.115112,0.390292
0.115234,-0.352178
0.115356,-3.02829
0.115479,0.702982
0.115601,2.77156
0.115723,-3.62081
0.115845,-5.69502
0.115967,-2.80096
0.116089,0.349779
0.116211,-0.0748794
0.116333,-2.83017
0.116455,-1.93061
0.116577,4.09388
0.116699,3.1824
0.116821,-1.90013
0.116943,-2.18363
0.117065,3.3962
0.117188,2.32796
0.11731,-2.88237
0.117432,-0.617931
0.117554,1.87668
0.117676,-0.0863415
0.117798,-6.09962
0.11792,-6.88154
0.118042,-4.40284
0.118164,-3.69821
0.118286,-5.46212
0.118408,-3.22502
0.11853,0.416516
0.118652,1.28504
0.118774,0.342344
0.118896,4.31177
0.119019,2.51376
0.119141,1.15813
0.119263,-0.292294
0.119385,2.2874
0.119507,2.69844
0.119629,1.04432
0.119751,-1.61348
0.119873,0.29087
0.119995,1.82827
0.120117,0.157247
0.120239,-1.03924
0.120361,-0.20523
0.120483,1.57993
0.120605,1.59044
0.120728,-1.37222
0.12085,-0.913921
0.120972,2.49882
0.121094,4.11662
0.121216,0.467614
0.121338,-0.89838
0.12146,1.81894
0.121582,1.55415
0.121704,-1.7915
0.121826,-6.0255
0.121948,-2.78929
0.12207,0.738321
0.122192,-1.73693
0.122314,-4.55202
0.122437,-1.27047
0.122559,0.925235
0.122681,-5.93705
0.122803,-7.25721
0.122925,-0.82791
0.123047,2.37496
0.123169,-1.03877
0.123291,-2.47646
0.123413,1.53155
0.123535,4.00169
0.123657,1.31692
0.123779,-2.39633
0.123901,-0.46941
0.124023,3.83368
0.124146,1.03069
0.124268,-1.05308
0.12439,0.806575
0.124512,2.17212
0.124634,0.21
0.124756,-1.41029
0.124878,-1.80481
0.125,-1.17489
0.125122,0.255666
0.125244,0.534053
0.125366,-0.139182
0.125488,0.718406
0.12561,0.567219
0.125732,2.0238
0.125854,1.16688
0.125977,2.06602
0.126099,1.10695
0.126221,-0.633573
0.126343,-0.195641
0.126465,-0.413893
0.126587,-0.953322
0.126709,-1.54907
0.126831,-1.88
0.126953,-1.12232
0.127075,-0.297467
0.127197,0.354326
0.127319,-1.62146
0.127441,-1.44876
0.127563,0.0797749
0.127686,4.04178
0.127808,3.73073
0.12793,3.78391
0.128052,4.66567
0.128174,4.4343
0.128296,2.42459
0.128418,0.667808
0.12854,-0.429694
0.128662,0.621318
0.128784,-0.564284
0.128906,-2.96523
0.129028,-3.32278
0.12915,-1.98047
0.129272,-2.2933
0.129395,-3.08844
0.129517,-2.47956
0.129639,-2.25297
0.129761,-0.615881
0.129883,1.4543
0.130005,-0.201168
0.130127,-2.99224
0.130249,-0.267701
0.130371,0.434589
0.130493,-0.32284
0.130615,-2.24655
0.130737,-1.77771
0.130859,-0.0887988
0.130981,0.587718
0.131104,-4.13217
0.131226,-3.86252
0.131348,-0.0442262
0.13147,-0.121504
0.131592,-1.23592
0.131714,0.385848
0.131836,3.72256
0.131958,3.31182
0.13208,0.604559
0.132202,-1.50443
0.132324,3.45572
0.132446,3.13451
0.132568,-0.197084
0.13269,1.67358
0.132813,4.46946
0.132935,2.27076
0.133057,-0.6762
0.133179,-0.849873
0.133301,1.92667
0.133423,-0.608974
0.133545,-2.61821
0.133667,-0.607786
0.133789,1.2686
0.133911,-1.47317
0.134033,-2.305
0.134155,0.74596
0.134277,0.0648028
0.134399,-3.35566
0.134521,-1.08872
0.134644,0.613825
0.134766,0.91446
0.134888,-0.225705
0.13501,-0.901938
0.135132,-0.203811
0.135254,-0.300059
0.135376,-1.11342
0.135498,-1.04816
0.13562,-0.0854805
0.135742,-0.565755
0.135864,-3.81779
0.135986,-4.01648
0.136108,-0.0851472
0.13623,0.435954
0.136353,-2.31573
0.136475,-0.944492
0.136597,2.55506
0.136719,2.92327
0.136841,-0.296274
0.136963,-1.32136
0.137085,-0.126727
0.137207,0.200455
0.137329,-0.284579
0.137451,-0.473836
0.137573,0.694281
0.137695,-2.81645
0.137817,-3.6956
0.137939,-3.37734
0.138062,-5.24967
0.138184,-5.20268
0.138306,-2.82365
0.138428,-2.91492
0.13855,-0.866316
0.138672,0.750769
0.138794,1.05213
0.138916,2.23751
0.139038,2.21453
0.13916,1.47491
0.139282,0.861255
0.139404,1.4202
0.139526,1.05634
0.139648,-0.424194
0.139771,1.01294
0.139893,0.991298
0.140015,-1.04191
0.140137,0.340094
0.140259,-0.339762
0.140381,0.67886
0.140503,1.13033
0.140625,1.49879
0.140747,-1.43579
0.140869,-0.481546
0.140991,2.02666
0.141113,1.86107
0.141235,-0.102157
0.141357,1.06139
0.141479,1.90661
0.141602,-0.213902
0.141724,-2.44221
0.141846,-2.95829
0.141968,-1.41168
0.14209,0.750811
0.142212,-2.21983
0.142334,-2.60246
0.142456,-1.18362
0.142578,-1.94045
0.1427,-3.74586
0.142822,-3.42952
0.142944,-1.0077
0.143066,0.332215
0.143188,-1.08619
0.143311,-0.150712
0.143433,1.89712
0.143555,1.81505
0.143677,-0.390706
0.143799,-0.590491
0.143921,1.71975
0.144043,1.08878
0.144165,-0.828261
0.144287,0.458588
0.144409,3.49581
0.144531,0.915386
0.144653,-2.12719
0.144775,0.0297914
0.144897,0.0496037
0.14502,-1.04066
0.145142,-0.960434
0.145264,-0.178051
0.145386,2.01594
0.145508,0.61209
0.14563,-0.404374
0.145752,1.16267
0.145874,4.58709
0.145996,2.35031
0.146118,-0.668054
0.14624,-1.03055
0.146362,1.38253
0.146484,0.499575
0.146606,-2.49544
0.146729,-1.93574
0.146851,0.312542
0.146973,-0.722048
0.147095,-1.29647
0.147217,0.321366
0.147339,0.583731
0.147461,-0.622039
0.147583,-0.495204
0.147705,2.77431
0.147827,4.00235
0.147949,2.51718
0.148071,3.66569
0.148193,3.59448
0.148315,2.42294
0.148438,1.64908
0.14856,-0.298664
0.148682,0.625619
0.148804,-1.50964
0.148926,-3.57348
0.149048,-2.67749
0.14917,-0.738228
0.149292,-0.890756
0.149414,-3.39688
0.149536,-3.69946
0.149658,-1.04095
0.14978,-0.238517
0.149902,0.0285941
0.150024,-0.22853
0.150146,-1.96914
0.150269,-0.969356
0.150391,-0.417745
0.150513,-0.607036
0.150635,-2.23626
0.150757,-0.899312
0.150879,0.53906
0.151001,-1.05817
0.151123,-2.79387
0.151245,-1.73503
0.151367,-0.489857
0.151489,-0.649368
0.151611,0.526509
0.151733,1.90673
0.151855,2.27083
0.151978,2.34361
0.1521,1.35797
0.152222,1.94608
0.152344,1.60769
0.152466,1.48473
0.152588,1.59522
0.15271,2.19012
0.152832,1.94591
0.152954,0.976656
0.153076,0.947826
0.153198,0.297067
0.15332,-0.120566
0.153442,-0.00926522
0.153564,-0.842313
0.153687,-0.943209
0.153809,-0.720573
0.153931,-0.396851
0.154053,-0.451785
0.154175,-0.0736888
0.154297,-0.911008
0.154419,-2.52811
0.154541,-0.26634
0.154663,0.357832
0.154785,0.357483
0.154907,-0.695954
0.155029,-0.128077
0.155151,-0.0548365
0.155273,-0.018261
0.155396,0.17331
0.155518,-1.0753
0.15564,0.182076
0.155762,-1.9554
0.155884,-3.13468
0.156006,-2.15128
0.156128,-0.344595
0.15625,0.97842
0.156372,-0.841706
0.156494,-1.26585
0.156616,1.54463
0.156738,1.94019
0.15686,-0.405689
0.156982,-0.108078
0.157104,0.782802
0.157227,0.107867
0.157349,-0.215524
0.157471,-0.403713
0.157593,-0.510871
0.157715,-2.61454
0.157837,-3.19342
0.157959,-3.91415
0.158081,-4.99951
0.158203,-3.90652
0.158325,-2.46815
0.158447,-1.74471
0.158569,-1.08493
0.158691,0.1688
0.158813,0.763297
0.158936,2.73987
0.159058,2.2057
0.15918,-0.0265487
0.159302,-0.459729
0.159424,3.12664
0.159546,3.59124
0.159668,-0.370233
0.15979,-1.39142
0.159912,1.2229
0.160034,1.43265
0.160156,-0.193176
0.160278,-0.587733
0.1604,0.0876358
0.160522,1.52337
0.160645,-0.962113
0.160767,-0.279614
0.160889,1.73715
0.161011,1.0029
0.161133,-0.0871238
0.161255,0.365563
0.161377,1.99124
0.161499,0.764447
0.161621,-0.954625
0.161743,-2.1068
0.161865,-1.93151
0.161987,-0.648977
0.162109,-1.18431
0.162231,-0.846342
0.162354,-0.811005
0.162476,-1.12051
0.162598,-2.56604
0.16272,-3.72487
0.162842,-2.0282
0.162964,0.0343427
0.163086,-1.42383
0.163208,-1.75663
0.16333,0.128409
0.163452,1.1631
0.163574,0.393018
0.163696,-0.230459
0.163818,0.21318
0.16394,1.1756
0.164063,0.561697
0.164185,-0.26357
0.164307,1.32506
0.164429,2.00262
0.164551,0.220412
0.164673,-1.10098
0.164795,-0.169217
0.164917,0.498702
0.165039,-1.07243
0.165161,-1.52693
0.165283,-0.0589949
0.165405,0.707248
0.165527,-0.00841144
0.165649,-1.42014
0.165771,1.55307
0.165894,3.1115
0.166016,1.74275
0.166138,-0.652894
0.16626,0.393026
0.166382,1.49538
0.166504,-0.408951
0.166626,-2.40129
0.166748,-1.2911
0.16687,-0.0499292
0.166992,-0.789774
0.167114,-1.07969
0.167236,0.0663775
0.167358,0.4559
0.16748,-1.18418
0.167603,-0.479829
0.167725,2.5621
0.167847,3.43482
0.167969,2.52411
0.168091,2.55461
0.168213,3.24365
0.168335,2.46738
0.168457,0.575159
0.168579,-1.46112
0.168701,-0.46743
0.168823,-0.0409626
0.168945,-1.93155
0.169067,-4.10462
0.169189,-1.5847
0.169312,0.187693
0.169434,-2.04631
0.169556,-2.92393
0.169678,-2.52238
0.1698,0.268249
0.169922,0.495371
0.170044,-2.02823
0.170166,-2.13161
0.170288,0.647766
0.17041,0.938344
0.170532,-1.26876
0.170654,-1.80844
0.170776,-0.282293
0.170898,1.23282
0.171021,-1.55361
0.171143,-2.9353
0.171265,-1.30152
0.171387,0.786569
0.171509,-0.304699
0.171631,-1.20158
0.171753,0.5842
0.171875,2.79023
0.171997,2.00477
0.172119,-0.343111
0.172241,0.334805
0.172363,1.45737
0.172485,0.676259
0.172607,0.731236
0.172729,1.69926
0.172852,3.419
0.172974,0.641922
0.173096,-0.546289
0.173218,-0.063276
0.17334,1.12996
0.173462,-0.17367
0.173584,-2.15298
0.173706,-1.34725
0.173828,1.23574
0.17395,0.298805
0.174072,-1.6104
0.174194,-0.517965
0.174316,-0.109764
0.174438,-0.892921
0.174561,-1.5963
0.174683,0.38305
0.174805,0.991835
0.174927,0.499335
0.175049,-0.904161
0.175171,-0.436065
0.175293,0.684576
0.175415,-0.217607
0.175537,-1.14132
0.175659,0.860974
0.175781,-2.23945
0.175903,-3.31331
0.176025,-1.72464
0.176147,0.564018
0.17627,0.347343
0.176392,-1.82756
0.176514,-0.369777
0.176636,2.06257
0.176758,2.21433
0.17688,-0.983186
0.177002,-0.874796
0.177124,1.07326
0.177246,0.681622
0.177368,-0.749817
0.17749,-0.726154
0.177612,0.213815
0.177734,-1.8538
0.177856,-4.08505
0.177979,-3.66991
0.178101,-3.46856
0.178223,-2.89525
0.178345,-2.42933
0.178467,-1.50926
0.178589,-1.15926
0.178711,0.0832639
0.178833,1.02844
0.178955,1.48072
0.179077,1.84909
0.179199,1.23655
0.179321,0.775855
0.179443,0.526766
0.179565,1.70656
0.179688,1.30683
0.17981,-0.337644
0.179932,-0.442257
0.180054,0.41936
0.180176,1.18204
0.180298,-0.695078
0.18042,-0.530133
0.180542,0.402806
0.180664,0.439673
0.180786,0.312682
0.180908,0.39419
0.18103,1.64209
0.181152,1.72215
0.181274,0.22989
0.181396,0.474148
0.181519,0.347862
0.181641,0.0665469
0.181763,-1.53647
0.181885,-2.2877
0.182007,-1.01003
0.182129,-0.382994
0.182251,-1.01542
0.182373,-1.6172
0.182495,-0.00734371
0.182617,-1.01244
0.182739,-3.26158
0.182861,-1.60357
0.182983,0.519372
0.183105,-0.0803875
0.183228,-2.32896
0.18335,-0.466797
0.183472,1.74878
0.183594,0.633313
0.183716,-0.996313
0.183838,-0.508568
0.18396,1.43712
0.184082,0.993399
0.184204,-1.62266
0.184326,1.30265
0.184448,2.25572
0.18457,-0.715059
0.184692,-1.45758
0.184814,1.06689
0.184937,0.021605
0.185059,-0.316565
0.185181,-0.488759
0.185303,0.380573
0.185425,0.803444
0.185547,0.429996
0.185669,-1.34601
0.185791,1.26601
0.185913,3.59426
0.186035,1.08508
0.186157,-1.56184
0.186279,-0.662601
0.186401,1.14596
0.186523,-0.711084
0.186646,-2.64975
0.186768,-1.46907
0.18689,0.843714
0.187012,0.361239
0.187134,-1.26664
0.187256,-0.374673
0.187378,1.32067
0.1875,-0.34572
0.187622,-1.05729
0.187744,1.97169
0.187866,3.98173
0.187988,2.8885
0.18811,2.00804
0.188232,1.95698
0.188354,3.00619
0.188477,1.33711
0.188599,-1.6855
0.188721,-0.754589
0.188843,-0.132622
0.188965,-2.10594
0.189087,-3.00256
0.189209,-1.23187
0.189331,-0.597949
0.189453,-1.45174
0.189575,-2.10262
0.189697,-0.513009
0.189819,-0.74106
0.189941,-0.0761094
0.190063,-0.566807
0.190186,-1.243
0.190308,-0.545005
0.19043,0.985564
0.190552,-0.351152
0.190674,-1.96728
0.190796,-0.439801
0.190918,0.446237
0.19104,-1.47457
0.191162,-2.36387
0.191284,-0.568144
0.191406,0.588104
0.191528,0.0546541
0.19165,-0.784884
0.191772,1.14549
0.191895,2.35687
0.192017,1.35422
0.192139,-0.292334
0.192261,0.387135
0.192383,1.77094
0.192505,0.691416
0.192627,-0.0338598
0.192749,1.96872
0.192871,2.7373
0.192993,0.53342
0.193115,-0.924143
0.193237,-0.0269559
0.193359,-0.269296
0.193481,-0.64568
0.193604,-1.22963
0.193726,-0.255083
0.193848,0.496256
0.19397,-0.408676
0.194092,-0.923644
0.194214,0.19391
0.194336,-0.334001
0.194458,-1.38141
0.19458,-1.14005
0.194702,-0.219795
0.194824,1.92965
0.194946,0.471971
0.195068,-0.730508
0.19519,-0.676719
0.195313,0.152445
0.195435,-0.192025
0.195557,-0.740891
0.195679,0.0991296
0.195801,-1.35345
0.195923,-2.58553
0.196045,-1.57484
0.196167,-0.0724116
0.196289,-0.558998
0.196411,-0.900094
0.196533,0.649798
0.196655,0.537691
0.196777,0.347193
0.196899,-0.22251
0.197021,0.405358
0.197144,0.542127
0.197266,-0.156606
0.197388,-0.8279
0.19751,0.227939
0.197632,0.188679
0.197754,-2.20344
0.197876,-3.01298
0.197998,-2.29645
0.19812,-2.04146
0.198242,-3.11423
0.198364,-2.14743
0.198486,-0.872351
0.198608,0.154933
0.19873,-0.180579
0.198853,0.21906
0.198975,1.71859
0.199097,1.34395
0.199219,1.04071
0.199341,0.840736
0.199463,1.64136
0.199585,1.17217
0.199707,0.230366
0.199829,0.0831066
0.199951,0.906893
0.200073,-0.00638035
0.200195,-0.771268
0.200317,0.0891505
0.200439,1.19599
0.200562,0.807144
0.200684,-0.984136
0.200806,-0.849971
0.200928,1.07093
0.20105,1.82324
0.201172,0.847484
0.201294,-0.486512
0.201416,0.927889
0.201538,0.712579
0.20166,-0.989077
0.201782,-2.32238
0.201904,-1.78567
0.202026,0.301508
0.202148,-1.23623
0.202271,-1.63625
0.202393,-0.169102
0.202515,0.644464
0.202637,-1.07514
0.202759,-3.41586
0.202881,-2.20847
0.203003,1.08446
0.203125,0.186794
0.203247,-2.2891
0.203369,-0.677359
0.203491,2.22876
0.203613,0.471366
0.203735,-1.80927
0.203857,-0.581867
0.203979,2.39322
0.204102,0.642512
0.204224,-1.41338
0.204346,0.567267
0.204468,2.58717
0.20459,0.7077
0.204712,-1.70297
0.204834,-0.798448
0.204956,0.619727
0.205078,-0.110339
0.2052,-1.45137
0.205322,-0.422139
0.205444,1.70525
0.205566,0.744935
0.205688,-1.11631
0.205811,1.2432
0.205933,3.24499
0.206055,0.76636
0.206177,-0.224823
0.206299,-0.552402
0.206421,0.661023
0.206543,-0.157521
0.206665,-0.8171
0.206787,-0.308381
0.206909,-0.833628
0.207031,-0.724187
0.207153,-1.0189
0.207275,0.349341
0.207397,0.661896
0.20752,-0.913727
0.207642,-1.12303
0.207764,2.40585
0.207886,2.90698
0.208008,1.31734
0.20813,1.45365
0.208252,2.74907
0.208374,2.33443
0.208496,0.697856
0.208618,-1.33476
0.20874,-0.369082
0.208862,0.886123
0.208984,-2.11511
0.209106,-3.22893
0.209229,-0.515887
0.209351,0.367285
0.209473,-1.66892
0.209595,-2.54824
0.209717,0.295331
0.209839,0.920533
0.209961,-0.583614
0.210083,-1.20731
0.210205,0.0588359
0.210327,0.793509
0.210449,-0.0645932
0.210571,-1.273
0.210693,-1.2952
0.210815,0.117099
0.210938,-0.274913
0.21106,-1.79396
0.211182,-1.98485
0.211304,-0.151635
0.211426,-0.0466114
0.211548,0.122235
0.21167,-0.372163
0.211792,0.534462
0.211914,2.18799
0.212036,1.63504
0.212158,-0.278034
0.21228,-0.156241
0.212402,1.47995
0.212524,1.08
0.212646,0.409655
0.212769,1.42375
0.212891,1.95214
0.213013,1.13332
0.213135,-0.132188
0.213257,-0.252634
0.213379,-0.0630969
0.213501,-0.349559
0.213623,-0.961781
0.213745,-0.120105
0.213867,0.365678
0.213989,-0.690685
0.214111,-0.496123
0.214233,0.233577
0.214355,-0.796802
0.214478,-1.38736
0.2146,0.783886
0.214722,1.24278
0.214844,-0.402517
0.214966,-0.894868
0.215088,0.277251
0.21521,0.271328
0.215332,-0.598598
0.215454,-0.789829
0.215576,0.315623
0.215698,0.467342
0.21582,-1.87879
0.215942,-2.15232
0.216064,-0.392991
0.216187,0.59452
0.216309,-0.112064
0.216431,-0.822867
0.216553,0.274021
0.216675,1.94421
0.216797,0.602787
0.216919,-1.10961
0.217041,-0.768725
0.217163,0.91823
0.217285,0.444768
0.217407,-0.966426
0.217529,-0.471644
0.217651,-0.221733
0.217773,-1.8109
0.217896,-3.07055
0.218018,-2.97912
0.21814,-2.49582
0.218262,-1.85349
0.218384,-1.64777
0.218506,-1.11213
0.218628,0.451016
0.21875,0.0824225
0.218872,0.806951
0.218994,1.552
0.219116,1.70389
0.219238,0.919532
0.21936,0.951443
0.219482,1.34383
0.219604,1.00962
0.219727,0.637892
0.219849,0.228763
0.219971,0.500611
0.220093,-0.282678
0.220215,-0.20094
0.220337,-0.00542548
0.220459,-0.24933
0.220581,0.866388
0.220703,0.254253
0.220825,-0.826867
0.220947,0.928642
0.221069,1.80693
0.221191,1.46569
0.221313,-0.107666
0.221436,0.150585
0.221558,0.908001
0.22168,0.381095
0.221802,-2.40767
0.221924,-2.01426
0.222046,0.72785
0.222168,0.069506
0.22229,-2.40897
0.222412,-0.47492
0.222534,1.08219
0.222656,-1.33677
0.222778,-2.88907
0.2229,-0.914245
0.223022,0.334542
0.223145,-0.22281
0.223267,-1.16066
0.223389,-0.285911
0.223511,1.18485
0.223633,0.206089
0.223755,-1.02944
0.223877,0.0791102
0.223999,1.13281
0.224121,0.478999
0.224243,-0.757236
0.224365,0.661935
0.224487,1.59549
0.224609,-0.272646
0.224731,-0.728094
0.224854,-0.109892
0.224976,0.14638
0.225098,0.0156683
0.22522,-0.266101
0.225342,0.0260628
0.225464,0.68218
0.225586,0.0468216
0.225708,-0.0675652
0.22583,1.66152
0.225952,1.96594
0.226074,0.0621854
0.226196,-0.377925
0.226318,0.3879
0.22644,0.28935
0.226563,-0.985925
0.226685,-1.33047
0.226807,-0.113341
0.226929,0.12867
0.227051,-0.668433
0.227173,-0.960576
0.227295,0.138557
0.227417,0.45628
0.227539,-0.860453
0.227661,-0.731694
0.227783,1.98336
0.227905,2.13973
0.228027,1.64787
0.228149,2.30885
0.228271,1.99599
0.228394,0.981762
0.228516,0.193112
0.228638,-0.462
0.22876,0.162303
0.228882,0.116541
0.229004,-2.55635
0.229126,-1.73965
0.229248,0.121253
0.22937,-0.16656
0.229492,-1.45219
0.229614,-1.42559
0.229736,-0.352275
0.229858,0.140772
0.22998,-0.647926
0.230103,-1.20427
0.230225,-0.36594
0.230347,0.485775
0.230469,-0.730452
0.230591,-1.10461
0.230713,-0.429427
0.230835,0.0349192
0.230957,-0.598031
0.231079,-1.55834
0.231201,-1.2186
0.231323,0.183853
0.231445,-0.446775
0.231567,-0.619915
0.231689,0.128816
0.231812,1.60368
0.231934,1.78013
0.232056,0.410019
0.232178,0.0987032
0.2323,0.611363
0.232422,1.32989
0.232544,0.560963
0.232666,0.653818
0.232788,1.56174
0.23291,2.0116
0.233032,0.249979
0.233154,-0.514159
0.233276,0.611497
0.233398,0.434961
0.233521,-1.23526
0.233643,-1.01455
0.233765,0.526274
0.233887,0.491683
0.234009,-0.972679
0.234131,-0.378975
0.234253,0.6213
0.234375,-0.494615
0.234497,-0.73151
0.234619,0
0.234741,0.439983
0.234863,0.487857
0.234985,-0.202673
0.235107,0.0578501
0.235229,-0.443084
0.235352,0.577372
0.235474,-1.10074
0.235596,-0.653078
0.235718,-0.0959471
0.23584,-0.762035
0.235962,-1.20658
0.236084,-1.18148
0.236206,0.191146
0.236328,0.219604
0.23645,-0.543704
0.236572,0.471703
0.236694,1.11385
0.236816,0.404207
0.236938,-0.0285044
0.237061,0.0522071
0.237183,0.858205
0.237305,-0.265263
0.237427,-0.459025
0.237549,-0.0567311
0.237671,0.236149
0.237793,-1.36833
0.237915,-2.55957
0.238037,-2.67481
0.238159,-2.29583
0.238281,-1.86589
0.238403,-1.54478
0.238525,-0.600423
0.238647,0.665444
0.23877,0.0608615
0.238892,0.252562
0.239014,1.27092
0.239136,1.4564
0.239258,1.07725
0.23938,0.0279531
0.239502,0.679528
0.239624,1.06944
0.239746,0.455231
0.239868,-0.668259
0.23999,-0.236444
0.240112,0.384425
0.240234,-0.134186
0.240356,-0.305091
0.240479,0.323266
0.240601,0.0553629
0.240723,0.0921814
0.240845,-0.248647
0.240967,0.239204
0.241089,1.18107
0.241211,0.2066
0.241333,-0.0963191
0.241455,0.471961
0.241577,0.407413
0.241699,-0.246953
0.241821,-0.708154
0.241943,-1.37841
0.242065,-0.870926
0.242188,-0.296099
0.24231,-0.564315
0.242432,-1.17754
0.242554,-0.467831
0.242676,-1.56094
0.242798,-1.42342
0.24292,-0.72913
0.243042,-0.746516
0.243164,-0.58307
0.243286,-0.0541861
0.243408,0.631554
0.24353,0.46419
0.243652,-0.11706
0.243774,0.296862
0.243896,0.458339
0.244019,0.821511
0.244141,0.035878
0.244263,-0.425635
0.244385,1.65164
0.244507,0.93457
0.244629,-0.527137
0.244751,-0.120498
0.244873,0.548401
0.244995,-0.387515
0.245117,-0.502833
0.245239,-0.12892
0.245361,0.701704
0.245483,-0.310578
0.245605,-0.54963
0.245728,0.19484
0.24585,1.47757
0.245972,1.17118
0.246094,-0.242837
0.246216,0.0793964
0.246338,0.608111
0.24646,0.233322
0.246582,-1.49532
0.246704,-1.0501
0.246826,0.496005
0.246948,0.228027
0.24707,-0.727223
0.247192,-1.09852
0.247314,0.319179
0.247437,0.939129
0.247559,-0.920757
0.247681,-0.54494
0.247803,2.00342
0.247925,2.28428
0.248047,1.17363
0.248169,1.53725
0.248291,1.67458
0.248413,1.56893
0.248535,0.151544
0.248657,-0.951631
0.248779,-0.0777847
0.248901,0.0172686
0.249023,-1.47071
0.249146,-2.12851
0.249268,-0.460584
0.24939,-0.0344026
0.249512,-1.18573
0.249634,-1.47213
0.249756,-0.0771794
0.249878,0.355535
0.25,-0.184013
0.250122,-0.923443
0.250244,0.367308
0.250366,0.657096
0.250488,-0.630879
0.25061,-1.28608
0.250732,-0.374385
0.250854,0.892547
0.250977,-0.518021
0.251099,-2.16338
0.251221,-0.775515
0.251343,0.757824
0.251465,-0.406034
0.251587,-0.735218
0.251709,0.502331
0.251831,1.79229
0.251953,0.97321
0.252075,-0.277789
0.252197,0.214445
0.252319,1.23921
0.252441,0.797355
0.252563,-0.125775
0.252686,0.758104
0.252808,1.65281
0.25293,1.15793
0.253052,0.212984
0.253174,-0.162711
0.253296,0.333441
0.253418,-0.308132
0.25354,-0.224634
0.253662,-0.80623
0.253784,-0.224195
0.253906,-0.190795
0.254028,-0.683705
0.25415,-0.202841
0.254272,-0.334982
0.254395,-0.896545
0.254517,-0.965838
0.254639,0.0989636
0.254761,0.593202
0.254883,-0.246926
0.255005,-0.509816
0.255127,0.225907
0.255249,0.250307
0.255371,-0.627207
0.255493,-0.520115
0.255615,0.687354
0.255737,0.0040874
0.255859,-1.50678
0.255981,-1.02394
0.256104,0.0896597
0.256226,0.158787
0.256348,-1.06975
0.25647,-0.768005
0.256592,1.23816
0.256714,0.908452
0.256836,-0.384905
0.256958,-0.340005
0.25708,0.630821
0.257202,0.509012
0.257324,-0.932278
0.257446,-0.834603
0.257568,1.09158
0.25769,-0.346067
0.257813,-2.5407
0.257935,-1.70688
0.258057,-1.09936
0.258179,-1.62338
0.258301,-1.9902
0.258423,-1.27617
0.258545,-0.00799328
0.258667,0.718689
0.258789,-0.251296
0.258911,-0.0438342
0.259033,1.57649
0.259155,1.67438
0.259277,0.325808
0.259399,0.329459
0.259521,1.43155
0.259644,0.542745
0.259766,0.316622
0.259888,-0.205603
0.26001,-0.221203
0.260132,0.544575
0.260254,0.0118271
0.260376,-0.555328
0.260498,-0.00393462
0.26062,0.632861
0.260742,0.483018
0.260864,-0.298159
0.260986,-0.17245
0.261108,1.21772
0.26123,0.872302
0.261353,-0.289181
0.261475,-0.0390403
0.261597,0.436825
0.261719,-0.366263
0.261841,-1.22617
0.261963,-1.20553
0.262085,-0.0660453
0.262207,-0.205705
0.262329,-0.740591
0.262451,-0.290524
0.262573,-0.514693
0.262695,-0.908532
0.262817,-1.54107
0.262939,-0.447592
0.263062,-0.138772
0.263184,-0.0616163
0.263306,-0.288545
0.263428,0.0384351
0.26355,0.47229
0.263672,0.606089
0.263794,-0.279755
0.263916,0.164626
0.264038,0.340406
0.26416,0.332432
0.264282,0.0152693
0.264404,0.556785
0.264526,0.60577
0.264648,-0.0266432
0.264771,-0.0304195
0.264893,-0.376074
0.265015,-0.220111
0.265137,0.0417045
0.265259,0.0416638
0.265381,-0.0416231
0.265503,0.385583
0.265625,0.253028
0.265747,0.15846
0.265869,1.08929
0.265991,1.14471
0.266113,-0.361134
0.266235,-0.236763
0.266357,0.4618
0.266479,-0.195042
0.266602,-1.04171
0.266724,-0.681315
0.266846,0.635772
0.266968,0.220435
0.26709,-0.847286
0.267212,-0.469841
0.267334,0.443305
0.267456,0.36844
0.267578,-0.446158
0.2677,0.263719
0.267822,1.44347
0.267944,1.49397
0.268066,1.12957
0.268188,1.14326
0.268311,1.30848
0.268433,0.860389
0.268555,-0.114361
0.268677,-0.574931
0.268799,-0.243002
0.268921,-0.23173
0.269043,-0.907644
0.269165,-0.359766
0.269287,-0.374085
0.269409,-0.828046
0.269531,-0.991953
0.269653,-1.108
0.269775,-0.339748
0.269897,0.30292
0.27002,-0.302624
0.270142,-0.950697
0.270264,0.112808
0.270386,0.392624
0.270508,-0.21428
0.27063,-1.01956
0.270752,-0.264608
0.270874,0.818399
0.270996,-0.303887
0.271118,-1.53602
0.27124,-0.371896
0.271362,0.389569
0.271484,-0.745945
0.271606,-0.716416
0.271729,0.129476
0.271851,1.40848
0.271973,0.678424
0.272095,-0.304814
0.272217,0.37975
0.272339,1.20614
0.272461,0.489851
0.272583,-0.639399
0.272705,0.820773
0.272827,1.71837
0.272949,0.619721
0.273071,-0.316674
0.273193,0.0924212
0.273315,0.646317
0.273438,0.0674068
0.27356,-0.971129
0.273682,-0.0920609
0.273804,0.502304
0.273926,-0.445271
0.274048,-0.995586
0.27417,-0.112864
0.274292,0.57434
0.274414,-0.908191
0.274536,-0.917854
0.274658,0.407537
0.27478,0.442238
0.274902,-0.164801
0.275024,-0.690086
0.275146,0.496937
0.275269,0.283187
0.275391,-0.261954
0.275513,-0.882797
0.275635,0.728555
0.275757,0.215915
0.275879,-1.77782
0.276001,-1.50498
0.276123,0.496542
0.276245,0.339955
0.276367,-0.786679
0.276489,-0.553946
0.276611,0.857778
0.276733,1.29578
0.276855,-0.144985
0.276978,-0.782847
0.2771,0.0999136
0.277222,0.495639
0.277344,-0.0171929
0.277466,-0.504977
0.277588,0.181889
0.27771,-0.479992
0.277832,-1.5927
0.277954,-1.379
0.278076,-1.48704
0.278198,-2.00469
0.27832,-1.47732
0.278442,-0.726008
0.278564,0.0817238
0.278687,0.221119
0.278809,-0.353446
0.278931,0.329334
0.279053,1.17698
0.279175,0.504897
0.279297,-0.0880169
0.279419,0.561406
0.279541,1.16564
0.279663,0.870843
0.279785,-0.0843016
0.279907,-0.316665
0.280029,-0.0942337
0.280151,0.184921
0.280273,0.12428
0.280396,-0.104025
0.280518,-0.351999
0.28064,0.210993
0.280762,0.173983
0.280884,0
0.281006,0.166965
0.281128,0.877378
0.28125,0.286619
0.281372,0.0699201
0.281494,0.558815
0.281616,0.232612
0.281738,-0.763551
0.28186,-1.10109
0.281982,-0.656036
0.282104,-0.0893721
0.282227,-0.489413
0.282349,-0.475721
0.282471,0.092411
0.282593,-0.286854
0.282715,-1.3604
0.282837,-1.05304
0.282959,-0.259715
0.283081,-0.272598
0.283203,-0.436388
0.283325,-0.472019
0.283447,0.261977
0.283569,0.830964
0.283691,-0.212441
0.283813,-0.166522
0.283936,0.472982
0.284058,0.573542
0.28418,0.0520893
0.284302,-0.208154
0.284424,0.675839
0.284546,0.652457
0.284668,-0.447518
0.28479,-0.359609
0.284912,-0.0226559
0.285034,-0.510877
0.285156,-0.765568
0.285278,-0.1549
0.2854,0.296602
0.285522,0.109507
0.285645,-0.672489
0.285767,0.112508
0.285889,1.72772
0.286011,0.769977
0.286133,-0.567304
0.286255,-0.284976
0.286377,0.537407
0.286499,-0.134221
0.286621,-0.705567
0.286743,-0.523077
0.286865,-0.0382366
0.286987,-0.232379
0.287109,-0.527907
0.287231,-0.0889576
0.287354,0.491963
0.287476,-0.240985
0.287598,-0.532184
0.28772,0.275326
0.287842,1.46065
0.287964,1.09284
0.288086,1.12648
0.288208,0.980376
0.28833,0.897538
0.288452,0.846323
0.288574,-0.0628623
0.288696,-0.659409
0.288818,-0.194493
0.28894,-0.410543
0.289063,-1.19286
0.289185,-0.769439
0.289307,-0.524958
0.289429,-0.371482
0.289551,-0.838917
0.289673,-0.738399
0.289795,-0.0964896
0.289917,0.413567
0.290039,-0.472187
0.290161,-0.661037
0.290283,0.111616
0.290405,0.210624
0.290527,-0.411553
0.290649,-0.853216
0.290771,0.0864737
0.290894,0.0308533
0.291016,-0.881543
0.291138,-0.985379
0.29126,-0.270715
0.291382,-0.169032
0.291504,-0.442124
0.291626,-0.340471
0.291748,0.321753
0.29187,0.964316
0.291992,0.6973
0.292114,0.232206
0.292236,0.0549426
0.292358,0.451309
0.29248,0.362523
0.292603,0.0152172
0.292725,0.398301
0.292847,1.61291
0.292969,0.543181
0.293091,-0.754861
0.293213,-0.0696581
0.293335,0.889543
0.293457,-0.305293
0.293579,-0.981419
0.293701,-0.404252
0.293823,0.491259
0.293945,-0.0662402
0.294067,-1.02873
0.294189,-0.150252
0.294312,0.216152
0.294434,-0.785785
0.294556,-0.45543
0.294678,0.365186
0.2948,-0.014952
0.294922,-0.149374
0.295044,0.426794
0.295166,0.426377
0.295288,-0.122129
0.29541,-0.434473
0.295532,-0.169457
0.295654,0.608857
0.295776,-0.406497
0.295898,-1.23312
0.296021,-0.885442
0.296143,0.0414184
0.296265,0.0561557
0.296387,-0.490145
0.296509,-0.342177
0.296631,0.274064
0.296753,0.279684
0.296875,0.114706
0.296997,-0.176298
0.297119,-0.114482
0.297241,-0.155426
0.297363,0.0322268
0.297485,0.22244
0.297607,0.011696
0.297729,-0.777021
0.297852,-1.10603
0.297974,-0.970839
0.298096,-1.27571
0.298218,-1.225
0.29834,-1.04358
0.298462,-0.874124
0.298584,-0.420679
0.298706,0.356503
0.298828,0.240332
0.29895,0.306631
0.299072,0.872756
0.299194,0.721775
0.299316,0.444179
0.299438,0.149836
0.299561,0.495129
0.299683,0.704582
0.299805,0.229843
0.299927,-0.229619
0.300049,0.134769
0.300171,0.561468
0.300293,0.123059
0.300415,-0.563231
0.300537,0.00856873
0.300659,0.188329
0.300781,0.0969231
0.300903,-0.102524
0.301025,0.386936
0.301147,0.30413
0.30127,0.32371
0.301392,0.263822
0.301514,0.110527
0.301636,0.00283125
0.301758,-0.452559
0.30188,-0.65557
0.302002,-0.544834
0.302124,-0.38355
0.302246,-0.0957939
0.302368,-0.295545
0.30249,-0.300881
0.302612,-0.306206
0.302734,-1.03279
0.302856,-0.759815
0.302979,-0.308111
0.303101,-0.0755534
0.303223,-0.329874
0.303345,-0.471985
0.303467,0.351551
0.303589,0.694054
0.303711,0.284034
0.303833,-0.308794
0.303955,-0.0805971
0.304077,0.813514
0.304199,0.202486
0.304321,-0.0443373
0.304443,0.534296
0.304565,0.514415
0.304688,-0.309453
0.30481,-0.226343
0.304932,0.0110303
0.305054,-0.13499
0.305176,-0.253202
0.305298,-0.109981
0.30542,0.16481
0.305542,0.362228
0.305664,0.0438635
0.305786,-0.104074
0.305908,1.25041
0.30603,0.735299
0.306152,-0.204809
0.306274,-0.354655
0.306396,0.367936
0.306519,0.100743
0.306641,-0.878604
0.306763,-0.970141
0.306885,0.190038
0.307007,0.412251
0.307129,-0.357658
0.307251,-0.389792
0.307373,0.0540849
0.307495,0.229636
0.307617,-0.466922
0.307739,0.587801
0.307861,1.4977
0.307983,0.871908
0.308105,0.475855
0.308228,1.01524
0.30835,1.05986
0.308472,0.482505
0.308594,-0.316
0.308716,-0.157846
0.308838,0.10691
0.30896,-0.841091
0.309082,-1.4458
0.309204,-0.314461
0.309326,-0.00798696
0.309448,-0.489389
0.30957,-1.29402
0.309692,-0.79105
0.309814,0.400443
0.309937,0.182805
0.310059,-0.868139
0.310181,-0.462732
0.310303,0.668325
0.310425,0.232234
0.310547,-0.403376
0.310669,-0.37401
0.310791,0.26313
0.310913,0.0683471
0.311035,-0.693309
0.311157,-0.905144
0.311279,-0.110084
0.311401,0.0549883
0.311523,-0.300832
0.311646,-0.117602
0.311768,0.211477
0.31189,0.45384
0.312012,0.859892
0.312134,0.288954
0.312256,0.0520129
0.312378,-0.129905
0.3125,0.399718
0.312622,0.474526
0.312744,0.665761
0.312866,0.766042
0.312988,0.584313
0.31311,0.131729
0.313232,-0.234817
0.313354,0.00773367
0.313477,0.0772612
0.313599,-0.223839
0.313721,-0.115666
0.313843,-0.0616282
0.313965,-0.0436107
0.314087,-0.379299
0.314209,-0.0665685
0.314331,-0.283919
0.314453,-0.743602
0.314575,-0.331869
0.314697,0.15047
0.314819,-0.0993664
0.314941,-0.305444
0.315063,0.223774
0.315186,0.0889141
0.315308,-0.299475
0.31543,-0.28397
0.315552,-0.126649
0.315674,0.369453
0.315796,-0.409541
0.315918,-1.11882
0.31604,-0.64339
0.316162,0.297435
0.316284,-0.23419
0.316406,-0.812576
0.316528,0.278972
0.31665,0.680429
0.316772,0.16806
0.316895,-0.155366
0.317017,-0.127677
0.317139,0.385157
0.317261,0.147416
0.317383,-0.494235
0.317505,-0.129672
0.317627,0.261583
0.317749,-0.154308
0.317871,-1.30785
0.317993,-1.52268
0.318115,-1.12911
0.318237,-0.82803
0.318359,-0.824746
0.318481,-0.591357
0.318604,-0.150785
0.318726,0.456852
0.318848,0.199832
0.31897,0.0813334
0.319092,0.896257
0.319214,0.799448
0.319336,0.0958401
0.319458,-0.0171853
0.31958,0.566561
0.319702,0.732625
0.319824,0.0587486
0.319946,-0.303238
0.320068,0.119711
0.32019,0.624819
0.320313,-0.0609579
0.320435,-0.518854
0.320557,0.167915
0.320679,0.359815
0.320801,0.0898659
0.320923,-0.148013
0.321045,0.477542
0.321167,0.685342
0.321289,0.360482
0.321411,0.0749263
0.321533,-0.0676094
0.321655,0.291884
0.321777,-0.279549
0.321899,-0.85709
0.322021,-0.555603
0.322144,0.03364
0.322266,-0.163235
0.322388,-0.103121
0.32251,-0.268333
0.322632,-0.378171
0.322754,-0.628873
0.322876,-0.785922
0.322998,-0.346041
0.32312,-0.12636
0.323242,-0.16911
0.323364,-0.118975
0.323486,0.230587
0.323608,0.4346
0.32373,-0.0593136
0.323853,-0.0948092
0.323975,-0.0757733
0.324097,0.196345
0.324219,0.151251
0.324341,0.0968006
0.324463,0.382107
0.324585,0.240351
0.324707,-0.084747
0.324829,-0.181087
0.324951,-0.265492
0.325073,-0.13379
0.325195,0.0211041
0.325317,-0.0163983
0.325439,0.383814
0.325562,0.170677
0.325684,-0.539561
0.325806,0.135342
0.325928,1.2775
0.32605,0.857046
0.326172,-0.72359
0.326294,-0.576448
0.326416,0.731467
0.326538,0.273742
0.32666,-0.648924
0.326782,-0.764057
0.326904,0.0948356
0.327026,0.108608
0.327148,-0.49403
0.327271,-0.535061
0.327393,0.382472
0.327515,0.400513
0.327637,-0.593284
0.327759,0.282569
0.327881,1.21179
0.328003,0.976743
0.328125,0.792543
0.328247,0.668198
0.328369,0.678976
0.328491,0.621217
0.328613,-0.203067
0.328735,-0.433091
0.328857,0.0364352
0.328979,-0.382197
0.329102,-0.80683
0.329224,-0.590341
0.329346,-0.353859
0.329468,-0.460021
0.32959,-0.740295
0.329712,-0.456861
0.329834,0.0271138
0.329956,0.288931
0.330078,-0.00676522
0.3302,-0.189241
0.330322,-0.189057
0.330444,0.0607088
0.330566,0.0494182
0.330688,-0.318661
0.330811,-0.109853
0.330933,-0.0716707
0.331055,-0.185715
0.331177,-0.478363
0.331299,-0.544891
0.331421,0.0200788
0.331543,-0.0735504
0.331665,-0.572243
0.331787,0.12012
0.331909,0.751131
0.332031,0.59055
0.332153,0.146384
0.332275,0.0952785
0.332397,0.405092
0.33252,0.437868
0.332642,-0.0176744
0.332764,0.503228
0.332886,1.02091
0.333008,0.403119
0.33313,-0.374116
0.333252,0.160493
0.333374,0.23721
0.333496,-0.0965468
0.333618,-0.508568
0.33374,-0.188337
0.333862,0.319423
0.333984,-0.0524566
0.334106,-0.617947
0.334229,-0.0501728
0.334351,0.132937
0.334473,-0.437611
0.334595,-0.595962
0.334717,0.00651872
0.334839,0.423306
0.334961,0.119278
0.335083,0.00216657
0.335205,-0.103894
0.335327,0.00864935
0.335449,-0.181459
0.335571,-0.233077
0.335693,-0.0107801
0.335815,-0.305855
0.335938,-0.669212
0.33606,-0.694355
0.336182,-0.0236237
0.336304,0.259607
0.336426,-0.285074
0.336548,-0.139186
0.33667,0.0834301
0.336792,0.215852
0.336914,0.151589
0.337036,-0.132245
0.337158,-0.125723
0.33728,-0.117085
0.337402,-0.0276476
0.337524,-0.0446179
0.337646,-0.0191033
0.337769,-0.460152
0.337891,-0.942708
0.338013,-1.02644
0.338135,-0.883782
0.338257,-0.952624
0.338379,-0.749116
0.338501,-0.651411
0.338623,-0.181122
0.338745,0.292458
0.338867,0.0672627
0.338989,0.331785
0.339111,0.732152
0.339233,0.314371
0.339355,-0.0146564
0.339478,0.217539
0.3396,0.65407
0.339722,0.434229
0.339844,-0.0354552
0.339966,0.00416713
0.340088,0.17693
0.34021,0.228745
0.340332,-0.145423
0.340454,-0.342448
0.340576,-0.00829369
0.340698,0.0559276
0.34082,-0.0827748
0.340942,0.0537511
0.341064,0.355237
0.341187,0.262041
0.341309,0.416383
0.341431,0.0597195
0.341553,-0.213957
0.341675,0.0164422
0.341797,-0.180688
0.341919,-0.385637
0.342041,-0.729537
0.342163,-0.178112
0.342285,-0.128852
0.342407,-0.0837739
0.342529,-0.0734858
0.342651,-0.485348
0.342773,-0.706939
0.342896,-0.694037
0.343018,-0.189098
0.34314,-0.103598
0.343262,-0.209023
0.343384,0.0527115
0.343506,0.192412
0.343628,-0.111288
0.34375,0.143522
0.343872,-0.127226
0.343994,0.0706121
0.344116,0.423259
0.344238,0.128867
0.34436,0.0523013
0.344482,0.395896
0.344604,-0.00401533
0.344727,-0.22865
0.344849,-0.134251
0.344971,-0.172154
0.345093,-0.101992
0.345215,-0.151839
0.345337,0.175642
0.345459,0.297104
0.345581,0.101594
0.345703,-0.306475
0.345825,0.186886
0.345947,0.963313
0.346069,0.21827
0.346191,-0.295368
0.346313,-0.0910985
0.346436,0.112773
0.346558,-0.349847
0.34668,-0.481804
0.346802,-0.193323
0.346924,-0.0650349
0.347046,-0.448894
0.347168,-0.110147
0.34729,0.123794
0.347412,0.186492
0.347534,-0.284368
0.347656,-0.239027
0.347778,0.640047
0.3479,0.977709
0.348022,0.464935
0.348145,0.6694
0.348267,0.818873
0.348389,0.736266
0.348511,0.330802
0.348633,-0.186623
0.348755,-0.184499
0.348877,-0.058206
0.348999,-0.341142
0.349121,-0.888815
0.349243,-0.394643
0.349365,-0.0908339
0.349487,-0.388081
0.349609,-0.804337
0.349731,-0.412374
0.349854,0.167484
0.349976,0.200015
0.350098,-0.24209
0.35022,-0.305196
0.350342,0.170666
0.350464,-0.0114944
0.350586,-0.421048
0.350708,-0.233262
0.35083,0.15663
0.350952,0.0801468
0.351074,-0.798779
0.351196,-0.401857
0.351318,0.0418588
0.35144,0.020909
0.351563,-0.307632
0.351685,0.0891641
0.351807,0.468128
0.351929,0.312412
0.352051,0.334806
0.352173,0.275898
0.352295,0.179347
0.352417,0.0301764
0.352539,0.131893
0.352661,0.280469
0.352783,0.558511
0.352905,0.501605
0.353027,0.0788272
0.353149,0.00187501
0.353271,0.0824198
0.353394,0.0692399
0.353516,-0.218734
0.353638,-0.466924
0.35376,-0.0988913
0.353882,0.00186405
0.354004,-0.41714
0.354126,-0.346037
0.354248,0.215597
0.35437,-0.0668443
0.354492,-0.486003
0.354614,-0.101924
0.354736,0.411
0.354858,-0.212698
0.35498,-0.169992
0.355103,0.0609159
0.355225,0.0903626
0.355347,-0.239504
0.355469,-0.491423
0.355591,0.228004
0.355713,0.22227
0.355835,-0.655149
0.355957,-0.960681
0.356079,-0.205136
0.356201,0.161021
0.356323,-0.471623
0.356445,-0.388984
0.356567,0.381306
0.356689,0.441081
0.356812,-0.0728349
0.356934,-0.0418392
0.357056,0.14902
0.357178,0.0744373
0.3573,-0.119709
0.357422,-0.26274
0.357544,0.0271535
0.357666,0.0904233
0.357788,-0.603438
0.35791,-1.0252
0.358032,-0.903391
0.358154,-0.675531
0.358276,-0.694668
0.358398,-0.818045
0.358521,-0.348452
0.358643,0.0556262
0.358765,0.306542
0.358887,-0.184462
0.359009,0.14671
0.359131,0.64525
0.359253,0.578551
0.359375,0.0231908
0.359497,0.0481185
0.359619,0.494959
0.359741,0.510484
0.359863,-0.0550856
0.359985,-0.207701
0.360107,0.205725
0.360229,0.496092
0.360352,-0.132752
0.360474,-0.355428
0.360596,0.0759627
0.360718,0.296495
0.36084,-0.162208
0.360962,-0.116253
0.361084,0.39241
0.361206,0.464104
0.361328,0.194944
0.36145,0.126327
0.361572,0.0683602
0.361694,0.17336
0.361816,-0.306146
0.361938,-0.580236
0.362061,-0.298565
0.362183,-0.0697715
0.362305,-0.224794
0.362427,-0.259392
0.362549,-0.0852201
0.362671,-0.443059
0.362793,-0.859217
0.362915,-0.428322
0.363037,-0.194029
0.363159,-0.178264
0.363281,-0.217857
0.363403,0.0760028
0.363525,0.203627
0.363647,0.0172397
0.36377,0.0172228
0.363892,0.182384
0.364014,0.0962597
0.364136,0.0412139
0.364258,-0.0600449
0.36438,0.371915
0.364502,0.594141
0.364624,-0.0992119
0.364746,-0.389625
0.364868,0.109262
0.36499,0.12621
0.365112,-0.398708
0.365234,-0.251928
0.365356,0.255084
0.365479,0.29221
0.365601,-0.310595
0.365723,-0.471372
0.365845,0.31507
0.365967,0.888444
0.366089,0.202875
0.366211,-0.373263
0.366333,0.185606
0.366455,0.463561
0.366577,-0.309862
0.366699,-0.496304
0.366821,-0.18152
0.366943,0.313993
0.367065,-0.167747
0.367188,-0.36533
0.36731,-0.210948
0.367432,0.314441
0.367554,-0.00835462
0.367676,-0.333859
0.367798,0.443599
0.36792,0.912988
0.368042,0.677415
0.368164,0.552045
0.368286,0.538217
0.368408,0.368418
0.36853,0.106107
0.368652,-0.172256
0.368774,-0.102591
0.368896,-0.100837
0.369019,-0.47562
0.369141,-0.405862
0.369263,-0.332944
0.369385,-0.378724
0.369507,-0.485281
0.369629,-0.284311
0.369751,-0.259406
0.369873,-0.301798
0.369995,-0.0294949
0.370117,0.0998575
0.370239,-0.109572
0.370361,-0.0914935
0.370483,-0.0652888
0.370605,0.145126
0.370728,-0.0407258
0.37085,-0.400351
0.370972,-0.190225
0.371094,-0.100705
0.371216,-0.29046
0.371338,-0.322599
0.37146,0.00485855
0.371582,0.0711892
0.371704,-0.22629
0.371826,0.124338
0.371948,0.687224
0.37207,0.314267
0.372192,0.170666
0.372314,0.128679
0.372437,0.282817
0.372559,0.184615
0.372681,0.0625473
0.372803,0.467846
0.372925,0.454584
0.373047,0.324614
0.373169,0.0990466
0.373291,-0.0750104
0.373413,-0.0318882
0.373535,-0.1115
0.373657,-0.33099
0.373779,-0.0635898
0.373901,-0.0714687
0.374023,-0.0253863
0.374146,-0.259955
0.374268,0.0554241
0.37439,-0.196168
0.374512,-0.320833
0.374634,0.00947347
0.374756,0.154583
0.374878,-0.11346
0.375,-0.119646
0.375122,-0.0534738
0.375244,0.158694
0.375366,-0.193072
0.375488,-0.445357
0.37561,0.145696
0.375732,0.24259
0.375854,-0.50816
0.375977,-0.720102
0.376099,-0.0671023
0.376221,0.144987
0.376343,-0.261656
0.376465,-0.210054
0.376587,-0.0326431
0.376709,0.299713
0.376831,0.0992897
0.376953,-0.123991
0.377075,-0.19045
0.377197,0.239764
0.377319,0.197805
0.377441,-0.192981
0.377563,-0.178911
0.377686,0.167951
0.377808,-0.3679
0.37793,-0.652038
0.378052,-0.729754
0.378174,-0.753599
0.378296,-0.731397
0.378418,-0.40134
0.37854,-0.22802
0.378662,0.0932594
0.378784,0.131352
0.378906,-0.131224
0.379028,0.185973
0.37915,0.613721
0.379272,0.287544
0.379395,-0.100314
0.379517,0.177656
0.379639,0.474804
0.379761,0.192464
0.379883,-0.134745
0.380005,-0.0559627
0.380127,0.29314
0.380249,-0.0196242
0.380371,-0.209623
0.380493,-0.0210925
0.380615,0.234802
0.380737,0.0210514
0.380859,-0.159233
0.380981,0.0660324
0.381104,0.350829
0.381226,0.0838772
0.381348,-0.0359123
0.38147,0.118096
0.381592,0.149343
0.381714,0.0611707
0.381836,-0.268292
0.381958,-0.430338
0.38208,-0.175537
0.382202,-0.178338
0.382324,-0.283578
0.382446,-0.176507
0.382568,-0.00296362
0.38269,-0.210211
0.382813,-0.678821
0.382935,-0.416646
0.383057,0.0472329
0.383179,-0.0486614
0.383301,-0.246016
0.383423,0.105963
0.383545,0.298465
0.383667,0.0249702
0.383789,-0.199567
0.383911,0.146597
0.384033,0.168422
0.384155,-0.185815
0.384277,-0.0964711
0.384399,0.315415
0.384521,0.383673
0.384644,-0.160315
0.384766,-0.151422
0.384888,0.148365
0.38501,0.061032
0.385132,-0.301959
0.385254,-0.126177
0.385376,0.281085
0.385498,0.099876
0.38562,-0.0824257
0.385742,-0.176248
0.385864,0.342049
0.385986,0.663244
0.386108,0.103711
0.38623,-0.19139
0.386353,0.0517542
0.386475,0.209687
0.386597,-0.146351
0.386719,-0.338285
0.386841,-0.0501204
0.386963,0.261802
0.387085,-0.16436
0.387207,-0.309838
0.387329,0.0741743
0.387451,0.176705
0.387573,-0.205005
0.387695,-0.271651
0.387817,0.382214
0.387939,0.76652
0.388062,0.500588
0.388184,0.192673
0.388306,0.403369
0.388428,0.586788
0.38855,0.15397
0.388672,-0.39231
0.388794,-0.198783
0.388916,0.105633
0.389038,-0.313774
0.38916,-0.566492
0.389282,-0.249968
0.389404,-0.0350736
0.389526,-0.253685
0.389648,-0.392058
0.389771,-0.306346
0.389893,-0.0125773
0.390015,0.0684094
0.390137,-0.218975
0.390259,-0.0766363
0.390381,0.10301
0.390503,-0.0347667
0.390625,-0.165328
0.390747,-0.219297
0.390869,-0.0013866
0.390991,0.0318606
0.391113,-0.34459
0.391235,-0.364991
0.391357,-0.251377
0.391479,0.0165581
0.391602,-0.0578969
0.391724,0.0674805
0.391846,0.103186
0.391968,0.355987
0.39209,0.314445
0.392212,-0.0727046
0.392334,0.00274089
0.392456,0.380612
0.392578,0.0902729
0.3927,0.0273287
0.392822,0.496897
0.392944,0.552327
0.393066,0.0871961
0.393188,-0.265416
0.393311,0.191729
0.393433,0.201051
0.393555,-0.139784
0.393677,-0.275228
0.393799,0.062306
0.393921,0.204327
0.394043,-0.233868
0.394165,-0.357887
0.394287,0.16865
0.394409,-0.0323491
0.394531,-0.377038
0.394653,-0.0820603
0.394775,0.245941
0.394897,0.206764
0.39502,-0.109988
0.395142,-0.214401
0.395264,-0.0508705
0.395386,-0.00401218
0.395508,-0.161666
0.39563,-0.0160174
0.395752,0.0480053
0.395874,-0.289083
0.395996,-0.487101
0.396118,-0.151572
0.39624,-0.116889
0.396362,-0.179143
0.396484,0.0159083
0.396606,0.190713
0.396729,0.246097
0.396851,0.0753432
0.396973,-0.150539
0.397095,-0.121369
0.397217,0.046128
0.397339,0.0223832
0.397461,-0.102599
0.397583,0.0105127
0.397705,-0.0551378
0.397827,-0.423622
0.397949,-0.509685
0.398071,-0.552383
0.398193,-0.655152
0.398315,-0.542161
0.398438,-0.29235
0.39856,-0.3377
0.398682,0.0494984
0.398804,0.123625
0.398926,0.120904
0.399048,0.238975
0.39917,0.251717
0.399292,0.159438
0.399414,0.117843
0.399536,0.195351
0.399658,0.227472
0.39978,0.19497
0.399902,-0.00902951
0.400024,0.0167527
0.400146,0.110718
0.400269,0.041157
0.400391,-0.0989374
0.400513,0.00385094
0.400635,0.137216
0.400757,0.0653383
0.400879,-0.0294375
0.401001,-0.0230156
0.401123,0.201828
0.401245,0.239916
0.401367,0.300877
0.401489,0.110808
0.401611,-0.0547138
0.401733,-0.00381352
0.401855,-0.206999
0.401978,-0.2715
0.4021,-0.319398
0.402222,-0.168407
0.402344,-0.0468043
0.402466,-0.0379124
0.402588,-0.106051
0.40271,-0.459106
0.402832,-0.393135
0.402954,-0.263093
0.403076,-0.138335
0.403198,-0.0728691
0.40332,-0.159402
0.403442,-0.0163009
0.403564,0.189156
0.403687,0.141416
0.403809,-0.193788
0.403931,-0.0362217
0.404053,0.343146
0.404175,0.103467
0.404297,-0.173106
0.404419,0.196576
0.404541,0.362938
0.404663,-0.130381
0.404785,-0.141419
0.404907,0.197049
0.405029,0.164666
0.405151,-0.290668
0.405273,-0.261964
0.405396,0.317259
0.405518,0.324349
0.40564,-0.102261
0.405762,-0.258481
0.405884,0.328319
0.406006,0.609316
0.406128,0.0539994
0.40625,-0.192492
0.406372,0.0477697
0.406494,0.238616
0.406616,-0.124692
0.406738,-0.433555
0.40686,-0.192774
0.406982,0.084104
0.407104,-0.0316604
0.407227,-0.206809
0.407349,-0.102088
0.407471,0.188193
0.407593,-0.0739907
0.407715,-0.141778
0.407837,0.267541
0.407959,0.512791
0.408081,0.412007
0.408203,0.436953
0.408325,0.358145
0.408447,0.342134
0.408569,0.188953
0.408691,-0.223637
0.408813,-0.146543
0.408936,0.0804001
0.409058,-0.0947076
0.40918,-0.480262
0.409302,-0.358947
0.409424,-0.13029
0.409546,-0.174347
0.409668,-0.448565
0.40979,-0.327752
0.409912,-0.0345292
0.410034,-0.0154635
0.410156,-0.178251
0.410278,-0.0783539
0.4104,0.0759054
0.410522,0.0308065
0.410645,-0.0982477
0.410767,-0.144271
0.410889,-0.0342605
0.411011,0.127466
0.411133,-0.212237
0.411255,-0.540675
0.411377,-0.217706
0.411499,0.131672
0.411621,-0.0739932
0.411743,-0.328538
0.411865,0.141837
0.411987,0.473108
0.412109,0.244513
0.412231,-0.0993458
0.412354,-0.110925
0.412476,0.387276
0.412598,0.339118
0.41272,-0.0896448
0.412842,0.104677
0.412964,0.549601
0.413086,0.311098
0.413208,-0.236575
0.41333,-0.162197
0.413452,0.27778
0.413574,0.113316
0.413696,-0.353478
0.413818,-0.173105
0.41394,0.245569
0.414063,0.0541336
0.414185,-0.341744
0.414307,-0.168981
0.414429,-0.0424911
0.414551,-0.187008
0.414673,0.00916933
0.414795,0.045802
0.414917,-0.0228787
0.415039,0.0354273
0.415161,-0.109603
0.415283,-0.165385
0.415405,-0.0900183
0.415527,-0.0705783
0.415649,-0.0489017
0.415771,0.0533985
0.415894,-0.244031
0.416016,-0.242659
0.416138,-0.0985549
0.41626,-0.182205
0.416382,-0.101754
0.416504,0.0395325
0.416626,0.191828
0.416748,0.0811654
0.41687,0.0664456
0.416992,0.0495043
0.417114,-0.115772
0.417236,-0.0404245
0.417358,-0.0998408
0.41748,0.0089657
0.417603,-0.0537416
0.417725,-0.231535
0.417847,-0.300589
0.417969,-0.330437
0.418091,-0.558741
0.418213,-0.711951
0.418335,-0.417404
0.418457,-0.159015
0.418579,-0.228846
0.418701,-0.0521615
0.418823,0.0376971
0.418945,0.145103
0.419067,0.327546
0.419189,0.290745
0.419312,0.130321
0.419434,0.14895
0.419556,0.368155
0.419678,0.279701
0.4198,0.0561055
0.419922,-0.0967151
0.420044,0.120776
0.420166,0.270932
0.420288,-0.134786
0.42041,-0.186108
0.420532,0.0645272
0.420654,0.164985
0.420776,-0.0294718
0.420898,-0.20392
0.421021,0.0664545
0.421143,0.249233
0.421265,0.122864
0.421387,0.0130348
0.421509,0.132391
0.421631,0.0791401
0.421753,-0.0584849
0.421875,-0.315943
0.421997,-0.239969
0.422119,-0.0734322
0.422241,-0.0172613
0.422363,-0.202622
0.422485,-0.186274
0.422607,-0.0333459
0.422729,-0.340656
0.422852,-0.451975
0.422974,-0.21236
0.423096,-0.0782181
0.423218,-0.0674374
0.42334,-0.128327
0.423462,-0.117518
0.423584,0.0309518
0.423706,0.108759
0.423828,0.0223696
0.42395,-0.0564016
0.424072,0.0733568
0.424194,0.245346
0.424316,0.0244046
0.424438,0.097523
0.424561,0.177912
0.424683,-0.028565
0.424805,-0.103579
0.424927,-0.031677
0.425049,-0.0970479
0.425171,-0.142268
0.425293,-0.0263203
0.425415,0.0820391
0.425537,0.240623
0.425659,-0.133316
0.425781,-0.212887
0.425903,0.409644
0.426025,0.533797
0.426147,0.123385
0.42627,-0.244441
0.426392,0.178455
0.426514,0.180366
0.426636,-0.248933
0.426758,-0.334015
0.42688,-0.148653
0.427002,0.0602339
0.427124,-0.0155625
0.427246,-0.0767002
0.427368,-0.0931929
0.42749,-0.0134481
0.427612,-0.0661412
0.427734,-0.0609144
0.427856,0.278489
0.427979,0.520369
0.428101,0.263533
0.428223,0.237566
0.428345,0.356514
0.428467,0.314083
0.428589,0.151761
0.428711,-0.191565
0.428833,-0.138161
0.428955,-0.0357845
0.429077,-0.393245
0.429199,-0.391841
0.429321,-0.24772
0.429443,-0.138506
0.429565,-0.264533
0.429688,-0.427922
0.42981,-0.0781896
0.429932,0.170429
0.430054,-0.0516868
0.430176,-0.188321
0.430298,0.0637239
0.43042,0.126313
0.430542,-0.0878279
0.430664,-0.228937
0.430786,-0.0231736
0.430908,0.0563675
0.43103,-0.203127
0.431152,-0.40184
0.431274,-0.140507
0.431396,0.112296
0.431519,-0.236392
0.431641,-0.156106
0.431763,0.0599823
0.431885,0.264663
0.432007,0.180594
0.432129,0.187395
0.432251,0.0338575
0.432373,0.0885404
0.432495,0.20573
0.432617,0.0605666
0.432739,0.0823299
0.432861,0.378546
0.432983,0.328677
0.433105,-0.0326378
0.433228,-0.0681761
0.43335,0.241838
0.433472,0.102558
0.433594,-0.235455
0.433716,-0.228336
0.433838,-0.0658775
0.43396,0.0834943
0.434082,-0.25122
0.434204,-0.188231
0.434326,0.145933
0.434448,-0.124264
0.43457,-0.263925
0.434692,-0.0869127
0.434814,0.122925
0.434937,-0.0204675
0.435059,-0.0993164
0.435181,-0.0739283
0.435303,0.083574
0.435425,0.106793
0.435547,-0.163912
0.435669,-0.0891432
0.435791,0.0464641
0.435913,-0.270776
0.436035,-0.376784
0.436157,-0.0646664
0.436279,0.0501399
0.436401,-0.145456
0.436523,-0.127992
0.436646,0.174015
0.436768,0.226671
0.43689,0.014393
0.437012,-0.0968181
0.437134,-0.0986389
0.437256,0.106196
0.437378,0.0506569
0.4375,-0.132725
0.437622,-0.0286178
0.437744,-0.0619447
0.437866,-0.311325
0.437988,-0.375698
0.43811,-0.500759
0.438232,-0.502169
0.438354,-0.373651
0.438477,-0.291808
0.438599,-0.217696
0.438721,0.0444422
0.438843,0.140754
0.438965,0.0943734
0.439087,0.155564
0.439209,0.200623
0.439331,0.205132
0.439453,0.0714441
0.439575,0.123966
0.439697,0.225173
0.439819,0.0403041
0.439941,-0.117985
0.440063,-0.000935474
0.440186,0.0813069
0.440308,0.05882
0.44043,-0.0568971
0.440552,0.0400686
0.440674,0.056786
0.440796,-0.00186002
0.440918,-0.0408805
0.44104,0.129019
0.441162,0.191949
0.441284,0.0824482
0.441406,0.120312
0.441528,0.0795136
0.44165,0.00831307
0.441772,-0.028606
0.441895,-0.168703
0.442017,-0.237611
0.442139,-0.137091
0.442261,-0.0174643
0.442383,-0.101929
0.442505,-0.179807
0.442627,-0.252034
0.442749,-0.213333
0.442871,-0.190257
0.442993,-0.189158
0.443115,-0.125982
0.443237,-0.0729618
0.443359,-0.0173115
0.443481,0.0391404
0.443604,0.0691109
0.443726,-0.040881
0.443848,-0.0117985
0.44397,0.0371744
0.444092,0.0878635
0.444214,0.0072394
0.444336,-0.0542425
0.444458,0.211339
0.44458,0.23369
0.444702,-0.0811257
0.444824,-0.130575
0.444946,0.0494801
0.445068,-0.0116839
0.44519,-0.189453
0.445313,0.00358802
0.445435,0.149654
0.445557,0.112802
0.445679,-0.127897
0.445801,-0.0625456
0.445923,0.354377
0.446045,0.430723
0.446167,-0.0721625
0.446289,-0.245647
0.446411,0.125371
0.446533,0.254939
0.446655,-0.192571
0.446777,-0.34753
0.446899,-0.0531414
0.447021,0.119451
0.447144,-0.138782
0.447266,-0.175737
0.447388,-0.0114691
0.44751,0.0475943
0.447632,-0.116228
0.447754,-0.201441
0.447876,0.330428
0.447998,0.416144
0.44812,0.259617
0.448242,0.19978
0.448364,0.323012
0.448486,0.293838
0.448608,0.098724
0.44873,-0.154488
0.448853,-0.113355
0.448975,0.00435554
0.449097,-0.148814
0.449219,-0.312987
0.449341,-0.190215
0.449463,-0.0763586
0.449585,-0.17424
0.449707,-0.315231
0.449829,-0.145349
0.449951,0.055317
0.450073,0.0492187
0.450195,-0.140611
0.450317,-0.0698058
0.450439,0.0938445
0.450562,0.102354
0.450684,-0.115143
0.450806,-0.215469
0.450928,0.138074
0.45105,-0.0128515
0.451172,-0.196008
0.451294,-0.210353
0.451416,-0.0205022
0.451538,0.0896096
0.45166,-0.110837
0.451782,-0.0596232
0.451904,0.102111
0.452026,0.304335
0.452148,0.11635
0.452271,-0.105206
0.452393,0.122056
0.452515,0.188833
0.452637,0.0930553
0.452759,0.133531
0.452881,0.262579
0.453003,0.251358
0.453125,0.105332
0.453247,-0.0639796
0.453369,-0.0126152
0.453491,0.0235254
0.453613,-0.0889736
0.453735,-0.114043
0.453857,-0.0804227
0.453979,-0.0343137
0.454102,-0.0735769
0.454224,-0.081858
0.454346,-0.00667576
0.454468,-0.256766
0.45459,-0.0757886
0.454712,0.171398
0.454834,0.0340799
0.454956,-0.113766
0.455078,0.0207399
0.4552,0.0745907
0.455322,0.0554744
0.455444,-0.0810625
0.455566,-0.122301
0.455688,0.0866832
0.455811,0.0115465
0.455933,-0.266958
0.456055,-0.385229
0.456177,-0.0501625
0.456299,0.0131445
0.456421,-0.152656
0.456543,-0.171365
0.456665,0.106487
0.456787,0.299509
0.456909,0.111184
0.457031,-0.0130677
0.457153,0.038349
0.457275,0.011412
0.457397,-0.0301307
0.45752,-0.0431181
0.457642,-0.0121913
0.457764,-0.0990593
0.457886,-0.34718
0.458008,-0.282822
0.45813,-0.375648
0.458252,-0.493366
0.458374,-0.27957
0.458496,-0.2349
0.458618,-0.243542
0.45874,0.00322257
0.458862,0.14246
0.458984,0.22514
0.459106,0.186362
0.459229,0.0930902
0.459351,0.178783
0.459473,0.12014
0.459595,0.176834
0.459717,0.120705
0.459839,0.123782
0.459961,-0.0550491
0.460083,-0.0541984
0.460205,0.0302578
0.460327,0.0238644
0.460449,-0.0564239
0.460571,-0.0587506
0.460693,0.0460029
0.460815,-0.0404113
0.460938,-0.0807437
0.46106,0.114671
0.461182,0.0553042
0.461304,0.0370966
0.461426,0.0165589
0.461548,0.0512037
0.46167,0.0377751
0.461792,0.0400968
0.461914,-0.17751
0.462036,-0.186753
0.462158,-0.071336
0.46228,-0.00156629
0.462402,-0.142394
0.462524,-0.19306
0.462646,-0.106196
0.462769,-0.273033
0.462891,-0.31485
0.463013,-0.199314
0.463135,0.0482243
0.463257,0.00854758
0.463379,-0.16768
0.463501,0.00310215
0.463623,0.173551
0.463745,0.150935
0.463867,-0.0904723
0.463989,0.0293555
0.464111,0.230756
0.464233,0.0832686
0.464355,-0.107835
0.464478,0.106961
0.4646,0.132225
0.464722,-0.066048
0.464844,-0.154984
0.464966,-0.001533
0.465088,0.0245041
0.46521,-0.0313652
0.465332,0.0878898
0.465454,0.10002
0.465576,0.08543
0.465698,-0.0861086
0.46582,-0.0586185
0.465942,0.249456
0.466064,0.199066
0.466187,0.057688
0.466309,-0.0735562
0.466431,0.0727268
0.466553,0.0794673
0.466675,-0.0824141
0.466797,-0.234915
0.466919,-0.0083008
0.467041,0.0218626
0.467163,-0.103181
0.467285,-0.167787
0.467407,0.0240536
0.467529,0.190739
0.467651,-0.188302
0.467773,-0.0524634
0.467896,0.400579
0.468018,0.385227
0.46814,0.209987
0.468262,0.19709
0.468384,0.402
0.468506,0.286118
0.468628,0.0186093
0.46875,-0.214913
0.468872,0.0468038
0.468994,0.0185548
0.469116,-0.397427
0.469238,-0.25852
0.46936,0.0111003
0.469482,0.0044358
0.469604,-0.384799
0.469727,-0.37188
0.469849,0.103936
0.469971,0.21577
0.470093,-0.138311
0.470215,-0.36749
0.470337,0.083706
0.470459,0.203192
0.470581,-0.0916038
0.470703,-0.314809
0.470825,0.0021942
0.470947,0.2024
0.471069,-0.148185
0.471191,-0.336189
0.471313,-0.0560983
0.471436,0.076423
0.471558,-0.111978
0.47168,-0.0987928
0.471802,0.0928907
0.471924,0.176175
0.472046,0.13327
0.472168,0.112156
0.47229,0
0.472412,0.119881
0.472534,0.159445
0.472656,0.0418044
0.472778,0.108729
0.4729,0.255372
0.473022,0.194756
0.473145,-0.0122052
0.473267,-0.0753117
0.473389,0.0831202
0.473511,0.0171805
0.473633,-0.139455
0.473755,-0.156466
0.473877,-0.00999264
0.473999,0.0641757
0.474121,-0.122527
0.474243,-0.159415
0.474365,-0.00355489
0.474487,-0.198879
0.474609,-0.0688303
0.474731,-0.00212669
0.474854,0.0885257
0.474976,0.0176878
0.475098,-0.0925939
0.47522,0.0466048
0.475342,0.0479702
0.475464,-0.0796374
0.475586,-0.147854
0.475708,0.0766685
0.47583,0.113134
0.475952,-0.281505
0.476074,-0.33944
0.476196,0.017516
0.476318,0.0706954
0.47644,-0.116778
0.476563,-0.170456
0.476685,0.100499
0.476807,0.147812
0.476929,-0.0167171
0.477051,-0.0855915
0.477173,-0.0333689
0.477295,0.116677
0.477417,0.00416298
0.477539,-0.134472
0.477661,-0.00484733
0.477783,-0.0179868
0.477905,-0.252952
0.478027,-0.344535
0.478149,-0.445596
0.478271,-0.27633
0.478394,-0.176927
0.478516,-0.284044
0.478638,-0.144288
0.47876,0.162681
0.478882,0.089147
0.479004,-0.0123314
0.479126,0.16768
0.479248,0.237258
0.47937,0.138664
0.479492,-0.0661934
0.479614,0.149983
0.479736,0.258808
0.479858,0.0442266
0.47998,-0.0638961
0.480103,-0.00679082
0.480225,0.143825
0.480347,0.0616759
0.480469,-0.197035
0.480591,-0.0683199
0.480713,0.134479
0.480835,0.0445576
0.480957,-0.190871
0.481079,0.0384065
0.481201,0.189825
0.481323,0.132479
0.481445,-0.0335913
0.481567,-0.00134234
0.481689,0.111976
0.481812,-0.0147369
0.481934,-0.196747
0.482056,-0.229983
0.482178,-0.0534321
0.4823,0.0146795
0.482422,-0.0373295
0.482544,-0.111213
0.482666,-0.0851581
0.482788,-0.140905
0.48291,-0.218456
0.483032,-0.171808
0.483154,-0.0284963
0.483276,-0.0158894
0.483398,-0.0701095
0.483521,0.0317167
0.483643,0.0745936
0.483765,0.0158274
0.483887,0
0.484009,0.0171129
0.484131,0.130194
0.484253,-0.0295607
0.484375,0.00196879
0.484497,0.192753
0.484619,0.0137546
0.484741,-0.0981516
0.484863,0.0104593
0.484985,0.0692251
0.485107,-0.0561089
0.485229,-0.0958135
0.485352,0.0853015
0.485474,0.0982287
0.485596,0.016897
0.485718,-0.0779102
0.48584,0.0739424
0.485962,0.281873
0.486084,0.178022
0.486206,-0.00776064
0.486328,0.0129218
0.48645,0.0994006
0.486572,0.0748001
0.486694,-0.141724
0.486816,-0.166685
0.486938,-0.0237889
0.487061,0.00963472
0.487183,-0.118712
0.487305,-0.0641061
0.487427,0.0666053
0.487549,0.0179147
0.487671,-0.127198
0.487793,0.0459765
0.487915,0.273038
0.488037,0.365819
0.488159,0.141983
0.488281,0.0884141
0.488403,0.191271
0.488525,0.201876
0.488647,0.000634208
0.48877,-0.262307
0.488892,0.00632974
0.489014,0.0347796
0.489136,-0.289337
0.489258,-0.307357
0.48938,-0.0271118
0.489502,0.0340141
0.489624,-0.264296
0.489746,-0.274097
0.489868,0.00565244
0.48999,0.0765471
0.490112,-0.0288339
0.490234,-0.092053
0.490356,-0.0181424
0.490479,0.057499
0.490601,0.0212289
0.490723,-0.0860802
0.490845,-0.0548382
0.490967,0.041711
0.491089,-0.0814748
0.491211,-0.13483
0.491333,-0.117939
0.491455,-0.0105421
0.491577,-0.0266394
0.491699,-0.127497
0.491821,0.0364804
0.491943,0.227934
0.492065,0.0759039
0.492188,-0.0419222
0.49231,-0.00800671
0.492432,0.127982
0.492554,0.0682316
0.492676,-0.0239499
0.492798,0.139878
0.49292,0.33587
0.493042,0.136543
0.493164,-0.0795216
0.493286,-0.00733329
0.493408,0.13126
0.49353,0.00548924
0.493652,-0.132222
0.493774,-0.0724383
0.493896,0.0176358
0.494019,0.0376673
0.494141,-0.0874
0.494263,-0.00666987
0.494385,0.0254419
0.494507,-0.208783
0.494629,-0.10036
0.494751,0.0797265
0.494873,0.0669773
0.494995,0.00542529
0.495117,-0.0343266
0.495239,0.02948
0.495361,-0.0805402
0.495483,-0.0690529
0.495605,0.00719848
0.495728,0.070716
0.49585,-0.140097
0.495972,-0.287097
0.496094,-0.129665
0.496216,0.0232811
0.496338,0.022662
0.49646,-0.215675
0.496582,-0.0416644
0.496704,0.176009
0.496826,0.131284
0.496948,-0.0617203
0.49707,-0.0788537
0.497192,0.0331691
0.497314,-0.00828419
0.497437,-0.0597062
0.497559,-0.088586
0.497681,0.00589997
0.497803,0.0683728
0.497925,-0.222584
0.498047,-0.458851
0.498169,-0.229789
0.498291,-0.111553
0.498413,-0.23286
0.498535,-0.291231
0.498657,-0.0883962
0.498779,0.216389
0.498901,0.064269
0.499023,-0.134833
0.499146,0.125955
0.499268,0.360018
0.49939,0.0989375
0.499512,-0.0819798
0.499634,0.0917743
0.499756,0.269832
0.499878,0.0886966
