# BEGINHEADER
# This file contains data from the SALSA 2m radio telescope.
# DATE=2024-01-31T11:49:0004
# GLON and GLAT given in degrees
# GLON=30.84242126278207
# GLAT=-37.8537556986992
# DATA in two columns below. Col. 1 is velocity relative to LSR [km/s]. Col. 2 is uncalibrated antenna temperature [K].
# ENDHEADER
2382.136755508827 51.93513008996585
2380.0756115582285 106.67876416415085
2378.0144676076297 95.1896217379631
2375.953323657031 104.62053353314136
2373.8921797064318 102.93244307829674
2371.8310357558335 108.92585952204928
2369.7698918052347 109.53573810583869
2367.7087478546364 114.9889681699031
2365.647603904037 120.29277611565306
2363.586459953439 125.94821450993355
2361.52531600284 131.661559002981
2359.464172052242 138.045408575336
2357.403028101643 143.2551573989694
2355.3418841510443 150.06700174539864
2353.2807402004455 156.2421947040669
2351.219596249847 162.14349447684125
2349.1584522992484 168.13035467337772
2347.09730834865 173.5070345141219
2345.036164398051 179.8027389862154
2342.9750204474526 184.080841654718
2340.913876496854 190.21318852611876
2338.8527325462555 193.91652109942936
2336.791588595657 199.92951097357133
2334.730444645058 202.99792139047705
2332.6693006944593 207.4050239005271
2330.608156743861 210.67025234100146
2328.547012793262 214.2586107138999
2326.485868842664 216.52881307488084
2324.4247248920647 218.44493335811998
2322.3635809414664 219.8412280208667
2320.3024369908676 226.42879590977395
2318.2412930402693 225.89507654479192
2316.1801490896705 225.92610266199088
2314.1190051390718 227.80487482920603
2312.0578611884725 229.12518738091296
2309.9967172378742 229.80161714789367
2307.9355732872755 230.93237442256475
2305.874429336677 230.7585490666416
2303.813285386078 231.84969325167228
2301.7521414354796 233.31316746411613
2299.690997484881 232.43957160088127
2297.6298535342826 235.74168273068216
2295.568709583684 236.16203456043758
2293.507565633085 233.923591330084
2291.4464216824863 235.95078314676255
2289.385277731888 239.18717630772096
2287.324133781289 237.35122703374472
2285.2629898306905 238.43367154531276
2283.2018458800917 239.67127964848987
2281.1407019294934 237.69828540005224
2279.0795579788946 239.34162252881958
2277.0184140282963 241.55759365099294
2274.9572700776976 241.72991341799903
2272.896126127099 241.97123297110298
2270.8349821765 242.9703723827363
2268.7738382259017 242.60604171842547
2266.712694275303 244.622789766741
2264.651550324704 243.75011923544383
2262.5904063741054 242.43018885091124
2260.529262423507 244.30203355640785
2258.4681184729084 244.10468617179268
2256.40697452231 243.73038237813424
2254.3458305717113 244.10672649308987
2252.2846866211125 246.7703426316174
2250.2235426705133 245.35100010331217
2248.162398719915 245.76059979788448
2246.1012547693163 246.7027871030889
2244.0401108187175 248.14711530569454
2241.9789668681187 246.45177416502852
2239.9178229175204 244.96190622975723
2237.8566789669217 249.5566791575572
2235.7955350163234 246.6724648276671
2233.7343910657246 247.73841198317052
2231.673247115126 249.97076793080257
2229.612103164527 250.50205051730913
2227.5509592139288 248.07061543068056
2225.48981526333 250.55796183458338
2223.4286713127312 252.67079275477687
2221.3675273621325 249.82279666918194
2219.306383411534 249.44990089531004
2217.2452394609354 251.8643776071478
2215.184095510337 250.4295753512758
2213.1229515597383 250.8609717317135
2211.0618076091396 252.40664335490413
2209.000663658541 251.03252802414275
2206.9395197079425 252.58888483693468
2204.8783757573437 255.64135916413773
2202.817231806745 258.9860393092129
2200.756087856146 253.71732917461838
2198.694943905548 254.0381816189413
2196.633799954949 252.29441086970095
2194.572656004351 253.47454627879608
2192.511512053752 252.12454419576613
2190.4503681031533 254.09260228041794
2188.3892241525546 253.83878786059896
2186.328080201956 254.74836409443913
2184.266936251357 252.09469327670232
2182.2057923007583 253.2978827432941
2180.1446483501595 252.30529564809154
2178.083504399561 253.36909798097105
2176.0223604489624 253.26802513038638
2173.961216498364 251.6732857255488
2171.9000725477654 256.9745587743387
2169.8389285971666 255.11119914505613
2167.777784646568 252.2864835588214
2165.7166406959695 255.7109015698378
2163.655496745371 254.2720000715716
2161.594352794772 253.1228334179864
2159.5332088441733 255.53678282207
2157.472064893575 254.91556646286944
2155.410920942976 254.94017770605407
2153.349776992378 255.16982773757067
2151.288633041779 255.66601167081654
2149.2274890911804 258.0140761405196
2147.1663451405816 255.20140274127198
2145.1052011899833 256.3945508450585
2143.0440572393845 255.95695071988814
2140.9829132887858 257.65636606799427
2138.921769338187 255.9453127275982
2136.8606253875887 254.04091153054952
2134.79948143699 256.38545528584933
2132.7383374863916 256.4621276443201
2130.677193535793 253.9589264705163
2128.616049585194 255.58471131888658
2126.5549056345953 257.2679575162178
2124.493761683997 256.28722744132546
2122.432617733398 253.81492922956306
2120.371473782799 257.1616748107936
2118.3103298322003 252.88997612159318
2116.249185881602 257.5716428256168
2114.188041931003 253.66298072597345
2112.126897980405 255.33918072538302
2110.065754029806 257.19393435238766
2108.0046100792074 255.5275347792151
2105.9434661286086 256.89566710480125
2103.8823221780103 257.5341856269758
2101.8211782274116 253.71662641900443
2099.760034276813 254.95710940013433
2097.698890326214 254.2276164352991
2095.6377463756157 254.07449074650012
2093.576602425017 256.36584373987864
2091.515458474418 255.84610377423388
2089.4543145238194 256.86534424351163
2087.393170573221 250.4621959828537
2085.3320266226224 256.2315657924138
2083.270882672024 253.40424659678607
2081.209738721425 253.64166546212684
2079.1485947708265 256.79111444048283
2077.087450820228 255.35257265889993
2075.0263068696295 254.36240284507025
2072.9651629190307 254.28087806566901
2070.904018968432 252.56937714600267
2068.842875017833 254.54883029528773
2066.781731067235 253.41790703209261
2064.720587116636 253.87852185740223
2062.659443166038 254.67658675696947
2060.5982992154386 252.8207280848208
2058.5371552648403 252.90779410652397
2056.4760113142415 256.65713038460535
2054.4148673636428 249.50545651341943
2052.353723413044 255.02904060156052
2050.2925794624457 245.23209180403643
2048.231435511847 299.8004073936531
2046.1702915612482 275.8195976381048
2044.1091476106494 246.8062853250796
2042.048003660051 255.98711544421224
2039.9868597094521 248.8297900827265
2037.9257157588538 253.81650796515115
2035.864571808255 252.55128797156792
2033.8034278576565 253.15921451676937
2031.7422839070578 250.66845827388838
2029.6811399564592 251.57693842780876
2027.6199960058605 249.0584589767238
2025.558852055262 252.76914848111065
2023.4977081046632 248.80463043765286
2021.4365641540649 251.09512528627283
2019.3754202034659 250.76821904539057
2017.3142762528676 251.45911902160262
2015.2531323022688 248.47079556658838
2013.19198835167 247.95787772791687
2011.1308444010713 250.2810141188678
2009.0697004504727 247.8472936379839
2007.008556499874 248.02914566262228
2004.9474125492754 246.1586788707419
2002.8862685986767 247.08454750549527
2000.8251246480784 248.59417561508533
1998.7639806974794 248.17373880599598
1996.702836746881 246.6919111280102
1994.6416927962823 245.90240490039653
1992.5805488456838 246.78356999501202
1990.519404895085 244.77862585932277
1988.4582609444865 242.99046724376905
1986.3971169938877 245.2827801256394
1984.3359730432892 246.86924771093257
1982.2748290926902 243.01032830179756
1980.213685142092 241.7669782460854
1978.152541191493 245.2861589227685
1976.0913972408946 242.12877791784507
1974.0302532902958 243.0237620900949
1971.9691093396973 243.23702981314625
1969.9079653890985 241.72299688163773
1967.8468214385 240.89940387539764
1965.7856774879012 238.03385168368297
1963.7245335373027 238.5648769859582
1961.663389586704 242.17374114129723
1959.6022456361056 237.72010641893937
1957.5411016855066 237.5669461672912
1955.4799577349083 236.21378748946972
1953.4188137843096 236.87830926219132
1951.3576698337108 235.03740670425591
1949.296525883112 235.4626861153035
1947.2353819325135 235.27844093316696
1945.1742379819148 233.4476163336344
1943.1130940313162 234.79077591022605
1941.0519500807175 232.29161421896697
1938.9908061301192 234.69617321071112
1936.9296621795202 231.56068796437947
1934.8685182289219 232.81724708339098
1932.807374278323 230.4408846753417
1930.7462303277246 229.80343716137997
1928.6850863771258 227.88101637475825
1926.6239424265273 228.69753311811917
1924.5627984759285 224.86647990295234
1922.50165452533 227.3507637190995
1920.440510574731 225.39756788092015
1918.3793666241327 224.82364700306334
1916.3182226735337 221.142182998731
1914.2570787229354 219.63943428352704
1912.1959347723366 218.1970926407684
1910.134790821738 215.56340653948308
1908.0736468711393 212.43642040463322
1906.0125029205408 208.50273577381918
1903.951358969942 208.016880034888
1901.8902150193435 201.52630156748467
1899.8290710687447 197.03169478043148
1897.7679271181462 195.90416780066772
1895.7067831675474 189.00662962937392
1893.6456392169491 185.07788452692225
1891.5844952663504 179.25191887499633
1889.5233513157518 174.05137067261361
1887.4622073651528 167.76001418555109
1885.4010634145543 163.13826060699938
1883.3399194639555 156.69796398542425
1881.278775513357 150.23791793492677
1879.2176315627582 143.36559685117314
1877.1564876121597 138.1665768683182
1875.095343661561 131.27567198924388
1873.0341997109626 123.67733547070058
1870.9730557603639 120.43195851704594
1868.9119118097653 115.62263313527589
1866.8507678591666 111.41300695176513
1864.789623908568 108.6237364282135
1862.7284799579693 103.50573292230412
1860.6673360073707 103.84208066072415
1858.6061920567718 95.7841752317866
1856.5450481061732 106.80032485611802
