# BEGINHEADER
# This file contains data from the SALSA 2m radio telescope.
# DATE=2024-01-31T12:02:0044
# GLON and GLAT given in degrees
# GLON=37.436644683872025
# GLAT=-32.035440802682686
# DATA in two columns below. Col. 1 is velocity relative to LSR [km/s]. Col. 2 is uncalibrated antenna temperature [K].
# ENDHEADER
2384.9751171386497 19.742829955283547
2382.913973188051 40.946968134548996
2380.852829237452 36.52860498891792
2378.7916852868534 40.21384788837203
2376.730541336255 39.506219753470276
2374.6693973856563 41.55806634946152
2372.608253435058 42.419244290798055
2370.5471094844593 44.80736097980335
2368.4859655338605 46.304930104306855
2366.4248215832617 48.46452447371428
2364.3636776326634 50.6005256342901
2362.3025336820647 52.38976751400096
2360.241389731466 54.95354459817284
2358.180245780867 57.56091168999507
2356.119101830269 59.89184057761512
2354.05795787967 62.241372585315396
2351.996813929072 64.59052099117524
2349.9356699784726 66.98488127039468
2347.8745260278743 68.86929869065527
2345.8133820772755 71.35172638038206
2343.752238126677 72.50929879458549
2341.6910941760784 75.07629084929803
2339.6299502254797 76.33798637433912
2337.568806274881 77.73379523813018
2335.5076623242826 80.69461857468225
2333.446518373684 80.49961249420323
2331.385374423085 82.28095539617563
2329.324230472486 83.33471245007995
2327.2630865218875 84.15807193879787
2325.201942571289 85.17002723259515
2323.1407986206905 85.21175876326654
2321.0796546700917 85.77905780982614
2319.018510719493 86.78157415452338
2316.957366768894 87.62144979972989
2314.896222818296 88.41497188377961
2312.835078867697 88.14121330293042
2310.773934917099 88.67916741970473
2308.7127909664996 89.17705193311618
2306.6516470159013 90.15314580088761
2304.5905030653025 90.05820271691508
2302.529359114704 89.5691425506757
2300.4682151641055 90.49428856447858
2298.4070712135067 90.20654314487236
2296.345927262908 90.63951585988708
2294.2847833123096 90.63753307730695
2292.223639361711 91.53376225672274
2290.1624954111126 91.55112553073594
2288.1013514605133 90.32462272347824
2286.040207509915 92.3465750205717
2283.9790635593163 91.46217399923712
2281.917919608718 92.99385283799256
2279.856775658119 92.9812748180735
2277.7956317075204 92.8773066755379
2275.7344877569217 92.31460572024736
2273.6733438063234 92.72933367437851
2271.6121998557246 93.33848705940649
2269.5510559051263 93.5732946556694
2267.4899119545266 93.71594467892665
2265.4287680039283 94.3360359126614
2263.3676240533296 93.37593878310187
2261.3064801027313 93.34077482499526
2259.2453361521325 95.03518243411324
2257.1841922015337 94.96779116656059
2255.123048250935 93.94762619063223
2253.0619043003367 94.52277568196818
2251.000760349738 94.33026124792416
2248.9396163991396 95.08239546079113
2246.8784724485404 95.21176641001011
2244.817328497942 95.27717477089256
2242.7561845473433 95.15498087036859
2240.695040596745 94.7124398819705
2238.6338966461462 95.6901746088353
2236.5727526955475 95.58396484801806
2234.5116087449487 96.1044181097182
2232.4504647943504 95.27599614904331
2230.3893208437516 95.77665896773294
2228.3281768931533 96.19411516861116
2226.267032942554 95.93062555192168
2224.205888991956 95.56862557651196
2222.144745041357 95.59854119717318
2220.0836010907587 97.81169562139526
2218.02245714016 95.94862004653868
2215.961313189561 95.72400553176806
2213.9001692389625 96.53264341503656
2211.839025288364 96.59305723119127
2209.7778813377654 95.38284689865819
2207.716737387167 97.26179197277985
2205.6555934365674 104.434351771289
2203.594449485969 95.75563988118303
2201.5333055353703 96.63431970812383
2199.472161584772 96.17819386835535
2197.4110176341733 97.74983246673045
2195.3498736835745 97.16283532311844
2193.2887297329758 97.07105276000527
2191.2275857823774 97.22314829302042
2189.1664418317787 96.56935784579743
2187.1052978811804 96.75976580714838
2185.044153930581 97.73249270482708
2182.983009979983 97.0070313059578
2180.921866029384 97.5243795881389
2178.860722078786 97.39864236210464
2176.799578128187 98.62107428106285
2174.7384341775883 96.61093927768204
2172.6772902269895 97.53315883389853
2170.616146276391 96.41962241673002
2168.5550023257924 97.3789281350258
2166.493858375194 97.72521160823457
2164.432714424595 97.79849369249749
2162.3715704739966 97.13572374584406
2160.310426523398 97.39479442559733
2158.2492825727995 98.4718816413978
2156.1881386222008 97.50448393282538
2154.126994671602 97.9020730576535
2152.0658507210032 96.9616549807865
2150.004706770405 98.07841203658651
2147.943562819806 97.96032797944923
2145.8824188692074 97.77858753933764
2143.821274918608 98.18207921468093
2141.76013096801 97.29117839585591
2139.698987017411 97.72459020900861
2137.637843066813 97.95306594055417
2135.576699116214 98.39048801827364
2133.5155551656153 98.8513314621588
2131.4544112150165 96.4188140664462
2129.3932672644182 97.4037199016177
2127.3321233138195 98.75275454626585
2125.2709793632207 97.87079196061609
2123.209835412622 101.25877099061515
2121.1486914620236 102.06663054005782
2119.087547511425 100.88235783859835
2117.0264035608266 99.37496738414167
2114.965259610228 97.94471293602209
2112.904115659629 98.0134777033947
2110.8429717090303 97.61924229094983
2108.781827758432 98.7584241418794
2106.720683807833 99.1905812632073
2104.6595398572344 97.74016927098009
2102.5983959066357 98.50296498881617
2100.5372519560374 97.18288974087248
2098.4761080054386 98.26194551111831
2096.41496405484 97.21448639232972
2094.353820104241 99.55290862302108
2092.292676153643 97.50850076044699
2090.231532203044 96.3300290385798
2088.1703882524457 97.23509116872503
2086.109244301847 97.15503689293277
2084.048100351248 97.6731490531064
2081.9869564006494 96.16767068162508
2079.9258124500507 99.29354692575741
2077.864668499452 98.73432888647791
2075.8035245488536 96.52335096824653
2073.742380598255 97.19041986160178
2071.6812366476565 96.45690934929705
2069.6200926970573 97.73623415998415
2067.558948746459 96.83206942390048
2065.4978047958602 97.73065250262185
2063.436660845262 97.10659699297393
2061.375516894663 95.14598440768283
2059.3143729440644 96.82310852149965
2057.2532289934657 94.51177657083193
2055.1920850428673 99.29762056253912
2053.1309410922686 91.83784200887312
2051.0697971416703 141.6231373442288
2049.008653191071 111.65639036382463
2046.9475092404728 90.95724142200059
2044.886365289874 98.812165572742
2042.8252213392755 94.96728227589973
2040.7640773886767 96.79121249353902
2038.7029334380782 95.7344924481174
2036.6417894874794 98.15991221081143
2034.5806455368806 95.35329910390317
2032.5195015862819 95.45161513552685
2030.4583576356836 94.77509903828003
2028.3972136850846 95.47831145032475
2026.3360697344863 96.70264550878056
2024.2749257838875 95.36880985979477
2022.213781833289 96.92315094999326
2020.1526378826902 95.25492052841186
2018.0914939320917 94.69567312471317
2016.030349981493 94.93453991904228
2013.9692060308944 94.52538614086725
2011.9080620802956 95.05241947179746
2009.846918129697 94.82393578630297
2007.7857741790983 95.09717881762302
2005.7246302285 93.7957966905782
2003.6634862779013 94.33581342386377
2001.6023423273025 93.81670553437885
1999.5411983767037 92.81678069712137
1997.4800544261052 95.05750224922492
1995.4189104755064 93.8994205026814
1993.357766524908 94.4605467953919
1991.2966225743091 93.54418825286744
1989.2354786237106 93.89455515149884
1987.1743346731118 93.82025223976801
1985.1131907225135 92.79681353002358
1983.0520467719148 92.26401872891095
1980.9909028213162 93.2733326968527
1978.9297588707175 93.29190682308374
1976.868614920119 92.08447176529279
1974.8074709695202 92.48129144112877
1972.7463270189216 91.65629807368269
1970.6851830683227 92.04531117401473
1968.6240391177241 90.96495551672666
1966.5628951671254 91.54795998703574
1964.501751216527 92.33080727140005
1962.440607265928 90.97439679799875
1960.3794633153298 91.98648971400821
1958.318319364731 90.62990535007526
1956.2571754141325 91.41678123298583
1954.1960314635337 89.8430938082204
1952.1348875129352 90.08249003539865
1950.0737435623364 90.4157541616105
1948.0125996117379 89.3849377671358
1945.951455661139 89.53426897550098
1943.8903117105408 89.2633126690984
1941.8291677599418 89.42822935478247
1939.7680238093433 88.95700170483143
1937.7068798587445 88.27351325490581
1935.645735908146 88.38122982335602
1933.5845919575472 88.94989735732504
1931.5234480069487 87.5874586227662
1929.46230405635 88.01032471089123
1927.4011601057514 87.1964695214511
1925.3400161551526 86.36913383804836
1923.2788722045543 86.48203420583646
1921.2177282539553 85.3110246081718
1919.156584303357 84.8020831442445
1917.0954403527583 84.8380953598949
1915.0342964021597 83.75056898385019
1912.973152451561 82.33021719111511
1910.9120085009624 81.82393774171956
1908.8508645503634 80.91607140303108
1906.789720599765 78.55125145500534
1904.7285766491661 76.873723404142
1902.6674326985678 76.22477450002884
1900.6062887479688 74.10421197888147
1898.5451447973705 72.74391624967538
1896.4840008467718 71.11443323047848
1894.4228568961732 68.4439435432915
1892.3617129455745 67.10182433023068
1890.300568994976 65.0184068774968
1888.2394250443772 61.68464545127241
1886.1782810937787 60.3153742782115
1884.11713714318 57.435849826615666
1882.0559931925816 54.45888563064706
1879.9948492419826 52.15604004094783
1877.933705291384 50.862344871364904
1875.8725613407853 48.16090564426379
1873.8114173901868 45.73980443488065
1871.750273439588 44.65434393491467
1869.6891294889895 42.03925616872551
1867.6279855383907 41.85472440755032
1865.5668415877922 39.257320841137535
1863.5056976371934 40.28542444258473
1861.444553686595 36.89494786978773
1859.383409735996 41.47458264172189
