-5555.56,-2.0609,-0.917573
-5550.13,-3.40062,-0.971901
-5544.7,-16.0974,-0.503946
-5539.28,-18.9684,2.20993
-5533.85,11.6934,12.9459
-5528.43,26.6889,26.4461
-5523,12.6225,20.7616
-5517.58,-0.663429,12.7992
-5512.15,-9.78907,35.1792
-5506.73,-9.11566,41.0535
-5501.3,-19.6132,-2.79356
-5495.88,-18.1748,-23.1623
-5490.45,3.15104,1.58753
-5485.03,0.60054,-3.74945
-5479.6,3.35437,-29.1351
-5474.17,8.56527,-34.2729
-5468.75,1.74472,-22.0312
-5463.32,7.4023,12.4477
-5457.9,-4.97931,25.4371
-5452.47,-35.5209,5.37735
-5447.05,-30.0247,-15.318
-5441.62,-9.31366,-21.5749
-5436.2,-23.1549,-9.0383
-5430.77,-31.3149,-1.0868
-5425.35,0.623983,1.35899
-5419.92,20.2472,-1.30117
-5414.5,-0.440559,-6.02441
-5409.07,-12.6643,-6.16255
-5403.65,8.73471,-18.1247
-5398.22,24.5886,-34.4773
-5392.79,9.0365,-31.3518
-5387.37,-15.0514,-20.9966
-5381.94,-32.9763,-16.1891
-5376.52,-41.8822,-8.89633
-5371.09,-24.7198,-9.85607
-5365.67,16.2197,-0.240697
-5360.24,45.9704,16.4189
-5354.82,31.0397,15.0675
-5349.39,-5.94002,21.8101
-5343.97,-17.8377,37.1219
-5338.54,-7.71559,22.3589
-5333.12,-26.3013,3.04954
-5327.69,-44.491,10.1582
-5322.27,-9.73858,5.57096
-5316.84,8.60359,1.34206
-5311.41,-6.5963,5.87202
-5305.99,-18.6897,-6.39034
-5300.56,-20.1624,-25.1765
-5295.14,6.54935,-25.2508
-5289.71,24.2665,-3.89407
-5284.29,12.0812,-10.8885
-5278.86,1.11771,-41.3138
-5273.44,7.52006,-46.7261
-5268.01,25.5006,-21.7753
-5262.59,17.6596,1.19199
-5257.16,-21.5638,-8.62754
-5251.74,-28.4606,-24.0044
-5246.31,8.62635,-10.1599
-5240.88,25.6436,24.2364
-5235.46,9.00436,14.2884
-5230.03,-12.0339,-21.1937
-5224.61,-14.7937,-13.7228
-5219.18,-7.83277,-11.9049
-5213.76,-16.5616,-25.8561
-5208.33,-28.7118,-22.5951
-5202.91,-23.3516,-16.7346
-5197.48,-11.9699,-3.03265
-5192.06,-18.3628,21.1634
-5186.63,-39.6858,15.654
-5181.21,-39.8819,-16.1038
-5175.78,-17.8675,-23.5955
-5170.36,-14.0615,-14.4217
-5164.93,-16.8286,-19.7315
-5159.5,-6.67958,-9.94682
-5154.08,20.245,10.0836
-5148.65,37.3196,-8.02445
-5143.23,22.6377,-12.9794
-5137.8,9.94276,16.9616
-5132.38,-5.77203,24.8227
-5126.95,-26.1749,14.0609
-5121.53,-25.3162,-3.83215
-5116.1,-8.00385,-19.633
-5110.68,11.9463,-8.48345
-5105.25,-0.669159,17.2762
-5099.83,-27.8467,22.1234
-5094.4,-29.5065,5.50924
-5088.98,-28.0975,-11.9995
-5083.55,-20.507,-24.8277
-5078.12,-12.6361,-23.327
-5072.7,-17.555,-1.24561
-5067.27,-24.0845,28.2204
-5061.85,-17.6382,41.974
-5056.42,-0.187332,41.0752
-5051,7.02172,18.9333
-5045.57,1.28878,-12.7128
-5040.15,-6.71221,-12.8583
-5034.72,-3.43992,0.446292
-5029.3,4.74652,10.7771
-5023.87,2.81785,11.8647
-5018.45,-4.44483,8.6656
-5013.02,-6.95823,29.2724
-5007.6,4.17118,31.4132
-5002.17,34.4682,-5.86523
-4996.74,31.7292,-14.4596
-4991.32,-28.0415,17.9528
-4985.89,-52.2618,48.6511
-4980.47,-33.3654,55.6808
-4975.04,-18.0027,18.2746
-4969.62,3.5414,-27.9127
-4964.19,10.855,-26.6334
-4958.77,9.5154,9.29455
-4953.34,7.75035,26.0324
-4947.92,5.02199,0.933635
-4942.49,17.4219,-18.7429
-4937.07,28.2457,3.70868
-4931.64,16.0371,11.046
-4926.21,-2.26789,-20.2438
-4920.79,-3.37323,-10.757
-4915.36,-9.65583,24.0853
-4909.94,-16.3234,14.8934
-4904.51,-1.53565,-6.08337
-4899.09,8.34244,-3.54465
-4893.66,11.1431,-23.3783
-4888.24,18.4877,-61.2462
-4882.81,13.7978,-54.1124
-4877.39,0.198003,-26.3936
-4871.96,-4.04493,-18.0796
-4866.54,1.94125,-11.9987
-4861.11,15.7334,10.8127
-4855.69,13.5755,24.0737
-4850.26,-15.6215,12.3817
-4844.83,-36.577,-11.7252
-4839.41,-25.3875,-38.0648
-4833.98,0.81459,-44.5444
-4828.56,5.78043,-23.899
-4823.13,1.26421,3.6928
-4817.71,19.7747,6.32692
-4812.28,24.5323,-1.81996
-4806.86,-13.3431,1.6316
-4801.43,-22.797,12.2612
-4796.01,-6.02837,20.5211
-4790.58,-23.7326,12.7785
-4785.16,-40.4182,13.0369
-4779.73,-38.4426,19.4296
-4774.31,-25.9375,17.7921
-4768.88,-12.2889,28.5026
-4763.45,-4.00081,17.3281
-4758.03,-1.42036,-18.4864
-4752.6,-2.39878,-33.0089
-4747.18,8.3661,-37.9509
-4741.75,6.46032,-29.607
-4736.33,-12.7293,-9.94916
-4730.9,-30.0877,-12.3127
-4725.48,-38.7541,-26.9777
-4720.05,-30.8396,-33.0733
-4714.63,-30.1494,-32.6003
-4709.2,-27.239,-37.7765
-4703.78,-2.29426,-39.0695
-4698.35,-0.0267092,-25.1575
-4692.92,-8.67796,-15.2436
-4687.5,1.02415,-3.11149
-4682.07,-0.843515,-8.3309
-4676.65,-10.3231,-43.1436
-4671.22,-15.1559,-39.8918
-4665.8,-26.5523,-0.466914
-4660.37,-24.9966,14.0549
-4654.95,-3.39674,1.26368
-4649.52,-17.1211,-18.186
-4644.1,-50.3496,-32.5303
-4638.67,-33.133,-16.9801
-4633.25,2.32421,22.8302
-4627.82,14.581,27.8161
-4622.4,13.6078,-2.49026
-4616.97,10.5626,3.52281
-4611.54,1.5956,36.9305
-4606.12,-11.6852,32.7551
-4600.69,-0.29985,4.96128
-4595.27,26.8515,-2.5945
-4589.84,35.3927,7.07153
-4584.42,27.4902,18.5171
-4578.99,20.6896,15.736
-4573.57,23.814,-6.98693
-4568.14,28.7246,-7.58671
-4562.72,17.2509,12.7127
-4557.29,-4.57832,8.3517
-4551.87,5.27301,9.58137
-4546.44,25.1368,10.9155
-4541.02,23.3032,-0.910596
-4535.59,35.7749,6.07911
-4530.16,37.5221,-7.83886
-4524.74,16.1964,-30.6016
-4519.31,-0.196528,-11.4767
-4513.89,-6.45703,12.2641
-4508.46,-2.36416,-3.38406
-4503.04,-17.8209,-19.0451
-4497.61,-31.0042,-20.4575
-4492.19,6.78962,-29.3075
-4486.76,48.5181,-24.4364
-4481.34,41.2927,-17.4604
-4475.91,7.54996,1.94332
-4470.49,-13.8172,14.7356
-4465.06,-17.8893,-7.25542
-4459.63,-10.2418,-6.42297
-4454.21,-0.176886,5.17971
-4448.78,4.80449,-4.14267
-4443.36,6.75132,-3.63612
-4437.93,-9.70242,6.11536
-4432.51,-22.4286,9.44046
-4427.08,-22.7472,2.27733
-4421.66,-23.7694,9.5721
-4416.23,4.0049,31.8215
-4410.81,24.3451,30.8335
-4405.38,19.2307,22.7249
-4399.96,22.6257,20.7626
-4394.53,30.6437,21.5966
-4389.11,49.5341,29.2036
-4383.68,27.654,15.43
-4378.25,-25.4348,-14.831
-4372.83,-40.7708,-13.8285
-4367.4,-7.96383,1.19081
-4361.98,32.6817,15.1611
-4356.55,16.8213,18.7625
-4351.13,-6.40939,-10.8774
-4345.7,-2.4061,-34.9794
-4340.28,-2.39567,-33.2275
-4334.85,-8.95855,-13.1103
-4329.43,-21.1146,2.65322
-4324,-18.4353,10.5178
-4318.58,15.0156,27.5286
-4313.15,31.6475,42.1716
-4307.73,5.51427,61.1082
-4302.3,-10.9652,41.8585
-4296.87,2.92653,-12.5757
-4291.45,2.55859,-13.1974
-4286.02,-6.30502,9.45533
-4280.6,5.78315,8.63128
-4275.17,10.511,6.86893
-4269.75,12.9559,23.8583
-4264.32,21.3835,40.4224
-4258.9,16.9843,25.4846
-4253.47,4.77803,17.4323
-4248.05,-16.5223,24.2457
-4242.62,-21.0759,14.8549
-4237.2,17.5984,6.87744
-4231.77,37.8607,11.1125
-4226.35,5.93013,13.7978
-4220.92,-20.1603,14.3141
-4215.49,-27.0789,11.7384
-4210.07,-29.9958,3.50778
-4204.64,-31.6526,9.95209
-4199.22,-17.8278,19.0425
-4193.79,12.8023,-3.11568
-4188.37,11.3214,-2.64582
-4182.94,-5.8879,31.0031
-4177.52,2.49639,17.4503
-4172.09,0.884309,-0.119334
-4166.67,-10.0967,14.498
-4161.24,-3.71699,-1.88086
-4155.82,-7.99665,-25.7329
-4150.39,-10.2675,-5.60437
-4144.96,9.98908,26.1057
-4139.54,37.3253,13.1222
-4134.11,41.0311,-12.5413
-4128.69,9.23531,-8.8466
-4123.26,2.52187,-14.3261
-4117.84,31.4444,-20.8267
-4112.41,28.7498,5.21836
-4106.99,6.75495,14.1663
-4101.56,14.1322,-0.210347
-4096.14,13.1949,-1.67758
-4090.71,-22.8427,-21.0669
-4085.29,-32.6888,-32.4882
-4079.86,-13.6297,-21.9663
-4074.44,-5.63542,-21.1917
-4069.01,-13.8859,-10.2846
-4063.58,-44.4328,-1.45797
-4058.16,-32.3535,-18.2734
-4052.73,9.72091,-31.5289
-4047.31,-3.06112,-7.02967
-4041.88,-21.0427,18.5957
-4036.46,-2.92385,13.6337
-4031.03,13.3278,16.6322
-4025.61,3.05558,16.372
-4020.18,-0.0203377,-10.8102
-4014.76,11.5544,-5.74448
-4009.33,8.16562,12.3905
-4003.91,18.379,-3.48414
-3998.48,30.5953,-7.90581
-3993.06,11.7422,8.37874
-3987.63,-7.54715,17.0855
-3982.2,-1.33708,9.26681
-3976.78,-1.59376,16.7995
-3971.35,-16.7197,35.6166
-3965.93,-19.9616,37.4178
-3960.5,-32.7754,34.2674
-3955.08,-46.7095,35.99
-3949.65,-38.5514,34.3944
-3944.23,-6.42333,13.6183
-3938.8,38.9109,-8.69901
-3933.38,33.8551,-15.6221
-3927.95,10.7149,-2.40808
-3922.53,17.774,8.31397
-3917.1,9.94392,-11.8552
-3911.68,-10.8243,-14.0359
-3906.25,-10.6871,4.59925
-3900.82,8.23462,-16.2811
-3895.4,-1.1853,-54.7055
-3889.97,-17.8068,-50.0734
-3884.55,-0.119823,-9.85682
-3879.12,13.8024,25.11
-3873.7,2.32382,22.3075
-3868.27,-21.0474,11.6893
-3862.85,-27.5461,44.2043
-3857.42,6.90017,59.238
-3852,34.0305,35.3497
-3846.57,14.4613,27.7086
-3841.15,4.37414,26.9934
-3835.72,17.9769,4.03135
-3830.29,17.6361,-6.60438
-3824.87,16.8849,3.45125
-3819.44,28.3855,5.50478
-3814.02,-0.881465,-5.80667
-3808.59,-36.2558,-13.3068
-3803.17,-8.06531,7.46372
-3797.74,7.16368,22.1419
-3792.32,-19.636,11.2441
-3786.89,-19.3751,-5.05034
-3781.47,13.3385,-8.97413
-3776.04,-0.250048,11.9638
-3770.62,-33.4916,28.059
-3765.19,-14.7344,27.56
-3759.77,11.3309,20.9256
-3754.34,32.7967,-11.1841
-3748.91,37.7618,-36.5146
-3743.49,11.7189,-23.606
-3738.06,-7.08139,-6.38843
-3732.64,-16.1666,1.24902
-3727.21,-13.9931,20.4637
-3721.79,16.4998,43.5338
-3716.36,31.4807,23.8539
-3710.94,9.48343,-20.2584
-3705.51,-15.7375,-31.8994
-3700.09,-14.7413,-18.729
-3694.66,8.11033,-4.73568
-3689.24,7.58419,12.9959
-3683.81,-2.59309,11.2149
-3678.39,7.23165,-6.13537
-3672.96,20.2662,-5.13357
-3667.53,16.1212,-12.8294
-3662.11,4.30243,-38.8525
-3656.68,-9.48501,-30.6116
-3651.26,-17.4337,-3.10172
-3645.83,-0.119081,-12.2042
-3640.41,-2.29734,-8.26376
-3634.98,-23.2109,8.59991
-3629.56,-16.6628,2.19885
-3624.13,-9.70202,10.0824
-3618.71,-16.185,0.0695451
-3613.28,-13.0247,-18.7972
-3607.86,7.4037,-5.00475
-3602.43,24.6167,1.88199
-3597,16.749,2.63
-3591.58,-2.38866,-1.91754
-3586.15,2.19341,-12.9596
-3580.73,17.8396,-5.93947
-3575.3,7.58056,-7.44688
-3569.88,-4.45688,-23.0896
-3564.45,-10.3792,-11.5488
-3559.03,-17.3316,0.0734717
-3553.6,-4.56331,-24.3385
-3548.18,-0.455358,-26.7053
-3542.75,-4.86209,3.9256
-3537.33,11.9541,8.03359
-3531.9,23.6414,-8.89676
-3526.48,23.1189,-23.7694
-3521.05,21.0556,-33.3825
-3515.62,30.5094,-15.0307
-3510.2,31.8771,10.0846
-3504.77,10.2505,7.03696
-3499.35,-5.87813,6.14862
-3493.92,-12.925,13.723
-3488.5,-9.61693,10.7725
-3483.07,0.134321,-7.58066
-3477.65,3.2974,-26.5265
-3472.22,0.816623,-14.0068
-3466.8,6.43501,3.71492
-3461.37,-13.8502,-9.8759
-3455.95,-33.4195,-22.8439
-3450.52,9.64504,-22.5522
-3445.1,29.0927,-30.2139
-3439.67,-10.2681,-30.6973
-3434.24,-33.0133,-10.4881
-3428.82,-38.3636,20.3241
-3423.39,-43.1627,42.6138
-3417.97,-18.9183,37.4017
-3412.54,-9.75499,-8.54948
-3407.12,-24.3702,-57.4576
-3401.69,3.93583,-49.9371
-3396.27,24.0954,-14.2979
-3390.84,-2.39844,1.36605
-3385.42,-13.3303,-6.1782
-3379.99,2.65305,2.47702
-3374.57,5.26318,43.4096
-3369.14,8.08391,33.5273
-3363.71,21.3802,-29.155
-3358.29,32.6634,-47.6053
-3352.86,49.0601,-16.3292
-3347.44,13.9615,1.14101
-3342.01,-36.8585,6.58959
-3336.59,-24.3257,22.7002
-3331.16,-10.751,30.4971
-3325.74,-8.53073,13.8427
-3320.31,18.0526,-22.0294
-3314.89,14.3601,-38.4096
-3309.46,-19.0079,-28.9296
-3304.04,3.74761,-17.5485
-3298.61,32.5394,-13.7248
-3293.19,0.204572,-13.9928
-3287.76,-21.3743,-8.13201
-3282.33,-10.2488,18.8209
-3276.91,-10.2384,44.6983
-3271.48,-18.0369,40.9994
-3266.06,-16.1777,24.725
-3260.63,7.39376,-11.5348
-3255.21,18.6116,-10.9103
-3249.78,-5.11263,41.7952
-3244.36,4.06035,37.7953
-3238.93,33.4245,-4.905
-3233.51,25.7745,-15.1375
-3228.08,13.9294,-6.07594
-3222.66,9.57152,6.33922
-3217.23,-7.15219,18.4892
-3211.81,-16.2858,2.4842
-3206.38,-1.46169,-18.4387
-3200.95,11.5467,11.7333
-3195.53,10.4467,30.1803
-3190.1,-1.89073,23.5274
-3184.68,-25.3849,31.8615
-3179.25,-20.98,17.2734
-3173.83,19.5039,10.2676
-3168.4,33.8267,13.4258
-3162.98,-1.04628,21.881
-3157.55,-23.3298,41.1747
-3152.13,-7.17777,1.82558
-3146.7,-19.7947,-51.8003
-3141.28,-35.3199,-32.2779
-3135.85,5.16418,16.3119
-3130.43,39.0488,12.0224
-3125,33.6126,7.627
-3119.57,9.35409,25.1678
-3114.15,-7.30811,-8.89576
-3108.72,-3.88516,-50.0469
-3103.3,0.852329,-36.4721
-3097.87,8.25331,2.03266
-3092.45,4.56427,17.8293
-3087.02,-32.808,1.17418
-3081.6,-44.0336,-15.4442
-3076.17,-15.1375,8.26164
-3070.75,-14.5794,28.8207
-3065.32,0.891374,1.97303
-3059.9,19.4515,-12.5944
-3054.47,1.27048,15.5089
-3049.04,12.1347,25.5496
-3043.62,17.2658,-3.94847
-3038.19,7.97652,-22.5581
-3032.77,25.603,-13.139
-3027.34,26.691,0.165415
-3021.92,-8.58317,-16.5752
-3016.49,-7.27422,-27.451
-3011.07,36.2003,9.17844
-3005.64,37.4271,22.9706
-3000.22,16.3852,5.37626
-2994.79,9.64053,12.3078
-2989.37,35.3721,12.1404
-2983.94,44.5951,-36.1307
-2978.52,-13.4009,-56.9129
-2973.09,-41.2388,-9.52892
-2967.66,-14.7692,24.9282
-2962.24,23.7502,112.664
-2956.81,35.6802,173.912
-2951.39,-4.40728,61.666
-2945.96,-54.0961,-11.831
-2940.54,-54.904,6.9411
-2935.11,-22.7662,5.95401
-2929.69,-13.4409,-2.85057
-2924.26,-12.2818,8.99453
-2918.84,-16.5171,15.4756
-2913.41,-16.6089,-1.29806
-2907.99,8.01689,-1.48674
-2902.56,19.1121,12.569
-2897.14,-4.83734,28.6341
-2891.71,-21.5968,22.4527
-2886.28,-9.91174,-12.7046
-2880.86,-17.8639,-43.1245
-2875.43,-35.3913,-32.3383
-2870.01,-22.8149,-4.70265
-2864.58,-17.2291,-15.2154
-2859.16,-35.1947,-33.6114
-2853.73,-36.7155,-29.1306
-2848.31,-8.59184,-20.9474
-2842.88,12.2175,-5.98633
-2837.46,15.8114,-12.8019
-2832.03,19.3407,-48.3127
-2826.61,37.5645,-33.3269
-2821.18,46.8713,-20.8507
-2815.75,4.10293,-68.8603
-2810.33,-37.4652,-69.578
-2804.9,-24.3188,-5.99248
-2799.48,0.778783,37.1068
-2794.05,3.24852,56.7125
-2788.63,6.55008,39.2173
-2783.2,12.3074,-17.4049
-2777.78,-15.2062,-27.4004
-2772.35,-26.7418,0.552359
-2766.93,-1.01631,19.6549
-2761.5,-29.9172,-4.59904
-2756.08,-61.3407,-39.8606
-2750.65,-33.8716,-33.3535
-2745.23,-21.6854,-41.542
-2739.8,-6.06943,-48.1412
-2734.37,7.20925,-21.4083
-2728.95,-27.2696,-2.14854
-2723.52,-21.9433,-10.2849
-2718.1,38.6075,-0.417053
-2712.67,57.5026,10.4418
-2707.25,28.5596,-23.3209
-2701.82,14.3154,-46.5155
-2696.4,11.9366,-26.5436
-2690.97,8.504,-14.3079
-2685.55,19.951,-45.1204
-2680.12,11.3718,-45.3976
-2674.7,-0.705264,-10.4865
-2669.27,15.9042,11.0724
-2663.85,14.9994,1.53439
-2658.42,-20.629,-47.5155
-2652.99,-76.4514,-37.2377
-2647.57,-71.7894,21.7406
-2642.14,19.6871,38.2682
-2636.72,36.1471,32.9265
-2631.29,-17.7557,23.8552
-2625.87,-6.2194,9.74888
-2620.44,4.70463,-2.3293
-2615.02,-13.1339,-7.28375
-2609.59,-0.440582,-13.2026
-2604.17,16.221,-58.8551
-2598.74,32.3668,-81.9475
-2593.32,42.9228,-11.9362
-2587.89,15.039,38.0386
-2582.47,-21.6176,37.5242
-2577.04,-16.5484,46.0629
-2571.61,-13.7102,24.1497
-2566.19,-8.10014,2.492
-2560.76,15.2756,-10.2134
-2555.34,5.63823,-39.2839
-2549.91,6.59016,-22.181
-2544.49,-13.5262,-29.6692
-2539.06,-69.064,-54.0419
-2533.64,-52.6356,-17.4457
-2528.21,26.8169,0.285308
-2522.79,56.3108,-22.5709
-2517.36,-3.43883,-43.2442
-2511.94,-27.8302,-40.5209
-2506.51,15.183,-14.2308
-2501.08,18.6618,17.8271
-2495.66,8.63202,22.193
-2490.23,-8.93457,6.74732
-2484.81,-36.0909,-15.9181
-2479.38,-2.67967,-38.0536
-2473.96,50.8012,-45.0273
-2468.53,56.422,-22.3855
-2463.11,-27.255,-17.8055
-2457.68,-147.854,-89.362
-2452.26,-147.922,-111.131
-2446.83,-67.717,-63.838
-2441.41,-27.1475,23.157
-2435.98,-20.1159,96.5657
-2430.56,2.51215,57.8575
-2425.13,34.5429,-16.2863
-2419.7,24.056,-71.1726
-2414.28,-16.3757,-59.2945
-2408.85,-16.2541,11.5795
-2403.43,7.81611,56.4331
-2398,8.58277,27.6631
-2392.58,37.8589,-65.8954
-2387.15,48.8874,-109.193
-2381.73,45.5063,-78.5353
-2376.3,50.9872,-43.5271
-2370.88,23.9387,10.2888
-2365.45,45.889,1.87548
-2360.03,72.3308,-45.8765
-2354.6,15.8842,-38.3191
-2349.18,0.121775,-59.7628
-2343.75,22.3273,-102.712
-2338.32,-12.6939,-116.231
-2332.9,-39.012,-84.5379
-2327.47,-19.9498,-19.3014
-2322.05,15.285,23.0281
-2316.62,30.7578,47.6791
-2311.2,15.0233,24.8701
-2305.77,-19.5547,-38.5277
-2300.35,-27.0627,-22.3109
-2294.92,44.6079,45.9821
-2289.5,91.3331,84.4451
-2284.07,10.8788,52.7588
-2278.65,-67.7515,4.33076
-2273.22,-43.9055,22.2134
-2267.79,-73.4246,-53.19
-2262.37,-65.5452,55.1538
-2256.94,133.896,494.804
-2251.52,146.262,489.45
-2246.09,-35.4672,87.5231
-2240.67,-94.205,-85.1363
-2235.24,-79.4754,-13.9783
-2229.82,-55.807,91.245
-2224.39,-0.605872,24.0286
-2218.97,21.2003,-29.1408
-2213.54,-64.5337,-9.49883
-2208.12,-113.295,-75.2657
-2202.69,-82.4296,-14.5117
-2197.27,-49.2247,64.1624
-2191.84,-17.9047,-67.6445
-2186.41,14.7377,-88.7462
-2180.99,47.5135,6.81703
-2175.56,38.4478,-29.5896
-2170.14,-73.8914,-137.645
-2164.71,-138.247,-159.164
-2159.29,333.761,64.8993
-2153.86,668.362,158.522
-2148.44,217.051,38.9903
-2143.01,-176.212,97.0847
-2137.59,-132.964,75.4233
-2132.16,32.2514,-64.1835
-2126.74,-31.8553,-11.6951
-2121.31,-42.6908,28.6748
-2115.89,133.391,-6.72122
-2110.46,86.3721,72.6728
-2105.03,5.35013,46.108
-2099.61,-23.6071,-66.9206
-2094.18,-131.636,-17.8345
-2088.76,-204.209,-67.8029
-2083.33,-74.1556,-169.319
-2077.91,47.7353,-103.632
-2072.48,70.226,-41.0608
-2067.06,53.1859,25.6253
-2061.63,36.5778,290.781
-2056.21,-12.606,661.81
-2050.78,-189.234,652.666
-2045.36,-210.819,310.673
-2039.93,58.6609,54.7066
-2034.51,-15.1459,-110.401
-2029.08,-155.066,-5.8598
-2023.65,-542.82,-198.078
-2018.23,8827.25,11305.5
-2012.8,21602.6,24530.9
-2007.38,13314.2,13294.4
-2001.95,867.737,245.928
-1996.53,133.308,31.9826
-1991.1,407.425,-95.119
-1985.68,170.452,-527.995
-1980.25,167.844,-573.012
-1974.83,158.366,-361.745
-1969.4,-15.4376,-111.886
-1963.98,-90.5079,-166.513
-1958.55,313.1,-379.226
-1953.12,514.648,-376.61
-1947.7,214.555,-97.8404
-1942.27,-110.637,83.9956
-1936.85,-43.4911,55.2331
-1931.42,146.016,8.53808
-1926,-18.7333,-29.3511
-1920.57,-146.597,-158.823
-1915.15,-35.7902,-272.874
-1909.72,129.508,-346.517
-1904.3,123.586,-349.464
-1898.87,-136.591,-219.087
-1893.45,-177.136,-209.723
-1888.02,111.275,-245.793
-1882.6,271.632,-139.812
-1877.17,137.787,-57.1029
-1871.74,15.5229,-19.5545
-1866.32,53.3507,-2.49509
-1860.89,263.806,60.2651
-1855.47,434.962,147.012
-1850.04,251.758,90.6688
-1844.62,85.2166,58.4099
-1839.19,159.782,114.558
-1833.77,96.9651,87.1173
-1828.34,-50.6884,60.943
-1822.92,18.5318,106.344
-1817.49,165.154,100.459
-1812.07,121.427,37.6048
-1806.64,17.6111,13.9191
-1801.22,6.64071,11.6862
-1795.79,34.1334,-9.08706
-1790.36,70.8184,-26.3854
-1784.94,86.1796,5.84216
-1779.51,51.759,28.1354
-1774.09,-18.8324,-11.5643
-1768.66,-94.9047,27.2474
-1763.24,-134.557,75.1746
-1757.81,-140.041,103.046
-1752.39,-99.2516,108.289
-1746.96,-45.3299,-15.5664
-1741.54,-21.048,-32.7919
-1736.11,-23.0041,54.843
-1730.69,-55.4492,82.1405
-1725.26,-40.3741,72.3782
-1719.83,14.1747,46.0656
-1714.41,-8.5342,26.493
-1708.98,-75.6802,2.89035
-1703.56,-87.5854,-16.6507
-1698.13,-75.2641,-14.9023
-1692.71,-62.4127,-1.13884
-1687.28,-2.55388,42.1647
-1681.86,28.8693,82.5451
-1676.43,11.3726,78.6542
-1671.01,28.4968,57.6547
-1665.58,57.3246,10.6123
-1660.16,11.2864,-19.0039
-1654.73,-67.6648,14.1124
-1649.31,-7.80779,12.8181
-1643.88,74.1483,-31.883
-1638.45,42.8755,-38.2202
-1633.03,30.4771,-38.7085
-1627.6,77.6907,-65.6085
-1622.18,104.388,-84.0901
-1616.75,63.6239,-79.0051
-1611.33,11.8043,-80.3382
-1605.9,15.7601,-45.0902
-1600.48,23.2354,8.88417
-1595.05,-23.0818,-3.60698
-1589.63,-50.5064,-9.15511
-1584.2,6.6402,-14.3594
-1578.78,53.352,-20.1024
-1573.35,29.9903,-0.343381
-1567.93,7.844,-13.7843
-1562.5,22.0517,-37.2082
-1557.07,90.0672,-115.124
-1551.65,53.5309,-172.437
-1546.22,-55.3814,-76.8147
-1540.8,-32.1354,0.274221
-1535.37,14.4385,-10.959
-1529.95,20.7501,11.7147
-1524.52,-14.6831,31.1951
-1519.1,-63.0434,4.78973
-1513.67,-53.8153,1.75959
-1508.25,-61.6488,32.2551
-1502.82,-50.5356,50.1574
-1497.4,-21.7504,45.1741
-1491.97,-52.8908,43.5046
-1486.55,-15.3998,62.3343
-1481.12,20.8982,83.7863
-1475.69,-34.5335,91.9425
-1470.27,-81.6271,92.4173
-1464.84,-55.9919,31.7113
-1459.42,-142.252,-11.2475
-1453.99,-341.542,47.4006
-1448.57,-221.77,55.6316
-1443.14,-5.72812,34.93
-1437.72,-24.4497,52.3387
-1432.29,-44.5993,48.4681
-1426.87,-5.76114,50.8744
-1421.44,9.64803,42.7328
-1416.02,-0.802306,-12.0855
-1410.59,-14.0399,-11.3283
-1405.16,-26.0398,47.4064
-1399.74,-18.0264,58.7835
-1394.31,9.48254,53.2963
-1388.89,12.0439,29.9392
-1383.46,16.9699,-26.6842
-1378.04,37.6139,-42.9287
-1372.61,17.3439,-40.0932
-1367.19,-12.8622,-48.1658
-1361.76,-27.8632,-24.0677
-1356.34,-96.0018,-14.0188
-1350.91,-94.4592,-6.70718
-1345.49,4.5657,23.0416
-1340.06,11.53,0.706176
-1334.64,-36.895,-33.5442
-1329.21,-39.3722,-36.2771
-1323.78,-22.8028,-23.9048
-1318.36,-24.8783,-18.4016
-1312.93,-28.2643,-18.2003
-1307.51,-17.4873,32.2247
-1302.08,6.76096,63.0075
-1296.66,28.0537,30.8993
-1291.23,-0.301483,16.9349
-1285.81,-10.7098,11.6456
-1280.38,6.4341,-42.8786
-1274.96,-18.5074,-107.965
-1269.53,-9.61054,-79.7428
-1264.11,-3.0608,-22.6974
-1258.68,-17.295,65.0146
-1253.26,18.6444,161.755
-1247.83,29.5469,80.7954
-1242.4,1.45015,1.15781
-1236.98,-44.6833,33.6795
-1231.55,-57.8612,29.1184
-1226.13,-0.692985,-1.88498
-1220.7,17.3164,-3.47569
-1215.28,-10.0212,15.5706
-1209.85,22.5797,2.10257
-1204.43,70.7583,-30.6478
-1199,43.333,-43.0198
-1193.58,7.0647,-36.6286
-1188.15,8.35854,-12.4479
-1182.73,5.62951,-1.79719
-1177.3,-2.65191,-11.3667
-1171.87,-3.16746,-3.18153
-1166.45,-13.4967,-4.80427
-1161.02,-47.8662,-34.8904
-1155.6,-54.5923,-54.4976
-1150.17,-18.1986,-38.7667
-1144.75,-3.20182,30.2521
-1139.32,12.1689,73.6397
-1133.9,33.8524,42.0769
-1128.47,14.428,3.53711
-1123.05,-1.03373,-27.5692
-1117.62,25.0061,-38.3354
-1112.2,17.9246,-3.15003
-1106.77,-43.847,26.1547
-1101.35,-61.1758,17.5425
-1095.92,-48.908,-3.33626
-1090.49,-52.1425,-5.86884
-1085.07,-27.884,16.6089
-1079.64,12.3557,18.2038
-1074.22,60.9226,-31.2108
-1068.79,82.4545,-63.8183
-1063.37,41.9094,-48.7986
-1057.94,-187.674,26.3914
-1052.52,-379.895,110.826
-1047.09,-173.277,30.7632
-1041.67,17.9725,-37.1021
-1036.24,21.6389,22.4163
-1030.82,22.0136,15.107
-1025.39,-23.1749,-37.0954
-1019.97,-29.5413,-17.2516
-1014.54,20.5076,53.1342
-1009.11,45.6965,40.6688
-1003.69,62.8251,-45.8459
-998.264,62.1594,-61.475
-992.838,29.6114,-16.0687
-987.413,7.20423,-9.39974
-981.988,-6.97373,-29.5936
-976.562,-21.5749,-25.1126
-971.137,-14.8328,5.79873
-965.712,14.6025,47.0733
-960.286,-14.7546,13.8518
-954.861,-89.6511,-133.895
-949.436,-64.6647,-177.584
-944.01,16.8342,-53.0444
-938.585,36.7259,24.7939
-933.16,23.1644,-8.70051
-927.734,-2.79587,-26.8785
-922.309,-29.0924,4.50861
-916.884,-14.6752,-19.9154
-911.458,14.0542,-43.2553
-906.033,45.8713,-26.0499
-900.608,57.9207,-30.8859
-895.182,29.472,-14.9764
-889.757,11.9124,36.3029
-884.331,16.1026,45.6629
-878.906,23.1304,1.83523
-873.481,21.2748,-10.5054
-868.055,10.5699,9.16639
-862.63,-7.73202,9.49746
-857.205,239.533,-83.159
-851.779,504.543,-167.341
-846.354,263.263,-96.7545
-840.929,8.07712,-31.1703
-835.503,6.05236,-31.7778
-830.078,34.5841,-12.928
-824.653,35.4315,9.624
-819.227,-18.1598,-3.82408
-813.802,-23.8124,-25.6936
-808.377,-1.36853,-16.993
-802.951,-23.8565,0.786826
-797.526,-9.94426,-17.4642
-792.101,41.4306,-48.0884
-786.675,50.5876,-51.7844
-781.25,20.2672,-43.2176
-775.825,-9.5213,-46.2114
-770.399,-14.5615,-58.8681
-764.974,-8.24494,-40.2887
-759.549,32.2436,-6.1798
-754.123,104.012,31.6269
-748.698,85.7158,57.076
-743.273,2.97478,46.7524
-737.847,-26.2744,30.8357
-732.422,-20.2283,20.3821
-726.996,-11.8572,3.27402
-721.571,-8.4525,1.67432
-716.146,-1.86862,31.993
-710.72,-4.00904,38.983
-705.295,-33.0581,12.7178
-699.87,-42.3488,-1.7969
-694.444,-34.8254,-7.90315
-689.019,-30.3263,-20.3816
-683.594,-7.57997,-9.80623
-678.168,-5.10365,23.5275
-672.743,-17.4457,31.6757
-667.318,-2.72022,13.7559
-661.892,24.9441,-4.06135
-656.467,46.5868,57.3224
-651.042,62.498,126.702
-645.616,38.5247,63.1013
-640.191,-1.00431,1.80866
-634.766,8.60972,-10.9317
-629.34,17.9051,-9.67744
-623.915,1.14185,9.25866
-618.49,3.44205,-16.5239
-613.064,20.2801,-25.3945
-607.639,29.8892,17.0127
-602.214,39.7045,23.2597
-596.788,38.8867,2.0799
-591.363,4.59394,-8.60947
-585.937,-6.8738,-26.9664
-580.512,-4.09082,-25.0762
-575.087,2.89888,6.46292
-569.661,-15.8901,25.6601
-564.236,18.6782,41.7011
-558.811,-289.601,10.9168
-553.385,-1093.21,-77.6796
-547.96,-949.698,-77.2137
-542.535,-154.97,-35.4002
-537.109,12.964,-31.4437
-531.684,-39.6015,-1.20829
-526.259,-40.4214,18.8948
-520.833,-37.2339,8.17635
-515.408,-41.0538,-7.3203
-509.983,-33.8094,-9.64772
-504.557,-11.8761,22.6032
-499.132,-14.2829,31.3704
-493.707,-13.508,23.0587
-488.281,-16.5142,31.9605
-482.856,-8.37151,4.80985
-477.431,3.45936,-24.1176
-472.005,-23.9742,-21.2518
-466.58,-48.2839,-22.5635
-461.154,-49.4945,0.191034
-455.729,-142.918,301.974
-450.304,-207.191,521.486
-444.878,-90.6067,212.067
-439.453,-10.5385,-41.1003
-434.028,-19.8864,-24.4999
-428.602,-26.8856,-0.610215
-423.177,-48.1956,2.60816
-417.752,-48.2239,7.83085
-412.326,-26.1655,13.9677
-406.901,-1.1057,16.7345
-401.476,20.1456,14.3253
-396.05,13.9077,-8.57093
-390.625,6.83123,-13.4481
-385.2,25.1333,-2.58726
-379.774,26.3636,21.3417
-374.349,2.8213,28.6765
-368.924,-20.7866,17.3679
-363.498,-2.66265,-11.636
-358.073,-97.9903,92.1675
-352.648,-339.849,348.528
-347.222,-270.67,275.015
-341.797,-36.7595,21.7981
-336.371,-10.1421,-15.9744
-330.946,-20.1363,2.36483
-325.521,2.47204,2.59734
-320.095,18.554,2.52211
-314.67,6.25355,10.5354
-309.245,-17.7604,14.4809
-303.819,-17.6521,-1.11583
-298.394,5.95932,-17.4503
-292.969,23.6013,-4.72328
-287.543,0.086182,7.9242
-282.118,-19.4751,-1.36858
-276.693,-27.0063,-0.448205
-271.267,-8.10054,18.9911
-265.842,-3.83588,16.2074
-260.417,61.438,65.6203
-254.991,856.383,623.28
-249.566,1319.89,938.595
-244.141,499.196,346.533
-238.715,-27.251,-19.7262
-233.29,9.54855,26.278
-227.865,-8.57257,24.5665
-222.439,-23.6013,13.6244
-217.014,-17.0597,10.0724
-211.589,4.57161,24.5719
-206.163,1.64071,36.2725
-200.738,-6.6351,43.7121
-195.312,-14.2445,31.2339
-189.887,-6.78458,5.99755
-184.462,-9.84726,-9.68759
-179.036,-4.1962,1.65476
-173.611,-17.4759,12.6371
-168.186,-13.3835,1.34297
-162.76,-15.5058,-4.80279
-157.335,337.233,-4.68219
-151.91,1026.53,-16.6106
-146.484,771.035,-15.8486
-141.059,70.0763,-0.350726
-135.634,-35.0614,-4.31404
-130.208,-10.3431,-23.0204
-124.783,2.8845,-20.2004
-119.358,26.9241,-10.2636
-113.932,29.1385,-20.3249
-108.507,35.5596,-20.3287
-103.082,25.7395,-17.4013
-97.6562,7.68491,-11.4662
-92.2309,7.02743,9.84448
-86.8055,15.5631,17.675
-81.3802,3.89756,24.6933
-75.9549,-7.30817,37.576
-70.5295,3.80058,42.5987
-65.1042,4.49576,40.5241
-59.6788,14.1037,10.0678
-54.2535,116.049,-10.3522
-48.8281,148.734,20.7692
-43.4028,34.937,35.4232
-37.9774,-12.799,15.5566
-32.5521,1.99597,1.97805
-27.1267,2.29149,6.33115
-21.7014,5.11372,23.403
-16.276,5.81552,17.6618
-10.8507,14.3647,-4.41041
-5.42535,-208.937,-104.012
0,-440.498,-196.122
5.42535,-217.102,-85.6726
10.8507,6.33426,13.6261
16.276,17.0165,-7.49632
21.7014,20.8136,-11.8594
27.1267,6.23823,-2.53358
32.5521,2.80555,0.159733
37.9774,2.99659,-19.9209
43.4028,49.702,2.26053
48.8281,114.957,96.6335
54.2535,69.9585,93.168
59.6788,16.919,3.74438
65.1042,33.1234,-23.7752
70.5295,34.2005,-25.6797
75.9549,23.0345,-30.5743
81.3802,20.9587,-13.6266
86.8055,23.5489,-0.261265
92.2309,12.0182,-1.36484
97.6562,-3.37901,13.3835
103.082,4.29118,30.7718
108.507,8.68686,40.0284
113.932,4.39316,35.254
119.358,10.3884,26.8762
124.783,-13.0818,15.6603
130.208,-24.0284,7.71718
135.634,-26.6666,-23.169
141.059,46.6295,52.3115
146.484,504.145,583.596
151.91,674.542,773.979
157.335,222.174,253.746
162.76,-13.9447,-8.30943
168.186,-7.95731,-10.8445
173.611,-2.30244,-21.443
179.036,-1.57808,-4.22564
184.462,-13.7883,-0.835655
189.887,-0.0825872,-9.05509
195.312,13.6799,-31.4852
200.738,28.0448,-34.1799
206.163,28.0536,-23.0517
211.589,21.3194,-13.0444
217.014,-3.92993,-19.4176
222.439,-5.66744,-26.6557
227.865,12.5203,-22.8088
233.29,25.9176,-10.4875
238.715,-32.8938,-7.05198
244.141,591.552,139.099
249.566,1580.69,352.83
254.991,1036.22,219.361
260.417,89.8754,1.74878
265.842,9.47774,-13.6955
271.267,8.69273,-18.7275
276.693,-18.4045,-19.7698
282.118,-14.0485,-13.5572
287.543,5.94659,-5.23825
292.969,12.2823,20.6997
298.394,-8.98044,16.1051
303.819,-12.6408,-12.3714
309.245,-1.12265,-22.8881
314.67,12.0138,-2.40228
320.095,14.2893,12.1007
325.521,3.58436,0.0991659
330.946,-11.7166,-16.5466
336.371,-18.6576,3.15194
341.797,-8.39772,-41.9034
347.222,23.2629,-385.168
352.648,31.6032,-485.768
358.073,2.92544,-134.493
363.498,-10.4291,5.80724
368.924,-1.00207,-27.0688
374.349,23.1986,-17.0916
379.774,33.5007,5.31156
385.2,14.8948,20.4089
390.625,-5.42286,14.0751
396.05,2.93665,16.0705
401.476,24.1258,5.3856
406.901,11.6963,-12.0192
412.326,-7.12798,-28.7911
417.752,-26.4485,-41.0769
423.177,-30.3107,-37.5616
428.602,-18.4434,-19.5716
434.028,-31.5136,1.6152
439.453,-37.5951,19.6699
444.878,96.9684,-209.234
450.304,248.901,-502.915
455.729,128.78,-308.268
461.154,-32.9762,-36.9094
466.58,-49.0761,-20.784
472.005,-31.835,-3.59607
477.431,-15.6081,18.7086
482.856,-2.02722,-9.43967
488.281,12.7012,-33.6582
493.707,8.09734,-25.4676
499.132,13.7556,-31.6052
504.557,8.85075,-23.9503
509.983,-29.7925,-18.6697
515.408,-32.9104,-25.6107
520.833,-18.8381,-33.1412
526.259,-13.0056,-42.682
531.684,-27.3965,-28.6212
537.109,-14.6927,30.674
542.535,-130.003,-91.4782
547.96,-692.853,-654.097
553.385,-789.226,-760.434
558.811,-185.668,-222.52
564.236,43.4881,-14.0229
569.661,8.43666,-28.9786
575.087,6.74261,-2.17025
580.512,-21.3725,13.7391
585.937,-24.6394,12.9359
591.363,-3.32408,9.17478
596.788,27.5659,27.5066
602.214,43.8529,13.9424
607.639,32.6427,10.8283
613.064,-5.30174,32.0632
618.49,-9.97696,13.6143
623.915,7.64458,-5.3484
629.34,4.78877,19.7812
634.766,-2.36282,13.7129
640.191,0.672078,-1.9566
645.616,72.6715,-13.5936
651.042,135.977,-38.3353
656.467,73.7715,-3.73537
661.892,13.6727,21.2546
667.318,8.40247,-11.2261
672.743,11.8662,-34.1599
678.168,14.0693,-19.5357
683.594,-12.3594,0.928621
689.019,-35.4388,-8.89888
694.444,-29.176,-20.5921
699.87,-29.6722,-30.269
705.295,-12.6691,-33.077
710.72,26.2874,-29.064
716.146,22.5251,-22.7961
721.571,-4.4116,-7.40182
726.996,-5.50094,-11.0023
732.422,1.61147,-28.6708
737.847,5.33443,-40.1588
743.273,36.7343,-29.0728
748.698,99.7708,25.508
754.123,93.101,56.1336
759.549,16.9825,28.0972
764.974,-35.4566,20.8329
770.399,-53.4909,28.5686
775.825,-40.7127,23.8457
781.25,-18.5555,43.9797
786.675,-4.63363,72.2444
792.101,-8.01423,62.9662
797.526,-19.6326,4.29537
802.951,-15.3785,-18.2553
808.377,-13.544,10.3535
813.802,-35.0277,-0.503716
819.227,-14.9931,-10.9365
824.653,30.8603,19.891
830.078,13.5339,34.3516
835.503,-19.5657,25.7613
840.929,-17.7594,26.8594
846.354,104.255,260.384
851.779,213.247,486.922
857.205,98.4795,233.652
862.63,1.88423,-12.101
868.055,13.8846,1.72146
873.481,6.42862,22.8397
878.906,16.841,15.9612
884.331,44.7087,-18.588
889.757,34.9493,-15.4388
895.182,8.59105,31.9232
900.608,15.8038,63.7101
906.033,11.335,51.5198
911.458,-22.7408,39.3877
916.884,-24.6197,2.42018
922.309,-16.1161,-24.6367
927.734,-21.8455,15.9075
933.16,9.03425,23.0362
938.585,43.0002,10.7022
944.01,-28.1554,48.0039
949.436,-175.24,70.7715
954.861,-159.492,22.9696
960.286,0.421133,-20.2335
965.712,44.753,-20.6464
971.137,-5.61653,-14.9036
976.562,-33.0988,0.770276
981.988,-26.6587,14.6194
987.413,-2.1648,11.6434
992.838,7.87251,32.7576
998.264,-4.09207,87.3283
1003.69,7.96802,77.3651
1009.11,60.7997,6.74635
1014.54,53.2086,-20.3136
1019.97,-32.5874,-10.4099
1025.39,-43.0744,7.59917
1030.82,25.9567,6.2507
1036.24,31.1378,1.08135
1041.67,-15.5463,38.1823
1047.09,-93.0837,-149.355
1052.52,-171.84,-356.475
1057.94,-105.966,-157.129
1063.37,-8.22155,63.7974
1068.79,7.74662,103.978
1074.22,17.5711,66.1584
1079.64,21.7956,-2.99864
1085.07,-6.31521,-31.8354
1090.49,-39.2516,-34.8224
1095.92,-35.2051,-34.1133
1101.35,-27.898,-57.2007
1106.77,-9.90272,-50.0854
1112.2,9.65295,15.4283
1117.62,-11.7564,44.2344
1123.05,-21.1796,17.6792
1128.47,12.2828,8.35534
1133.9,53.9209,-2.99763
1139.32,62.8675,-40.2314
1144.75,20.3389,-22.6221
1150.17,-40.9866,12.4157
1155.6,-77.0289,-4.10396
1161.02,-57.9573,-12.2253
1166.45,-12.6013,-6.81531
1171.87,-4.48379,-0.225017
1177.3,-10.2216,5.63509
1182.73,2.43128,5.3861
1188.15,-3.65768,14.5409
1193.58,-22.4932,29.7594
1199,-2.97448,60.9886
1204.43,24.5708,73.0911
1209.85,16.6713,15.3731
1215.28,4.86567,-17.866
1220.7,9.00403,15.1943
1226.13,-1.8646,0.74623
1231.55,-17.0776,-62.4832
1236.98,-4.87027,-55.7422
1242.4,1.83079,0.302879
1247.83,79.8133,-32.105
1253.26,132.683,-94.38
1258.68,36.7426,-56.3559
1264.11,-18.9155,12.9129
1269.53,-65.6912,46.2163
1274.96,-92.6173,58.4887
1280.38,-27.5596,33.4729
1285.81,1.48761,-15.7515
1291.23,12.3833,-11.5558
1296.66,41.7343,0.172237
1302.08,51.3476,-37.1359
1307.51,12.2463,-34.5581
1312.93,-32.4383,-8.82605
1318.36,-30.3239,-6.17475
1323.78,-33.0224,-0.950156
1329.21,-53.3042,-4.98522
1334.64,-49.6158,-4.97287
1340.06,8.23987,8.09592
1345.49,20.1783,-12.0249
1350.91,-68.19,-65.7089
1356.34,-74.6557,-61.9628
1361.76,-36.53,-4.60192
1367.19,-44.4006,22.6708
1372.61,-18.1898,39.7165
1378.04,-6.7336,56.6775
1383.46,-8.47512,30.4663
1388.89,30.3081,-11.0829
1394.31,45.9519,-28.6153
1399.74,31.6225,-52.7302
1405.16,17.8058,-51.0724
1410.59,-17.8131,-2.85356
1416.02,-9.51821,7.49069
1421.44,38.2124,-21.4239
1426.87,33.9521,-38.323
1432.29,6.17605,-65.5753
1437.72,22.5352,-53.1911
1443.14,22.1252,-27.6296
1448.57,-107.051,-202.032
1453.99,-193.311,-285.532
1459.42,-103.544,-98.1883
1464.84,-13.8996,-62.8289
1470.27,14.0602,-122.5
1475.69,45.2192,-87.1849
1481.12,76.249,-40.5336
1486.55,36.0187,-53.1542
1491.97,-3.06093,-68.4164
1497.4,19.0169,-46.3911
1502.82,3.45926,-71.1172
1508.25,-17.281,-67.3969
1513.67,-34.7018,-41.17
1519.1,-38.6248,-50.0554
1524.52,13.3576,-31.7853
1529.95,22.5902,7.58167
1535.37,1.51713,18.0629
1540.8,-21.299,-24.0647
1546.22,-94.1418,10.2429
1551.65,-92.3264,155.164
1557.07,-25.2868,143.966
1562.5,-12.8956,41.2848
1567.93,-4.99504,15.0527
1573.35,19.812,22.5168
1578.78,20.7604,53.0994
1584.2,-6.22798,14.543
1589.63,-40.5989,-31.4075
1595.05,-18.1253,-14.7396
1600.48,22.1498,11.3226
1605.9,-22.9629,41.8833
1611.33,-51.8043,62.529
1616.75,-16.1396,100.146
1622.18,7.3577,133.842
1627.6,3.22868,101.636
1633.03,-8.37282,48.5498
1638.45,0.286195,57.437
1643.88,25.9213,76.4367
1649.31,4.30126,-14.3793
1654.73,-34.7891,-59.7278
1660.16,-6.57122,21.1036
1665.58,46.2415,35.4992
1671.01,61.9133,-17.4013
1676.43,66.0612,-44.1786
1681.86,80.6602,-33.7793
1687.28,29.6256,-30.1116
1692.71,-42.6086,-45.6196
1698.13,-61.4361,-45.9606
1703.56,-70.98,-53.9471
1708.98,-48.4921,-58.1754
1714.41,13.9777,-24.0695
1719.83,43.718,-20.2901
1725.26,26.7719,-78.4343
1730.69,23.9395,-96.1695
1736.11,25.3635,-53.7926
1741.54,-38.453,6.30034
1746.96,-41.9001,-23.2708
1752.39,14.0615,-146.218
1757.81,-17.1276,-173.022
1763.24,-34.1705,-150.297
1768.66,-43.2549,-88.76
1774.09,-21.1953,-6.25723
1779.51,55.5422,19.6382
1784.94,62.007,60.1348
1790.36,27.7786,70.2836
1795.79,16.0864,31.4463
1801.22,13.1281,-2.88464
1806.64,22.1285,3.77349
1812.07,109.196,65.075
1817.49,185.166,55.513
1822.92,91.429,-57.3861
1828.34,11.3723,-78.4477
1833.77,129.623,13.7659
1839.19,192.047,42.0865
1844.62,100.428,24.2446
1850.04,235.839,126.424
1855.47,400.297,224.869
1860.89,221.306,155.721
1866.32,33.8443,41.3168
1871.74,-4.14491,24.6202
1877.17,49.7618,140.605
1882.6,77.8561,295.415
1888.02,-108.202,247.161
1893.45,-274.382,8.69383
1898.87,-254.211,45.0915
1904.3,-177.007,325.679
1909.72,-170.855,328.108
1915.15,-226.733,155.991
1920.57,-216.122,-2.66946
1926,-34.348,5.71794
1931.42,104.049,102.798
1936.85,11.945,-69.2784
1942.27,-11.6095,-138.423
1947.7,70.8559,224.914
1953.12,64.4909,634.459
1958.55,-72.3147,486.43
1963.98,-184.305,44.1587
1969.4,-93.4782,63.3937
1974.83,-162.861,359.743
1980.25,-313.521,508.152
1985.68,-278.322,479.968
1991.1,201.933,366.423
1996.53,112.968,77.6667
2001.95,763.389,480.296
2007.38,18788.6,998.734
2012.8,32685,-360.512
2018.23,14308.2,-1004.93
2023.65,-510.418,-270.854
2029.08,-108.114,-111.316
2034.51,-92.1785,62.6171
2039.93,79.9067,6.98765
2045.36,89.8096,-364.55
2050.78,358.403,-577.347
2056.21,483.386,-452.205
2061.63,240.568,-167.388
2067.06,54.6315,22.378
2072.48,16.4763,79.6632
2077.91,-45.0727,104.818
2083.33,-175.449,58.1885
2088.76,-187.03,-106.388
2094.18,-101.334,-85.891
2099.61,-65.5272,27.2354
2105.03,37.8449,-26.8764
2110.46,111.801,15.5594
2115.89,84.2609,103.626
2121.31,-7.25613,-50.9126
2126.74,-30.0065,-15.8475
2132.16,-26.1172,66.9145
2137.59,-32.9196,-149.279
2143.01,-45.7609,-195.914
2148.44,174.211,135.21
2153.86,565.026,390.617
2159.29,271.56,204.606
2164.71,-210.787,3.76429
2170.14,-151.733,37.1904
2175.56,3.73725,48.3715
2180.99,36.8594,30.748
2186.41,-56.0885,70.3354
2191.84,-62.2499,31.957
2197.27,14.7442,-79.514
2202.69,-65.9405,-51.5469
2208.12,-131.742,-33.8318
2213.54,-50.2405,-41.6019
2218.97,-7.47005,35.2539
2224.39,17.4513,-16.5286
2229.82,30.4662,-102.527
2235.24,-63.5673,-49.7084
2240.67,-126.304,-13.0405
2246.09,41.3101,-84.9216
2251.52,461.6,-218.812
2256.94,457.305,-231.584
2262.37,-2.87103,-85.6147
2267.79,-88.658,-18.9741
2273.22,-12.8704,-47.4917
2278.65,-42.1162,-53.247
2284.07,46.4868,-27.218
2289.5,123.869,11.3689
2294.92,64.0199,2.38202
2300.35,-34.6886,-5.18256
2305.77,-41.7163,11.2481
2311.2,28.5346,-5.47691
2316.62,56.0137,-9.04607
2322.05,27.3409,-4.04984
2327.47,-27.6925,-1.91046
2332.9,-88.9281,27.5754
2338.32,-94.8707,68.3407
2343.75,-61.3903,85.3204
2349.18,-44.3309,40.0796
2354.6,-17.8476,37.4444
2360.03,14.3072,84.4499
2365.45,32.0998,32.847
2370.88,23.6642,10.9054
2376.3,1.77017,67.0162
2381.73,-27.9134,86.3681
2387.15,-48.4343,109.395
2392.58,-23.6373,72.2273
2398,26.3007,-12.132
2403.43,47.1681,-31.9525
2408.85,-2.27087,-19.8273
2414.28,-55.0219,27.5062
2419.7,-36.7949,65.5008
2425.13,11.0106,36.568
2430.56,44.6774,-36.8473
2435.98,58.3021,-79.5641
2441.41,-0.955879,-35.6695
2446.83,-92.7522,-7.60754
2452.26,-181.566,-35.5665
2457.68,-165.342,-50.0819
2463.11,-31.4692,-8.34019
2468.53,21.118,56.9085
2473.96,0.530825,67.8818
2479.38,-30.0724,23.4714
2484.81,-35.979,-16.1695
2490.23,-0.964048,-11.1546
2495.66,22.2687,-8.43531
2501.08,25.7349,1.93967
2506.51,-0.415805,20.8052
2511.94,-48.7349,6.43187
2517.36,-34.4377,26.3804
2522.79,20.9059,56.95
2528.21,18.1563,19.7379
2533.64,-48.1841,-27.4425
2539.06,-86.3737,-15.1636
2544.49,-31.0994,9.80059
2549.91,-12.0741,19.7395
2555.34,-25.4209,30.4761
2560.76,2.63139,18.1861
2566.19,-3.56814,-7.68705
2571.61,8.77278,-26.348
2577.04,23.1584,-43.12
2582.47,13.4209,-41.1736
2587.89,38.3312,-14.2766
2593.32,19.8506,39.8848
2598.74,-39.2412,78.8868
2604.17,-32.8839,51.4363
2609.59,-10.1062,8.50682
2615.02,-14.2009,-4.88661
2620.44,1.41734,5.05468
2625.87,3.08325,-11.1452
2631.29,5.84697,-29.1574
2636.72,48.6563,4.83041
2642.14,41.612,-10.976
2647.57,-31.8801,-67.8972
2652.99,-78.829,-31.8975
2658.42,-49.1144,16.4637
2663.85,11.177,10.1199
2669.27,18.8704,4.41014
2674.7,-8.26501,6.4929
2680.12,-26.1278,38.828
2685.55,-20.1811,45.0179
2690.97,-4.94255,15.8936
2696.4,-11.7386,26.6317
2701.82,-24.9888,41.763
2707.25,1.78107,36.8282
2712.67,46.2363,35.7459
2718.1,25.5236,28.9701
2723.52,-22.3261,-9.42514
2728.95,-19.8436,-18.8276
2734.37,-11.0856,19.6825
2739.8,-39.8371,27.7023
2745.23,-45.3821,11.6816
2750.65,-47.4509,-2.85359
2756.08,-70.6671,-18.9131
2761.5,-23.4363,-19.1555
2766.93,13.9265,-13.907
2772.35,-17.4833,-20.2426
2777.78,-30.5374,7.03403
2783.2,-4.69915,20.7923
2788.63,33.5271,-21.3738
2794.05,44.3194,-35.5339
2799.48,28.0969,-24.2506
2804.9,-20.7258,-14.0626
2810.33,-76.7757,18.7147
2815.75,-48.4278,49.1256
2821.18,15.8679,48.784
2826.61,0.36883,50.2159
2832.03,-22.9619,46.7005
2837.46,1.06626,20.3163
2842.88,3.72612,13.0852
2848.31,-21.316,7.632
2853.73,-46.2154,-7.79263
2859.16,-48.528,-3.66429
2864.58,-22.8358,-2.62266
2870.01,-18.7609,-13.8081
2875.43,-47.7136,-4.66231
2880.86,-44.0008,15.5802
2886.28,-16.0735,1.13509
2891.71,2.23462,-31.0733
2897.14,18.0424,-22.7548
2902.56,22.1291,5.79276
2907.99,4.2595,6.95253
2913.41,-12.0782,-11.4743
2918.84,0.448531,-22.6298
2924.26,-1.53387,-15.1457
2929.69,-11.1121,-8.08117
2935.11,-10.809,-20.9027
2940.54,-31.5797,-45.4461
2945.96,-44.9895,-32.2847
2951.39,42.8777,-44.5379
2956.81,153.117,-89.8545
2962.24,99.6179,-57.7371
2967.66,8.6428,-27.6559
2973.09,-34.6755,-24.2703
2978.52,-51.2615,28.1234
2983.94,2.9896,57.3168
2989.37,32.6907,18.1631
2994.79,15.5972,-1.07121
3000.22,14.9592,8.57915
3005.64,42.1141,12.4434
3011.07,31.0436,20.7605
3016.49,-25.2675,12.9626
3021.92,-18.0606,4.71218
3027.34,17.9828,19.7246
3032.77,7.36755,27.8184
3038.19,-11.4266,21.022
3043.62,8.6188,15.4731
3049.04,27.107,-8.07798
3054.47,12.3762,-9.4328
3059.9,3.65625,22.8825
3065.32,2.06269,-0.657725
3070.75,11.6625,-30.1194
3076.17,-3.98939,-16.7775
3081.6,-40.9415,-22.3892
3087.02,-21.0803,-25.1668
3092.45,16.3038,-8.53822
3097.87,7.03308,4.7733
3103.3,-26.5337,25.038
3108.72,-39.7917,30.6007
3114.15,-11.5009,0.521436
3119.57,24.9624,-9.88909
3125,28.1592,19.8756
3130.43,35.0631,20.9743
3135.85,15.5777,-7.07711
3141.28,-47.6208,-4.64962
3146.7,-51.7404,19.9508
3152.13,-3.44623,-6.55574
3157.55,14.9881,-44.8886
3162.98,15.5606,-15.4188
3168.4,32.6117,16.1545
3173.83,20.681,7.62387
3179.25,-1.20167,-27.1494
3184.68,6.69197,-40.1842
3190.1,16.2193,-17.1482
3195.53,29.4183,-12.4316
3200.95,16.4458,0.729695
3206.38,-14.6807,11.2516
3211.81,-9.0512,-13.7649
3217.23,8.95436,-17.6868
3222.66,11.1158,2.87138
3228.08,4.80539,14.4172
3233.51,5.99717,29.2831
3238.93,18.7202,28.1213
3244.36,30.8043,-22.2725
3249.78,27.6389,-31.7659
3255.21,4.34564,21.1316
3260.63,-3.62462,13.2129
3266.06,7.54927,-28.5666
3271.48,18.3995,-40.838
3276.91,26.3665,-37.5177
3282.33,7.12893,-20.21
3287.76,-20.3454,-10.4428
3293.19,-10.2618,9.51509
3298.61,11.5737,33.3652
3304.04,-10.5334,14.5272
3309.46,-34.2175,5.23212
3314.89,-18.9352,36.3725
3320.31,-4.29155,28.1562
3325.74,4.57889,-15.6022
3331.16,15.4699,-28.3961
3336.59,0.592486,-33.2669
3342.01,-19.7661,-31.8005
3347.44,10.19,9.61189
3352.86,20.6927,47.3851
3358.29,-13.5215,56.1278
3363.71,-7.36021,35.3971
3369.14,30.3248,-16.4267
3374.57,35.7813,-25.1354
3379.99,3.61604,0.314162
3385.42,-13.511,-5.77235
3390.84,-0.589676,-2.69639
3396.27,5.49804,27.4733
3401.69,-34.4742,36.34
3407.12,-59.006,20.3362
3412.54,-12.8809,-1.5286
3417.97,15.1361,-39.0857
3423.39,2.78671,-60.5903
3428.82,-10.5665,-42.1092
3434.24,-29.8843,-17.5158
3439.67,-29.6833,12.9099
3445.1,-2.98643,41.8371
3450.52,-10.3058,22.258
3455.95,-39.3383,-9.55014
3461.37,-16.6068,-3.68444
3466.8,7.06659,2.29636
3472.22,-9.86266,9.97926
3477.65,-17.5066,20.2001
3483.07,-5.54353,5.17232
3488.5,1.57077,-14.3549
3493.92,1.54967,-18.7877
3499.35,0.63614,-8.48255
3504.77,12.0884,2.90897
3510.2,28.8243,16.9414
3515.62,9.24481,32.7304
3521.05,-10.719,37.9846
3526.48,-2.19452,33.0856
3531.9,9.20758,23.522
3537.33,13.9696,3.50835
3542.75,-0.337668,-6.24282
3548.18,-20.1501,17.5315
3553.6,-21.1405,12.8945
3559.03,-11.5425,-12.929
3564.45,-15.5275,0.0144272
3569.88,-20.141,12.1377
3575.3,-0.461888,10.6161
3580.73,7.52316,17.2317
3586.15,-8.16318,10.3017
3591.58,-3.02336,-0.492047
3597,13.1617,10.6871
3602.43,17.8704,17.0345
3607.86,1.23479,8.85085
3613.28,-22.6843,2.89857
3618.71,-10.7782,-12.0743
3624.13,1.00076,-13.9565
3629.56,-9.51535,-13.8542
3634.98,-9.14007,-23.0035
3640.41,-7.67839,3.82228
3645.83,-9.14917,8.07768
3651.26,-13.9705,-10.8803
3656.68,-29.0955,13.4345
3662.11,-25.9942,29.1946
3667.53,1.25304,20.5649
3672.96,9.74571,18.4957
3678.39,0.279469,9.4795
3683.81,6.59919,-9.43129
3689.24,14.7326,-3.05978
3694.66,1.90759,9.19595
3700.09,-23.7822,1.57722
3705.51,-34.2363,9.6496
3710.94,-8.70929,20.6031
3716.36,38.7915,7.43313
3721.79,43.3924,-16.8682
3727.21,5.84428,-24.0917
3732.64,-9.88935,-12.8498
3738.06,-9.48591,-0.987814
3743.49,-9.70105,24.5043
3748.91,-1.86818,52.495
3754.34,13.6342,31.8564
3759.77,23.1327,-5.58151
3765.19,10.6218,-29.3911
3770.62,-1.55839,-43.6643
3776.04,8.72355,-8.19119
3781.47,2.25612,15.9173
3786.89,-16.7176,-11.0192
3792.32,-4.78306,-22.1161
3797.74,21.2481,-9.49218
3803.17,0.149873,-10.9877
3808.59,-34.1487,-18.0393
3814.02,-4.90503,3.23036
3819.44,23.0844,17.4111
3824.87,13.863,10.2386
3830.29,6.89293,17.5253
3835.72,15.025,10.6619
3841.15,22.9869,-14.8115
3846.57,30.2681,-7.79384
3852,49.0408,1.63605
3857.42,48.6395,-34.5101
3862.85,14.4183,-50.0491
3868.27,-5.39665,-23.463
3873.7,18.1327,-13.1997
3879.12,27.8959,-6.54475
3884.55,-7.40529,6.5066
3889.97,-49.127,20.2721
3895.4,-41.4473,35.7241
3900.82,-6.5892,17.0137
3906.25,-3.73318,-11.0196
3911.68,-17.6735,1.34782
3917.1,-2.15639,15.3225
3922.53,18.0715,7.64554
3927.95,5.38016,9.57398
3933.38,11.044,35.6125
3938.8,19.5718,34.7372
3944.23,5.82228,-13.8859
3949.65,-0.235945,-51.6636
3955.08,-4.509,-58.7939
3960.5,3.53457,-47.2863
3965.93,14.4499,-39.8717
3971.35,15.2806,-36.2574
3976.78,11.4179,-12.4254
3982.2,5.99189,-7.19437
3987.63,7.64697,-17.041
3993.06,14.0837,3.11972
3998.48,14.5971,28.0268
4003.91,9.70874,15.9896
4009.33,14.6718,-2.22252
4014.76,3.46244,12.4304
4020.18,-8.04704,7.21829
4025.61,14.2113,-8.68425
4031.03,21.2782,-1.22458
4036.46,8.17536,-11.2955
4041.88,-0.261005,-28.0807
4047.31,-7.27235,2.42892
4052.73,-16.9259,28.321
4058.16,-35.2284,-11.816
4063.58,-30.815,-32.0444
4069.01,-16.9346,-3.43746
4074.44,-19.5193,9.99209
4079.86,-25.4442,4.56947
4085.29,-46.0165,-2.55363
4090.71,-30.9404,-2.87915
4096.14,7.5829,10.9283
4101.56,9.30011,10.6429
4106.99,15.0476,-4.45915
4112.41,23.1154,17.8735
4117.84,5.5632,37.3035
4123.26,-8.95887,11.4601
4128.69,-0.394694,12.7827
4134.11,18.1351,38.8838
4139.54,34.7273,18.9576
4144.96,26.0843,-10.0448
4150.39,-11.0351,-3.88035
4155.82,-24.4741,11.276
4161.24,-3.88492,-1.50372
4166.67,4.01808,-17.2043
4172.09,0.503039,0.737049
4177.52,14.6385,-9.82133
4182.94,19.0999,-25.1205
4188.37,5.60929,10.1838
4193.79,6.25095,11.5988
4199.22,2.22229,-25.9906
4204.64,-13.7839,-30.1817
4210.07,-17.4643,-24.6384
4215.49,-9.39603,-27.978
4220.92,-2.85244,-24.56
4226.35,14.2219,-4.82555
4231.77,33.5919,20.7005
4237.2,16.8868,8.47622
4242.62,-3.06274,-25.6022
4248.05,6.96253,-28.502
4253.47,16.1519,-8.11372
4258.9,30.3035,-4.43074
4264.32,44.3482,-11.1569
4269.75,26.3995,-6.33629
4275.17,12.1378,3.21489
4280.6,10.284,-1.47775
4286.02,2.80781,-11.0124
4291.45,-8.09558,10.7322
4296.87,-7.3873,10.5896
4302.3,23.7698,-36.1575
4307.73,49.102,-36.7914
4313.15,52.5159,-4.69961
4318.58,30.5051,-7.2615
4324,-4.51944,-20.738
4329.43,-12.1567,-17.4665
4334.85,-15.7373,2.115
4340.28,-26.2958,20.4532
4345.7,-27.6048,21.6177
4351.13,-12.3721,2.51531
4356.55,25.1989,-0.0539506
4361.98,33.1353,14.1425
4367.4,-4.44391,-6.71502
4372.83,-37.5576,-21.0455
4378.25,-28.0408,-8.97789
4383.68,29.9709,10.2262
4389.11,54.8472,17.27
4394.53,36.5541,8.32178
4399.96,30.5691,2.92136
4405.38,29.7558,-0.914754
4410.81,39.2039,-2.54
4416.23,26.328,-18.3167
4421.66,-8.79136,-24.0691
4427.08,-13.5285,-18.4283
4432.51,-7.99201,-22.9846
4437.93,-1.94734,-11.3024
4443.36,1.81517,7.45036
4448.78,0.136307,6.34226
4454.21,3.73092,-3.5974
4459.63,-11.6263,-3.31333
4465.06,-17.3621,-8.43954
4470.49,1.70522,-20.1282
4475.91,6.49607,4.31038
4481.34,14.6546,42.3698
4486.76,14.3052,52.4071
4492.19,-17.2365,24.6562
4497.61,-35.9487,-9.35188
4503.04,-26.0777,-0.499861
4508.46,-4.09679,0.507476
4513.89,4.79337,-13.0048
4519.31,-8.66034,7.53334
4524.74,-11.9039,32.5127
4530.16,19.2818,33.1296
4535.59,28.4557,22.5182
4541.02,14.9161,17.9269
4546.44,24.9316,11.3764
4551.87,10.6487,-2.49259
4557.29,3.14303,-8.99074
4562.72,20.9905,4.31341
4568.14,13.5825,26.423
4573.57,10.7423,22.3724
4578.99,25.5381,4.84588
4584.42,32.1554,8.03849
4589.84,28.9375,21.5702
4595.27,16.0391,21.6906
4600.69,3.48632,-3.54258
4606.12,16.5228,-30.6012
4611.54,28.5123,-23.5255
4616.97,9.68605,5.49224
4622.4,7.25479,11.7788
4627.82,30.4279,-7.77679
4633.25,18.5213,-13.5491
4638.67,-34.7889,-13.2608
4644.1,-57.8652,-15.65
4649.52,-24.9711,-0.554612
4654.95,-1.33376,-3.36984
4660.37,-6.28106,-27.9807
4665.8,-18.1139,-19.4197
4671.22,-39.7865,15.4298
4676.65,-38.9695,21.1972
4682.07,-6.75548,4.94761
4687.5,-1.62697,2.84312
4692.92,-17.1349,3.75098
4698.35,-18.7134,16.8138
4703.78,-30.5695,24.4375
4709.2,-46.2999,5.03488
4714.63,-44.4007,-0.591591
4720.05,-45.2141,-0.78797
4725.48,-45.9799,-10.7483
4730.9,-29.2827,-14.1208
4736.33,-15.9113,-2.80244
4741.75,-17.6795,24.6119
4747.18,-22.605,31.6113
4752.6,-26.1355,20.3046
4758.03,-14.6884,11.3143
4763.45,10.2004,-14.5679
4768.88,12.9587,-28.2044
4774.31,-4.13348,-31.1806
4779.73,-11.2841,-41.5694
4785.16,-17.3563,-38.7598
4790.58,-6.38423,-26.1866
4796.01,11.2167,-18.2121
4801.43,-6.14233,-25.1459
4806.86,-7.71577,-11.0076
4812.28,15.0628,19.4489
4817.71,17.9337,10.4619
4823.13,3.59019,-1.53146
4828.56,-13.8925,20.2872
4833.98,-32.5579,30.4114
4839.41,-45.2753,6.60372
4844.83,-33.1884,-19.3363
4850.26,-1.25141,-19.894
4855.69,26.974,-6.01994
4861.11,18.5631,4.45709
4866.54,-7.61782,9.47132
4871.96,-16.1422,9.09163
4877.39,-19.4818,17.8078
4882.81,-30.9808,46.462
4888.24,-33.1442,54.7208
4893.66,-9.91722,23.9241
4899.09,2.94799,8.57148
4904.51,-5.54837,2.92935
4909.94,0.145456,-22.0964
4915.36,11.4378,-23.2919
4920.79,-10.2511,4.69105
4926.21,-16.5617,11.8603
4931.64,18.9404,4.52705
4937.07,21.6565,18.5088
4942.49,-2.27121,25.4884
4947.92,4.05419,3.10735
4953.34,24.5318,-11.6595
4958.77,13.2742,0.851906
4964.19,-12.5291,25.8879
4969.62,-18.3735,21.309
4975.04,1.53454,-25.6068
4980.47,19.0531,-62.0531
4985.89,1.18481,-71.392
4991.32,-5.42187,-32.8517
4996.74,10.4854,33.2548
5002.17,18.7051,29.5396
5007.6,26.1356,-17.9196
5013.02,17.0977,-24.758
5018.45,3.46564,-9.10153
5023.87,10.7027,-5.84497
5029.3,11.185,-3.68395
5034.72,-1.97011,-2.85502
5040.15,-14.0469,3.61573
5045.57,-8.58509,9.46433
5051,18.7687,-7.45086
5056.42,30.3995,-27.6239
5061.85,19.3906,-41.1939
5067.27,4.85613,-36.7814
5072.7,-12.6722,-12.2124
5078.12,-25.7905,6.21833
5083.55,-32.1724,1.37331
5088.98,-27.7183,-12.8512
5094.4,-15.6495,-25.614
5099.83,-2.19209,-35.4976
5105.25,12.3908,-12.0576
5110.68,1.68932,14.5543
5116.1,-19.9458,7.18899
5121.53,-19.7877,-16.2494
5126.95,-7.06512,-28.8603
5132.38,14.5848,-20.8992
5137.8,19.2581,-3.96132
5143.23,5.50193,25.5078
5148.65,19.0083,33.1033
5154.08,21.0401,8.2977
5159.5,-11.8614,1.69182
5164.93,-25.9239,0.696811
5170.36,-20.1264,-0.799785
5175.78,-29.4905,2.5103
5181.21,-38.6537,-18.8625
5186.63,-14.9218,-39.9668
5192.06,3.44043,-27.8071
5197.48,-10.2631,-6.86621
5202.91,-28.0615,-6.15593
5208.33,-36.0034,-6.21792
5213.76,-30.2967,4.9935
5219.18,-14.0882,2.14495
5224.61,-20.0971,-1.81157
5230.03,-23.8023,5.23845
5235.46,16.6435,-2.86932
5240.88,35.1701,2.83963
5246.31,-1.77809,13.2089
5251.74,-36.8826,-5.08831
5257.16,-20.8405,-10.2521
5262.59,12.7024,12.3261
5268.01,0.881032,33.5212
5273.44,-29.6923,36.8544
5278.86,-29.9545,28.4744
5284.29,-0.00775019,16.264
5289.71,13.3436,20.6392
5295.14,-14.3826,21.7632
5300.56,-32.201,1.86276
5305.99,-17.2546,-9.61342
5311.41,-0.0497669,-8.83159
5316.84,6.75421,5.49572
5322.27,-2.37628,-10.9649
5327.69,-22.2212,-39.8604
5333.12,-15.3328,-21.5862
5338.54,11.4532,-20.6949
5343.97,15.6512,-38.0954
5349.39,12.2334,-19.0081
5354.82,31.967,12.985
5360.24,42.9618,23.1763
5365.67,10.6742,12.2146
5371.09,-23.8652,-11.7755
5376.52,-34.6359,-25.1717
5381.94,-34.0963,-13.6735
5387.37,-25.6749,2.86407
5392.79,-17.2523,27.6939
5398.22,-9.16845,41.3428
5403.65,-7.62469,18.6188
5409.07,-13.0538,-5.2879
5414.5,-4.7718,3.7037
5419.92,12.5811,15.9173
5425.35,1.42745,-0.445633
5430.77,-21.7614,-22.5442
5436.2,-22.2104,-11.1597
5441.62,-22.2653,7.51499
5447.05,-31.474,-12.0629
5452.47,-19.7719,-29.9957
5457.9,15.5717,-20.7211
5463.32,14.2035,-2.82814
5468.75,-15.2049,16.0383
5474.17,-19.7384,29.2983
5479.6,-19.4068,21.9876
5485.03,-2.38395,2.95513
5490.45,3.28824,1.27938
5495.88,-29.3743,1.99211
5501.3,-15.1998,-12.7062
5506.73,24.4091,-34.2444
5512.15,19.593,-30.8142
5517.58,9.06771,-9.05732
5523,23.875,-4.51189
5528.43,37.5116,2.13778
5533.85,17.4451,0.0273876
5539.28,-11.05,-15.575
5544.7,-11.1457,-11.6256
5550.13,-2.99771,-1.87681
