233.187215 0.000000
231.126071 0.000000
229.064927 0.000000
227.003784 0.000000
224.942640 0.000000
222.881496 0.000000
220.820352 0.000000
218.759208 0.000000
216.698064 0.000000
214.636920 0.000000
212.575776 0.000000
210.514632 0.000000
208.453488 0.000000
206.392344 0.000000
204.331200 0.000000
202.270056 0.000000
200.208912 0.000000
198.147768 0.000000
196.086624 0.000000
194.025480 0.000000
191.964336 0.000000
189.903192 0.000000
187.842048 0.000000
185.780905 0.000000
183.719761 0.000000
181.658617 0.000000
179.597473 0.000000
177.536329 0.000000
175.475185 0.000000
173.414041 0.000000
171.352897 0.000000
169.291753 0.000000
167.230609 0.000000
165.169465 0.000000
163.108321 0.000000
161.047177 0.000000
158.986033 0.000000
156.924889 0.000000
154.863745 0.000000
152.802601 0.000000
150.741457 0.000000
148.680313 0.000000
146.619169 0.000000
144.558025 0.000000
142.496882 0.000000
140.435738 0.000000
138.374594 0.000000
136.313450 0.000000
134.252306 0.000000
132.191162 0.000000
130.130018 0.000000
128.068874 0.000000
126.007730 0.000000
123.946586 0.000000
121.885442 0.000000
119.824298 0.000000
117.763154 0.000000
115.702010 0.000000
113.640866 0.000000
111.579722 0.000000
109.518578 0.000000
107.457434 0.000000
105.396290 0.000000
103.335146 0.000000
101.274003 0.000000
99.212859 0.000000
97.151715 0.000000
95.090571 0.000000
93.029427 0.000000
90.968283 0.000000
88.907139 0.000000
86.845995 0.000000
84.784851 0.000000
82.723707 0.000000
80.662563 0.000000
78.601419 0.000000
76.540275 0.000000
74.479131 0.000000
72.417987 0.000000
70.356843 0.000000
68.295699 0.000000
66.234555 0.000000
64.173411 0.000000
62.112267 0.000000
60.051124 0.000001
57.989980 0.000004
55.928836 0.000015
53.867692 0.000054
51.806548 0.000181
49.745404 0.000573
47.684260 0.001729
45.623116 0.004946
43.561972 0.013433
41.500828 0.034631
39.439684 0.084749
37.378540 0.196869
35.317396 0.434107
33.256252 0.908640
31.195108 1.805349
29.133964 3.404908
27.072820 6.095715
25.011676 10.359025
22.950532 16.710443
20.889388 25.587744
18.828245 37.192114
16.767101 51.315047
14.705957 67.206847
12.644813 83.552072
10.583669 98.599757
8.522525 110.450931
6.461381 117.445894
4.400237 118.544446
2.339093 113.579382
0.277949 103.298189
-1.783195 89.178638
-3.844339 73.080898
-5.905483 56.848870
-7.966627 41.977320
-10.027771 29.422699
-12.088915 19.576057
-14.150059 12.363540
-16.211203 7.412000
-18.272347 4.217964
-20.333491 2.278480
-22.394635 1.168322
-24.455778 0.568663
-26.516922 0.262737
-28.578066 0.115230
-30.639210 0.047971
-32.700354 0.018957
-34.761498 0.007111
-36.822642 0.002532
-38.883786 0.000856
-40.944930 0.000275
-43.006074 0.000084
-45.067218 0.000024
-47.128362 0.000007
-49.189506 0.000002
-51.250650 0.000000
-53.311794 0.000000
-55.372938 0.000000
-57.434082 0.000000
-59.495226 0.000000
-61.556370 0.000000
-63.617514 0.000000
-65.678657 0.000000
-67.739801 0.000000
-69.800945 0.000000
-71.862089 0.000000
-73.923233 0.000000
-75.984377 0.000000
-78.045521 0.000000
-80.106665 0.000000
-82.167809 0.000000
-84.228953 0.000000
-86.290097 0.000000
-88.351241 0.000000
-90.412385 0.000000
-92.473529 0.000000
-94.534673 0.000000
-96.595817 0.000000
-98.656961 0.000000
-100.718105 0.000000
-102.779249 0.000000
-104.840393 0.000000
-106.901536 0.000000
-108.962680 0.000000
-111.023824 0.000000
-113.084968 0.000000
-115.146112 0.000000
-117.207256 0.000000
-119.268400 0.000000
-121.329544 0.000000
-123.390688 0.000000
-125.451832 0.000000
-127.512976 0.000000
-129.574120 0.000000
-131.635264 0.000000
-133.696408 0.000000
-135.757552 0.000000
-137.818696 0.000000
-139.879840 0.000000
-141.940984 0.000000
-144.002128 0.000000
-146.063272 0.000000
-148.124415 0.000000
-150.185559 0.000000
-152.246703 0.000000
-154.307847 0.000000
-156.368991 0.000000
-158.430135 0.000000
-160.491279 0.000000
-162.552423 0.000000
-164.613567 0.000000
-166.674711 0.000000
-168.735855 0.000000
-170.796999 0.000000
-172.858143 0.000000
-174.919287 0.000000
-176.980431 0.000000
-179.041575 0.000000
-181.102719 0.000000
-183.163863 0.000000
-185.225007 0.000000
-187.286151 0.000000
-189.347294 0.000000
-191.408438 0.000000
-193.469582 0.000000
-195.530726 0.000000
-197.591870 0.000000
-199.653014 0.000000
-201.714158 0.000000
-203.775302 0.000000
-205.836446 0.000000
-207.897590 0.000000
-209.958734 0.000000
-212.019878 0.000000
-214.081022 0.000000
-216.142166 0.000000
-218.203310 0.000000
-220.264454 0.000000
-222.325598 0.000000
-224.386742 0.000000
-226.447886 0.000000
-228.509030 0.000000
-230.570174 0.000000
-232.631317 0.000000
-234.692461 0.000000
-236.753605 0.000000
-238.814749 0.000000
-240.875893 0.000000
-242.937037 0.000000
-244.998181 0.000000
-247.059325 0.000000
-249.120469 0.000000
-251.181613 0.000000
-253.242757 0.000000
-255.303901 0.000000
-257.365045 0.000000
-259.426189 0.000000
-261.487333 0.000000
-263.548477 0.000000
-265.609621 0.000000
-267.670765 0.000000
-269.731909 0.000000
-271.793053 0.000000
-273.854196 0.000000
-275.915340 0.000000
-277.976484 0.000000
-280.037628 0.000000
-282.098772 0.000000
-284.159916 0.000000
-286.221060 0.000000
-288.282204 0.000000
-290.343348 0.000000
-292.404492 0.000000
