233.187215 -3.924776
231.126071 -4.045827
229.064927 -4.168039
227.003784 -4.715190
224.942640 -4.855135
222.881496 -4.475421
220.820352 -4.628318
218.759208 -5.544796
216.698064 -5.997352
214.636920 -5.808391
212.575776 -5.453304
210.514632 -4.623564
208.453488 -3.873683
206.392344 -3.549554
204.331200 -3.658781
202.270056 -4.458477
200.208912 -5.217848
198.147768 -5.516515
196.086624 -5.735898
194.025480 -5.288287
191.964336 -4.713817
189.903192 -4.756069
187.842048 -5.057907
185.780905 -5.528719
183.719761 -5.843818
181.658617 -5.996845
179.597473 -6.188390
177.536329 -6.097939
175.475185 -5.860456
173.414041 -5.691329
171.352897 -5.588702
169.291753 -5.841608
167.230609 -6.114353
165.169465 -6.216021
163.108321 -6.237762
161.047177 -6.262671
158.986033 -6.518444
156.924889 -7.117026
154.863745 -7.406291
152.802601 -6.843768
150.741457 -6.391680
148.680313 -6.720510
146.619169 -6.908420
144.558025 -6.890934
142.496882 -7.311333
140.435738 -8.153204
138.374594 -8.448686
136.313450 -7.701361
134.252306 -7.131088
132.191162 -7.512365
130.130018 -7.635441
128.068874 -6.978646
126.007730 -6.634312
123.946586 -7.217049
121.885442 -7.431173
119.824298 -6.931257
117.763154 -6.578781
115.702010 -6.760671
113.640866 -7.333564
111.579722 -7.807112
109.518578 -8.348877
107.457434 -9.099516
105.396290 -9.212864
103.335146 -8.724969
101.274003 -8.239422
99.212859 -7.895251
97.151715 -7.805160
95.090571 -8.300933
93.029427 -8.735323
90.968283 -8.903380
88.907139 -9.280980
86.845995 -9.419693
84.784851 -9.586024
82.723707 -9.746308
80.662563 -9.565257
78.601419 -9.379019
76.540275 -9.331037
74.479131 -9.504343
72.417987 -9.479165
70.356843 -8.875031
68.295699 -8.404094
66.234555 -8.801057
64.173411 -9.551578
62.112267 -9.561279
60.051124 -8.921541
57.989980 -8.426411
55.928836 -8.698793
53.867692 -9.529870
51.806548 -9.962708
49.745404 -9.749575
47.684260 -9.750711
45.623116 -9.898187
43.561972 -8.760461
41.500828 -7.447669
39.439684 -7.839001
37.378540 -8.742388
35.317396 -8.398232
33.256252 -7.204371
31.195108 -5.395676
29.133964 -2.344159
27.072820 1.749599
25.011676 7.382858
22.950532 15.337010
20.889388 25.835180
18.828245 39.070785
16.767101 55.192116
14.705957 71.885844
12.644813 86.391471
10.583669 97.772546
8.522525 107.009767
6.461381 114.051302
4.400237 115.973830
2.339093 111.581814
0.277949 103.390150
-1.783195 92.395989
-3.844339 77.805593
-5.905483 60.626559
-7.966627 43.335857
-10.027771 28.225530
-12.088915 16.490776
-14.150059 8.147314
-16.211203 2.804621
-18.272347 -0.211637
-20.333491 -2.023938
-22.394635 -3.525175
-24.455778 -4.723800
-26.516922 -5.477237
-28.578066 -5.364009
-30.639210 -5.206862
-32.700354 -6.030284
-34.761498 -6.998310
-36.822642 -8.140657
-38.883786 -8.791357
-40.944930 -8.569714
-43.006074 -8.483195
-45.067218 -8.511851
-47.128362 -9.105526
-49.189506 -10.175968
-51.250650 -10.422247
-53.311794 -9.789012
-55.372938 -9.322961
-57.434082 -9.934213
-59.495226 -10.308747
-61.556370 -10.173779
-63.617514 -10.372355
-65.678657 -10.353675
-67.739801 -9.704786
-69.800945 -9.035465
-71.862089 -8.848005
-73.923233 -9.457476
-75.984377 -10.111811
-78.045521 -10.133199
-80.106665 -9.785974
-82.167809 -9.699406
-84.228953 -9.942897
-86.290097 -10.197730
-88.351241 -9.834970
-90.412385 -9.055685
-92.473529 -9.267055
-94.534673 -10.359819
-96.595817 -10.562783
-98.656961 -10.228528
-100.718105 -10.157981
-102.779249 -9.886344
-104.840393 -9.271027
-106.901536 -8.631738
-108.962680 -8.338022
-111.023824 -8.681136
-113.084968 -8.848616
-115.146112 -8.594931
-117.207256 -8.563793
-119.268400 -8.814286
-121.329544 -8.886940
-123.390688 -9.131815
-125.451832 -9.687005
-127.512976 -9.834067
-129.574120 -9.273140
-131.635264 -8.452715
-133.696408 -8.600610
-135.757552 -9.559922
-137.818696 -10.256472
-139.879840 -9.992565
-141.940984 -9.430811
-144.002128 -9.143629
-146.063272 -9.504603
-148.124415 -10.116861
-150.185559 -10.290042
-152.246703 -9.979066
-154.307847 -9.235657
-156.368991 -8.593986
-158.430135 -8.527190
-160.491279 -8.377432
-162.552423 -8.099659
-164.613567 -8.369005
-166.674711 -8.874422
-168.735855 -8.444058
-170.796999 -7.633075
-172.858143 -7.585274
-174.919287 -7.690489
-176.980431 -7.703261
-179.041575 -7.840286
-181.102719 -7.868411
-183.163863 -8.156442
-185.225007 -8.259736
-187.286151 -7.993045
-189.347294 -7.867233
-191.408438 -7.906222
-193.469582 -7.790496
-195.530726 -7.704347
-197.591870 -7.817219
-199.653014 -7.914034
-201.714158 -7.814202
-203.775302 -7.561629
-205.836446 -7.428201
-207.897590 -7.579998
-209.958734 -8.172888
-212.019878 -8.723883
-214.081022 -8.681880
-216.142166 -8.409271
-218.203310 -7.725395
-220.264454 -6.609659
-222.325598 -5.981300
-224.386742 -5.979242
-226.447886 -6.335638
-228.509030 -6.698464
-230.570174 -6.855543
-232.631317 -6.838499
-234.692461 -6.587036
-236.753605 -6.430810
-238.814749 -6.206191
-240.875893 -5.748552
-242.937037 -5.978365
-244.998181 -6.673649
-247.059325 -6.838852
-249.120469 -6.660478
-251.181613 -6.863565
-253.242757 -7.080608
-255.303901 -6.467324
-257.365045 -5.467172
-259.426189 -5.113962
-261.487333 -5.528339
-263.548477 -6.161069
-265.609621 -6.625153
-267.670765 -6.594870
-269.731909 -6.526053
-271.793053 -6.877080
-273.854196 -7.227789
-275.915340 -7.192211
-277.976484 -7.106782
-280.037628 -7.029084
-282.098772 -7.166597
-284.159916 -7.356960
-286.221060 -7.087308
-288.282204 -6.646991
-290.343348 -6.181289
-292.404492 -5.436259
