# BEGINHEADER
# This file contains data from the SALSA 2m radio telescope.
# DATE=2024-01-31T18:36:0022
# GLON and GLAT given in degrees
# GLON=189.80015272795188
# GLAT=-0.30633099180762896
# DATA in two columns below. Col. 1 is velocity relative to LSR [km/s]. Col. 2 is uncalibrated antenna temperature [K].
# ENDHEADER
233.18721537364297 -3.6727313580615033
231.12607142304435 -4.8868695201547006
229.0649274724457 -2.7273402214950795
227.00378352184705 -5.727325292849698
224.9426395712484 -5.132103275804114
222.8814956206498 -4.29748130785439
220.82035167005114 -3.396604934779715
218.75920771945252 -6.388622295596099
216.69806376885384 -6.703655739920083
214.63691981825522 -4.933078641899106
212.57577586765657 -6.700959264727868
210.51463191705795 -4.073683463900087
208.4534879664593 -3.5730638428910346
206.39234401586063 -3.752530514750391
204.331200065262 -2.769177628631111
202.27005611466336 -4.421301591745996
200.20891216406474 -6.3824935764528155
198.14776821346607 -4.238156560384381
196.08662426286745 -7.147165574746444
194.0254803122688 -5.246313240388447
191.96433636167018 -3.7198351556065274
189.90319241107153 -5.329690293321933
187.84204846047288 -4.411842813840016
185.78090450987423 -5.909048193170697
183.7197605592756 -6.073458159901149
181.65861660867697 -5.533143490095867
179.59747265807835 -6.698028863411042
177.53632870747967 -6.202335618029243
175.47518475688105 -5.43388340674346
173.4140408062824 -6.296411345003543
171.35289685568378 -4.680324782701981
169.2917529050851 -6.278525741455624
167.23060895448646 -6.079425399916213
165.16946500388784 -6.2968787036563185
163.1083210532892 -6.228683690048983
161.04717710269057 -6.246181563231059
158.9860331520919 -6.079866085859538
156.92488920149327 -7.161726841062099
154.86374525089462 -8.377196677970103
152.802601300296 -6.9083612730090715
150.74145734969736 -4.965032684964853
148.6803133990987 -7.658705619260068
146.61916944850006 -6.868250821575162
144.55802549790144 -6.6614377475627435
142.4968815473028 -6.754608750291442
140.43573759670414 -8.470431017253958
138.3745936461055 -9.536993375978835
136.31344969550688 -7.68371903203368
134.25230574490823 -5.593213903771065
132.1911617943096 -8.330367451809092
130.13001784371096 -8.130462202680379
128.06887389311228 -7.168479148894043
126.00772994251366 -4.9400099047222525
123.94658599191503 -8.22862174919087
121.88544204131638 -7.992428133686391
119.82429809071775 -6.508344703783891
117.7631541401191 -6.453912028252216
115.70201018952046 -6.24297144658725
113.64086623892182 -7.655177825591153
111.57972228832318 -8.039659120583616
109.51857833772453 -7.3848573404999005
107.45743438712589 -10.211482745181165
105.39629043652725 -9.352251097304313
103.3351464859286 -8.718140750912417
101.27400253532997 -7.934735547755834
99.21285858473132 -8.286182603043102
97.15171463413269 -6.841267710222366
95.09057068353405 -8.464127843265645
93.0294267329354 -9.621986252262538
90.96828278233677 -7.577162752283287
88.90713883173812 -10.513324445330602
86.84599488113949 -8.824952298671938
84.78485093054084 -9.491892944910306
82.72370697994221 -10.445533705870755
80.66256302934357 -9.072492730532202
78.60141907874493 -9.672265352958215
76.54027512814629 -8.91549938886968
74.47913117754764 -9.518794185959369
72.41798722694901 -10.254166258561813
70.35684327635036 -8.686045654665175
68.29569932575171 -7.780123047013102
66.23455537515308 -8.20644376259725
64.17341142455443 -10.578999554113064
62.112267473955804 -9.790145473053945
60.051123523357155 -8.899168052109278
57.989979572758514 -7.899940493967301
55.92883562215987 -8.08173949936625
53.86769167156123 -10.029877153167321
51.80654772096259 -10.489433988710234
49.74540377036396 -9.789594335072922
47.684259819765316 -8.437811588300875
45.623115869166675 -11.947445496203041
43.561971918568034 -9.03617653793568
41.500827967969386 -5.417106365943082
39.439684017370745 -7.53561411393697
37.3785400667721 -10.252438672950456
35.31739611617347 -8.675068781453287
33.25625216557483 -6.734574927172215
31.195108214976187 -7.162440593896318
29.133964264377546 -1.8694194353893612
27.0728203137789 0.5181362243116374
25.011676363180264 6.474911630763544
22.950532412581627 13.491396447022355
20.889388461982985 25.490760250541623
18.828244511384344 36.035959642313415
16.767100560785703 55.46172778243288
14.705956610187062 73.03078259763427
12.644812659588421 88.64799933033098
10.58366870898978 98.7244928448958
8.522524758391139 106.94144481803103
6.461380807792499 116.98082139591347
4.400236857193857 120.80563148964268
2.339092906595217 112.3619125162033
0.27794895599657604 104.27144720397182
-1.7831949946020647 95.03852462019636
-3.8443389452007057 79.22098584121312
-5.905482895799347 60.630248603160254
-7.966626846397987 42.07398868897981
-10.027770796996627 26.17654452774906
-12.088914747595268 14.899350520469564
-14.15005869819391 6.524388022394055
-16.21120264879255 1.6278213978144305
-18.272346599391188 -1.0210751315161315
-20.333490549989833 -1.5442221251197024
-22.394634500588474 -4.183485108210537
-24.455778451187115 -4.422511553513926
-26.516922401785756 -6.255413685150059
-28.578066352384397 -6.15030152370944
-30.639210302983038 -2.8839109667109972
-32.70035425358168 -7.677943618710726
-34.76149820418032 -5.8061929543778
-36.82264215477896 -8.470924757635647
-38.8837861053776 -10.327845133749765
-40.94493005597624 -7.162064030707528
-43.006074006574885 -9.32999536496393
-45.067217957173526 -8.05421053546044
-47.12836190777216 -7.959328063728541
-49.1895058583708 -11.761070468778408
-51.25064980896944 -10.18002513429247
-53.31179375956808 -10.842940006770315
-55.37293771016673 -6.921412509626045
-57.43408166076537 -11.203840748781372
-59.49522561136401 -10.769890389027593
-61.55636956196265 -9.319263135323656
-63.61751351256129 -10.592733206069735
-65.67865746315994 -11.264509391576256
-67.73980141375857 -9.092040869212104
-69.8009453643572 -9.432691186697484
-71.86208931495585 -7.588463280922383
-73.92323326555449 -9.856691569256276
-75.98437721615313 -10.418499650737818
-78.04552116675177 -10.647848909828173
-80.10666511735042 -9.197137593757864
-82.16780906794905 -9.775605191805628
-84.2289530185477 -9.609262470431206
-86.29009696914635 -10.722193148303253
-88.35124091974498 -10.486414426279179
-90.41238487034363 -8.376320615728368
-92.47352882094226 -7.609616103842196
-94.53467277154091 -12.311624429105814
-96.59581672213955 -10.486586176082172
-98.65696067273818 -9.65442532632312
-100.71810462333683 -10.52205718698631
-102.77924857393546 -10.243706115842892
-104.84039252453411 -8.94030249076988
-106.90153647513274 -9.045324699890731
-108.96268042573139 -7.07458739282935
-111.02382437633003 -9.359026172252957
-113.08496832692866 -9.160764995408343
-115.14611227752731 -8.382989058423556
-117.20725622812594 -8.054714166801006
-119.26840017872459 -9.391010435222173
-121.32954412932322 -8.781884550203513
-123.39068807992187 -8.355464975505086
-125.45183203052052 -10.596959300482888
-127.51297598111915 -9.592050045623537
-129.5741199317178 -10.536283301955397
-131.63526388231645 -6.71344650995105
-133.69640783291507 -8.746804103227895
-135.75755178351372 -9.049594505140465
-137.81869573411234 -11.88229384695784
-139.879839684711 -9.31305863414124
-141.94098363530966 -9.839962498201913
-144.00212758590828 -8.334916772343524
-146.06327153650693 -9.320934087948272
-148.12441548710555 -10.712112021495129
-150.18555943770423 -10.29850222476151
-152.24670338830285 -10.335772958671283
-154.3078473389015 -9.495616515948747
-156.36899128950012 -7.47446850211724
-158.43013524009876 -9.159258394582315
-160.4912791906974 -8.476584828002954
-162.55242314129606 -7.751905485467228
-164.61356709189468 -7.607016220295462
-166.67471104249333 -10.108903237315964
-168.73585499309195 -8.975391487922378
-170.79699894369062 -6.208062044170939
-172.85814289428924 -8.006810600129826
-174.9192868448879 -8.064072274166604
-176.9804307954865 -6.783133342913252
-179.04157474608516 -9.032325181519692
-181.10271869668384 -6.6520539474149665
-183.16386264728246 -8.807312342951336
-185.2250065978811 -8.506905932698315
-187.28615054847972 -7.803587015922992
-189.3472944990784 -7.568758970601825
-191.40843844967702 -8.311018829600092
-193.46958240027567 -7.689604312679695
-195.5307263508743 -7.445119915235252
-197.59187030147294 -7.95879082555854
-199.65301425207159 -7.915665463635736
-201.71415820267023 -8.133528425833346
-203.77530215326885 -7.238020049085244
-205.8364461038675 -7.523390767978117
-207.89759005446612 -7.138458331214039
-209.9587340050648 -7.93820827130988
-212.01987795566342 -9.727774529274946
-214.08102190626207 -8.266219421138112
-216.1421658568607 -8.579019425736286
-218.20330980745936 -8.659208931969236
-220.264453758058 -5.606974521750776
-222.32559770865663 -5.962599901249902
-224.38674165925528 -5.641532429614114
-226.4478856098539 -6.33339377457777
-228.50902956045257 -7.055012905112485
-230.5701735110512 -6.580080461157991
-232.63131746164984 -7.38367035015914
-234.69246141224846 -6.313492393559513
-236.7536053628471 -6.119450600244313
-238.81474931344576 -7.268209837484968
-240.8758932640444 -4.599716043405898
-242.93703721464303 -5.646598334936295
-244.99818116524168 -7.344895534815487
-247.05932511584032 -7.167586884572098
-249.12046906643897 -6.1342289159879435
-251.1816130170376 -6.574199312801842
-253.24275696763624 -8.068359130646845
-255.30390091823486 -6.693805874466064
-257.36504486883354 -4.946287247328557
-259.4261888194322 -4.406694332177223
-261.48733277003083 -5.846351724379098
-263.5484767206294 -5.788699907003375
-265.60962067122813 -7.443238556670157
-267.6707646218267 -6.427103127484583
-269.73190857242537 -6.174534707121763
-271.793052523024 -6.668510777545148
-273.85419647362266 -8.065620827453566
-275.9153404242213 -6.59052561781917
-277.9764843748199 -7.562505670471078
-280.03762832541855 -6.695049512013991
-282.09877227601726 -6.902709140153708
-284.15991622661585 -8.021193053242841
-286.2210601772145 -7.130440046163478
-288.2822041278131 -6.1763248566925935
-290.3433480784118 -7.0749236645155635
-292.40449202901044 -4.801034789905373
