-4096,0.974101
-4094,0.967105
-4092,0.964678
-4090,0.959303
-4088,0.948135
-4086,0.945036
-4084,0.96282
-4082,0.964002
-4080,0.961033
-4078,0.957205
-4076,0.95279
-4074,0.961743
-4072,0.956287
-4070,0.957501
-4068,0.970788
-4066,0.963333
-4064,0.970639
-4062,0.968355
-4060,0.967012
-4058,0.964918
-4056,0.952334
-4054,0.953178
-4052,0.966007
-4050,0.959665
-4048,0.95608
-4046,0.96627
-4044,0.978144
-4042,0.984451
-4040,0.978804
-4038,0.973329
-4036,0.971047
-4034,0.955077
-4032,0.94735
-4030,0.943985
-4028,0.945273
-4026,0.962068
-4024,0.96856
-4022,0.960632
-4020,0.956017
-4018,0.968381
-4016,0.978598
-4014,0.974656
-4012,0.972181
-4010,0.970611
-4008,0.976229
-4006,0.966546
-4004,0.964868
-4002,0.974326
-4000,0.972256
-3998,0.967232
-3996,0.965068
-3994,0.970941
-3992,0.954949
-3990,0.94626
-3988,0.963093
-3986,0.963467
-3984,0.96127
-3982,0.959066
-3980,0.95718
-3978,0.957223
-3976,0.953682
-3974,0.962745
-3972,0.965195
-3970,0.959034
-3968,0.957439
-3966,0.965149
-3964,0.968055
-3962,0.970297
-3960,0.979967
-3958,0.974871
-3956,0.972412
-3954,0.954242
-3952,0.954074
-3950,0.961998
-3948,0.952543
-3946,0.962178
-3944,0.953705
-3942,0.958118
-3940,0.966875
-3938,0.968384
-3936,0.975883
-3934,0.959783
-3932,0.963223
-3930,0.969804
-3928,0.965098
-3926,0.967658
-3924,0.959989
-3922,0.97563
-3920,0.972508
-3918,0.95123
-3916,0.949697
-3914,0.949005
-3912,0.946675
-3910,0.937335
-3908,0.955191
-3906,0.969522
-3904,0.967253
-3902,0.973716
-3900,0.966961
-3898,0.970223
-3896,0.966593
-3894,0.960977
-3892,0.954415
-3890,0.957477
-3888,0.968955
-3886,0.962426
-3884,0.952222
-3882,0.963347
-3880,0.964878
-3878,0.964967
-3876,0.979946
-3874,0.96562
-3872,0.971441
-3870,0.968207
-3868,0.964987
-3866,0.968622
-3864,0.974956
-3862,0.968123
-3860,0.966569
-3858,0.971785
-3856,0.96556
-3854,0.954487
-3852,0.961042
-3850,0.943499
-3848,0.954951
-3846,0.962885
-3844,0.962018
-3842,0.960894
-3840,0.951873
-3838,0.959981
-3836,0.960846
-3834,0.968457
-3832,0.960045
-3830,0.945945
-3828,0.952657
-3826,0.957746
-3824,0.954693
-3822,0.966996
-3820,0.957016
-3818,0.949997
-3816,0.954981
-3814,0.967905
-3812,0.97344
-3810,0.983809
-3808,0.984089
-3806,0.975786
-3804,0.969364
-3802,0.967368
-3800,0.963249
-3798,0.961979
-3796,0.98205
-3794,0.97043
-3792,0.971659
-3790,0.957998
-3788,0.968482
-3786,0.961821
-3784,0.950407
-3782,0.964515
-3780,0.968329
-3778,0.955394
-3776,0.953143
-3774,0.962483
-3772,0.963755
-3770,0.953635
-3768,0.9582
-3766,0.959877
-3764,0.96783
-3762,0.972147
-3760,0.971306
-3758,0.966131
-3756,0.971426
-3754,0.954379
-3752,0.969516
-3750,0.960746
-3748,0.964157
-3746,0.967842
-3744,0.953094
-3742,0.948383
-3740,0.948415
-3738,0.945963
-3736,0.954772
-3734,0.963326
-3732,0.955528
-3730,0.961094
-3728,0.96842
-3726,0.963351
-3724,0.966691
-3722,0.964201
-3720,0.954932
-3718,0.954202
-3716,0.953525
-3714,0.943401
-3712,0.944685
-3710,0.962093
-3708,0.976419
-3706,0.973288
-3704,0.961556
-3702,0.968512
-3700,0.963405
-3698,0.975845
-3696,0.966731
-3694,0.958036
-3692,0.968679
-3690,0.970991
-3688,0.969562
-3686,0.983309
-3684,0.98039
-3682,0.966409
-3680,0.960138
-3678,0.944036
-3676,0.947782
-3674,0.949609
-3672,0.951439
-3670,0.962035
-3668,0.973865
-3666,0.964995
-3664,0.947947
-3662,0.948733
-3660,0.958212
-3658,0.962514
-3656,0.960381
-3654,0.962636
-3652,0.971715
-3650,0.970943
-3648,0.960778
-3646,0.957388
-3644,0.969384
-3642,0.986122
-3640,0.977871
-3638,0.971427
-3636,0.97181
-3634,0.958208
-3632,0.95683
-3630,0.965332
-3628,0.972377
-3626,0.963737
-3624,0.963844
-3622,0.972485
-3620,0.979765
-3618,0.977785
-3616,0.960499
-3614,0.959628
-3612,0.962704
-3610,0.9729
-3608,0.968075
-3606,0.965553
-3604,0.967441
-3602,0.966211
-3600,0.973215
-3598,0.963859
-3596,0.96484
-3594,0.966758
-3592,0.964997
-3590,0.97506
-3588,0.964449
-3586,0.959425
-3584,0.969935
-3582,0.9767
-3580,0.965197
-3578,0.963879
-3576,0.966891
-3574,0.955431
-3572,0.942675
-3570,0.954758
-3568,0.959426
-3566,0.978927
-3564,0.988182
-3562,0.984205
-3560,0.978407
-3558,0.97573
-3556,0.974669
-3554,0.985918
-3552,0.955199
-3550,0.942357
-3548,0.950961
-3546,0.966724
-3544,0.979418
-3542,0.977129
-3540,0.952727
-3538,0.947559
-3536,0.951852
-3534,0.94537
-3532,0.948014
-3530,0.952063
-3528,0.957312
-3526,0.966247
-3524,0.972351
-3522,0.958713
-3520,0.971256
-3518,0.976435
-3516,0.972556
-3514,0.969398
-3512,0.962802
-3510,0.968572
-3508,0.977923
-3506,0.972554
-3504,0.972958
-3502,0.96518
-3500,0.972353
-3498,0.968303
-3496,0.95849
-3494,0.964598
-3492,0.967941
-3490,0.947664
-3488,0.940056
-3486,0.958725
-3484,0.979258
-3482,0.973295
-3480,0.961585
-3478,0.974451
-3476,0.96431
-3474,0.963513
-3472,0.964849
-3470,0.961279
-3468,0.959581
-3466,0.955101
-3464,0.956818
-3462,0.956541
-3460,0.949219
-3458,0.948401
-3456,0.953124
-3454,0.946342
-3452,0.99313
-3450,0.980198
-3448,0.969924
-3446,0.956492
-3444,0.958554
-3442,0.975256
-3440,0.969077
-3438,0.97476
-3436,0.956795
-3434,0.949309
-3432,0.95531
-3430,0.974339
-3428,0.967165
-3426,0.965693
-3424,0.987239
-3422,0.981099
-3420,0.980539
-3418,0.984766
-3416,0.972838
-3414,0.982834
-3412,0.996839
-3410,0.98353
-3408,0.982365
-3406,0.987462
-3404,0.982149
-3402,0.960869
-3400,0.948097
-3398,0.946937
-3396,0.965756
-3394,0.959914
-3392,0.97581
-3390,0.981551
-3388,0.961641
-3386,0.958085
-3384,0.960724
-3382,0.959739
-3380,0.959542
-3378,0.949366
-3376,0.961795
-3374,0.962948
-3372,0.966349
-3370,0.964984
-3368,0.961404
-3366,0.967844
-3364,0.9504
-3362,0.94967
-3360,0.969989
-3358,0.980122
-3356,0.966981
-3354,0.982268
-3352,0.98788
-3350,0.972782
-3348,0.960911
-3346,0.965313
-3344,0.96368
-3342,0.966201
-3340,0.97242
-3338,0.988481
-3336,0.986089
-3334,0.980848
-3332,0.975474
-3330,0.96146
-3328,0.960368
-3326,0.962884
-3324,0.953124
-3322,0.947475
-3320,0.945701
-3318,0.957039
-3316,0.962545
-3314,0.984179
-3312,0.967191
-3310,0.952795
-3308,0.955228
-3306,0.969288
-3304,0.987815
-3302,0.961321
-3300,0.946846
-3298,0.94457
-3296,0.95257
-3294,0.958809
-3292,0.947835
-3290,0.950404
-3288,0.956859
-3286,0.962703
-3284,0.975027
-3282,0.969982
-3280,0.960015
-3278,0.959072
-3276,0.977339
-3274,0.973235
-3272,0.972199
-3270,0.977407
-3268,0.97483
-3266,0.964738
-3264,0.944948
-3262,0.939948
-3260,0.948143
-3258,0.95954
-3256,0.948415
-3254,0.936281
-3252,0.967591
-3250,0.965909
-3248,0.964424
-3246,0.958921
-3244,0.953643
-3242,0.95702
-3240,0.96004
-3238,0.955509
-3236,0.961136
-3234,0.950715
-3232,0.944456
-3230,0.943695
-3228,0.951516
-3226,0.95191
-3224,0.959882
-3222,0.95966
-3220,0.967828
-3218,0.966681
-3216,0.963014
-3214,0.961795
-3212,0.97217
-3210,0.977015
-3208,0.980856
-3206,0.969522
-3204,0.973723
-3202,0.965951
-3200,0.965399
-3198,0.962315
-3196,0.98051
-3194,0.967295
-3192,0.971895
-3190,0.959097
-3188,0.968711
-3186,0.987761
-3184,0.979888
-3182,0.952104
-3180,0.947185
-3178,0.953985
-3176,0.957657
-3174,0.977544
-3172,0.960431
-3170,0.957896
-3168,0.974718
-3166,0.964841
-3164,0.96123
-3162,0.97082
-3160,0.969949
-3158,0.949249
-3156,0.952359
-3154,0.933985
-3152,0.943737
-3150,0.942857
-3148,0.955073
-3146,0.964253
-3144,0.958925
-3142,0.949456
-3140,0.952044
-3138,0.959019
-3136,0.954589
-3134,0.972696
-3132,0.960723
-3130,0.969261
-3128,0.969512
-3126,0.969454
-3124,0.962842
-3122,0.961148
-3120,0.966374
-3118,0.989731
-3116,0.977128
-3114,0.9677
-3112,0.983139
-3110,0.98737
-3108,0.981133
-3106,0.981718
-3104,0.982523
-3102,0.987319
-3100,0.965509
-3098,0.983412
-3096,0.998705
-3094,0.992936
-3092,0.96405
-3090,0.963649
-3088,0.958834
-3086,0.959948
-3084,0.95223
-3082,0.96349
-3080,0.960299
-3078,0.955376
-3076,0.95585
-3074,0.956126
-3072,0.946219
-3070,0.96077
-3068,0.959909
-3066,0.966954
-3064,0.956054
-3062,0.954102
-3060,0.962886
-3058,0.968287
-3056,0.955161
-3054,0.953862
-3052,0.962953
-3050,0.96698
-3048,0.972997
-3046,0.992677
-3044,0.988504
-3042,0.961485
-3040,0.963309
-3038,0.969371
-3036,0.965439
-3034,0.953983
-3032,0.953537
-3030,0.971679
-3028,0.96317
-3026,0.945425
-3024,0.948173
-3022,0.954696
-3020,0.942931
-3018,0.944711
-3016,0.956392
-3014,0.964159
-3012,0.969438
-3010,0.963313
-3008,0.956844
-3006,0.971557
-3004,0.978698
-3002,0.959194
-3000,0.960863
-2998,0.972645
-2996,0.967549
-2994,0.974295
-2992,0.96502
-2990,0.959614
-2988,0.966751
-2986,0.966714
-2984,0.967174
-2982,0.966853
-2980,0.966631
-2978,0.967358
-2976,0.965987
-2974,0.968046
-2972,0.963103
-2970,0.962228
-2968,0.957822
-2966,0.966012
-2964,0.967015
-2962,0.960383
-2960,0.964454
-2958,0.955688
-2956,0.949454
-2954,0.959221
-2952,0.965753
-2950,0.962596
-2948,0.971133
-2946,0.972207
-2944,0.968129
-2942,0.958768
-2940,0.961654
-2938,0.97173
-2936,0.961659
-2934,0.954527
-2932,0.952535
-2930,0.973394
-2928,0.980107
-2926,0.983692
-2924,0.980025
-2922,0.966516
-2920,0.947508
-2918,0.944451
-2916,0.956669
-2914,0.955695
-2912,0.972808
-2910,0.981854
-2908,0.96215
-2906,0.949193
-2904,0.950239
-2902,0.93691
-2900,0.941602
-2898,0.958365
-2896,0.959427
-2894,0.962138
-2892,0.973046
-2890,0.978843
-2888,0.974899
-2886,0.975739
-2884,0.969709
-2882,0.965792
-2880,0.964368
-2878,0.964134
-2876,0.973759
-2874,0.971429
-2872,0.977023
-2870,0.972294
-2868,0.979364
-2866,0.975626
-2864,0.964979
-2862,0.937987
-2860,0.940858
-2858,0.961128
-2856,0.977818
-2854,0.96563
-2852,0.982709
-2850,0.959261
-2848,0.965557
-2846,0.959221
-2844,0.964273
-2842,0.971757
-2840,0.952987
-2838,0.947819
-2836,0.945032
-2834,0.940606
-2832,0.959425
-2830,0.970763
-2828,0.966579
-2826,0.968349
-2824,0.981134
-2822,0.97593
-2820,0.979476
-2818,0.981027
-2816,0.971824
-2814,0.977871
-2812,0.977252
-2810,0.956056
-2808,0.964005
-2806,0.96195
-2804,0.9596
-2802,0.941486
-2800,0.937621
-2798,0.946155
-2796,0.967096
-2794,0.984556
-2792,0.973342
-2790,0.970759
-2788,0.969868
-2786,0.975224
-2784,0.974428
-2782,0.983806
-2780,0.965218
-2778,0.938562
-2776,0.949691
-2774,0.957719
-2772,0.949685
-2770,0.956196
-2768,0.947923
-2766,0.96471
-2764,0.970346
-2762,0.958516
-2760,0.956717
-2758,0.981505
-2756,0.989735
-2754,0.975164
-2752,0.94459
-2750,0.958639
-2748,0.963734
-2746,0.964281
-2744,0.971055
-2742,0.95972
-2740,0.942073
-2738,0.95899
-2736,0.971182
-2734,0.95604
-2732,0.955011
-2730,0.952838
-2728,0.966332
-2726,0.974893
-2724,0.972429
-2722,0.96562
-2720,0.96908
-2718,0.972711
-2716,0.976119
-2714,0.985253
-2712,0.964791
-2710,0.968627
-2708,0.97444
-2706,0.968172
-2704,0.948235
-2702,0.944703
-2700,0.943901
-2698,0.953207
-2696,0.952418
-2694,0.949785
-2692,0.958794
-2690,0.961021
-2688,0.954356
-2686,0.961185
-2684,0.961066
-2682,0.956264
-2680,0.956321
-2678,0.965188
-2676,0.970654
-2674,0.955197
-2672,0.963785
-2670,0.970075
-2668,0.981558
-2666,0.953214
-2664,0.94369
-2662,0.94791
-2660,0.944878
-2658,0.953238
-2656,0.929342
-2654,0.89945
-2652,0.905231
-2650,0.958205
-2648,0.978186
-2646,0.989954
-2644,0.987313
-2642,0.98139
-2640,0.967958
-2638,0.980495
-2636,0.969034
-2634,0.966796
-2632,0.956335
-2630,0.95394
-2628,0.960925
-2626,0.9619
-2624,0.959125
-2622,0.955894
-2620,0.94953
-2618,0.951947
-2616,0.970396
-2614,0.964617
-2612,0.962341
-2610,0.958788
-2608,0.951332
-2606,0.940571
-2604,0.938247
-2602,0.944636
-2600,0.969544
-2598,0.949096
-2596,0.952271
-2594,0.960968
-2592,0.948215
-2590,0.957629
-2588,0.960667
-2586,0.986202
-2584,0.972659
-2582,0.964479
-2580,0.953745
-2578,0.961537
-2576,0.978792
-2574,0.972598
-2572,0.956884
-2570,0.971984
-2568,0.95483
-2566,0.968476
-2564,0.985818
-2562,0.95791
-2560,0.951514
-2558,0.956501
-2556,0.97344
-2554,0.978619
-2552,0.93714
-2550,0.959353
-2548,0.988579
-2546,0.967951
-2544,0.947669
-2542,0.934128
-2540,0.948765
-2538,0.969571
-2536,0.966138
-2534,0.949177
-2532,0.971825
-2530,0.962656
-2528,0.956918
-2526,0.954902
-2524,0.964801
-2522,0.964965
-2520,0.958532
-2518,0.945414
-2516,0.952676
-2514,0.949103
-2512,0.939532
-2510,0.971521
-2508,0.975394
-2506,0.996261
-2504,0.99219
-2502,0.999328
-2500,0.980538
-2498,0.965084
-2496,0.975646
-2494,0.979003
-2492,0.989217
-2490,0.981091
-2488,0.944413
-2486,0.975188
-2484,0.998052
-2482,0.982728
-2480,0.962783
-2478,0.935782
-2476,0.938111
-2474,0.958296
-2472,0.947962
-2470,0.969293
-2468,0.97018
-2466,0.969674
-2464,0.963484
-2462,0.956742
-2460,0.957085
-2458,0.944152
-2456,0.970807
-2454,1.02586
-2452,1.03187
-2450,0.94081
-2448,0.947884
-2446,0.988095
-2444,0.980318
-2442,0.940874
-2440,0.947662
-2438,0.954483
-2436,0.973976
-2434,0.973778
-2432,0.984414
-2430,0.970555
-2428,0.978293
-2426,0.977004
-2424,0.992006
-2422,0.970824
-2420,0.95361
-2418,0.949617
-2416,0.957615
-2414,0.949281
-2412,0.956039
-2410,0.945199
-2408,0.95394
-2406,0.972839
-2404,0.96622
-2402,0.932151
-2400,0.908926
-2398,0.947918
-2396,1.00115
-2394,0.981095
-2392,0.964979
-2390,0.967327
-2388,0.960659
-2386,0.958127
-2384,0.950345
-2382,0.942966
-2380,0.969485
-2378,0.958583
-2376,0.956397
-2374,0.977869
-2372,0.99601
-2370,1.00775
-2368,0.994154
-2366,0.976156
-2364,0.957396
-2362,0.966152
-2360,0.95622
-2358,0.961086
-2356,0.951461
-2354,0.914855
-2352,0.87607
-2350,0.903262
-2348,0.93974
-2346,0.933009
-2344,0.923109
-2342,0.959964
-2340,0.975366
-2338,1.00475
-2336,0.992502
-2334,0.971276
-2332,0.974592
-2330,0.970097
-2328,0.938905
-2326,0.944669
-2324,0.973911
-2322,0.973917
-2320,0.972177
-2318,0.991717
-2316,1.01781
-2314,0.991369
-2312,0.984352
-2310,0.972303
-2308,0.941113
-2306,0.952484
-2304,0.983229
-2302,0.977365
-2300,0.997984
-2298,0.961166
-2296,0.942727
-2294,0.94997
-2292,0.96056
-2290,0.961397
-2288,0.947882
-2286,0.952935
-2284,0.986611
-2282,0.940111
-2280,0.939371
-2278,0.951482
-2276,0.949161
-2274,0.969883
-2272,0.968986
-2270,0.952523
-2268,0.935026
-2266,0.93308
-2264,0.908484
-2262,0.902669
-2260,0.899401
-2258,0.937686
-2256,0.932492
-2254,1.01708
-2252,1.23243
-2250,1.00988
-2248,0.991944
-2246,1.00367
-2244,1.00582
-2242,0.991072
-2240,1.00928
-2238,1.01078
-2236,1.00514
-2234,1.01038
-2232,1.01761
-2230,0.97997
-2228,0.973571
-2226,0.993084
-2224,1.05235
-2222,1.055
-2220,0.977814
-2218,0.938842
-2216,0.938273
-2214,0.940686
-2212,0.93788
-2210,0.930207
-2208,0.927677
-2206,0.950122
-2204,0.91736
-2202,0.94511
-2200,0.954013
-2198,0.912354
-2196,0.909761
-2194,0.924441
-2192,0.950423
-2190,0.967763
-2188,0.985075
-2186,0.932005
-2184,0.938639
-2182,0.954753
-2180,0.954116
-2178,0.914745
-2176,0.932027
-2174,0.975005
-2172,0.970433
-2170,0.958527
-2168,0.955336
-2166,0.936116
-2164,0.948074
-2162,0.957968
-2160,0.908718
-2158,0.904709
-2156,0.87504
-2154,0.839407
-2152,0.620255
-2150,0.905842
-2148,0.985356
-2146,0.941691
-2144,0.875473
-2142,0.900223
-2140,0.896471
-2138,0.889978
-2136,0.916865
-2134,0.94977
-2132,0.995032
-2130,1.00729
-2128,0.932792
-2126,0.953416
-2124,0.967176
-2122,1.00261
-2120,0.959159
-2118,0.834926
-2116,0.889761
-2114,0.9439
-2112,0.960166
-2110,0.98753
-2108,0.941457
-2106,0.88212
-2104,0.916766
-2102,1.01697
-2100,0.961366
-2098,0.982699
-2096,1.02428
-2094,0.944826
-2092,0.939577
-2090,0.897793
-2088,0.932909
-2086,0.982191
-2084,1.00876
-2082,1.05104
-2080,1.0214
-2078,0.987323
-2076,0.853868
-2074,0.873624
-2072,0.816308
-2070,0.84437
-2068,0.881559
-2066,0.844179
-2064,0.720802
-2062,0.830552
-2060,0.914095
-2058,0.816722
-2056,0.776274
-2054,0.738644
-2052,1.21695
-2050,1.3501
-2048,1.27097
-2046,1.21461
-2044,1.22337
-2042,1.11501
-2040,0.998546
-2038,0.854032
-2036,0.847606
-2034,0.903979
-2032,0.988083
-2030,0.96394
-2028,0.999413
-2026,1.0393
-2024,1.0306
-2022,0.945368
-2020,1.03064
-2018,0.994448
-2016,1.05451
-2014,0.997616
-2012,1.0531
-2010,1.12285
-2008,1.12057
-2006,1.07563
-2004,0.949518
-2002,0.900281
-2000,0.88497
-1998,0.819613
-1996,0.984781
-1994,1.03372
-1992,1.08478
-1990,1.20021
-1988,1.21426
-1986,1.13504
-1984,1.04616
-1982,1.06026
-1980,1.02996
-1978,1.08059
-1976,1.08604
-1974,1.04221
-1972,1.01378
-1970,0.93958
-1968,0.902814
-1966,1.01322
-1964,1.01006
-1962,0.98207
-1960,1.11639
-1958,1.18045
-1956,1.23637
-1954,1.46109
-1952,1.4665
-1950,0.701481
-1948,0.7252
-1946,0.799477
-1944,0.894154
-1942,0.963382
-1940,0.967842
-1938,0.933687
-1936,0.925868
-1934,0.979199
-1932,0.991276
-1930,0.979088
-1928,0.922979
-1926,0.972923
-1924,0.967538
-1922,0.942231
-1920,0.925357
-1918,0.90336
-1916,0.910869
-1914,0.921795
-1912,0.956055
-1910,1.03233
-1908,0.98963
-1906,0.90501
-1904,0.956695
-1902,0.950753
-1900,0.917086
-1898,0.971429
-1896,1.01513
-1894,0.982095
-1892,1.05151
-1890,1.02325
-1888,0.979493
-1886,0.979111
-1884,1.04483
-1882,0.940896
-1880,0.980488
-1878,0.997248
-1876,0.975052
-1874,0.976454
-1872,1.01072
-1870,0.938934
-1868,0.879553
-1866,0.883117
-1864,0.875842
-1862,0.866277
-1860,0.899948
-1858,0.940582
-1856,0.893212
-1854,0.892419
-1852,0.973577
-1850,1.0679
-1848,1.01467
-1846,0.974276
-1844,0.926612
-1842,0.98952
-1840,0.940199
-1838,0.934565
-1836,0.911931
-1834,0.919827
-1832,0.929037
-1830,0.970808
-1828,0.980142
-1826,0.961845
-1824,0.976242
-1822,1.01351
-1820,1.0317
-1818,0.990183
-1816,0.985126
-1814,0.975501
-1812,0.958024
-1810,0.944629
-1808,0.982646
-1806,0.978201
-1804,0.956551
-1802,0.940929
-1800,0.930941
-1798,0.942519
-1796,0.954374
-1794,0.99225
-1792,0.991449
-1790,0.987261
-1788,0.950208
-1786,0.942342
-1784,0.958948
-1782,0.943539
-1780,0.913298
-1778,0.917576
-1776,0.984752
-1774,0.990921
-1772,0.997973
-1770,1.00763
-1768,0.989163
-1766,0.967354
-1764,0.989867
-1762,0.962424
-1760,0.959919
-1758,0.956244
-1756,0.950278
-1754,0.949786
-1752,1.03465
-1750,1.04278
-1748,1.00348
-1746,0.977865
-1744,0.987196
-1742,0.974874
-1740,0.983181
-1738,0.956179
-1736,0.979382
-1734,0.97263
-1732,0.954535
-1730,0.947
-1728,0.98866
-1726,1.01115
-1724,1.00611
-1722,1.0177
-1720,1.01701
-1718,0.994733
-1716,0.986612
-1714,0.979039
-1712,0.972756
-1710,0.957468
-1708,0.95667
-1706,0.999079
-1704,0.970038
-1702,0.977477
-1700,0.960765
-1698,0.965984
-1696,0.969779
-1694,0.984818
-1692,0.96738
-1690,0.958105
-1688,0.968866
-1686,0.956374
-1684,0.949309
-1682,0.965831
-1680,0.989237
-1678,0.970388
-1676,0.953396
-1674,0.966153
-1672,0.950013
-1670,0.929106
-1668,0.953637
-1666,0.958532
-1664,0.943364
-1662,0.942016
-1660,0.94733
-1658,0.973337
-1656,0.962121
-1654,0.978072
-1652,0.989765
-1650,0.978965
-1648,0.979009
-1646,0.964506
-1644,0.998556
-1642,0.983335
-1640,0.952693
-1638,0.953774
-1636,0.981333
-1634,0.996097
-1632,1.01012
-1630,0.991096
-1628,0.980109
-1626,0.980652
-1624,0.981689
-1622,0.99867
-1620,1.00102
-1618,1.00405
-1616,1.00779
-1614,0.999258
-1612,0.988467
-1610,0.96326
-1608,0.965092
-1606,0.963923
-1604,0.978961
-1602,0.96385
-1600,0.97787
-1598,0.979794
-1596,0.960471
-1594,0.952951
-1592,0.976987
-1590,0.965613
-1588,0.985479
-1586,1.00164
-1584,1.0098
-1582,1.01045
-1580,1.00531
-1578,0.99251
-1576,0.970578
-1574,0.966455
-1572,0.969175
-1570,0.996438
-1568,0.996737
-1566,0.983873
-1564,0.958259
-1562,0.961923
-1560,0.967509
-1558,0.970393
-1556,0.966116
-1554,0.99098
-1552,1.00407
-1550,0.994867
-1548,0.98075
-1546,0.988143
-1544,1.00427
-1542,0.98292
-1540,0.964716
-1538,0.973148
-1536,0.956199
-1534,0.951056
-1532,0.954976
-1530,0.940164
-1528,0.944743
-1526,0.966399
-1524,0.966349
-1522,0.952267
-1520,0.950545
-1518,0.936818
-1516,0.949031
-1514,0.971617
-1512,0.949302
-1510,0.982627
-1508,0.977324
-1506,0.967911
-1504,0.959533
-1502,0.982055
-1500,0.994526
-1498,0.976425
-1496,0.97499
-1494,0.971617
-1492,0.972081
-1490,0.97422
-1488,0.977893
-1486,0.954372
-1484,0.940499
-1482,0.957742
-1480,0.968997
-1478,0.967388
-1476,0.945572
-1474,0.964316
-1472,0.970984
-1470,0.981782
-1468,1.00025
-1466,1.00942
-1464,1.00566
-1462,0.989723
-1460,0.97825
-1458,0.983988
-1456,0.979416
-1454,0.974846
-1452,0.957015
-1450,0.975551
-1448,0.978453
-1446,1.01499
-1444,1.02857
-1442,0.954522
-1440,0.957743
-1438,0.956445
-1436,0.958621
-1434,0.945926
-1432,0.952653
-1430,0.94474
-1428,0.950167
-1426,0.94708
-1424,0.955901
-1422,0.952213
-1420,0.951041
-1418,0.963212
-1416,0.968
-1414,0.972592
-1412,0.964657
-1410,0.950302
-1408,0.944083
-1406,0.934265
-1404,0.928346
-1402,0.9397
-1400,0.946985
-1398,0.950019
-1396,0.943828
-1394,0.972362
-1392,0.964218
-1390,0.95336
-1388,0.958637
-1386,0.96433
-1384,0.971371
-1382,0.979567
-1380,0.994796
-1378,0.964558
-1376,0.969444
-1374,0.958397
-1372,0.958406
-1370,0.951952
-1368,0.960695
-1366,0.975209
-1364,0.954521
-1362,0.971705
-1360,0.981401
-1358,0.970494
-1356,0.9484
-1354,0.95229
-1352,0.960277
-1350,0.996719
-1348,0.982732
-1346,0.952503
-1344,0.948134
-1342,0.95724
-1340,0.950088
-1338,0.966109
-1336,0.970642
-1334,0.966986
-1332,0.954525
-1330,0.966675
-1328,0.985688
-1326,0.967153
-1324,0.975825
-1322,0.968846
-1320,0.97096
-1318,0.955686
-1316,0.960341
-1314,0.982634
-1312,0.965954
-1310,0.950113
-1308,0.943284
-1306,0.951656
-1304,0.966638
-1302,0.967726
-1300,0.97568
-1298,0.980514
-1296,0.971257
-1294,0.980518
-1292,0.99422
-1290,0.982037
-1288,0.974268
-1286,0.971507
-1284,0.978794
-1282,0.991118
-1280,0.976921
-1278,0.961359
-1276,0.970332
-1274,0.957208
-1272,0.980581
-1270,0.982379
-1268,0.988349
-1266,0.9757
-1264,0.957788
-1262,0.974236
-1260,0.980731
-1258,0.968206
-1256,0.951727
-1254,0.988991
-1252,1.05221
-1250,0.94772
-1248,0.935982
-1246,0.951613
-1244,0.942394
-1242,0.949375
-1240,0.949416
-1238,0.947611
-1236,0.955575
-1234,0.946884
-1232,0.959831
-1230,0.945091
-1228,0.947364
-1226,0.941731
-1224,0.962632
-1222,0.968784
-1220,0.966626
-1218,0.955357
-1216,0.953039
-1214,0.950377
-1212,0.947658
-1210,0.959603
-1208,0.954093
-1206,0.951799
-1204,0.964546
-1202,0.966476
-1200,0.963919
-1198,0.968934
-1196,0.96536
-1194,0.97235
-1192,0.970479
-1190,0.96026
-1188,0.951372
-1186,0.952737
-1184,0.958335
-1182,0.956658
-1180,0.959081
-1178,0.958179
-1176,0.956783
-1174,0.960304
-1172,0.969165
-1170,0.962656
-1168,0.957366
-1166,0.943779
-1164,0.961943
-1162,0.972934
-1160,0.971813
-1158,0.972036
-1156,0.95367
-1154,0.942827
-1152,0.907149
-1150,0.930815
-1148,0.964655
-1146,0.973197
-1144,0.983742
-1142,0.98757
-1140,0.966794
-1138,0.959248
-1136,0.967818
-1134,0.973121
-1132,0.964181
-1130,0.96578
-1128,0.958404
-1126,0.94807
-1124,0.943174
-1122,0.955412
-1120,0.961982
-1118,0.956006
-1116,0.953345
-1114,0.948408
-1112,0.948649
-1110,0.954057
-1108,0.969962
-1106,0.952384
-1104,0.957693
-1102,0.959284
-1100,0.940062
-1098,0.930139
-1096,0.924417
-1094,0.930386
-1092,0.923975
-1090,0.925492
-1088,0.933379
-1086,0.946005
-1084,0.952185
-1082,0.954792
-1080,0.950751
-1078,0.946887
-1076,0.949839
-1074,0.970912
-1072,0.946471
-1070,0.929009
-1068,0.938999
-1066,0.96264
-1064,0.94968
-1062,0.942918
-1060,0.937024
-1058,0.917611
-1056,0.881739
-1054,0.826982
-1052,0.63733
-1050,0.911527
-1048,0.999258
-1046,0.992727
-1044,0.992958
-1042,0.985172
-1040,0.970651
-1038,0.974384
-1036,0.974749
-1034,0.957385
-1032,0.967408
-1030,0.980896
-1028,0.975451
-1026,0.970187
-1024,0.967727
-1022,0.983159
-1020,0.98815
-1018,0.965066
-1016,0.962783
-1014,0.955924
-1012,0.948732
-1010,0.95041
-1008,0.953401
-1006,0.953628
-1004,0.955125
-1002,0.94272
-1000,0.973324
-998,0.986382
-996,0.983056
-994,0.975296
-992,0.979575
-990,0.968073
-988,0.963613
-986,0.942949
-984,0.945288
-982,0.94517
-980,0.943756
-978,0.948743
-976,0.939678
-974,0.947885
-972,0.962766
-970,0.955054
-968,0.952213
-966,0.956709
-964,0.952374
-962,0.937879
-960,0.934847
-958,0.932176
-956,0.926148
-954,0.926251
-952,0.947502
-950,1.10055
-948,1.04119
-946,1.00644
-944,1.00247
-942,0.990434
-940,0.994208
-938,0.979598
-936,0.979191
-934,0.980307
-932,0.982462
-930,0.978524
-928,0.964865
-926,0.974861
-924,0.972726
-922,0.988591
-920,0.99306
-918,0.980391
-916,0.964887
-914,0.986095
-912,0.987688
-910,0.972287
-908,0.985545
-906,0.971145
-904,0.952245
-902,0.954274
-900,0.970144
-898,0.975573
-896,0.97972
-894,0.962856
-892,0.941774
-890,0.946438
-888,0.952167
-886,0.955667
-884,0.959326
-882,0.951588
-880,0.937624
-878,0.939476
-876,0.936825
-874,0.933014
-872,0.935857
-870,0.937345
-868,0.932341
-866,0.933781
-864,0.93414
-862,0.929475
-860,0.90622
-858,0.888368
-856,0.858686
-854,0.842773
-852,0.938663
-850,1.35481
-848,1.17739
-846,1.09455
-844,1.05256
-842,1.03014
-840,1.01457
-838,1.00488
-836,1.00804
-834,1.01716
-832,0.995121
-830,0.999891
-828,1.00046
-826,1.00096
-824,0.996503
-822,1.00244
-820,1.00589
-818,0.992813
-816,0.996108
-814,0.995792
-812,0.979879
-810,0.980442
-808,0.995469
-806,0.995321
-804,0.981877
-802,0.987646
-800,0.992237
-798,0.990569
-796,0.983437
-794,0.975514
-792,0.960986
-790,0.962776
-788,0.975253
-786,0.959319
-784,0.954051
-782,0.964205
-780,0.966724
-778,0.978218
-776,0.983854
-774,0.957492
-772,0.970349
-770,0.982221
-768,0.988449
-766,0.999469
-764,0.999488
-762,0.977084
-760,0.980129
-758,0.996875
-756,0.995417
-754,0.990598
-752,0.966867
-750,0.936647
-748,0.951922
-746,0.964674
-744,0.974355
-742,0.98292
-740,0.990282
-738,0.984316
-736,0.970071
-734,0.957575
-732,0.960411
-730,0.966134
-728,0.973979
-726,0.967047
-724,0.973322
-722,0.992961
-720,0.983018
-718,0.977569
-716,0.985271
-714,0.965675
-712,0.959254
-710,0.970202
-708,0.975965
-706,0.958387
-704,0.947899
-702,0.949774
-700,0.965333
-698,0.964502
-696,0.958002
-694,0.9517
-692,0.968175
-690,0.953933
-688,0.950401
-686,0.964317
-684,0.959542
-682,0.958215
-680,0.971275
-678,0.95866
-676,0.945859
-674,0.944778
-672,0.953332
-670,0.955748
-668,0.950147
-666,0.931283
-664,0.928216
-662,0.920384
-660,0.920155
-658,0.904592
-656,0.887103
-654,0.823196
-652,0.683379
-650,0.976473
-648,1.0556
-646,1.03124
-644,1.02049
-642,0.996162
-640,1.01858
-638,1.01062
-636,1.00743
-634,1.00852
-632,0.997647
-630,0.995508
-628,0.961921
-626,0.964628
-624,0.980655
-622,0.980015
-620,0.965591
-618,0.97908
-616,0.971227
-614,0.956841
-612,0.949535
-610,0.977758
-608,0.988945
-606,0.962782
-604,0.96431
-602,0.971763
-600,0.96524
-598,0.960609
-596,0.954692
-594,0.966971
-592,0.970078
-590,0.955187
-588,0.966289
-586,0.943852
-584,0.943584
-582,0.961182
-580,0.961322
-578,0.959354
-576,0.951373
-574,0.963932
-572,0.944673
-570,0.939786
-568,0.931372
-566,0.928204
-564,0.920534
-562,0.920553
-560,0.917836
-558,0.894495
-556,0.874231
-554,0.79538
-552,0.615665
-550,1.05999
-548,1.14791
-546,1.10035
-544,1.06696
-542,1.04384
-540,1.04483
-538,1.03421
-536,1.01988
-534,1.01745
-532,1.01301
-530,1.00074
-528,1.00476
-526,0.990716
-524,0.999512
-522,1.01406
-520,1.03256
-518,1.01679
-516,0.999471
-514,1.00229
-512,0.997213
-510,0.990441
-508,1.00397
-506,0.991728
-504,0.985067
-502,0.992091
-500,0.997259
-498,0.999703
-496,0.993757
-494,1.00535
-492,0.995356
-490,0.98408
-488,0.99675
-486,1.00632
-484,1.00099
-482,1.00787
-480,1.00402
-478,1.00855
-476,1.0176
-474,1.01813
-472,1.02342
-470,1.02358
-468,1.02682
-466,1.0324
-464,1.03724
-462,1.03635
-460,1.0637
-458,1.08199
-456,1.1309
-454,1.22294
-452,1.4942
-450,1.59837
-448,1.02907
-446,0.928016
-444,0.913812
-442,0.92301
-440,0.935494
-438,0.953539
-436,0.945726
-434,0.937775
-432,0.942344
-430,0.95328
-428,0.947155
-426,0.959111
-424,0.96538
-422,0.945198
-420,0.966714
-418,0.966658
-416,0.960235
-414,0.95276
-412,0.938435
-410,0.94099
-408,0.951498
-406,0.969854
-404,0.97754
-402,0.966173
-400,0.947128
-398,0.958755
-396,0.974877
-394,0.964716
-392,0.96498
-390,0.959493
-388,0.952855
-386,0.963266
-384,0.966992
-382,0.978132
-380,0.979272
-378,0.970908
-376,0.956839
-374,0.965096
-372,0.96904
-370,0.970416
-368,0.955164
-366,0.946588
-364,0.949308
-362,0.967597
-360,0.948464
-358,0.910993
-356,0.900341
-354,0.870266
-352,0.72004
-350,0.662096
-348,0.962248
-346,0.978784
-344,0.989321
-342,0.972675
-340,0.983167
-338,0.975853
-336,0.976353
-334,0.979953
-332,0.977893
-330,0.977263
-328,0.981432
-326,0.977638
-324,0.98424
-322,0.985273
-320,0.979214
-318,0.975742
-316,0.9662
-314,0.975421
-312,0.987298
-310,0.98122
-308,0.975305
-306,0.980843
-304,0.992894
-302,0.985584
-300,1.00822
-298,1.00537
-296,1.00986
-294,1.00219
-292,0.991594
-290,0.971618
-288,0.957409
-286,0.967093
-284,0.961258
-282,0.959907
-280,0.978251
-278,0.99279
-276,1.00925
-274,0.995332
-272,0.992594
-270,0.996521
-268,0.998432
-266,0.999834
-264,1.00636
-262,1.00518
-260,1.00823
-258,1.0089
-256,1.02537
-254,1.03153
-252,1.00557
-250,0.448606
-248,0.713666
-246,0.842903
-244,0.903567
-242,0.938909
-240,0.947374
-238,0.947169
-236,0.952053
-234,0.949747
-232,0.935016
-230,0.938428
-228,0.938645
-226,0.938396
-224,0.946459
-222,0.955995
-220,0.955901
-218,0.947937
-216,0.947617
-214,0.945977
-212,0.966276
-210,0.972793
-208,0.965387
-206,0.966945
-204,0.97812
-202,0.985528
-200,0.94874
-198,0.949955
-196,0.963636
-194,0.966414
-192,0.958203
-190,0.969497
-188,0.972258
-186,0.977924
-184,0.981124
-182,0.988558
-180,0.992712
-178,0.984062
-176,0.993405
-174,0.980797
-172,0.952738
-170,0.950337
-168,0.953739
-166,0.9524
-164,0.954901
-162,0.965599
-160,0.982023
-158,0.997918
-156,0.990245
-154,1.00653
-152,1.06138
-150,1.10037
-148,0.960361
-146,0.942281
-144,0.929825
-142,0.936157
-140,0.938933
-138,0.960026
-136,0.955487
-134,0.965995
-132,0.980038
-130,0.973285
-128,0.952442
-126,0.960853
-124,0.961705
-122,0.957173
-120,0.964238
-118,0.967196
-116,0.954527
-114,0.949865
-112,0.95416
-110,0.97131
-108,0.971643
-106,0.976545
-104,0.987518
-102,1.01005
-100,1.06133
-98,0.991124
-96,0.969978
-94,0.953653
-92,0.94614
-90,0.936928
-88,0.943328
-86,0.940788
-84,0.942451
-82,0.957543
-80,0.94532
-78,0.951159
-76,0.941982
-74,0.957447
-72,0.978726
-70,0.970751
-68,0.95908
-66,0.957983
-64,0.955122
-62,0.962995
-60,0.975169
-58,0.971608
-56,0.973403
-54,0.98191
-52,0.9884
-50,0.940131
-48,0.941223
-46,0.953881
-44,0.956285
-42,0.96919
-40,0.967246
-38,0.949079
-36,0.968565
-34,0.973657
-32,0.966274
-30,0.955898
-28,0.968279
-26,0.976992
-24,0.981031
-22,0.962663
-20,0.954982
-18,0.963913
-16,0.971346
-14,0.979991
-12,0.97155
-10,0.981048
-8,0.957268
-6,0.95166
-4,0.93592
-2,0.887941
0,0.721846
2,0.887942
4,0.93592
6,0.95166
8,0.957268
10,0.981048
12,0.97155
14,0.979991
16,0.971346
18,0.963913
20,0.954982
22,0.962663
24,0.981031
26,0.976992
28,0.968279
30,0.955898
32,0.966274
34,0.973657
36,0.968565
38,0.949079
40,0.967246
42,0.96919
44,0.956285
46,0.953881
48,0.941223
50,0.940131
52,0.9884
54,0.98191
56,0.973403
58,0.971608
60,0.975169
62,0.962995
64,0.955122
66,0.957983
68,0.95908
70,0.970751
72,0.978726
74,0.957447
76,0.941982
78,0.951159
80,0.94532
82,0.957543
84,0.942451
86,0.940788
88,0.943328
90,0.936928
92,0.94614
94,0.953653
96,0.969978
98,0.991124
100,1.06133
102,1.01005
104,0.987518
106,0.976545
108,0.971643
110,0.97131
112,0.95416
114,0.949865
116,0.954527
118,0.967196
120,0.964238
122,0.957173
124,0.961705
126,0.960853
128,0.952442
130,0.973285
132,0.980038
134,0.965995
136,0.955487
138,0.960026
140,0.938933
142,0.936157
144,0.929825
146,0.942281
148,0.960361
150,1.10037
152,1.06138
154,1.00653
156,0.990245
158,0.997918
160,0.982023
162,0.965599
164,0.954901
166,0.9524
168,0.953739
170,0.950337
172,0.952738
174,0.980797
176,0.993405
178,0.984062
180,0.992712
182,0.988558
184,0.981124
186,0.977924
188,0.972258
190,0.969497
192,0.958203
194,0.966414
196,0.963636
198,0.949955
200,0.94874
202,0.985528
204,0.97812
206,0.966945
208,0.965387
210,0.972793
212,0.966276
214,0.945977
216,0.947617
218,0.947937
220,0.955901
222,0.955995
224,0.946459
226,0.938396
228,0.938645
230,0.938428
232,0.935016
234,0.949747
236,0.952053
238,0.947169
240,0.947374
242,0.938909
244,0.903567
246,0.842903
248,0.713666
250,0.448606
252,1.00557
254,1.03153
256,1.02537
258,1.0089
260,1.00823
262,1.00518
264,1.00636
266,0.999834
268,0.998432
270,0.996521
272,0.992594
274,0.995332
276,1.00925
278,0.99279
280,0.978251
282,0.959907
284,0.961258
286,0.967093
288,0.957409
290,0.971618
292,0.991594
294,1.00219
296,1.00986
298,1.00537
300,1.00822
302,0.985584
304,0.992894
306,0.980843
308,0.975305
310,0.98122
312,0.987298
314,0.975421
316,0.9662
318,0.975742
320,0.979214
322,0.985273
324,0.98424
326,0.977638
328,0.981432
330,0.977263
332,0.977893
334,0.979953
336,0.976353
338,0.975853
340,0.983167
342,0.972675
344,0.989321
346,0.978784
348,0.962248
350,0.662095
352,0.72004
354,0.870266
356,0.900341
358,0.910993
360,0.948464
362,0.967597
364,0.949308
366,0.946588
368,0.955164
370,0.970416
372,0.96904
374,0.965096
376,0.956839
378,0.970908
380,0.979272
382,0.978132
384,0.966992
386,0.963266
388,0.952855
390,0.959493
392,0.96498
394,0.964716
396,0.974877
398,0.958755
400,0.947128
402,0.966173
404,0.97754
406,0.969854
408,0.951498
410,0.94099
412,0.938435
414,0.95276
416,0.960235
418,0.966658
420,0.966714
422,0.945198
424,0.96538
426,0.959111
428,0.947155
430,0.953281
432,0.942344
434,0.937774
436,0.945726
438,0.953539
440,0.935494
442,0.92301
444,0.913812
446,0.928016
448,1.02907
450,1.59837
452,1.4942
454,1.22294
456,1.1309
458,1.08199
460,1.0637
462,1.03635
464,1.03724
466,1.0324
468,1.02682
470,1.02358
472,1.02342
474,1.01813
476,1.0176
478,1.00855
480,1.00402
482,1.00787
484,1.00099
486,1.00632
488,0.99675
490,0.98408
492,0.995356
494,1.00535
496,0.993757
498,0.999703
500,0.997259
502,0.992091
504,0.985067
506,0.991727
508,1.00397
510,0.990441
512,0.997213
514,1.00229
516,0.999471
518,1.01679
520,1.03256
522,1.01406
524,0.999512
526,0.990716
528,1.00476
530,1.00074
532,1.01301
534,1.01745
536,1.01988
538,1.03421
540,1.04483
542,1.04384
544,1.06696
546,1.10035
548,1.14791
550,1.05999
552,0.615665
554,0.79538
556,0.874231
558,0.894495
560,0.917836
562,0.920553
564,0.920534
566,0.928204
568,0.931372
570,0.939786
572,0.944673
574,0.963932
576,0.951373
578,0.959354
580,0.961322
582,0.961182
584,0.943584
586,0.943852
588,0.966289
590,0.955187
592,0.970078
594,0.966971
596,0.954692
598,0.960609
600,0.96524
602,0.971763
604,0.96431
606,0.962782
608,0.988945
610,0.977758
612,0.949535
614,0.956841
616,0.971227
618,0.97908
620,0.965591
622,0.980015
624,0.980655
626,0.964628
628,0.961921
630,0.995508
632,0.997647
634,1.00852
636,1.00743
638,1.01062
640,1.01858
642,0.996162
644,1.02049
646,1.03124
648,1.0556
650,0.976473
652,0.683379
654,0.823196
656,0.887103
658,0.904592
660,0.920155
662,0.920384
664,0.928216
666,0.931283
668,0.950147
670,0.955748
672,0.953332
674,0.944778
676,0.945859
678,0.95866
680,0.971275
682,0.958215
684,0.959542
686,0.964317
688,0.950401
690,0.953933
692,0.968175
694,0.9517
696,0.958002
698,0.964502
700,0.965333
702,0.949774
704,0.947899
706,0.958387
708,0.975965
710,0.970202
712,0.959254
714,0.965675
716,0.985271
718,0.977569
720,0.983018
722,0.992962
724,0.973322
726,0.967047
728,0.973979
730,0.966134
732,0.960411
734,0.957575
736,0.970071
738,0.984316
740,0.990282
742,0.98292
744,0.974355
746,0.964674
748,0.951922
750,0.936647
752,0.966867
754,0.990598
756,0.995417
758,0.996875
760,0.980129
762,0.977084
764,0.999488
766,0.999469
768,0.988449
770,0.982221
772,0.970349
774,0.957492
776,0.983854
778,0.978218
780,0.966724
782,0.964204
784,0.954051
786,0.959319
788,0.975253
790,0.962776
792,0.960986
794,0.975514
796,0.983437
798,0.990569
800,0.992237
802,0.987646
804,0.981877
806,0.995321
808,0.995469
810,0.980442
812,0.979879
814,0.995792
816,0.996108
818,0.992813
820,1.00589
822,1.00244
824,0.996503
826,1.00096
828,1.00046
830,0.999891
832,0.995121
834,1.01716
836,1.00804
838,1.00488
840,1.01457
842,1.03014
844,1.05256
846,1.09455
848,1.17739
850,1.35481
852,0.938663
854,0.842773
856,0.858686
858,0.888368
860,0.90622
862,0.929475
864,0.93414
866,0.933781
868,0.932341
870,0.937345
872,0.935857
874,0.933014
876,0.936825
878,0.939476
880,0.937624
882,0.951588
884,0.959326
886,0.955667
888,0.952167
890,0.946438
892,0.941774
894,0.962856
896,0.97972
898,0.975573
900,0.970144
902,0.954274
904,0.952245
906,0.971145
908,0.985545
910,0.972287
912,0.987688
914,0.986095
916,0.964887
918,0.980391
920,0.99306
922,0.988591
924,0.972726
926,0.974861
928,0.964864
930,0.978524
932,0.982462
934,0.980307
936,0.979191
938,0.979598
940,0.994208
942,0.990434
944,1.00247
946,1.00644
948,1.04119
950,1.10055
952,0.947502
954,0.926251
956,0.926148
958,0.932176
960,0.934847
962,0.937879
964,0.952374
966,0.956709
968,0.952213
970,0.955054
972,0.962766
974,0.947885
976,0.939678
978,0.948743
980,0.943756
982,0.94517
984,0.945288
986,0.942949
988,0.963613
990,0.968073
992,0.979575
994,0.975296
996,0.983056
998,0.986382
1000,0.973324
1002,0.94272
1004,0.955125
1006,0.953628
1008,0.953401
1010,0.95041
1012,0.948732
1014,0.955924
1016,0.962783
1018,0.965066
1020,0.98815
1022,0.983159
1024,0.967727
1026,0.970187
1028,0.975451
1030,0.980896
1032,0.967408
1034,0.957385
1036,0.974749
1038,0.974384
1040,0.970651
1042,0.985172
1044,0.992958
1046,0.992727
1048,0.999258
1050,0.911527
1052,0.63733
1054,0.826982
1056,0.881739
1058,0.917611
1060,0.937024
1062,0.942918
1064,0.94968
1066,0.96264
1068,0.938999
1070,0.929009
1072,0.946471
1074,0.970912
1076,0.949839
1078,0.946887
1080,0.950751
1082,0.954792
1084,0.952185
1086,0.946005
1088,0.933379
1090,0.925492
1092,0.923975
1094,0.930386
1096,0.924417
1098,0.930139
1100,0.940062
1102,0.959284
1104,0.957693
1106,0.952384
1108,0.969962
1110,0.954057
1112,0.948649
1114,0.948408
1116,0.953345
1118,0.956006
1120,0.961982
1122,0.955412
1124,0.943174
1126,0.94807
1128,0.958404
1130,0.96578
1132,0.964181
1134,0.973121
1136,0.967818
1138,0.959248
1140,0.966794
1142,0.98757
1144,0.983742
1146,0.973197
1148,0.964655
1150,0.930815
1152,0.907149
1154,0.942827
1156,0.95367
1158,0.972036
1160,0.971813
1162,0.972934
1164,0.961943
1166,0.943779
1168,0.957366
1170,0.962656
1172,0.969165
1174,0.960304
1176,0.956783
1178,0.958179
1180,0.959081
1182,0.956658
1184,0.958335
1186,0.952737
1188,0.951372
1190,0.96026
1192,0.970479
1194,0.97235
1196,0.96536
1198,0.968934
1200,0.963919
1202,0.966476
1204,0.964546
1206,0.951799
1208,0.954093
1210,0.959603
1212,0.947658
1214,0.950377
1216,0.953039
1218,0.955357
1220,0.966626
1222,0.968784
1224,0.962632
1226,0.941731
1228,0.947364
1230,0.945091
1232,0.959831
1234,0.946884
1236,0.955575
1238,0.947611
1240,0.949416
1242,0.949375
1244,0.942394
1246,0.951613
1248,0.935982
1250,0.94772
1252,1.05221
1254,0.988991
1256,0.951727
1258,0.968206
1260,0.980731
1262,0.974236
1264,0.957788
1266,0.9757
1268,0.988349
1270,0.982379
1272,0.980581
1274,0.957208
1276,0.970332
1278,0.961359
1280,0.976921
1282,0.991118
1284,0.978794
1286,0.971507
1288,0.974268
1290,0.982037
1292,0.99422
1294,0.980517
1296,0.971257
1298,0.980514
1300,0.97568
1302,0.967726
1304,0.966639
1306,0.951656
1308,0.943284
1310,0.950113
1312,0.965954
1314,0.982634
1316,0.960341
1318,0.955686
1320,0.97096
1322,0.968846
1324,0.975825
1326,0.967153
1328,0.985688
1330,0.966675
1332,0.954525
1334,0.966986
1336,0.970642
1338,0.966109
1340,0.950088
1342,0.95724
1344,0.948134
1346,0.952503
1348,0.982732
1350,0.996719
1352,0.960277
1354,0.95229
1356,0.9484
1358,0.970494
1360,0.981401
1362,0.971705
1364,0.954521
1366,0.975209
1368,0.960695
1370,0.951952
1372,0.958406
1374,0.958397
1376,0.969444
1378,0.964559
1380,0.994796
1382,0.979567
1384,0.97137
1386,0.96433
1388,0.958637
1390,0.95336
1392,0.964218
1394,0.972362
1396,0.943828
1398,0.950019
1400,0.946985
1402,0.9397
1404,0.928346
1406,0.934265
1408,0.944083
1410,0.950302
1412,0.964657
1414,0.972592
1416,0.968
1418,0.963212
1420,0.951041
1422,0.952213
1424,0.955901
1426,0.94708
1428,0.950167
1430,0.94474
1432,0.952653
1434,0.945926
1436,0.958621
1438,0.956445
1440,0.957743
1442,0.954522
1444,1.02857
1446,1.01499
1448,0.978453
1450,0.975551
1452,0.957015
1454,0.974846
1456,0.979416
1458,0.983988
1460,0.97825
1462,0.989723
1464,1.00566
1466,1.00942
1468,1.00025
1470,0.981782
1472,0.970984
1474,0.964316
1476,0.945572
1478,0.967388
1480,0.968997
1482,0.957742
1484,0.940499
1486,0.954372
1488,0.977893
1490,0.97422
1492,0.972081
1494,0.971617
1496,0.97499
1498,0.976425
1500,0.994526
1502,0.982055
1504,0.959533
1506,0.967911
1508,0.977324
1510,0.982627
1512,0.949302
1514,0.971617
1516,0.949031
1518,0.936818
1520,0.950545
1522,0.952267
1524,0.966349
1526,0.966399
1528,0.944743
1530,0.940164
1532,0.954976
1534,0.951056
1536,0.956199
1538,0.973148
1540,0.964716
1542,0.98292
1544,1.00427
1546,0.988143
1548,0.98075
1550,0.994867
1552,1.00407
1554,0.99098
1556,0.966116
1558,0.970393
1560,0.967509
1562,0.961923
1564,0.958259
1566,0.983873
1568,0.996737
1570,0.996438
1572,0.969175
1574,0.966456
1576,0.970578
1578,0.99251
1580,1.00531
1582,1.01045
1584,1.0098
1586,1.00164
1588,0.98548
1590,0.965613
1592,0.976987
1594,0.952951
1596,0.960471
1598,0.979794
1600,0.97787
1602,0.96385
1604,0.978961
1606,0.963923
1608,0.965092
1610,0.96326
1612,0.988467
1614,0.999258
1616,1.00779
1618,1.00405
1620,1.00102
1622,0.99867
1624,0.981689
1626,0.980652
1628,0.980109
1630,0.991096
1632,1.01012
1634,0.996096
1636,0.981333
1638,0.953774
1640,0.952693
1642,0.983335
1644,0.998556
1646,0.964506
1648,0.979009
1650,0.978965
1652,0.989765
1654,0.978072
1656,0.962121
1658,0.973337
1660,0.94733
1662,0.942016
1664,0.943364
1666,0.958532
1668,0.953637
1670,0.929106
1672,0.950013
1674,0.966153
1676,0.953396
1678,0.970388
1680,0.989237
1682,0.965831
1684,0.949309
1686,0.956374
1688,0.968866
1690,0.958105
1692,0.96738
1694,0.984818
1696,0.969779
1698,0.965984
1700,0.960765
1702,0.977477
1704,0.970038
1706,0.999079
1708,0.95667
1710,0.957468
1712,0.972756
1714,0.979039
1716,0.986612
1718,0.994733
1720,1.01701
1722,1.0177
1724,1.00611
1726,1.01115
1728,0.98866
1730,0.947
1732,0.954535
1734,0.97263
1736,0.979382
1738,0.956179
1740,0.983181
1742,0.974874
1744,0.987196
1746,0.977865
1748,1.00348
1750,1.04278
1752,1.03465
1754,0.949786
1756,0.950278
1758,0.956244
1760,0.959919
1762,0.962424
1764,0.989867
1766,0.967354
1768,0.989163
1770,1.00763
1772,0.997973
1774,0.990921
1776,0.984752
1778,0.917576
1780,0.913298
1782,0.943539
1784,0.958948
1786,0.942342
1788,0.950208
1790,0.987261
1792,0.991449
1794,0.99225
1796,0.954374
1798,0.942519
1800,0.930941
1802,0.940929
1804,0.956551
1806,0.978201
1808,0.982646
1810,0.944629
1812,0.958024
1814,0.975501
1816,0.985126
1818,0.990183
1820,1.0317
1822,1.01351
1824,0.976242
1826,0.961845
1828,0.980142
1830,0.970808
1832,0.929037
1834,0.919827
1836,0.911931
1838,0.934565
1840,0.940199
1842,0.98952
1844,0.926612
1846,0.974276
1848,1.01467
1850,1.0679
1852,0.973577
1854,0.892419
1856,0.893212
1858,0.940582
1860,0.899948
1862,0.866277
1864,0.875842
1866,0.883117
1868,0.879553
1870,0.938934
1872,1.01072
1874,0.976454
1876,0.975052
1878,0.997248
1880,0.980488
1882,0.940896
1884,1.04483
1886,0.979111
1888,0.979493
1890,1.02325
1892,1.05151
1894,0.982095
1896,1.01513
1898,0.971429
1900,0.917086
1902,0.950753
1904,0.956695
1906,0.90501
1908,0.98963
1910,1.03233
1912,0.956055
1914,0.921795
1916,0.910869
1918,0.90336
1920,0.925357
1922,0.942231
1924,0.967538
1926,0.972923
1928,0.922979
1930,0.979088
1932,0.991276
1934,0.979199
1936,0.925868
1938,0.933687
1940,0.967842
1942,0.963382
1944,0.894154
1946,0.799477
1948,0.7252
1950,0.701481
1952,1.4665
1954,1.46109
1956,1.23637
1958,1.18045
1960,1.11639
1962,0.98207
1964,1.01006
1966,1.01322
1968,0.902814
1970,0.93958
1972,1.01378
1974,1.04221
1976,1.08604
1978,1.08059
1980,1.02996
1982,1.06026
1984,1.04616
1986,1.13504
1988,1.21426
1990,1.20021
1992,1.08478
1994,1.03372
1996,0.984781
1998,0.819613
2000,0.88497
2002,0.900281
2004,0.949518
2006,1.07563
2008,1.12057
2010,1.12285
2012,1.0531
2014,0.997616
2016,1.05451
2018,0.994448
2020,1.03064
2022,0.945368
2024,1.0306
2026,1.0393
2028,0.999413
2030,0.96394
2032,0.988083
2034,0.903979
2036,0.847606
2038,0.854032
2040,0.998546
2042,1.11501
2044,1.22337
2046,1.21461
2048,1.27097
2050,1.3501
2052,1.21695
2054,0.738644
2056,0.776274
2058,0.816722
2060,0.914095
2062,0.830552
2064,0.720802
2066,0.844179
2068,0.881558
2070,0.84437
2072,0.816308
2074,0.873624
2076,0.853868
2078,0.987323
2080,1.0214
2082,1.05104
2084,1.00876
2086,0.982191
2088,0.932909
2090,0.897793
2092,0.939577
2094,0.944826
2096,1.02428
2098,0.982699
2100,0.961366
2102,1.01697
2104,0.916766
2106,0.88212
2108,0.941457
2110,0.987529
2112,0.960166
2114,0.9439
2116,0.889761
2118,0.834926
2120,0.959159
2122,1.00261
2124,0.967176
2126,0.953416
2128,0.932792
2130,1.00729
2132,0.995032
2134,0.94977
2136,0.916865
2138,0.889978
2140,0.896471
2142,0.900223
2144,0.875473
2146,0.941691
2148,0.985356
2150,0.905842
2152,0.620255
2154,0.839407
2156,0.87504
2158,0.904709
2160,0.908718
2162,0.957968
2164,0.948074
2166,0.936116
2168,0.955336
2170,0.958527
2172,0.970433
2174,0.975005
2176,0.932027
2178,0.914746
2180,0.954116
2182,0.954753
2184,0.938639
2186,0.932005
2188,0.985076
2190,0.967763
2192,0.950423
2194,0.924441
2196,0.909761
2198,0.912354
2200,0.954013
2202,0.94511
2204,0.91736
2206,0.950122
2208,0.927677
2210,0.930207
2212,0.93788
2214,0.940686
2216,0.938273
2218,0.938842
2220,0.977814
2222,1.055
2224,1.05235
2226,0.993084
2228,0.973571
2230,0.97997
2232,1.01761
2234,1.01038
2236,1.00514
2238,1.01078
2240,1.00928
2242,0.991072
2244,1.00582
2246,1.00367
2248,0.991944
2250,1.00988
2252,1.23243
2254,1.01708
2256,0.932492
2258,0.937686
2260,0.899401
2262,0.902669
2264,0.908484
2266,0.93308
2268,0.935026
2270,0.952523
2272,0.968986
2274,0.969883
2276,0.949161
2278,0.951482
2280,0.939371
2282,0.940111
2284,0.986611
2286,0.952935
2288,0.947882
2290,0.961397
2292,0.96056
2294,0.94997
2296,0.942727
2298,0.961166
2300,0.997984
2302,0.977365
2304,0.983229
2306,0.952484
2308,0.941113
2310,0.972303
2312,0.984352
2314,0.991369
2316,1.01781
2318,0.991717
2320,0.972177
2322,0.973917
2324,0.973911
2326,0.944669
2328,0.938905
2330,0.970097
2332,0.974592
2334,0.971276
2336,0.992502
2338,1.00475
2340,0.975366
2342,0.959964
2344,0.923109
2346,0.933009
2348,0.93974
2350,0.903262
2352,0.87607
2354,0.914856
2356,0.95146
2358,0.961086
2360,0.95622
2362,0.966152
2364,0.957396
2366,0.976156
2368,0.994154
2370,1.00775
2372,0.99601
2374,0.977869
2376,0.956397
2378,0.958583
2380,0.969485
2382,0.942966
2384,0.950345
2386,0.958127
2388,0.960659
2390,0.967327
2392,0.964979
2394,0.981095
2396,1.00115
2398,0.947918
2400,0.908926
2402,0.932151
2404,0.96622
2406,0.972839
2408,0.95394
2410,0.9452
2412,0.956039
2414,0.949281
2416,0.957615
2418,0.949617
2420,0.95361
2422,0.970824
2424,0.992006
2426,0.977004
2428,0.978293
2430,0.970555
2432,0.984414
2434,0.973778
2436,0.973976
2438,0.954483
2440,0.947662
2442,0.940874
2444,0.980318
2446,0.988095
2448,0.947884
2450,0.94081
2452,1.03187
2454,1.02586
2456,0.970806
2458,0.944152
2460,0.957085
2462,0.956742
2464,0.963484
2466,0.969674
2468,0.97018
2470,0.969293
2472,0.947962
2474,0.958296
2476,0.938111
2478,0.935782
2480,0.962783
2482,0.982728
2484,0.998052
2486,0.975188
2488,0.944413
2490,0.981091
2492,0.989217
2494,0.979003
2496,0.975646
2498,0.965084
2500,0.980538
2502,0.999328
2504,0.99219
2506,0.996261
2508,0.975394
2510,0.971521
2512,0.939532
2514,0.949103
2516,0.952676
2518,0.945414
2520,0.958532
2522,0.964965
2524,0.964801
2526,0.954902
2528,0.956918
2530,0.962656
2532,0.971825
2534,0.949177
2536,0.966138
2538,0.969571
2540,0.948765
2542,0.934128
2544,0.947669
2546,0.967951
2548,0.988579
2550,0.959353
2552,0.93714
2554,0.978619
2556,0.97344
2558,0.956501
2560,0.951514
2562,0.95791
2564,0.985818
2566,0.968476
2568,0.95483
2570,0.971984
2572,0.956884
2574,0.972598
2576,0.978792
2578,0.961537
2580,0.953745
2582,0.964479
2584,0.972659
2586,0.986202
2588,0.960667
2590,0.957629
2592,0.948215
2594,0.960968
2596,0.952271
2598,0.949096
2600,0.969544
2602,0.944636
2604,0.938247
2606,0.940571
2608,0.951332
2610,0.958788
2612,0.962341
2614,0.964617
2616,0.970396
2618,0.951947
2620,0.94953
2622,0.955894
2624,0.959125
2626,0.9619
2628,0.960925
2630,0.95394
2632,0.956335
2634,0.966796
2636,0.969034
2638,0.980495
2640,0.967958
2642,0.98139
2644,0.987313
2646,0.989953
2648,0.978186
2650,0.958205
2652,0.905231
2654,0.89945
2656,0.929342
2658,0.953238
2660,0.944878
2662,0.94791
2664,0.94369
2666,0.953214
2668,0.981558
2670,0.970075
2672,0.963785
2674,0.955197
2676,0.970654
2678,0.965188
2680,0.956321
2682,0.956264
2684,0.961065
2686,0.961185
2688,0.954356
2690,0.961021
2692,0.958794
2694,0.949785
2696,0.952418
2698,0.953207
2700,0.943901
2702,0.944703
2704,0.948235
2706,0.968172
2708,0.97444
2710,0.968627
2712,0.964791
2714,0.985253
2716,0.976119
2718,0.972711
2720,0.96908
2722,0.96562
2724,0.972429
2726,0.974893
2728,0.966332
2730,0.952838
2732,0.955011
2734,0.95604
2736,0.971182
2738,0.95899
2740,0.942073
2742,0.95972
2744,0.971055
2746,0.964281
2748,0.963734
2750,0.958639
2752,0.94459
2754,0.975164
2756,0.989735
2758,0.981505
2760,0.956717
2762,0.958516
2764,0.970346
2766,0.96471
2768,0.947923
2770,0.956196
2772,0.949685
2774,0.957719
2776,0.949691
2778,0.938562
2780,0.965218
2782,0.983806
2784,0.974428
2786,0.975224
2788,0.969868
2790,0.970759
2792,0.973342
2794,0.984556
2796,0.967096
2798,0.946155
2800,0.937621
2802,0.941486
2804,0.9596
2806,0.96195
2808,0.964005
2810,0.956056
2812,0.977252
2814,0.977871
2816,0.971824
2818,0.981027
2820,0.979476
2822,0.97593
2824,0.981134
2826,0.968349
2828,0.966579
2830,0.970763
2832,0.959425
2834,0.940606
2836,0.945032
2838,0.947819
2840,0.952987
2842,0.971757
2844,0.964273
2846,0.959221
2848,0.965557
2850,0.959261
2852,0.982709
2854,0.96563
2856,0.977818
2858,0.961128
2860,0.940858
2862,0.937987
2864,0.964979
2866,0.975626
2868,0.979364
2870,0.972294
2872,0.977023
2874,0.971429
2876,0.973759
2878,0.964134
2880,0.964368
2882,0.965792
2884,0.969709
2886,0.975739
2888,0.974899
2890,0.978843
2892,0.973046
2894,0.962138
2896,0.959427
2898,0.958365
2900,0.941602
2902,0.93691
2904,0.950239
2906,0.949193
2908,0.96215
2910,0.981854
2912,0.972808
2914,0.955695
2916,0.956669
2918,0.944451
2920,0.947508
2922,0.966516
2924,0.980025
2926,0.983692
2928,0.980107
2930,0.973394
2932,0.952535
2934,0.954527
2936,0.961659
2938,0.97173
2940,0.961654
2942,0.958768
2944,0.968129
2946,0.972207
2948,0.971133
2950,0.962596
2952,0.965753
2954,0.959221
2956,0.949454
2958,0.955688
2960,0.964454
2962,0.960383
2964,0.967015
2966,0.966012
2968,0.957822
2970,0.962228
2972,0.963103
2974,0.968046
2976,0.965987
2978,0.967358
2980,0.966631
2982,0.966853
2984,0.967174
2986,0.966714
2988,0.966751
2990,0.959614
2992,0.96502
2994,0.974295
2996,0.967549
2998,0.972645
3000,0.960863
3002,0.959194
3004,0.978698
3006,0.971557
3008,0.956844
3010,0.963313
3012,0.969438
3014,0.964159
3016,0.956392
3018,0.944711
3020,0.942931
3022,0.954696
3024,0.948173
3026,0.945425
3028,0.96317
3030,0.971679
3032,0.953537
3034,0.953983
3036,0.965439
3038,0.969371
3040,0.963309
3042,0.961485
3044,0.988504
3046,0.992677
3048,0.972997
3050,0.96698
3052,0.962953
3054,0.953862
3056,0.955161
3058,0.968287
3060,0.962886
3062,0.954102
3064,0.956054
3066,0.966954
3068,0.959909
3070,0.96077
3072,0.946219
3074,0.956126
3076,0.95585
3078,0.955376
3080,0.960299
3082,0.96349
3084,0.95223
3086,0.959948
3088,0.958834
3090,0.963649
3092,0.96405
3094,0.992937
3096,0.998705
3098,0.983412
3100,0.965509
3102,0.987319
3104,0.982523
3106,0.981718
3108,0.981133
3110,0.98737
3112,0.983139
3114,0.9677
3116,0.977128
3118,0.98973
3120,0.966374
3122,0.961148
3124,0.962842
3126,0.969454
3128,0.969512
3130,0.969261
3132,0.960723
3134,0.972696
3136,0.954589
3138,0.959019
3140,0.952044
3142,0.949456
3144,0.958925
3146,0.964253
3148,0.955073
3150,0.942857
3152,0.943737
3154,0.933985
3156,0.952359
3158,0.949249
3160,0.969949
3162,0.97082
3164,0.96123
3166,0.964841
3168,0.974718
3170,0.957896
3172,0.960431
3174,0.977544
3176,0.957657
3178,0.953985
3180,0.947185
3182,0.952104
3184,0.979888
3186,0.987761
3188,0.968711
3190,0.959097
3192,0.971895
3194,0.967295
3196,0.98051
3198,0.962315
3200,0.965399
3202,0.965951
3204,0.973723
3206,0.969522
3208,0.980856
3210,0.977015
3212,0.97217
3214,0.961794
3216,0.963014
3218,0.966681
3220,0.967828
3222,0.95966
3224,0.959882
3226,0.95191
3228,0.951516
3230,0.943695
3232,0.944456
3234,0.950715
3236,0.961136
3238,0.955509
3240,0.96004
3242,0.95702
3244,0.953643
3246,0.958921
3248,0.964424
3250,0.965909
3252,0.967591
3254,0.936281
3256,0.948415
3258,0.95954
3260,0.948143
3262,0.939948
3264,0.944948
3266,0.964738
3268,0.97483
3270,0.977407
3272,0.972199
3274,0.973235
3276,0.977339
3278,0.959072
3280,0.960015
3282,0.969982
3284,0.975027
3286,0.962703
3288,0.956859
3290,0.950404
3292,0.947835
3294,0.958809
3296,0.95257
3298,0.94457
3300,0.946846
3302,0.961321
3304,0.987815
3306,0.969288
3308,0.955228
3310,0.952795
3312,0.967191
3314,0.984179
3316,0.962545
3318,0.957039
3320,0.945701
3322,0.947475
3324,0.953124
3326,0.962884
3328,0.960368
3330,0.96146
3332,0.975474
3334,0.980848
3336,0.986089
3338,0.988481
3340,0.97242
3342,0.966201
3344,0.96368
3346,0.965313
3348,0.960911
3350,0.972782
3352,0.98788
3354,0.982268
3356,0.966981
3358,0.980122
3360,0.969989
3362,0.94967
3364,0.9504
3366,0.967844
3368,0.961405
3370,0.964984
3372,0.966349
3374,0.962948
3376,0.961795
3378,0.949366
3380,0.959541
3382,0.959739
3384,0.960724
3386,0.958085
3388,0.961641
3390,0.981551
3392,0.97581
3394,0.959914
3396,0.965756
3398,0.946937
3400,0.948097
3402,0.960869
3404,0.982148
3406,0.987462
3408,0.982365
3410,0.98353
3412,0.996839
3414,0.982834
3416,0.972838
3418,0.984766
3420,0.980539
3422,0.981099
3424,0.987239
3426,0.965693
3428,0.967165
3430,0.974339
3432,0.95531
3434,0.949309
3436,0.956795
3438,0.97476
3440,0.969077
3442,0.975256
3444,0.958554
3446,0.956492
3448,0.969924
3450,0.980198
3452,0.99313
3454,0.946342
3456,0.953124
3458,0.948401
3460,0.949219
3462,0.956541
3464,0.956818
3466,0.955101
3468,0.959581
3470,0.961279
3472,0.964849
3474,0.963513
3476,0.96431
3478,0.974451
3480,0.961585
3482,0.973295
3484,0.979258
3486,0.958725
3488,0.940056
3490,0.947664
3492,0.967941
3494,0.964598
3496,0.95849
3498,0.968304
3500,0.972353
3502,0.96518
3504,0.972958
3506,0.972554
3508,0.977923
3510,0.968572
3512,0.962802
3514,0.969398
3516,0.972556
3518,0.976435
3520,0.971256
3522,0.958714
3524,0.972351
3526,0.966247
3528,0.957312
3530,0.952063
3532,0.948014
3534,0.94537
3536,0.951852
3538,0.947559
3540,0.952727
3542,0.977129
3544,0.979418
3546,0.966724
3548,0.950961
3550,0.942357
3552,0.955199
3554,0.985918
3556,0.974669
3558,0.97573
3560,0.978407
3562,0.984205
3564,0.988182
3566,0.978927
3568,0.959426
3570,0.954758
3572,0.942675
3574,0.955431
3576,0.966891
3578,0.963879
3580,0.965196
3582,0.9767
3584,0.969935
3586,0.959425
3588,0.964449
3590,0.97506
3592,0.964997
3594,0.966758
3596,0.96484
3598,0.963859
3600,0.973215
3602,0.966211
3604,0.967441
3606,0.965553
3608,0.968075
3610,0.9729
3612,0.962704
3614,0.959628
3616,0.960499
3618,0.977785
3620,0.979765
3622,0.972486
3624,0.963844
3626,0.963737
3628,0.972377
3630,0.965332
3632,0.95683
3634,0.958208
3636,0.97181
3638,0.971427
3640,0.977871
3642,0.986122
3644,0.969384
3646,0.957388
3648,0.960778
3650,0.970943
3652,0.971715
3654,0.962636
3656,0.960381
3658,0.962514
3660,0.958212
3662,0.948733
3664,0.947947
3666,0.964995
3668,0.973865
3670,0.962035
3672,0.951439
3674,0.949609
3676,0.947782
3678,0.944036
3680,0.960138
3682,0.966409
3684,0.98039
3686,0.983309
3688,0.969562
3690,0.970991
3692,0.968679
3694,0.958036
3696,0.966731
3698,0.975845
3700,0.963405
3702,0.968512
3704,0.961556
3706,0.973288
3708,0.976419
3710,0.962093
3712,0.944685
3714,0.943401
3716,0.953525
3718,0.954202
3720,0.954932
3722,0.964201
3724,0.966691
3726,0.963351
3728,0.96842
3730,0.961094
3732,0.955528
3734,0.963326
3736,0.954772
3738,0.945963
3740,0.948415
3742,0.948383
3744,0.953094
3746,0.967842
3748,0.964157
3750,0.960745
3752,0.969516
3754,0.954379
3756,0.971426
3758,0.966131
3760,0.971306
3762,0.972147
3764,0.96783
3766,0.959877
3768,0.9582
3770,0.953635
3772,0.963755
3774,0.962483
3776,0.953143
3778,0.955394
3780,0.968329
3782,0.964515
3784,0.950407
3786,0.961821
3788,0.968482
3790,0.957998
3792,0.971659
3794,0.97043
3796,0.98205
3798,0.961979
3800,0.963249
3802,0.967368
3804,0.969364
3806,0.975786
3808,0.984089
3810,0.983809
3812,0.97344
3814,0.967905
3816,0.954981
3818,0.949997
3820,0.957016
3822,0.966996
3824,0.954693
3826,0.957746
3828,0.952657
3830,0.945945
3832,0.960045
3834,0.968457
3836,0.960846
3838,0.959981
3840,0.951873
3842,0.960894
3844,0.962018
3846,0.962885
3848,0.954951
3850,0.943499
3852,0.961042
3854,0.954487
3856,0.96556
3858,0.971785
3860,0.966569
3862,0.968123
3864,0.974956
3866,0.968622
3868,0.964987
3870,0.968207
3872,0.971441
3874,0.96562
3876,0.979946
3878,0.964967
3880,0.964878
3882,0.963347
3884,0.952222
3886,0.962426
3888,0.968955
3890,0.957477
3892,0.954415
3894,0.960977
3896,0.966593
3898,0.970223
3900,0.966961
3902,0.973716
3904,0.967253
3906,0.969522
3908,0.955191
3910,0.937335
3912,0.946675
3914,0.949005
3916,0.949697
3918,0.95123
3920,0.972508
3922,0.975631
3924,0.959989
3926,0.967658
3928,0.965098
3930,0.969804
3932,0.963223
3934,0.959783
3936,0.975883
3938,0.968384
3940,0.966875
3942,0.958118
3944,0.953705
3946,0.962178
3948,0.952543
3950,0.961998
3952,0.954074
3954,0.954242
3956,0.972412
3958,0.974871
3960,0.979967
3962,0.970297
3964,0.968055
3966,0.965149
3968,0.957439
3970,0.959034
3972,0.965195
3974,0.962745
3976,0.953682
3978,0.957223
3980,0.95718
3982,0.959066
3984,0.96127
3986,0.963467
3988,0.963093
3990,0.94626
3992,0.954949
3994,0.970941
3996,0.965068
3998,0.967232
4000,0.972256
4002,0.974326
4004,0.964868
4006,0.966546
4008,0.976229
4010,0.970611
4012,0.972181
4014,0.974656
4016,0.978598
4018,0.968381
4020,0.956017
4022,0.960632
4024,0.96856
4026,0.962068
4028,0.945273
4030,0.943985
4032,0.94735
4034,0.955077
4036,0.971047
4038,0.973329
4040,0.978804
4042,0.984451
4044,0.978144
4046,0.96627
4048,0.95608
4050,0.959665
4052,0.966007
4054,0.953178
4056,0.952334
4058,0.964918
4060,0.967012
4062,0.968355
4064,0.970639
4066,0.963333
4068,0.970788
4070,0.957501
4072,0.956287
4074,0.961743
4076,0.95279
4078,0.957205
4080,0.961033
4082,0.964002
4084,0.96282
4086,0.945036
4088,0.948135
4090,0.959303
4092,0.964678
4094,0.967105
