# BEGINHEADER
# This file contains data from the SALSA 2m radio telescope.
# DATE=2024-01-31T11:55:0028
# GLON and GLAT given in degrees
# GLON=27.119972732799575
# GLAT=-34.80324329865495
# DATA in two columns below. Col. 1 is velocity relative to LSR [km/s]. Col. 2 is uncalibrated antenna temperature [K].
# ENDHEADER
2384.781777475677 125.16197610598371
2382.720633525078 260.3373971181373
2380.6594895744797 230.86991752507566
2378.598345623881 251.47121361701272
2376.5372016732827 248.86068438333248
2374.476057722684 263.25979176242106
2372.414913772085 270.7176754084382
2370.3537698214864 282.1596892374799
2368.292625870888 290.78558340477457
2366.2314819202893 306.9984283610898
2364.1703379696905 316.4398975196277
2362.109194019092 331.44543139382137
2360.0480500684935 349.30977624495824
2357.9869061178947 362.1323688066536
2355.9257621672964 378.8780244779944
2353.864618216697 393.3694170747498
2351.803474266099 404.0372950091691
2349.7423303155 421.5674203695747
2347.681186364902 434.1270627596486
2345.620042414303 448.32451507001144
2343.5588984637043 460.85416325023016
2341.4977545131055 470.83436815885284
2339.436610562507 485.4545571915904
2337.3754666119085 491.2605534246312
2335.31432266131 499.84367072301154
2333.253178710711 507.49759107450706
2331.1920347601126 519.7755669870533
2329.130890809514 524.2043122673682
2327.0697468589156 525.6962632480302
2325.008602908317 536.4766941318007
2322.947458957718 542.4936675494877
2320.886315007119 546.3809843624725
2318.8251710565205 548.6395151670064
2316.7640271059217 549.3846699546098
2314.7028831553234 550.8088158005804
2312.641739204724 554.5300253336558
2310.580595254126 555.2922195132188
2308.519451303527 560.4733325861716
2306.458307352929 563.0045931184128
2304.39716340233 564.1079081494214
2302.3360194517313 570.2640679435135
2300.2748755011326 569.2636154661762
2298.2137315505342 569.8722148487005
2296.1525875999355 573.1180829695668
2294.091443649337 572.3952200643943
2292.030299698738 573.9695926508173
2289.9691557481397 580.7867772449416
2287.908011797541 576.5498197705193
2285.8468678469426 575.7031120964284
2283.785723896344 576.986792035099
2281.724579945745 580.0398731763781
2279.6634359951463 589.5117708170691
2277.602292044548 587.5142559235707
2275.5411480939492 581.0823429842674
2273.480004143351 588.6881214984978
2271.4188601927517 584.9423085964236
2269.3577162421534 592.1034800847973
2267.2965722915546 591.0977911796354
2265.2354283409563 594.6017465189615
2263.1742843903576 593.0133161737471
2261.113140439759 591.6498256332354
2259.0519964891596 594.3745163137861
2256.9908525385613 598.2358629072867
2254.9297085879625 599.0245363245506
2252.868564637364 594.9311945807465
2250.807420686765 593.0527400241047
2248.7462767361667 600.9913509904975
2246.685132785568 598.7090911364513
2244.6239888349696 599.4501986220158
2242.562844884371 605.4761139049484
2240.501700933772 604.2749397377753
2238.4405569831733 597.5283483380197
2236.379413032575 602.6479446729555
2234.3182690819763 600.7469639088833
2232.257125131378 606.8554200154399
2230.1959811807787 604.2247914005112
2228.1348372301804 606.343829021626
2226.0736932795817 606.5282105630987
2224.0125493289834 604.0379811149147
2221.9514053783846 605.3278828522995
2219.890261427786 603.1753018154062
2217.829117477187 611.4133727568648
2215.767973526589 617.1880543968034
2213.70682957599 607.244643104393
2211.6456856253917 607.3618124273848
2209.5845416747925 606.8422590127112
2207.523397724194 608.8273053546155
2205.4622537735954 619.7309047756461
2203.401109822997 608.7526164632385
2201.3399658723984 611.7586058995462
2199.2788219217996 610.7712635729205
2197.2176779712004 608.5162878532416
2195.156534020602 614.9891061596231
2193.0953900700033 611.1009319393571
2191.034246119405 614.6309637488695
2188.973102168806 613.0203676925237
2186.9119582182075 614.859699824434
2184.8508142676087 615.9914018749577
2182.7896703170104 614.8370888378892
2180.7285263664116 616.4203192670503
2178.667382415813 615.2856127883884
2176.606238465214 615.4095569334698
2174.545094514616 613.0507572490319
2172.483950564017 612.3742345446454
2170.4228066134183 616.4679363209601
2168.3616626628195 611.3161948771601
2166.300518712221 612.6924135852051
2164.2393747616225 615.9283804053466
2162.178230811024 616.3470749954599
2160.1170868604254 616.2096779032418
2158.0559429098266 617.1027829221482
2155.994798959228 616.8987631725026
2153.9336550086296 613.0441515685005
2151.872511058031 609.413642123323
2149.811367107432 618.5595290157498
2147.7502231568333 615.1056699816436
2145.689079206235 617.6776512441551
2143.627935255636 611.4309517223886
2141.566791305038 618.312313089409
2139.505647354439 619.0950154505604
2137.4445034038404 610.1912678103124
2135.3833594532416 620.9981498120154
2133.322215502643 619.2485685125376
2131.261071552044 615.4661543820921
2129.1999276014453 608.3587911410355
2127.1387836508466 610.4507254569684
2125.0776397002483 619.9065023060749
2123.0164957496495 617.3293413640768
2120.955351799051 600.8297448407625
2118.8942078484524 611.9180259078032
2116.8330638978537 620.344018079919
2114.771919947255 623.0211479169942
2112.7107759966566 617.5176428396722
2110.649632046058 605.3845945283767
2108.588488095459 617.3617763972107
2106.5273441448603 618.2311759014698
2104.466200194262 612.3608848247408
2102.4050562436632 623.0822251685794
2100.343912293065 611.4903329212801
2098.282768342466 613.5301641273855
2096.2216243918674 621.5260780100177
2094.1604804412686 612.5006768972145
2092.0993364906703 609.2774882886292
2090.0381925400716 615.6516088818256
2087.977048589473 617.566235789126
2085.915904638874 617.0481932762201
2083.8547606882757 619.2610563989335
2081.793616737677 612.3503986340129
2079.732472787078 611.8291806574439
2077.6713288364795 607.7486031085834
2075.610184885881 614.4292304200263
2073.5490409352824 614.0619048825946
2071.487896984684 610.851424744383
2069.426753034085 609.2028779853272
2067.3656090834866 612.7716113576679
2065.304465132888 610.5161515957784
2063.243321182289 612.6949513804407
2061.1821772316903 608.6642504041345
2059.121033281092 606.7688498640912
2057.059889330493 610.5244147745117
2054.998745379895 606.6509211597817
2052.9376014292957 610.9250819834274
2050.8764574786974 627.9192378299684
2048.8153135280986 619.9000397220611
2046.7541695775 607.3534511384636
2044.6930256269013 607.3025414949956
2042.6318816763028 605.4290699140279
2040.570737725704 607.8804995098819
2038.5095937751055 607.1741074495058
2036.4484498245067 611.3375969651737
2034.3873058739082 608.5421048394049
2032.3261619233094 602.6602583655041
2030.2650179727111 597.2682916000404
2028.2038740221124 605.9068725041982
2026.1427300715138 607.8145875670158
2024.0815861209148 607.9240257470796
2022.0204421703163 600.5275699619132
2019.9592982197175 597.0143966187843
2017.898154269119 602.1815020623396
2015.8370103185202 597.8062936226173
2013.7758663679217 598.1030235018358
2011.714722417323 600.5725299159212
2009.6535784667246 594.3170000336994
2007.5924345161259 599.7292295803535
2005.5312905655273 598.2363554703483
2003.4701466149286 595.2789607730235
2001.40900266433 597.5417225320333
1999.3478587137313 595.517823054758
1997.2867147631327 591.9806103428267
1995.225570812534 591.9243399197076
1993.1644268619352 591.2333724710687
1991.1032829113365 591.208336503391
1989.0421389607382 592.0037306050491
1986.9809950101394 588.8983039149032
1984.9198510595409 589.6318318348001
1982.858707108942 586.0887694730611
1980.7975631583436 590.7398496963328
1978.7364192077448 589.7219966304646
1976.6752752571463 584.8404598217245
1974.6141313065475 584.3442431913373
1972.552987355949 581.512248223484
1970.4918434053502 582.0070421057754
1968.430699454752 581.1296661446447
1966.369555504153 587.6662433678696
1964.3084115535546 581.1846180637516
1962.2472676029556 577.4326453088771
1960.186123652357 577.0921128886207
1958.1249797017583 575.086871733526
1956.0638357511598 574.7186013814107
1954.002691800561 569.7396679541143
1951.9415478499625 574.6070764483837
1949.8804038993637 573.4277120964348
1947.8192599487654 570.2097896446737
1945.7581159981664 571.8158412986203
1943.6969720475681 565.1155952232817
1941.6358280969694 567.8342000391528
1939.5746841463708 563.7520526582974
1937.513540195772 563.057147487146
1935.4523962451735 564.7109788268118
1933.3912522945748 561.4140805117827
1931.3301083439762 553.3702773543232
1929.2689643933772 547.6109569597324
1927.207820442779 548.98701593309
1925.14667649218 546.08488410818
1923.0855325415816 543.2326779847668
1921.0243885909829 542.5228239973794
1918.9632446403843 540.2729446331442
1916.9021006897856 532.789516533817
1914.840956739187 531.5540371933494
1912.7798127885883 519.3083711840894
1910.7186688379898 512.4666040012811
1908.657524887391 505.6998482024237
1906.5963809367927 497.81366814193404
1904.5352369861937 493.47440057313963
1902.4740930355954 482.0870588732272
1900.4129490849966 474.402298276265
1898.3518051343979 464.4220653453401
1896.290661183799 452.2432003947478
1894.2295172332006 432.69654739015164
1892.1683732826018 420.26588340796917
1890.1072293320033 405.8102945333199
1888.0460853814045 389.1052678119052
1885.9849414308062 382.86112507710584
1883.9237974802072 365.089774451583
1881.862653529609 348.4814806548978
1879.8015095790101 331.3282369386967
1877.7403656284116 320.5368005410916
1875.6792216778128 305.7436551090965
1873.6180777272143 292.37304792393513
1871.5569337766156 281.92989744621855
1869.495789826017 266.72183637495436
1867.434645875418 262.5261412070414
1865.3735019248197 247.11176458879063
1863.3123579742207 253.4296082826805
1861.2512140236224 231.6462916099907
1859.1900700730237 259.5288428608639
