3193.32 6081.68 8265.95 3240.87 3664.44 4771.35 7041.98 6296.83 3352.57 5484.69 5555.13 3173.64 3810.89 6875.49 5400.87 2031.48
2555.96 2143.31 3615.38 3032.27 2961.5 6269.2 6212.09 6144.46 4778.29 8132.81 6794.98 1914.46 1346.08 6011.61 1576.71 843.298
276.83 4965.12 5706.47 5967.72 1520.33 7724.08 5933.83 2354.67 4580.16 8428.24 6644.47 4782.89 2763.02 5192.47 3469.08 3586.07
1341.8 6077 5928.15 3716.23 3865.82 3793.68 1420.59 6331.46 18391.9 16120.2 7876.89 7341.39 1741.54 1536.86 5848.11 2688
3862.76 7292.03 5527.52 3154.97 6118.62 3925.54 4594.06 14307.9 24597.2 22499.1 17933.5 9274.54 3326.49 4132.46 4419.04 2387.16
5535.27 7870.88 6053.41 2350.73 5945.36 2446.95 4827.53 16163.9 22047.5 23634.6 20820.8 8118.09 5472.16 1841.38 256.496 4217.56
682.212 7223.69 6279.3 849.811 7024.81 6745.8 9565.52 15263.1 15947.4 16574.4 15604.1 6764.57 4653.02 2018.49 2532.2 3668.09
5841.55 3677.68 3048.55 4803.19 9002.3 10320.9 8388.27 8612.4 5770.73 6496.35 8869.52 7247.78 3851.21 1488.8 2532.29 3806
6539.08 1815.04 287.137 5106.87 10773.4 9622.17 1744.44 6598.32 9928.32 5949.61 5090.86 7245.14 1311.02 2185.11 4711.02 2294.97
4371.95 1004.48 3857.52 4109.72 6003.59 4901.31 1156.92 4042.03 6636.13 7182.03 7698.14 8221.78 3641.46 3650.58 5271.81 1687.88
3324.08 1839.6 1930.03 3061.36 4158.72 3302.13 3193.1 1686.85 6073.2 12991.9 12276.4 11636.1 5472.01 1460.96 2551.24 3489.33
1857.85 2453.24 4395.03 1424.11 4505.24 2258.09 1081.88 2288.94 5747.06 11146.5 13812.8 15400.2 10605.4 6071.69 1417.95 953.442
2923.16 4149.93 4698.73 3231.88 3161.93 1558.92 2251.11 1182.21 2295.3 7904.88 10256.5 10586.6 9003.1 4944.64 1300.68 1957.81
3162.91 7514.62 4354.79 2641.43 2895.53 2620.92 5542.64 6103.72 4471.7 6449.71 4849.44 952.591 2420.87 2832.34 5648.85 2570.52
4460.2 7947.84 5234.45 3633.65 4688.5 1579.8 5948.39 7233.58 4100.72 2182.7 1745.79 4343.58 2500.86 7067.36 7663.18 4419.89
3889.72 6503.45 7647.48 3078.87 5207.76 5608.14 5176.01 4642.3 2564.13 3078.93 3286.67 572.953 4311.1 8679.59 8088.15 4345.61
