# BEGINHEADER
# This file contains data from the SALSA 2m radio telescope.
# DATE=2024-01-31T11:37:0040
# GLON and GLAT given in degrees
# GLON=27.346556307016687
# GLAT=-37.29368982846885
# DATA in two columns below. Col. 1 is velocity relative to LSR [km/s]. Col. 2 is uncalibrated antenna temperature [K].
# ENDHEADER
2382.996690781524 81.57019351438902
2380.935546830926 170.06658475361672
2378.8744028803267 152.17889306543594
2376.8132589297284 166.12547209158583
2374.7521149791296 161.6783575343459
2372.690971028531 171.30327978105774
2370.629827077932 175.73303685640585
2368.5686831273338 184.41649106414735
2366.507539176735 189.69213969127387
2364.4463952261367 199.68537032981882
2362.3852512755375 210.82762627885933
2360.324107324939 218.74778013239853
2358.2629633743404 230.10170980965776
2356.201819423742 237.5599394182105
2354.1406754731433 247.52678318958266
2352.0795315225446 256.8303412388548
2350.018387571946 267.342662185848
2347.9572436213475 275.32869209344165
2345.8960996707488 285.6734196362478
2343.8349557201504 297.11238320231655
2341.7738117695512 303.2983753095081
2339.712667818953 311.88222760760294
2337.651523868354 317.0287291964515
2335.590379917756 321.22127417436377
2333.529235967157 324.8796421380125
2331.4680920165583 333.4970630001459
2329.4069480659596 338.8678064883305
2327.3458041153613 341.8743208645792
2325.2846601647625 346.8068502279377
2323.223516214164 347.7145323218463
2321.162372263565 353.245912561348
2319.1012283129667 355.138798750008
2317.040084362368 360.363651659386
2314.978940411769 361.0772457140356
2312.9177964611704 362.082060075326
2310.8566525105716 364.1630450731173
2308.795508559973 363.9090759892307
2306.7343646093746 364.92403615095515
2304.673220658776 368.915751681892
2302.6120767081775 370.73600355927516
2300.5509327575783 368.12754488240995
2298.48978880698 371.9121235326873
2296.428644856381 376.6865666410092
2294.367500905783 377.742030929265
2292.306356955184 376.0667187165942
2290.2452130045854 377.45966124936854
2288.1840690539866 376.5673065205623
2286.1229251033883 379.4759393836725
2284.0617811527895 377.06307083785396
2282.0006372021912 378.2394310915824
2279.939493251592 380.9583055674627
2277.8783493009937 381.78442649651487
2275.817205350395 383.5970833113785
2273.7560613997966 387.1928599686416
2271.694917449198 384.0298395219895
2269.633773498599 387.4772465919457
2267.5726295480004 386.1137082372167
2265.511485597402 388.1531953504735
2263.4503416468033 384.699899102746
2261.3891976962045 387.0754483520892
2259.3280537456058 389.8554307735584
2257.2669097950075 391.8915814511118
2255.2057658444087 384.9056744377639
2253.1446218938104 395.1384523391413
2251.083477943211 390.37651441974
2249.0223339926124 391.3346887325511
2246.9611900420136 398.5245713884912
2244.9000460914153 393.63941139188535
2242.8389021408166 392.9586610335346
2240.777758190218 394.95167694312386
2238.716614239619 391.7714134086462
2236.6554702890207 395.8286955129137
2234.594326338422 394.3514499616944
2232.5331823878237 396.2332919840955
2230.472038437225 396.58073426568643
2228.410894486626 400.14231637691665
2226.3497505360274 397.2154165373359
2224.288606585429 395.53225371848043
2222.2274626348303 398.1909389853904
2220.1663186842316 398.2035778007147
2218.105174733633 400.3969230661708
2216.0440307830345 398.9548083646578
2213.9828868324357 400.76523729011274
2211.9217428818374 397.7424858778508
2209.8605989312387 398.07417194875995
2207.79945498064 399.3249523197685
2205.738311030041 407.9859403675302
2203.677167079443 419.73243327206853
2201.616023128844 399.0304676515819
2199.5548791782453 402.57142328348124
2197.4937352276465 401.46624575776536
2195.4325912770482 404.9907868293862
2193.3714473264495 402.15937169403765
2191.310303375851 403.61419322126
2189.249159425252 399.2101804410711
2187.188015474653 402.0655205722345
2185.1268715240544 403.67710220218856
2183.065727573456 404.1534669166208
2181.0045836228574 403.3221200408542
2178.9434396722586 405.70850987951417
2176.88229572166 397.4378104067341
2174.8211517710615 402.6321674368912
2172.7600078204628 403.2207815346799
2170.6988638698645 404.0377433475682
2168.6377199192657 406.04013888873357
2166.576575968667 408.4681653707473
2164.515432018068 403.2536182968971
2162.45428806747 399.8815389135489
2160.393144116871 406.6508581817149
2158.3320001662723 403.9076097542101
2156.2708562156736 403.3572065538813
2154.2097122650753 406.6409629967642
2152.1485683144765 404.5298999499237
2150.087424363878 407.05035512810485
2148.0262804132794 405.4542624105753
2145.9651364626807 402.93331757312865
2143.903992512082 405.51712210151874
2141.8428485614836 408.34305591332503
2139.781704610885 405.888392980173
2137.720560660286 404.74711976816116
2135.6594167096873 408.1470119066471
2133.598272759089 407.8692621947564
2131.5371288084903 403.6287024250778
2129.475984857892 403.19017118421914
2127.4148409072927 402.0232892799407
2125.353696956694 404.8352927910103
2123.292553006095 405.31360888985785
2121.231409055497 406.0594157838419
2119.170265104898 396.1653478600294
2117.1091211542994 407.9935199305245
2115.0479772037006 404.1462582537097
2112.9868332531023 404.88954216449685
2110.9256893025035 406.6108096577714
2108.8645453519052 406.33946990036264
2106.8034014013065 404.63665979382364
2104.7422574507077 407.5486324964656
2102.681113500109 401.2475776847837
2100.6199695495106 409.4703190038729
2098.558825598912 405.31403362725285
2096.497681648313 403.6550657047785
2094.4365376977144 403.42230304021575
2092.375393747116 407.7025133996843
2090.3142497965173 406.37363048178753
2088.2531058459185 401.1702076978958
2086.1919618953198 405.1838451700237
2084.1308179447215 404.92397981429315
2082.0696739941227 401.1191616256582
2080.0085300435244 404.97868470212705
2077.947386092925 405.0552222263583
2075.886242142327 404.4314269795608
2073.825098191728 403.6690836972097
2071.76395424113 399.1750383606153
2069.702810290531 398.25514350291223
2067.6416663399323 401.1584689511266
2065.5805223893335 402.96116876672215
2063.5193784387347 402.4189010804181
2061.458234488136 403.5283938679416
2059.3970905375377 401.0315055359898
2057.335946586939 404.18315860741114
2055.2748026363406 399.60046544777856
2053.213658685742 400.5213357653111
2051.152514735143 389.0298597896384
2049.0913707845443 458.20249971953154
2047.0302268339458 425.37786555064537
2044.969082883347 391.72290409864536
2042.9079389327485 406.31504716188357
2040.8467949821497 393.9486142997562
2038.7856510315514 395.57665207459974
2036.7245070809524 394.8939635150284
2034.6633631303541 399.1535897896909
2032.6022191797554 397.83235145457246
2030.5410752291568 394.09191719609936
2028.479931278558 394.4155878563805
2026.4187873279595 398.41647843098366
2024.3576433773608 396.3680317902038
2022.2964994267622 393.45747859061663
2020.2353554761635 399.2355905460506
2018.174211525565 398.25801910843194
2016.113067574966 395.68828033243943
2014.0519236243676 392.93522041620827
2011.9907796737689 391.7479012225897
2009.9296357231703 394.5365469866296
2007.8684917725716 393.8410365987851
2005.807347821973 389.6850303701779
2003.7462038713743 392.1915820199251
2001.6850599207758 387.9241454655751
1999.623915970177 391.6022831560791
1997.5627720195787 386.1616360598203
1995.5016280689797 391.2815927677609
1993.4404841183814 391.02702194660105
1991.3793401677826 394.3263426375956
1989.318196217184 386.7370960232109
1987.257052266585 385.4732426667763
1985.1959083159866 386.28205726025493
1983.1347643653878 383.89545858532153
1981.0736204147893 385.86752379843585
1979.0124764641905 384.22477774406656
1976.9513325135922 384.6639519389697
1974.8901885629932 377.51848835539175
1972.829044612395 379.7810606795548
1970.7679006617961 378.8433869155157
1968.7067567111976 380.46722372863877
1966.6456127605989 381.4537805206864
1964.5844688100003 380.0169266157039
1962.5233248594016 381.2022089464205
1960.462180908803 380.58704703801385
1958.4010369582043 378.0611358527069
1956.339893007606 376.00815780049163
1954.2787490570067 373.09374223742054
1952.2176051064084 371.95389792501294
1950.1564611558097 376.56385816192494
1948.0953172052111 369.09093181089787
1946.0341732546124 371.23084306463096
1943.9730293040138 368.2934655995463
1941.911885353415 369.0757729058096
1939.8507414028165 368.91375181191773
1937.7895974522178 370.14960991347294
1935.7284535016195 367.5341128832853
1933.6673095510205 367.95552280161024
1931.6061656004222 365.97632816131045
1929.5450216498234 364.51751767385883
1927.4838776992249 363.4915903300901
1925.4227337486261 360.33376933283216
1923.3615897980274 357.0161979841128
1921.3004458474286 352.58118666608544
1919.23930189683 348.77816311918497
1917.1781579462313 350.15550931154917
1915.117013995633 349.26544167871486
1913.055870045034 341.9061933046086
1910.9947260944357 342.93365691136285
1908.933582143837 339.77017203661006
1906.8724381932384 330.55310582763417
1904.8112942426396 326.52631548115835
1902.750150292041 318.7181594984995
1900.6890063414423 314.12842592301985
1898.6278623908438 308.9118821735173
1896.566718440245 298.89332035095345
1894.5055744896467 294.9194104248924
1892.4444305390475 283.48912413360017
1890.3832865884492 275.94502383989794
1888.3221426378504 263.7097777293113
1886.260998687252 256.2395769957002
1884.1998547366532 246.28749241921653
1882.1387107860546 234.85489035549034
1880.0775668354559 226.6537697861007
1878.0164228848573 214.75472835965022
1875.9552789342586 208.38995566214842
1873.89413498366 200.4818145664504
1871.8329910330613 190.29179967350623
1869.771847082463 183.6006674539817
1867.7107031318642 175.65251309472265
1865.6495591812657 171.36224739303145
1863.588415230667 160.59898690185153
1861.5272712800681 164.75022592769477
1859.4661273294694 150.77937556915734
1857.4049833788708 169.36951198345395
