233.551446 0.000000
231.490302 0.000000
229.429158 0.000000
227.368014 0.000000
225.306870 0.000000
223.245726 0.000000
221.184582 0.000000
219.123438 0.000000
217.062295 0.000000
215.001151 0.000000
212.940007 0.000000
210.878863 0.000000
208.817719 0.000000
206.756575 0.000000
204.695431 0.000000
202.634287 0.000000
200.573143 0.000000
198.511999 0.000000
196.450855 0.000000
194.389711 0.000000
192.328567 0.000000
190.267423 0.000000
188.206279 0.000000
186.145135 0.000000
184.083991 0.000000
182.022847 0.000000
179.961703 0.000000
177.900559 0.000000
175.839416 0.000000
173.778272 0.000000
171.717128 0.000000
169.655984 0.000000
167.594840 0.000000
165.533696 0.000000
163.472552 0.000000
161.411408 0.000000
159.350264 0.000000
157.289120 0.000000
155.227976 0.000000
153.166832 0.000000
151.105688 0.000000
149.044544 0.000000
146.983400 0.000000
144.922256 0.000000
142.861112 0.000000
140.799968 0.000000
138.738824 0.000000
136.677680 0.000000
134.616537 0.000000
132.555393 0.000000
130.494249 0.000000
128.433105 0.000000
126.371961 0.000000
124.310817 0.000000
122.249673 0.000000
120.188529 0.000000
118.127385 0.000000
116.066241 0.000000
114.005097 0.000000
111.943953 0.000000
109.882809 0.000000
107.821665 0.000000
105.760521 0.000000
103.699377 0.000000
101.638233 0.000000
99.577089 0.000000
97.515945 0.000000
95.454801 0.000000
93.393657 0.000000
91.332514 0.000000
89.271370 0.000000
87.210226 0.000000
85.149082 0.000000
83.087938 0.000000
81.026794 0.000000
78.965650 0.000000
76.904506 0.000000
74.843362 0.000000
72.782218 0.000001
70.721074 0.000003
68.659930 0.000012
66.598786 0.000045
64.537642 0.000160
62.476498 0.000541
60.415354 0.001719
58.354210 0.005146
56.293066 0.014509
54.231922 0.038528
52.170778 0.096355
50.109635 0.226946
48.048491 0.503413
45.987347 1.051664
43.926203 2.069102
41.865059 3.833889
39.803915 6.690389
37.742771 10.995680
35.681627 17.020162
33.620483 24.814542
31.559339 34.081787
29.498195 44.114323
27.437051 53.857799
25.375907 62.131260
23.314763 67.970609
21.253619 70.986710
19.192475 71.575759
17.131331 70.829155
15.070187 70.092870
13.009043 70.309076
10.947899 71.451331
8.886756 72.403022
6.825612 71.434948
4.764468 67.081481
2.703324 58.932526
0.642180 47.883487
-1.418964 35.726519
-3.480108 24.372116
-5.541252 15.162409
-7.602396 8.588915
-9.663540 4.425799
-11.724684 2.073359
-13.785828 0.882732
-15.846972 0.341473
-17.908116 0.120004
-19.969260 0.038310
-22.030404 0.011109
-24.091548 0.002926
-26.152692 0.000700
-28.213836 0.000152
-30.274980 0.000030
-32.336123 0.000005
-34.397267 0.000001
-36.458411 0.000000
-38.519555 0.000000
-40.580699 0.000000
-42.641843 0.000000
-44.702987 0.000000
-46.764131 0.000000
-48.825275 0.000000
-50.886419 0.000000
-52.947563 0.000000
-55.008707 0.000000
-57.069851 0.000000
-59.130995 0.000000
-61.192139 0.000000
-63.253283 0.000000
-65.314427 0.000000
-67.375571 0.000000
-69.436715 0.000000
-71.497859 0.000000
-73.559003 0.000000
-75.620146 0.000000
-77.681290 0.000000
-79.742434 0.000000
-81.803578 0.000000
-83.864722 0.000000
-85.925866 0.000000
-87.987010 0.000000
-90.048154 0.000000
-92.109298 0.000000
-94.170442 0.000000
-96.231586 0.000000
-98.292730 0.000000
-100.353874 0.000000
-102.415018 0.000000
-104.476162 0.000000
-106.537306 0.000000
-108.598450 0.000000
-110.659594 0.000000
-112.720738 0.000000
-114.781882 0.000000
-116.843025 0.000000
-118.904169 0.000000
-120.965313 0.000000
-123.026457 0.000000
-125.087601 0.000000
-127.148745 0.000000
-129.209889 0.000000
-131.271033 0.000000
-133.332177 0.000000
-135.393321 0.000000
-137.454465 0.000000
-139.515609 0.000000
-141.576753 0.000000
-143.637897 0.000000
-145.699041 0.000000
-147.760185 0.000000
-149.821329 0.000000
-151.882473 0.000000
-153.943617 0.000000
-156.004761 0.000000
-158.065904 0.000000
-160.127048 0.000000
-162.188192 0.000000
-164.249336 0.000000
-166.310480 0.000000
-168.371624 0.000000
-170.432768 0.000000
-172.493912 0.000000
-174.555056 0.000000
-176.616200 0.000000
-178.677344 0.000000
-180.738488 0.000000
-182.799632 0.000000
-184.860776 0.000000
-186.921920 0.000000
-188.983064 0.000000
-191.044208 0.000000
-193.105352 0.000000
-195.166496 0.000000
-197.227640 0.000000
-199.288783 0.000000
-201.349927 0.000000
-203.411071 0.000000
-205.472215 0.000000
-207.533359 0.000000
-209.594503 0.000000
-211.655647 0.000000
-213.716791 0.000000
-215.777935 0.000000
-217.839079 0.000000
-219.900223 0.000000
-221.961367 0.000000
-224.022511 0.000000
-226.083655 0.000000
-228.144799 0.000000
-230.205943 0.000000
-232.267087 0.000000
-234.328231 0.000000
-236.389375 0.000000
-238.450519 0.000000
-240.511663 0.000000
-242.572806 0.000000
-244.633950 0.000000
-246.695094 0.000000
-248.756238 0.000000
-250.817382 0.000000
-252.878526 0.000000
-254.939670 0.000000
-257.000814 0.000000
-259.061958 0.000000
-261.123102 0.000000
-263.184246 0.000000
-265.245390 0.000000
-267.306534 0.000000
-269.367678 0.000000
-271.428822 0.000000
-273.489966 0.000000
-275.551110 0.000000
-277.612254 0.000000
-279.673398 0.000000
-281.734542 0.000000
-283.795685 0.000000
-285.856829 0.000000
-287.917973 0.000000
-289.979117 0.000000
-292.040261 0.000000
