233.551446 -3.874695
231.490302 -5.143020
229.429158 -5.573154
227.368014 -5.323493
225.306870 -4.967282
223.245726 -5.218013
221.184582 -5.689210
219.123438 -5.348696
217.062295 -5.185665
215.001151 -5.477470
212.940007 -5.964670
210.878863 -6.958458
208.817719 -7.215612
206.756575 -6.321009
204.695431 -5.493516
202.634287 -5.400612
200.573143 -6.076124
198.511999 -6.319025
196.450855 -5.430720
194.389711 -4.812847
192.328567 -5.306867
190.267423 -5.962361
188.206279 -5.958837
186.145135 -5.547375
184.083991 -5.237420
182.022847 -5.196573
179.961703 -5.493545
177.900559 -5.848800
175.839416 -6.026830
173.778272 -6.233152
171.717128 -6.235872
169.655984 -5.982745
167.594840 -5.808761
165.533696 -6.152896
163.472552 -6.578268
161.411408 -6.571837
159.350264 -6.441523
157.289120 -6.453212
155.227976 -6.656823
153.166832 -7.146038
151.105688 -7.244890
149.044544 -6.462204
146.983400 -5.661848
144.922256 -6.231123
142.861112 -6.968689
140.799968 -6.715958
138.738824 -6.682820
136.677680 -7.260804
134.616537 -7.651350
132.555393 -7.767643
130.494249 -8.018080
128.433105 -7.944412
126.371961 -7.863330
124.310817 -8.403364
122.249673 -9.310985
120.188529 -9.384418
118.127385 -8.687982
116.066241 -8.635466
114.005097 -8.816034
111.943953 -8.523967
109.882809 -8.111508
107.821665 -8.196621
105.760521 -8.937322
103.699377 -9.285184
101.638233 -8.949942
99.577089 -8.394545
97.515945 -7.798902
95.454801 -7.501007
93.393657 -7.561488
91.332514 -7.541577
89.271370 -8.077836
87.210226 -8.732537
85.149082 -8.616941
83.087938 -8.553736
81.026794 -8.804334
78.965650 -8.814132
76.904506 -9.066190
74.843362 -9.528075
72.782218 -9.461136
70.721074 -9.222142
68.659930 -9.026418
66.598786 -8.615317
64.537642 -8.207570
62.476498 -7.831260
60.415354 -7.781127
58.354210 -8.178652
56.293066 -8.155540
54.231922 -7.078603
52.170778 -6.220079
50.109635 -5.958100
48.048491 -5.704626
45.987347 -5.012238
43.926203 -3.082109
41.865059 1.089193
39.803915 6.811710
37.742771 12.555671
35.681627 18.860987
33.620483 26.793906
31.559339 35.344926
29.498195 43.875925
27.437051 52.538026
25.375907 60.943587
23.314763 67.603026
21.253619 71.070281
19.192475 71.965460
17.131331 71.364194
15.070187 70.463776
13.009043 70.582416
10.947899 71.344426
8.886756 71.682168
6.825612 70.780382
4.764468 67.236422
2.703324 59.907816
0.642180 48.410717
-1.418964 35.264703
-3.480108 23.613730
-5.541252 14.995792
-7.602396 9.416270
-9.663540 5.287343
-11.724684 1.432528
-13.785828 -1.087453
-15.846972 -2.335283
-17.908116 -4.090659
-19.969260 -5.919469
-22.030404 -6.505039
-24.091548 -6.733835
-26.152692 -7.722611
-28.213836 -8.585149
-30.274980 -8.914467
-32.336123 -8.929415
-34.397267 -8.925737
-36.458411 -9.466283
-38.519555 -9.929997
-40.580699 -9.442615
-42.641843 -8.719498
-44.702987 -8.734751
-46.764131 -9.064199
-48.825275 -9.197932
-50.886419 -8.981948
-52.947563 -8.593758
-55.008707 -9.003906
-57.069851 -9.673228
-59.130995 -9.284426
-61.192139 -8.484438
-63.253283 -8.291569
-65.314427 -8.573926
-67.375571 -8.641496
-69.436715 -8.785797
-71.497859 -9.019351
-73.559003 -8.962970
-75.620146 -8.693701
-77.681290 -8.387784
-79.742434 -8.652374
-81.803578 -9.742855
-83.864722 -10.627994
-85.925866 -10.194365
-87.987010 -9.486993
-90.048154 -9.983668
-92.109298 -10.583386
-94.170442 -10.545381
-96.231586 -10.314395
-98.292730 -9.712438
-100.353874 -8.753161
-102.415018 -8.568529
-104.476162 -8.950917
-106.537306 -9.116548
-108.598450 -9.131064
-110.659594 -9.676216
-112.720738 -10.608069
-114.781882 -10.650350
-116.843025 -9.534897
-118.904169 -8.977937
-120.965313 -9.506816
-123.026457 -10.157316
-125.087601 -10.438290
-127.148745 -9.853999
-129.209889 -9.057941
-131.271033 -8.847114
-133.332177 -8.675998
-135.393321 -8.616619
-137.454465 -9.462220
-139.515609 -10.497795
-141.576753 -10.563320
-143.637897 -10.083434
-145.699041 -10.160612
-147.760185 -10.542599
-149.821329 -9.977648
-151.882473 -9.147818
-153.943617 -8.852738
-156.004761 -8.755374
-158.065904 -8.658881
-160.127048 -8.818459
-162.188192 -9.645989
-164.249336 -10.122786
-166.310480 -9.719118
-168.371624 -9.279289
-170.432768 -8.831412
-172.493912 -8.460736
-174.555056 -8.623781
-176.616200 -8.781151
-178.677344 -8.801059
-180.738488 -8.328009
-182.799632 -7.227225
-184.860776 -6.843308
-186.921920 -7.270010
-188.983064 -7.292833
-191.044208 -6.871743
-193.105352 -6.709125
-195.166496 -7.353421
-197.227640 -8.007144
-199.288783 -7.921914
-201.349927 -7.700575
-203.411071 -7.859961
-205.472215 -7.747845
-207.533359 -7.210461
-209.594503 -7.048998
-211.655647 -7.544064
-213.716791 -8.217575
-215.777935 -8.212692
-217.839079 -7.682444
-219.900223 -7.224403
-221.961367 -6.858310
-224.022511 -6.200913
-226.083655 -5.868455
-228.144799 -6.584212
-230.205943 -7.487772
-232.267087 -7.800473
-234.328231 -7.794328
-236.389375 -7.921231
-238.450519 -8.421448
-240.511663 -8.455767
-242.572806 -7.653490
-244.633950 -7.225772
-246.695094 -7.514846
-248.756238 -7.763563
-250.817382 -7.294391
-252.878526 -6.427399
-254.939670 -5.765426
-257.000814 -5.620483
-259.061958 -6.045166
-261.123102 -6.507839
-263.184246 -6.872946
-265.245390 -7.430598
-267.306534 -7.810585
-269.367678 -7.342814
-271.428822 -6.368867
-273.489966 -6.063286
-275.551110 -6.599304
-277.612254 -7.052040
-279.673398 -6.707619
-281.734542 -5.560756
-283.795685 -4.732203
-285.856829 -4.418935
-287.917973 -4.842915
-289.979117 -5.013840
-292.040261 -4.066996
