# BEGINHEADER
# This file contains data from the SALSA 2m radio telescope.
# DATE=2024-01-31T18:38:0006
# GLON and GLAT given in degrees
# GLON=199.80510470690263
# GLAT=-0.26303325939709316
# DATA in two columns below. Col. 1 is velocity relative to LSR [km/s]. Col. 2 is uncalibrated antenna temperature [K].
# ENDHEADER
233.5514461306258 -2.7446367833796796
231.49030218002716 -6.797268343986411
229.4291582294285 -5.2556731794890155
227.3680142788299 -5.819507777333653
225.3068703282312 -4.505862887504233
223.2457263776326 -4.17662337052948
221.18458242703394 -7.722480588321163
219.12343847643533 -4.306013508597252
217.06229452583668 -4.767504791502972
215.00115057523803 -6.33091300687474
212.94000662463938 -4.399289075852493
210.87886267404076 -7.932869829847874
208.8177187234421 -8.432765769828128
206.7565747728435 -5.553175859420137
204.69543082224482 -5.591003528539029
202.6342868716462 -4.342719764205275
200.57314292104755 -6.339140781110559
198.51199897044893 -7.793725132152147
196.45085501985025 -4.922067450947844
194.38971106925163 -3.703699895902082
192.32856711865296 -5.425318953934325
190.2674231680543 -6.553035680197641
188.2062792174557 -6.211027269242996
186.14513526685704 -5.292923591796608
184.0839913162584 -5.2240132342528645
182.02284736565974 -4.931477010771963
179.96170341506112 -5.274255827293854
177.90055946446248 -6.482681526054518
175.83941551386386 -5.373994078959601
173.77827156326518 -6.817247439562266
171.71712761266656 -6.084214556756407
169.6559836620679 -6.369037781946669
167.5948397114693 -4.998217437593288
165.53369576087064 -6.209685312402202
163.472551810272 -7.067122330745332
161.41140785967335 -6.602286243542267
159.35026390907473 -6.089037872426438
157.28911995847608 -6.841726526096763
155.2279760078774 -5.816557620962064
153.16683205727878 -7.7785130660863695
151.10568810668013 -7.526491918550195
149.0445441560815 -7.415871506749233
146.98340020548287 -3.5475628564773967
144.92225625488422 -6.263796145772834
142.86111230428557 -8.67887675856727
140.79996835368695 -5.739017528025542
138.7388244030883 -6.350892055322762
136.67768045248968 -7.341153838025655
134.616536501891 -8.45943147011137
132.55539255129239 -6.627846869521745
130.49424860069374 -9.116481400882174
128.4331046500951 -7.603744297747372
126.37196069949646 -7.625600919378179
124.31081674889782 -7.743273793343949
122.24967279829917 -9.931245868233397
120.18852884770054 -10.773536440801697
118.12738489710189 -7.060690174643573
116.06624094650326 -8.875468657535801
114.00509699590461 -9.393920897099541
111.94395304530597 -8.311070792360576
109.88280909470734 -8.289264940118702
107.82166514410869 -6.900452697545653
105.76052119351006 -9.863468612919156
103.69937724291141 -9.612539493746704
101.63823329231278 -8.941394635266233
99.57708934171413 -8.398539206753279
97.5159453911155 -7.9803733685208975
95.45480144051685 -6.403825199045576
93.3936574899182 -8.841001879915844
91.33251353931956 -6.403615428284204
89.27136958872092 -7.784911324980174
87.21022563812228 -10.086698995322502
85.14908168752363 -8.123383290114678
83.087937736925 -7.951238399343801
81.02679378632637 -9.695577866521072
78.96564983572772 -8.351332512778432
76.90450588512908 -8.507326104852337
74.84336193453044 -10.535228351224102
72.7822179839318 -9.295909700571535
70.72107403333317 -8.853054781736256
68.65993008273452 -9.759014320658329
66.59878613213588 -8.00750948885501
64.53764218153724 -8.704226581806095
62.476498230938596 -7.367214426940409
60.415354280339955 -7.627170742937953
58.35421032974131 -7.736852123314783
56.29306637914267 -10.187933281591052
54.23192242854403 -5.853785157539776
52.17077847794539 -6.110801061352929
50.109634527346756 -5.919936800598368
48.04849057674811 -6.005286617916701
45.98734662614947 -5.204345598836213
43.926202675550826 -4.82871681318877
41.865058724952185 -0.035420613977786855
39.803914774353544 7.494700566734459
37.7427708237549 12.760896590568125
35.68162687315627 16.697688661031957
33.62048292255763 27.27202202769193
31.559338971958983 35.345148372782816
29.498195021360342 43.66667610475559
27.4370510707617 52.57951088543236
25.375907120163063 61.315467396532625
23.31476316956442 70.36794117337998
21.253619218965778 71.90734867362063
19.192475268367136 72.77326049910211
17.1313313177685 71.89224886514533
15.070187367169856 69.25947372555474
13.009043416571217 70.07551591128696
10.947899465972576 72.19433447398183
8.886755515373936 71.34008939418828
6.825611564775295 73.09065637551187
4.764467614176653 68.12275554747508
2.7033236635780127 63.65327831045149
0.6421797129793719 48.814114108596335
-1.418964237619269 34.21485767511555
-3.4801081882179097 21.941838628843417
-5.54125213881655 13.099317518941548
-7.6023960894151905 8.459837377143295
-9.663540040013832 6.308197798337313
-11.724683990612471 0.26792804141853094
-13.785827941211114 -2.702270780542838
-15.846971891809755 -0.8529161332418471
-17.908115842408396 -3.9757112361637996
-19.969259793007037 -7.240764911395904
-22.030403743605678 -7.011225035752502
-24.09154769420432 -5.093161324527
-26.15269164480296 -8.605409438242368
-28.2138355954016 -8.777510394878691
-30.27497954600024 -8.87422153805722
-32.33612349659888 -9.446063041993364
-34.39726744719752 -8.021793245495422
-36.45841139779616 -9.448561090123274
-38.5195553483948 -10.932253030395339
-40.580699298993444 -9.72129181641503
-42.641843249592085 -7.661018069030451
-44.70298720019073 -8.812378494634594
-46.76413115078936 -9.336366682303584
-48.82527510138801 -9.01935359769571
-50.88641905198665 -9.855530179566818
-52.94756300258529 -7.5234264087291125
-55.00870695318393 -8.363859869781889
-57.06985090378257 -11.354736490045893
-59.130994854381214 -9.044080919744278
-61.19213880497985 -8.257141084355702
-63.25328275557849 -7.4307205990812255
-65.31442670617713 -9.548164683569546
-67.37557065677578 -8.139380010659966
-69.43671460737441 -8.63823106814734
-71.49785855797306 -9.534564011023052
-73.5590025085717 -8.745982014455327
-75.62014645917034 -9.073998619939633
-77.68129040976898 -7.982310426476458
-79.74243436036762 -7.912502089215286
-81.80357831096626 -9.697622166387351
-83.86472226156489 -11.816556396755214
-85.92586621216354 -11.007566621236165
-87.98701016276218 -7.235942933738029
-90.04815411336082 -10.795806763030704
-92.10929806395946 -11.011798533823503
-94.1704420145581 -10.503067339892501
-96.23158596515674 -10.10684294829371
-98.29272991575539 -11.033020872401098
-100.35387386635404 -7.193955000027213
-102.41501781695267 -8.629420779321322
-104.47616176755132 -9.042604645839935
-106.53730571814995 -9.559124391253233
-108.5984496687486 -8.545022026619058
-110.65959361934723 -9.211875634620842
-112.72073756994587 -11.06236991491241
-114.78188152054452 -12.22585948808332
-116.84302547114315 -8.64145528458477
-118.9041694217418 -7.81142266108395
-120.96531337234043 -10.294313182662744
-123.02645732293907 -9.566904763064104
-125.08760127353771 -11.618681229157712
-127.14874522413635 -9.994592132738774
-129.209889174735 -8.080814946184313
-131.27103312533364 -9.180925058126144
-133.33217707593226 -9.052627346691878
-135.39332102653094 -7.479034016712695
-137.45446497712956 -9.226475266242785
-139.5156089277282 -11.630421527066192
-141.57675287832683 -10.784604713731952
-143.63789682892548 -9.798060002036475
-145.69904077952413 -9.02353231169432
-147.76018473012277 -12.364093359401124
-149.8213286807214 -9.712596782426248
-151.88247263132004 -8.449854651537043
-153.94361658191866 -9.187233190152888
-156.00476053251734 -8.3863806286082
-158.065904483116 -9.2374828424692
-160.1270484337146 -7.483415226867379
-162.18819238431325 -10.146709333772014
-164.24933633491187 -11.23421300780169
-166.31048028551055 -9.056989236273287
-168.37162423610917 -9.364614224044852
-170.43276818670782 -9.376861108347303
-172.49391213730644 -7.175242563691379
-174.55505608790511 -9.435589801086657
-176.61620003850373 -8.493024993014627
-178.67734398910238 -8.813803346017226
-180.738487939701 -9.602593901361509
-182.79963189029965 -6.235173580708218
-184.8607758408983 -5.86039669796983
-186.92191979149695 -8.350044162285277
-188.98306374209557 -7.124105940646065
-191.04420769269421 -7.244528437912787
-193.10535164329283 -5.506432414191823
-195.1664955938915 -7.554119722850947
-197.22763954449016 -8.752490373712051
-199.28878349508875 -8.03325794294332
-201.34992744568743 -6.960407877680099
-203.41107139628605 -8.214647221093022
-205.4722153468847 -8.44109092370657
-207.53335929748332 -6.495460941125955
-209.59450324808196 -6.97570663830697
-211.6556471986806 -6.8730416899304485
-213.71679114927926 -9.26998965436167
-215.77793509987788 -8.276382529984524
-217.83907905047653 -7.705120669141678
-219.90022300107515 -6.790799784174173
-221.96136695167382 -7.456410029291491
-224.02251090227244 -6.233107786381298
-226.0836548528711 -4.584287034710539
-228.1447988034697 -6.6957408611305365
-230.2059427540684 -8.19431252283302
-232.267086704667 -7.664052261266053
-234.32823065526566 -8.053054461137606
-236.3893746058643 -7.212995720169798
-238.45051855646292 -8.604320866265443
-240.5116625070616 -9.8465361629854
-242.57280645766022 -6.65262650344449
-244.63395040825887 -6.966342414805316
-246.6950943588575 -7.307422682152951
-248.75623830945614 -8.596313826340975
-250.81738226005479 -7.443906684905474
-252.87852621065343 -6.145366530069401
-254.93967016125205 -5.719091743032259
-257.0008141118507 -4.897149567670918
-259.0619580624494 -6.302658657989499
-261.12310201304797 -6.7052517846309785
-263.1842459636466 -6.527139159518185
-265.24538991424527 -7.390163847488986
-267.3065338648439 -8.517979258041578
-269.36767781544256 -7.867616054830247
-271.42882176604115 -5.817116645432918
-273.48996571663986 -5.059845173007355
-275.5511096672385 -7.329975093640605
-277.6122536178371 -6.694133767334959
-279.67339756843575 -8.577878487963371
-281.7345415190344 -3.827403412618669
-283.79568546963304 -5.66943266942028
-285.8568294202317 -3.140730129730727
-287.9179733708303 -4.810399044328214
-289.979117321429 -6.865404741510361
-292.0402612720276 -3.0471103895015186
