# BEGINHEADER
# This file contains data from the SALSA 2m radio telescope.
# DATE=2024-01-31T11:23:0024
# GLON and GLAT given in degrees
# GLON=40.311392377815395
# GLAT=-40.57995578106091
# DATA in two columns below. Col. 1 is velocity relative to LSR [km/s]. Col. 2 is uncalibrated antenna temperature [K].
# ENDHEADER
2378.5735486371177 16.579527156751617
2376.5124046865194 34.310594008391185
2374.4512607359206 30.79501902250451
2372.3901167853223 33.604448402864044
2370.328972834723 33.070014917555945
2368.267828884125 34.56271552816248
2366.206684933526 35.630714495818424
2364.1455409829277 37.25863796961967
2362.084397032329 38.55247628814678
2360.02325308173 40.30593970316202
2357.9621091311315 41.86045579107189
2355.900965180533 43.51709576604307
2353.8398212299344 45.751333945210284
2351.778677279336 48.28289375894108
2349.717533328737 50.145393143373504
2347.6563893781386 51.865640681114456
2345.59524542754 54.266245210664536
2343.5341014769415 56.11381494683955
2341.4729575263427 58.34158979651777
2339.411813575744 59.76935097512851
2337.3506696251447 61.31676515830161
2335.2895256745464 62.68869382134082
2333.2283817239477 63.799670582825314
2331.1672377733494 65.38362004951325
2329.10609382275 66.80712454820124
2327.044949872152 68.91327735152959
2324.983805921553 69.48689856021159
2322.922661970955 69.61001298250987
2320.861518020356 69.81402568554992
2318.8003740697573 70.53681718476496
2316.7392301191585 71.45480250695826
2314.67808616856 72.53862049322812
2312.6169422179614 72.15950743293591
2310.555798267363 73.19305170995987
2308.494654316764 72.97978944743473
2306.4335103661656 73.99108388655172
2304.372366415567 74.4331641301604
2302.3112224649685 75.05502625138053
2300.2500785143698 74.5139285937672
2298.188934563771 74.50004703923227
2296.1277906131722 76.40505600534269
2294.066646662574 75.57850418347148
2292.005502711975 75.30626072042094
2289.944358761377 76.56552401814113
2287.8832148107776 75.36022904968735
2285.8220708601793 76.06308133365366
2283.7609269095806 76.44736187166902
2281.6997829589823 76.6992405034493
2279.6386390083835 76.18899777635248
2277.5774950577847 76.75190346446652
2275.5163511071855 76.80237112394882
2273.455207156587 76.8833688550999
2271.3940632059885 77.24614391505649
2269.33291925539 76.79491967062049
2267.271775304791 77.86541300028834
2265.2106313541926 79.28522389969909
2263.149487403594 79.45891151296185
2261.0883434529956 79.79406930999082
2259.027199502397 79.96561511406883
2256.966055551798 79.78689641861583
2254.9049116011993 78.89826358610266
2252.843767650601 78.84149774090953
2250.782623700002 80.33528391891605
2248.721479749404 80.00625018424554
2246.6603357988047 80.4922385711027
2244.5991918482064 80.22685099430471
2242.5380478976076 80.92529724103244
2240.4769039470093 80.7009679154454
2238.4157599964105 80.26889518611331
2236.354616045812 80.51916409339601
2234.293472095213 79.47723923850938
2232.2323281446147 79.85680324253187
2230.171184194016 80.44735005883243
2228.110040243417 79.16974320965926
2226.0488962928184 81.34962465197789
2223.98775234222 82.09404017534655
2221.9266083916214 83.9411389326103
2219.865464441023 86.98147442449843
2217.8043204904243 84.79454039287016
2215.7431765398255 84.30362890860741
2213.6820325892268 85.21870016482994
2211.620888638628 86.36377567767624
2209.5597446880292 86.41084925273681
2207.4986007374305 84.79724977075148
2205.4374567868317 87.76321206471351
2203.3763128362334 84.86378728050438
2201.3151688856346 88.66916480261305
2199.2540249350363 92.95354873019195
2197.1928809844376 85.47661994119179
2195.131737033839 84.28855581838933
2193.07059308324 84.30669495734591
2191.0094491326417 81.83904173513481
2188.948305182043 81.14505314576849
2186.887161231444 80.88131263227811
2184.8260172808455 82.40528195086489
2182.764873330247 82.43310890376188
2180.7037293796484 83.05228094981757
2178.64258542905 82.61977108746652
2176.5814414784513 82.97613741861106
2174.5202975278526 83.21785412189662
2172.459153577254 82.67036697556395
2170.3980096266555 82.87255428905476
2168.3368656760567 82.03382688860928
2166.275721725458 81.94222695115454
2164.214577774859 84.3490706385949
2162.153433824261 83.0631330852337
2160.092289873662 83.04112440959604
2158.031145923064 84.35306061028314
2155.970001972465 83.40353028716953
2153.9088580218663 84.06867900201219
2151.8477140712675 83.94049530125648
2149.7865701206692 84.85516626492316
2147.72542617007 83.87707138936688
2145.6642822194713 83.64836712287786
2143.6031382688725 84.59438896156864
2141.541994318274 84.12688776997035
2139.4808503676754 83.63430643561799
2137.419706417077 84.19971801542131
2135.3585624664784 82.52438652305517
2133.2974185158796 85.77134675414278
2131.236274565281 85.57519899482769
2129.1751306146825 84.39744846812017
2127.1139866640838 84.69253103289165
2125.052842713485 84.12528535739128
2122.9916987628862 83.9487326469657
2120.930554812288 83.69366586327476
2118.869410861689 85.10684075909187
2116.808266911091 87.53297309286182
2114.747122960492 87.99192147665443
2112.6859790098933 86.94482813159715
2110.6248350592946 85.34435373393283
2108.5636911086963 85.10299098343395
2106.5025471580975 85.85647406165698
2104.4414032074988 80.82121599631913
2102.3802592569 85.09885232559945
2100.3191153063017 79.420706356583
2098.257971355703 115.38715323083308
2096.196827405104 104.00496891632473
2094.1356834545054 78.50835797730983
2092.074539503907 84.52774888608806
2090.0133955533083 80.55513965084735
2087.95225160271 82.51438458030216
2085.891107652111 81.10186767038216
2083.8299637015125 81.73615011481122
2081.7688197509137 81.41336583021078
2079.707675800315 81.91528525535283
2077.646531849716 80.13650066295176
2075.585387899118 81.2566894066801
2073.524243948519 82.56483236412873
2071.4630999979204 81.83739898760052
2069.4019560473216 81.51761200105688
2067.3408120967233 81.23312093599718
2065.2796681461245 81.89714456627144
2063.2185241955262 80.89352341455343
2061.1573802449275 81.74579489733311
2059.0962362943287 82.33959315268409
2057.03509234373 81.18307545800685
2054.973948393131 81.2222141014424
2052.9128044425324 81.35622964577342
2050.851660491934 82.11588404960175
2048.7905165413354 81.59800733913517
2046.729372590737 81.46403326675498
2044.668228640138 88.68987713305759
2042.6070846895398 84.52402834909697
2040.545940738941 79.78536842853578
2038.4847967883422 82.04589241673031
2036.4236528377435 81.89639807126103
2034.362508887145 81.23474143008806
2032.3013649365462 79.68498787245122
2030.2402209859476 82.07599972619288
2028.1790770353489 81.39594072184083
2026.1179330847506 79.55909919039438
2024.0567891341516 80.99217160079489
2021.9956451835533 80.77778215069955
2019.9345012329545 80.54114187677825
2017.873357282356 79.82573121433204
2015.8122133317572 81.34698607061894
2013.7510693811587 86.50362625990074
2011.68992543056 86.27238052018218
2009.6287814799614 86.37012206965483
2007.5676375293624 85.27831280240294
2005.506493578764 83.22545657421023
2003.445349628165 79.69717985185477
2001.3842056775668 80.47470307133077
1999.323061726968 79.39011702782771
1997.2619177763695 79.73316504192579
1995.2007738257707 79.0764277783948
1993.1396298751722 79.31523368742963
1991.0784859245734 77.86089550588814
1989.017341973975 78.84323239130175
1986.9561980233761 79.03994620487713
1984.8950540727778 77.98280953611625
1982.8339101221788 78.2126204703401
1980.7727661715805 78.8116183926132
1978.7116222209818 78.1937429202798
1976.650478270383 79.09587965952736
1974.5893343197843 81.9955929886954
1972.5281903691857 87.54595825788299
1970.467046418587 85.68580798867134
1968.4059024679884 80.88106609002344
1966.3447585173897 82.75056511097554
1964.2836145667914 79.89115092015962
1962.2224706161924 80.68686651262354
1960.161326665594 79.02767041835348
1958.1001827149953 81.93629291232872
1956.0390387643968 81.2080219827134
1953.977894813798 80.0105395883247
1951.9167508631995 78.07713623888274
1949.8556069126007 79.80890965794379
1947.7944629620022 80.84887552527063
1945.7333190114032 79.67397048621285
1943.6721750608049 78.8102667555767
1941.6110311102059 79.3927393599574
1939.5498871596076 79.80860476315851
1937.4887432090088 78.55233310149278
1935.4275992584103 79.37322691525898
1933.3664553078115 75.23840788826357
1931.305311357213 74.12634647679963
1929.2441674066142 74.11101191718025
1927.1830234560157 74.12058568238683
1925.121879505417 73.90181606775334
1923.0607355548186 73.93149810541664
1920.9995916042196 73.9661233242625
1918.9384476536213 72.8787109646843
1916.8773037030226 72.16638208245702
1914.816159752424 71.43996345768163
1912.755015801825 71.89007755298071
1910.6938718512265 70.22036783202459
1908.6327279006277 69.17746474396344
1906.5715839500292 69.12457337349832
1904.5104399994304 68.6828473978205
1902.4492960488321 67.45431182768647
1900.3881520982331 66.20173638986991
1898.3270081476348 65.71669735086095
1896.265864197036 63.77766668987451
1894.2047202464375 62.232637494267365
1892.1435762958388 60.36650022209144
1890.0824323452402 59.211408666155634
1888.0212883946415 57.49786948873568
1885.960144444043 55.62592219432916
1883.899000493444 53.78995740952965
1881.8378565428457 51.88819483090677
1879.7767125922467 49.810528865823336
1877.7155686416484 48.14675356487751
1875.6544246910496 46.133694578773756
1873.593280740451 43.233296333754495
1871.5321367898523 41.904364224093364
1869.4709928392538 40.39557978493059
1867.409848888655 39.12337690032288
1865.3487049380565 37.007162926932814
1863.2875609874577 35.55423262180909
1861.2264170368594 34.77235189190333
1859.1652730862604 32.80523254734616
1857.104129135662 33.1913010020347
1855.0429851850633 30.434740174230143
1852.9818412344648 34.29870474018721
