# BEGINHEADER
# This file contains data from the SALSA 2m radio telescope.
# DATE=2024-01-31T12:06:0055
# GLON and GLAT given in degrees
# GLON=43.83982151193355
# GLAT=-29.88729648871198
# DATA in two columns below. Col. 1 is velocity relative to LSR [km/s]. Col. 2 is uncalibrated antenna temperature [K].
# ENDHEADER
2384.9084729775327 18.038191476123483
2382.8473290269335 36.88583994216002
2380.786185076335 33.020147239441975
2378.7250411257364 35.87560480554781
2376.663897175138 35.52904078077033
2374.6027532245394 37.67096992582187
2372.5416092739406 38.43438960739989
2370.4804653233414 40.26540991919374
2368.419321372743 41.61888469360605
2366.3581774221443 43.611826961288635
2364.297033471546 45.44294013488919
2362.235889520947 47.3935626019174
2360.1747455703485 49.39264119322583
2358.1136016197497 51.71286216391278
2356.0524576691514 54.41540454327705
2353.9913137185526 55.82331229001144
2351.930169767954 58.37397142124904
2349.869025817355 60.18558303413095
2347.807881866757 62.40700819480703
2345.746737916158 63.541642820170416
2343.6855939655597 66.13789613769612
2341.6244500149605 67.44416694770743
2339.563306064362 67.39086306785313
2337.5021621137635 70.47640640119633
2335.441018163165 71.3166975834168
2333.3798742125664 72.41694706925455
2331.3187302619676 73.82807496032478
2329.257586311369 74.45502658227508
2327.1964423607706 75.46525882846048
2325.135298410172 76.6722942895982
2323.0741544595735 76.7994661274059
2321.0130105089743 77.84753787935422
2318.951866558376 77.78727544742094
2316.890722607777 79.24104060749444
2314.829578657179 78.48780026968475
2312.76843470658 79.02096699700226
2310.7072907559814 80.05745835460394
2308.646146805382 80.38977197648552
2306.585002854784 80.32855931925815
2304.523858904185 80.39119779636691
2302.462714953587 80.83980751369076
2300.4015710029876 80.83539381876149
2298.3404270523893 81.16055384466662
2296.2792831017905 82.04537703002528
2294.218139151192 81.69090254950187
2292.1569952005934 80.96586997864165
2290.0958512499947 81.56041713047279
2288.034707299396 82.35085482694141
2285.9735633487976 82.22877927887733
2283.912419398199 82.2789426177556
2281.8512754476005 83.49840482044603
2279.7901314970013 82.80434963369333
2277.728987546403 83.41583921289457
2275.6678435958042 83.88077486480363
2273.606699645206 82.99728277202796
2271.545555694607 83.46333532295661
2269.4844117440084 83.74560546457052
2267.4232677934097 83.9557575956574
2265.3621238428113 84.4991522554364
2263.3009798922126 83.87962227195335
2261.2398359416143 84.24747239972706
2259.178691991015 84.6827603718206
2257.1175480404168 85.13624575849518
2255.056404089818 84.16830198952073
2252.9952601392197 85.47978812959332
2250.934116188621 85.46143964074797
2248.872972238022 85.63747945881953
2246.8118282874234 85.24132019859304
2244.7506843368246 85.58914438362363
2242.689540386226 85.88024730593355
2240.6283964356276 85.58339369955341
2238.5672524850283 86.174080670668
2236.50610853443 84.97409783300796
2234.4449645838313 86.67142591437523
2232.383820633233 86.57741322288766
2230.322676682634 85.78538977631024
2228.2615327320354 86.52912672029402
2226.2003887814367 86.3898644096203
2224.1392448308384 86.96008772337488
2222.0781008802396 86.91157800355307
2220.016956929641 87.10380792681254
2217.955812979042 87.13510530636002
2215.894669028444 87.1424809058882
2213.833525077845 86.59370517698073
2211.7723811272467 87.79799307445688
2209.711237176648 87.26855821099359
2207.650093226049 87.74621855672929
2205.5889492754504 89.05092185781591
2203.527805324852 87.10477011327394
2201.4666613742534 87.0146055656762
2199.4055174236546 87.46186966549129
2197.344373473056 88.26444904597916
2195.2832295224575 86.50173635394322
2193.2220855718588 87.10488799904515
2191.1609416212605 87.79972660674319
2189.0997976706617 87.84499325735172
2187.038653720063 87.8426094618632
2184.977509769464 87.83947673595252
2182.9163658188654 87.6405998017017
2180.8552218682667 87.2459326332953
2178.794077917668 87.9931029590193
2176.732933967069 88.01482349656416
2174.671790016471 87.92489947632372
2172.610646065872 87.98421150007562
2170.5495021152738 88.11949384147076
2168.488358164675 88.16283233987548
2166.4272142140762 88.36992579461379
2164.3660702634775 88.85397236837228
2162.304926312879 88.54106296730748
2160.2437823622804 87.94220195311493
2158.1826384116816 87.94802240238525
2156.121494461083 88.74802942943013
2154.0603505104846 87.36621044226632
2151.999206559886 88.29709947547902
2149.9380626092875 88.54322293393922
2147.8769186586887 88.11286341793986
2145.81577470809 88.66379167646485
2143.754630757491 87.87135780712515
2141.693486806893 88.3182992895637
2139.632342856294 87.49785854436075
2137.5711989056954 88.89405394169097
2135.5100549550966 90.04693368934153
2133.4489110044983 88.66419073040281
2131.3877670538996 88.80933308570782
2129.3266231033012 87.96898102654163
2127.2654791527025 88.8121126597949
2125.2043352021037 88.55649582711104
2123.143191251505 89.69726617116694
2121.0820473009067 92.54808135473725
2119.0209033503074 88.92352394086956
2116.9597593997087 89.99943614535674
2114.89861544911 87.40402593890494
2112.8374714985116 88.60154511003468
2110.776327547913 88.72328583543178
2108.7151835973145 88.16852898273986
2106.654039646716 89.55632243021692
2104.592895696117 87.68121385669494
2102.5317517455182 88.10244941875906
2100.47060779492 87.65327158967372
2098.409463844321 87.74471016206708
2096.348319893723 87.56923560911945
2094.287175943124 89.29469692170836
2092.2260319925253 88.34936122513284
2090.1648880419266 87.57256678889728
2088.103744091328 88.11129413351598
2086.042600140729 87.3653576281322
2083.9814561901308 87.18012311331795
2081.920312239532 88.18169538985227
2079.8591682889337 88.7573248083558
2077.798024338335 88.46318381653148
2075.736880387736 86.73106480048165
2073.6757364371374 88.25698452984038
2071.614592486539 87.65322628751939
2069.5534485359403 87.62489786769845
2067.4923045853416 87.17012928390294
2065.431160634743 88.31773163114016
2063.3700166841445 88.46059064272144
2061.3088727335457 85.72256224113151
2059.2477287829474 88.95610479574835
2057.186584832348 85.00895028664057
2055.12544088175 90.65594088572169
2053.064296931151 81.47423004953004
2051.0031529805524 129.34341455620384
2048.9420090299536 105.98002769564991
2046.8808650793553 81.1121146681011
2044.8197211287566 89.98850523192228
2042.758577178158 85.02460109515995
2040.697433227559 87.41458379629633
2038.6362892769607 86.18353661097217
2036.5751453263617 88.28594144766089
2034.5140013757634 86.76556437848689
2032.4528574251647 87.05684060467921
2030.3917134745661 86.67457694315469
2028.3305695239674 86.55703710609023
2026.2694255733688 86.49178581881714
2024.20828162277 86.57195628980932
2022.1471376721715 86.98191904681859
2020.0859937215728 85.85728823871581
2018.0248497709745 86.33440007738301
2015.9637058203755 84.97298089201175
2013.9025618697772 85.86223014223478
2011.8414179191784 85.21164750999175
2009.7802739685796 86.12047442147814
2007.719130017981 86.75932599788868
2005.6579860673824 84.43772475690538
2003.5968421167836 86.0157774051506
2001.535698166185 84.23931991473758
1999.4745542155863 84.56162865656465
1997.413410264988 84.58523046286042
1995.352266314389 86.45704902958292
1993.2911223637907 86.106367630129
1991.229978413192 84.41134128783682
1989.1688344625934 85.30889972493924
1987.1076905119946 84.73734837773944
1985.046546561396 83.43056695573831
1982.9854026107973 84.19406799591012
1980.9242586601988 85.17406977013182
1978.8631147095998 85.58482153376652
1976.8019707590015 83.9655641497249
1974.7408268084025 83.89761780001359
1972.6796828578042 83.25256366053218
1970.6185389072054 82.77052057322524
1968.557394956607 83.1246684342946
1966.4962510060082 82.86581494058643
1964.4351070554096 82.84756269983082
1962.3739631048109 83.15199743728213
1960.3128191542123 82.82535887165793
1958.2516752036136 82.31163906513225
1956.1905312530153 81.75758262596813
1954.1293873024163 81.18269447034606
1952.068243351818 82.58294049745642
1950.0070994012192 81.95374427333553
1947.9459554506204 81.49049520341909
1945.8848115000217 81.76442012691086
1943.8236675494231 80.36333436628988
1941.7625235988244 80.3637299284799
1939.7013796482258 80.47568026053375
1937.640235697627 79.94957919708074
1935.5790917470288 80.16326274744807
1933.5179477964298 79.96559321509262
1931.4568038458315 79.83154127021879
1929.3956598952327 79.7304370334601
1927.3345159446342 78.83815866490482
1925.2733719940354 78.06123100481088
1923.2122280434369 78.09475394167927
1921.1510840928381 77.54332408485428
1919.0899401422396 77.65561167609002
1917.0287961916406 75.77679047340578
1914.9676522410423 75.61292394582476
1912.9065082904433 74.65354640564072
1910.845364339845 73.61967009288689
1908.7842203892462 73.6596655813647
1906.7230764386477 70.7744786851148
1904.661932488049 70.92516050903497
1902.6007885374504 69.40568379519408
1900.5396445868516 67.00237049702082
1898.478500636253 66.23925290805117
1896.4173566856543 64.09064162864479
1894.356212735056 62.16933488246814
1892.295068784457 60.135146260744264
1890.2339248338587 58.71386046897805
1888.17278088326 56.4896283296152
1886.1116369326614 54.18803174706521
1884.0504929820625 52.07240445872079
1881.989349031464 49.82882754429821
1879.9282050808652 48.09177593949976
1877.8670611302666 45.37034604289327
1875.8059171796679 44.10732681245817
1873.7447732290696 41.96041328441284
1871.6836292784706 40.358034662797664
1869.6224853278723 38.792749070736065
1867.5613413772735 37.82778307396908
1865.500197426675 35.91798745495156
1863.4390534760762 35.62342047597216
1861.3779095254777 32.5451025265706
1859.316765574879 36.69825402429822
