# BEGINHEADER
# This file contains data from the SALSA 2m radio telescope.
# DATE=2024-01-31T11:56:0059
# GLON and GLAT given in degrees
# GLON=29.47179598685638
# GLAT=-34.20961850065744
# DATA in two columns below. Col. 1 is velocity relative to LSR [km/s]. Col. 2 is uncalibrated antenna temperature [K].
# ENDHEADER
2384.881384993037 113.35180071475828
2382.8202410424383 229.24076188328576
2380.7590970918395 206.05887776830386
2378.6979531412408 224.27815333203057
2376.6368091906425 220.07811409067935
2374.5756652400437 232.21650575531834
2372.514521289445 235.5237617171154
2370.453377338846 246.2681170871604
2368.392233388248 258.126976454444
2366.331089437649 272.21008681306444
2364.269945487051 285.4326673022519
2362.208801536452 296.01638341143916
2360.1476575858533 311.20598441034895
2358.0865136352545 323.1682215511068
2356.025369684656 336.6187361301882
2353.9642257340574 348.17861393843543
2351.9030817834587 361.7441122937295
2349.84193783286 372.98579670665544
2347.7807938822616 382.75232040296055
2345.719649931663 400.9458530223527
2343.6585059810645 409.9733388179159
2341.597362030466 415.6219966430395
2339.536218079867 427.6671939001584
2337.4750741292683 440.1354103438945
2335.41393017867 449.5797187156296
2333.352786228071 454.4562573236742
2331.2916422774724 456.2423962235004
2329.2304983268737 461.64403533937684
2327.1693543762754 467.87928879551157
2325.108210425676 475.11505734246066
2323.047066475078 480.81420661648065
2320.9859225244786 481.5416456390576
2318.9247785738803 482.4011550733688
2316.8636346232815 488.52686767567627
2314.8024906726832 491.2682107311072
2312.7413467220845 494.3828936378195
2310.6802027714857 492.2295838181821
2308.619058820887 498.3912298775248
2306.5579148702886 503.0911038050691
2304.49677091969 500.2194321952746
2302.4356269690916 500.78884964163757
2300.3744830184924 499.372084461551
2298.313339067894 505.07952642037475
2296.2521951172953 505.3627834142335
2294.191051166697 508.83326605131634
2292.129907216098 510.1497557156261
2290.0687632654995 507.716617290287
2288.0076193149007 511.27257604111816
2285.9464753643024 511.5352177933775
2283.8853314137036 521.3447775540801
2281.8241874631053 516.108699207659
2279.763043512506 516.7997190437937
2277.701899561908 521.425137983937
2275.640755611309 515.8483140115014
2273.5796116607107 518.9090785511718
2271.518467710112 518.758701621208
2269.457323759513 526.470167159591
2267.3961798089144 519.7945877403896
2265.335035858316 525.5822728358111
2263.2738919077174 527.8347300877522
2261.2127479571186 525.8686006170683
2259.1516040065194 527.8527945424637
2257.090460055921 526.358080598672
2255.0293161053223 525.23420967489
2252.968172154724 525.7340011002084
2250.9070282041253 530.2537935289513
2248.8458842535265 533.2224506859596
2246.7847403029277 531.294462242673
2244.7235963523294 535.7765609159142
2242.6624524017307 533.7350183190763
2240.6013084511324 534.0552679324018
2238.540164500533 528.7598188196483
2236.479020549935 535.4178366918164
2234.417876599336 539.0233890011212
2232.3567326487378 532.736074997118
2230.295588698139 537.8439876997046
2228.2344447475402 537.2420241607871
2226.1733007969415 533.7767272146338
2224.112156846343 534.5668667055965
2222.0510128957444 537.830732360451
2219.989868945146 538.3474048907525
2217.928724994547 540.5513025510047
2215.8675810439486 541.341976576183
2213.80643709335 541.8939220463227
2211.7452931427515 543.2712216568927
2209.6841491921527 540.7921757786198
2207.623005241554 542.1291064275607
2205.561861290955 550.0881474725045
2203.500717340357 545.9608490581259
2201.439573389758 542.7592901789213
2199.37842943916 540.8686409409538
2197.31728548856 544.2078606962878
2195.256141537962 545.6131988678973
2193.194997587363 540.3123847610855
2191.133853636765 541.9121190509987
2189.072709686166 540.909327914649
2187.0115657355673 545.6580424595612
2184.9504217849685 539.3277105447477
2182.88927783437 545.9805605724895
2180.8281338837714 541.3851725948649
2178.766989933173 538.3974017142054
2176.705845982574 546.4383791471764
2174.6447020319756 545.4161645369235
2172.583558081377 546.0530358555925
2170.5224141307785 543.6455253312652
2168.46127018018 553.9679447789856
2166.400126229581 545.2596248230345
2164.3389822789823 543.0846464914666
2162.277838328384 540.9888366369685
2160.216694377785 544.9739870181617
2158.155550427187 545.7173885910124
2156.0944064765877 548.4356567900683
2154.0332625259894 545.2225858817565
2151.9721185753906 541.7517781441674
2149.9109746247923 546.0768998489638
2147.8498306741935 549.7677362623572
2145.7886867235948 545.135752228273
2143.727542772996 551.0059339725249
2141.6663988223977 546.3839297598904
2139.605254871799 542.2697688050768
2137.5441109212006 543.2529972123464
2135.482966970601 551.0089408558765
2133.4218230200026 550.6532471054783
2131.360679069404 545.3936468459683
2129.2995351188056 550.5921334096948
2127.238391168207 547.0869726817384
2125.177247217608 551.1543051651095
2123.1161032670093 556.2090559907497
2121.054959316411 529.0102795177163
2118.993815365812 546.2367565013957
2116.9326714152135 547.6129097190199
2114.8715274646147 547.0877412009878
2112.8103835140164 544.5700094757132
2110.7492395634176 549.9853124809102
2108.6880956128193 548.3071544767853
2106.6269516622206 547.7809278862989
2104.565807711622 544.6137426082018
2102.504663761023 545.6486459289199
2100.4435198104247 551.8732347954526
2098.382375859826 545.934140894928
2096.321231909227 546.143882676058
2094.2600879586284 545.2428808361316
2092.19894400803 551.1997097223646
2090.1378000574314 542.7390066394792
2088.0766561068326 547.6165686859931
2086.015512156234 546.7438276333501
2083.9543682056355 544.5096057736297
2081.893224255037 543.7644627608676
2079.8320803044385 545.4827957375766
2077.7709363538397 548.3741866213871
2075.709792403241 549.3549834430579
2073.648648452642 548.4242987157136
2071.5875045020434 547.283338165279
2069.5263605514447 542.0014094231676
2067.4652166008464 540.7769380519774
2065.4040726502476 540.4843083470331
2063.3429286996493 543.678038916936
2061.28178474905 539.8056905371923
2059.2206407984518 542.164754028227
2057.159496847853 535.9025501944369
2055.0983528972547 545.7260391453983
2053.037208946656 537.2638665132828
2050.976064996057 585.085051923999
2048.9149210454584 556.8597848339083
2046.8537770948599 532.1523198391066
2044.7926331442611 542.3083565545911
2042.7314891936628 537.546678529793
2040.6703452430638 545.9852711155811
2038.6092012924655 535.7286707990737
2036.5480573418668 538.4208319873344
2034.4869133912682 536.0015117674702
2032.4257694406695 539.9796729914159
2030.364625490071 539.907855762601
2028.3034815394722 537.7856176937084
2026.2423375888734 533.17977470119
2024.1811936382746 536.1126495042065
2022.1200496876763 534.8507425156099
2020.0589057370773 538.2023798111618
2017.997761786479 536.4235667616706
2015.9366178358803 539.8932501799052
2013.8754738852817 530.9755500992023
2011.814329934683 534.1270035705245
2009.7531859840844 537.6061575288752
2007.6920420334857 537.1311337704474
2005.6308980828871 529.2246509186816
2003.5697541322884 529.353393282143
2001.5086101816898 526.2880242397265
1999.447466231091 526.3216730623253
1997.3863222804928 531.9020379788601
1995.3251783298938 533.1597898299352
1993.2640343792953 530.771246468186
1991.2028904286965 529.6798787424189
1989.141746478098 528.831861731889
1987.0806025274992 524.4215005864646
1985.0194585769007 519.8136222991985
1982.958314626302 521.8947002904475
1980.8971706757034 523.7898783270492
1978.8360267251046 519.765786350014
1976.7748827745063 519.070309036849
1974.7137388239075 521.6490195587625
1972.652594873309 517.0356731449313
1970.5914509227102 519.618574489536
1968.5303069721117 513.9880573330089
1966.469163021513 517.6395814857161
1964.4080190709142 506.33833773376534
1962.3468751203154 510.96561261778754
1960.2857311697169 510.67656294611504
1958.2245872191181 512.8832636502143
1956.1634432685198 510.5273379885746
1954.102299317921 505.4277340954612
1952.0411553673225 511.2847520889317
1949.9800114167238 507.4337597858881
1947.9188674661252 503.822049146181
1945.8577235155265 501.29444414958226
1943.796579564928 507.26208377505867
1941.7354356143292 501.2451668388467
1939.6742916637306 499.71544412905877
1937.6131477131319 497.7616324197466
1935.5520037625336 500.75568536385686
1933.4908598119343 497.96778094285645
1931.429715861336 494.6287014395349
1929.3685719107373 494.14527656569885
1927.3074279601387 491.8222234245503
1925.24628400954 487.7327515129404
1923.1851400589414 483.82110375579435
1921.1239961083427 486.01885768430077
1919.0628521577441 481.3451968398967
1917.0017082071454 479.9459163939232
1914.940564256547 473.9757732933832
1912.879420305948 464.04150560867845
1910.8182763553498 454.9388142263865
1908.757132404751 451.4607654504395
1906.6959884541525 443.3571258337242
1904.6348445035537 436.9415180825894
1902.5737005529552 429.5875149312559
1900.5125566023562 419.06742328614894
1898.4514126517577 409.7107557673982
1896.390268701159 400.99200178526473
1894.3291247505606 390.5853700104076
1892.2679807999616 374.4532797980475
1890.2068368493633 360.16025519921175
1888.1456928987645 350.81425919688735
1886.084548948166 334.8476740830047
1884.0234049975672 327.0874018682103
1881.9622610469687 312.8743060572455
1879.90111709637 296.19470397047013
1877.8399731457714 284.47343891194095
1875.7788291951726 273.1031882260327
1873.7176852445743 259.334853984897
1871.6565412939751 248.8976242075437
1869.5953973433768 237.44017985567106
1867.534253392778 235.5018863689758
1865.4731094421795 222.79705589129682
1863.4119654915808 225.20301393232205
1861.3508215409822 204.1336984607639
1859.2896775903835 229.84532414942984
