292.853555 0.000000
290.792411 0.000000
288.731267 0.000000
286.670123 0.000000
284.608979 0.000000
282.547835 0.000000
280.486691 0.000000
278.425547 0.000000
276.364403 0.000000
274.303259 0.000000
272.242115 0.000000
270.180972 0.000000
268.119828 0.000000
266.058684 0.000000
263.997540 0.000000
261.936396 0.000000
259.875252 0.000000
257.814108 0.000000
255.752964 0.000000
253.691820 0.000000
251.630676 0.000000
249.569532 0.000000
247.508388 0.000000
245.447244 0.000000
243.386100 0.000000
241.324956 0.000000
239.263812 0.000000
237.202668 0.000000
235.141524 0.000000
233.080380 0.000000
231.019236 0.000000
228.958093 0.000000
226.896949 0.000000
224.835805 0.000000
222.774661 0.000000
220.713517 0.000000
218.652373 0.000000
216.591229 0.000000
214.530085 0.000000
212.468941 0.000000
210.407797 0.000000
208.346653 0.000000
206.285509 0.000000
204.224365 0.000000
202.163221 0.000000
200.102077 0.000000
198.040933 0.000000
195.979789 0.000000
193.918645 0.000000
191.857501 0.000000
189.796357 0.000000
187.735213 0.000000
185.674070 0.000000
183.612926 0.000000
181.551782 0.000000
179.490638 0.000000
177.429494 0.000000
175.368350 0.000000
173.307206 0.000000
171.246062 0.000000
169.184918 0.000000
167.123774 0.000000
165.062630 0.000000
163.001486 0.000000
160.940342 0.000000
158.879198 0.000000
156.818054 0.000000
154.756910 0.000000
152.695766 0.000000
150.634622 0.000000
148.573478 0.000000
146.512334 0.000000
144.451191 0.000000
142.390047 0.000000
140.328903 0.000000
138.267759 0.000000
136.206615 0.000000
134.145471 0.000000
132.084327 0.000000
130.023183 0.000000
127.962039 0.000001
125.900895 0.000002
123.839751 0.000004
121.778607 0.000008
119.717463 0.000017
117.656319 0.000035
115.595175 0.000074
113.534031 0.000155
111.472887 0.000335
109.411743 0.000736
107.350599 0.001655
105.289455 0.003769
103.228312 0.008602
101.167168 0.019437
99.106024 0.043028
97.044880 0.092534
94.983736 0.192115
92.922592 0.383382
90.861448 0.733164
88.800304 1.340858
86.739160 2.341991
84.678016 3.903206
82.616872 6.203719
80.555728 9.400430
78.494584 13.579060
76.433440 18.701011
74.372296 24.562518
72.311152 30.785437
70.250008 36.854096
68.188864 42.199794
66.127720 46.317039
64.066576 48.880728
62.005433 49.828315
59.944289 49.379534
57.883145 47.985890
55.822001 46.225223
53.760857 44.673504
51.699713 43.790278
49.638569 43.845324
47.577425 44.897388
45.516281 46.818960
43.455137 49.350114
41.393993 52.161789
39.332849 54.912993
37.271705 57.293544
35.210561 59.050662
33.149417 60.002137
31.088273 60.040787
29.027129 59.136158
26.965985 57.341752
24.904841 54.819442
22.843697 51.890086
20.782553 49.095159
18.721410 47.198335
16.660266 47.003703
14.599122 48.917552
12.537978 52.408577
10.476834 55.798434
8.415690 56.792575
6.354546 53.643393
4.293402 46.196615
2.232258 36.012020
0.171114 25.462312
-1.890030 16.522775
-3.951174 10.079516
-6.012318 6.009223
-8.073462 3.689404
-10.134606 2.475131
-12.195750 1.924961
-14.256894 1.816363
-16.318038 2.075372
-18.379182 2.704217
-20.440326 3.730792
-22.501469 5.174527
-24.562613 7.020257
-26.623757 9.198026
-28.684901 11.572231
-30.746045 13.945145
-32.807189 16.077894
-34.868333 17.727923
-36.929477 18.698750
-38.990621 18.898259
-41.051765 18.402750
-43.112909 17.508322
-45.174053 16.702772
-47.235197 16.456347
-49.296341 16.841257
-51.357485 17.282805
-53.418629 16.924122
-55.479773 15.652350
-57.540917 14.403333
-59.602061 13.119376
-61.663205 10.032140
-63.724348 5.459928
-65.785492 2.020644
-67.846636 0.564722
-69.907780 0.157785
-71.968924 0.055323
-74.030068 0.022690
-76.091212 0.009661
-78.152356 0.004056
-80.213500 0.001646
-82.274644 0.000641
-84.335788 0.000239
-86.396932 0.000085
-88.458076 0.000029
-90.519220 0.000009
-92.580364 0.000003
-94.641508 0.000001
-96.702652 0.000000
-98.763796 0.000000
-100.824940 0.000000
-102.886084 0.000000
-104.947227 0.000000
-107.008371 0.000000
-109.069515 0.000000
-111.130659 0.000000
-113.191803 0.000000
-115.252947 0.000000
-117.314091 0.000000
-119.375235 0.000000
-121.436379 0.000000
-123.497523 0.000000
-125.558667 0.000000
-127.619811 0.000000
-129.680955 0.000000
-131.742099 0.000000
-133.803243 0.000000
-135.864387 0.000000
-137.925531 0.000000
-139.986675 0.000000
-142.047819 0.000000
-144.108963 0.000000
-146.170107 0.000000
-148.231250 0.000000
-150.292394 0.000000
-152.353538 0.000000
-154.414682 0.000000
-156.475826 0.000000
-158.536970 0.000000
-160.598114 0.000000
-162.659258 0.000000
-164.720402 0.000000
-166.781546 0.000000
-168.842690 0.000000
-170.903834 0.000000
-172.964978 0.000000
-175.026122 0.000000
-177.087266 0.000000
-179.148410 0.000000
-181.209554 0.000000
-183.270698 0.000000
-185.331842 0.000000
-187.392986 0.000000
-189.454129 0.000000
-191.515273 0.000000
-193.576417 0.000000
-195.637561 0.000000
-197.698705 0.000000
-199.759849 0.000000
-201.820993 0.000000
-203.882137 0.000000
-205.943281 0.000000
-208.004425 0.000000
-210.065569 0.000000
-212.126713 0.000000
-214.187857 0.000000
-216.249001 0.000000
-218.310145 0.000000
-220.371289 0.000000
-222.432433 0.000000
-224.493577 0.000000
-226.554721 0.000000
-228.615865 0.000000
-230.677008 0.000000
-232.738152 0.000000
