292.853555 -3.834557
290.792411 -4.956818
288.731267 -4.851983
286.670123 -3.761500
284.608979 -3.045022
282.547835 -2.917647
280.486691 -2.810701
278.425547 -3.031858
276.364403 -2.987908
274.303259 -1.044251
272.242115 0.032500
270.180972 -2.223143
268.119828 -4.219715
266.058684 -4.719663
263.997540 -4.703236
261.936396 -4.730395
259.875252 -5.034246
257.814108 -5.262377
255.752964 -5.231622
253.691820 -4.969800
251.630676 -4.587095
249.569532 -4.194812
247.508388 -3.331690
245.447244 -1.760841
243.386100 -1.620793
241.324956 -3.515024
239.263812 -4.778929
237.202668 -5.122790
235.141524 -5.093525
233.080380 -5.163715
231.019236 -5.222865
228.958093 -4.722009
226.896949 -3.740336
224.835805 -3.733136
222.774661 -4.973133
220.713517 -5.602709
218.652373 -4.947826
216.591229 -4.202541
214.530085 -5.147410
212.468941 -6.675040
210.407797 -7.234276
208.346653 -7.687129
206.285509 -7.734676
204.224365 -7.145209
202.163221 -6.687556
200.102077 -6.487080
198.040933 -6.076139
195.979789 -5.636447
193.918645 -5.556068
191.857501 -5.714018
189.796357 -5.635389
187.735213 -5.178907
185.674070 -5.538626
183.612926 -6.447692
181.551782 -7.369292
179.490638 -8.007235
177.429494 -7.945949
175.368350 -7.607062
173.307206 -7.488236
171.246062 -7.031120
169.184918 -6.197919
167.123774 -5.620991
165.062630 -5.690087
163.001486 -6.245605
160.940342 -6.697150
158.879198 -6.857506
156.818054 -7.361251
154.756910 -8.245940
152.695766 -8.693416
150.634622 -8.500935
148.573478 -7.512531
146.512334 -6.828158
144.451191 -6.870524
142.390047 -6.654895
140.328903 -6.914699
138.267759 -7.775488
136.206615 -8.336253
134.145471 -8.128014
132.084327 -7.562787
130.023183 -7.749631
127.962039 -8.104975
125.900895 -7.988489
123.839751 -8.045976
121.778607 -8.263680
119.717463 -8.178420
117.656319 -8.261424
115.595175 -8.465298
113.534031 -8.459360
111.472887 -8.438636
109.411743 -8.658872
107.350599 -9.227492
105.289455 -9.328844
103.228312 -8.672701
101.167168 -8.347861
99.106024 -7.796869
97.044880 -6.873937
94.983736 -6.141932
92.922592 -4.992829
90.861448 -3.333535
88.800304 -1.957514
86.739160 -0.323676
84.678016 2.581259
82.616872 6.400209
80.555728 10.502095
78.494584 14.590108
76.433440 19.256256
74.372296 25.226087
72.311152 32.043128
70.250008 38.025921
68.188864 41.943220
66.127720 44.444207
64.066576 46.821099
62.005433 49.139638
59.944289 49.884324
57.883145 48.991528
55.822001 47.513889
53.760857 46.051247
51.699713 44.317497
49.638569 42.886382
47.577425 43.614751
45.516281 46.069476
43.455137 48.430833
41.393993 51.028717
39.332849 54.892084
37.271705 59.189402
35.210561 61.832602
33.149417 61.911253
31.088273 59.601080
29.027129 56.636692
26.965985 55.160439
24.904841 53.979036
22.843697 51.958098
20.782553 49.629209
18.721410 48.047979
16.660266 48.389989
14.599122 50.021889
12.537978 51.694871
10.476834 54.168633
8.415690 56.131754
6.354546 54.127410
4.293402 47.347949
2.232258 37.110050
0.171114 25.535514
-1.890030 15.086493
-3.951174 8.043277
-6.012318 4.856144
-8.073462 4.348659
-10.134606 4.134371
-12.195750 3.434521
-14.256894 3.120691
-16.318038 3.240939
-18.379182 3.471444
-20.440326 3.857307
-22.501469 4.503808
-24.562613 5.946207
-26.623757 8.544396
-28.684901 11.641035
-30.746045 14.243230
-32.807189 16.486302
-34.868333 18.223566
-36.929477 18.630460
-38.990621 18.089335
-41.051765 17.984496
-43.112909 18.082586
-45.174053 17.338155
-47.235197 16.407402
-49.296341 16.575654
-51.357485 17.121708
-53.418629 16.853825
-55.479773 15.910678
-57.540917 14.611515
-59.602061 12.775794
-61.663205 10.018792
-63.724348 5.945457
-65.785492 1.877563
-67.846636 -0.809136
-69.907780 -2.378070
-71.968924 -3.679097
-74.030068 -4.894403
-76.091212 -6.125615
-78.152356 -7.457247
-80.213500 -8.393956
-82.274644 -8.635251
-84.335788 -8.634941
-86.396932 -9.146797
-88.458076 -9.623809
-90.519220 -9.479329
-92.580364 -8.972843
-94.641508 -8.963193
-96.702652 -8.744809
-98.763796 -8.132865
-100.824940 -8.392051
-102.886084 -9.334869
-104.947227 -9.600317
-107.008371 -9.214348
-109.069515 -8.691665
-111.130659 -8.473834
-113.191803 -8.649759
-115.252947 -8.536347
-117.314091 -8.599922
-119.375235 -8.754645
-121.436379 -8.318475
-123.497523 -7.398862
-125.558667 -7.308447
-127.619811 -8.073234
-129.680955 -8.338413
-131.742099 -7.851351
-133.803243 -7.374228
-135.864387 -7.522609
-137.925531 -7.542030
-139.986675 -6.891028
-142.047819 -6.708057
-144.108963 -7.301453
-146.170107 -7.571704
-148.231250 -7.707767
-150.292394 -8.280421
-152.353538 -8.267629
-154.414682 -7.198075
-156.475826 -6.212161
-158.536970 -5.930260
-160.598114 -5.877540
-162.659258 -6.197721
-164.720402 -6.533867
-166.781546 -6.664629
-168.842690 -6.642499
-170.903834 -6.395991
-172.964978 -6.352539
-175.026122 -6.459455
-177.087266 -6.588322
-179.148410 -6.850684
-181.209554 -6.878515
-183.270698 -6.620090
-185.331842 -6.411943
-187.392986 -6.269265
-189.454129 -6.221354
-191.515273 -6.293080
-193.576417 -6.086448
-195.637561 -5.249163
-197.698705 -4.792254
-199.759849 -4.997633
-201.820993 -5.084281
-203.882137 -5.468103
-205.943281 -6.584768
-208.004425 -7.007299
-210.065569 -6.105404
-212.126713 -5.485382
-214.187857 -5.527954
-216.249001 -5.723685
-218.310145 -5.737881
-220.371289 -5.253759
-222.432433 -5.119135
-224.493577 -4.825709
-226.554721 -3.993666
-228.615865 -4.532836
-230.677008 -5.072975
-232.738152 -5.053951
