# BEGINHEADER
# This file contains data from the SALSA 2m radio telescope.
# DATE=2024-01-31T12:38:0055
# GLON and GLAT given in degrees
# GLON=39.92243593637176
# GLAT=0.20026077448714966
# DATA in two columns below. Col. 1 is velocity relative to LSR [km/s]. Col. 2 is uncalibrated antenna temperature [K].
# ENDHEADER
292.8535549735697 -2.759915300960346
290.79241102297107 -6.606664541542464
288.73126707237236 -5.379078889512222
286.67012312177377 -3.3197050086180053
284.6089791711751 -2.351915985236234
282.54783522057653 -3.4255946700307116
280.4866912699778 -2.694693128125239
278.4255473193792 -1.8606659574287392
276.3644033687806 -5.699146151265846
274.3032594181819 -1.6270262010202678
272.2421154675833 5.848061303797373
270.18097151698464 -5.537746185826386
268.119827566386 -4.210615636998555
266.05868361578734 -5.0992518944335705
263.9975396651887 -4.71044951384758
261.93639571459005 -4.242183914659752
259.87525176399146 -5.340160817902347
257.8141078133928 -5.309448177751503
255.75296386279413 -5.413744548840392
253.6918199121955 -5.01043292846048
251.63067596159686 -4.607883075817036
249.56953201099824 -3.9609351827894734
247.50838806039957 -4.753636134531299
245.44724410980095 -1.139209907918048
243.3861001592023 1.8495493968801882
241.32495620860365 -6.497841800338767
239.26381225800503 -3.8465535240400768
237.20266830740636 -6.233938811063236
235.14152435680774 -4.3150710759903275
233.0803804062091 -5.4467387993870195
231.01923645561047 -5.258610362912725
228.95809250501182 -5.664902377417689
226.89694855441317 -3.071543986690709
224.83580460381452 -1.9095299053105053
222.7746606532159 -6.420358522941166
220.71351670261726 -5.886095673724691
218.65237275201864 -6.0053796221631925
216.59122880141996 -2.024337167076485
214.53008485082134 -4.478479215485306
212.4689409002227 -8.991750669989068
210.40779694962407 -5.645013811878075
208.3466529990254 -8.599041034822939
206.28550904842677 -8.202370942294811
204.22436509782813 -6.880544357980438
202.16322114722948 -6.300095318615851
200.10207719663086 -6.89648555895063
198.04093324603218 -6.219795331616799
195.97978929543353 -5.009312987513269
193.91864534483489 -5.912560007863768
191.85750139423627 -4.955029085973102
189.79635744363762 -7.490645236863289
187.735213493039 -3.101315264617156
185.67406954244032 -6.0529121825330865
183.6129255918417 -6.223703073197895
181.55178164124305 -7.430215319429601
179.49063769064443 -8.574897657475178
177.42949374004576 -8.36712442298866
175.36834978944714 -6.728306504260161
173.3072058388485 -8.196932279926845
171.24606188824987 -7.237976238705381
169.18491793765122 -6.002595089453752
167.12377398705254 -5.220963067104273
165.06263003645392 -5.293264918754438
163.00148608585528 -6.379864213736143
160.94034213525666 -7.102723643258344
158.879198184658 -6.702199362542019
156.81805423405936 -6.394284286902734
154.7569102834607 -9.483711176094408
152.6957663328621 -8.08958381720676
150.63462238226344 -9.828155521599523
148.57347843166482 -7.28228488854169
146.51233448106615 -5.184523830715866
144.45119053046753 -8.706779797037424
142.39004657986888 -5.427554072877549
140.32890262927026 -6.550170063489477
138.26775867867158 -8.257377945012106
136.20661472807296 -8.413568880338415
134.14547077747432 -9.271461250669434
132.0843268268757 -5.978944647740033
130.02318287627705 -7.981973673818004
127.9620389256784 -8.821097203573649
125.90089497507975 -7.600501987380278
123.83975102448112 -7.563941875367686
121.77860707388247 -9.234921042740286
119.71746312328384 -7.492129779466238
117.6563191726852 -8.252031206729514
115.59517522208655 -8.837160895585402
113.53403127148792 -8.263472441521865
111.47288732088927 -8.508902586257825
109.41174337029062 -8.217544230659714
107.35059941969199 -9.09399938862337
105.28945546909334 -11.173552578398716
103.2283115184947 -6.813195781284686
101.16716756789606 -9.307554523475124
99.10602361729742 -8.19310784156099
97.04487966669878 -6.08777416779078
94.98373571610014 -6.644759750033512
92.92259176550151 -5.7213802348926155
90.86144781490286 -2.6078238225528123
88.80030386430423 -1.8084446416165083
86.73915991370558 -1.7876631434309702
84.67801596310694 2.5719396481356527
82.6168720125083 5.950774570279669
80.55572806190966 10.966667956526807
78.49458411131103 14.272430538982904
76.43344016071238 18.331115216349666
74.37229621011375 24.556871711398774
72.3111522595151 32.34509952438598
70.25000830891645 39.88299061856856
68.1888643583178 42.37087483035758
66.12772040771917 44.78042416877142
64.06657645712053 45.61036385353209
62.00543250652189 51.121068880561104
59.944288555923244 50.48536604963482
57.88314460532461 49.396171331140295
55.82200065472597 47.11166314084987
53.76085670412733 46.2289315486063
51.69971275352869 45.111312346473156
49.638568802930045 40.78730480820925
47.577424852331404 42.235776424022355
45.51628090173277 47.17932297162881
43.45513695113413 48.22655726021691
41.39399300053548 50.049270751975826
39.33284904993684 54.08168196707571
37.2717050993382 60.715245258880636
35.21056114873956 63.12992202181471
33.14941719814092 63.06814015216988
31.08827324754228 61.153442927088996
29.027129296943638 53.6687932250845
26.965985346344997 56.00253622471074
24.904841395746356 54.58996000540796
22.84369744514772 51.99501318039792
20.782553494549077 49.60782307149076
18.72140954395044 46.62379632952227
16.660265593351795 46.99750597122953
14.599121642753154 51.5864725830782
12.537977692154515 50.30263358225393
10.476833741555875 53.37564230306396
8.415689790957233 59.68748034214476
6.354545840358592 56.22310733723748
4.293401889759952 49.64510393979183
2.23225793916131 37.324398185954706
0.17111398856266982 25.662297567322504
-1.890029962035971 12.237562862847927
-3.9511739126346117 6.591434229915652
-6.012317863233252 2.486569062079797
-8.073461813831893 5.028503500002422
-10.134605764430534 4.827454799441478
-12.195749715029175 2.701879394220881
-14.256893665627816 2.9100091620781816
-16.318037616226455 3.4580053662719883
-18.379181566825096 3.0982183661130662
-20.440325517423737 4.103676447743668
-22.50146946802238 3.9155119877666285
-24.56261341862102 5.309859764484719
-26.623757369219664 7.831001860877458
-28.6849013198183 12.693987086353458
-30.746045270416946 14.039253307299473
-32.807189221015584 16.537758957084826
-34.868333171614225 19.123885786878947
-36.92947712221287 19.73168215006196
-38.99062107281151 17.069624168198136
-41.05176502341015 17.734664119072217
-43.11290897400879 18.980333551201298
-45.17405292460743 17.888732221598037
-47.23519687520607 14.884398791704665
-49.29634082580471 16.475086986893118
-51.357484776403346 17.971620510705343
-53.41862872700199 17.203851181334564
-55.479772677600636 15.698544531086021
-57.54091662819928 15.345203370042501
-59.60206057879792 12.475860488086608
-61.66320452939656 11.790134294352853
-63.7243484799952 5.609468586169022
-65.78549243059383 0.8507232824139341
-67.84663638119248 -1.5716242477811417
-69.90778033179112 -2.135227446391635
-71.96892428238976 -3.793991551014308
-74.0300682329884 -5.082942622232363
-76.09121218358703 -5.588047314046038
-78.15235613418568 -8.066116759015692
-80.21350008478431 -8.461736993882708
-82.27464403538296 -9.536796028948256
-84.33578798598161 -7.19970682040256
-86.39693193658024 -9.94720890218757
-88.4580758871789 -9.373494956149285
-90.51921983777753 -10.754624136374561
-92.58036378837618 -7.391492789479088
-94.64150773897481 -9.611975153596703
-96.70265168957346 -9.482791193732277
-98.76379564017209 -7.174902769210972
-100.82493959077073 -7.478848449544387
-102.88608354136937 -10.532083222296484
-104.94722749196801 -9.756003113600864
-107.00837144256666 -9.093622504335068
-109.06951539316529 -9.072393623478467
-111.13065934376394 -7.062562037965835
-113.19180329436257 -10.27177132763573
-115.2529472449612 -7.392287825783119
-117.31409119555985 -8.94052769421166
-119.37523514615849 -8.763416409247997
-121.43637909675714 -9.402651309841767
-123.49752304735578 -6.392604533972354
-125.55866699795443 -6.334184170389904
-127.61981094855307 -9.034448228019187
-129.6809548991517 -8.592451220478049
-131.74209884975033 -8.142496690124409
-133.80324280034898 -6.443533121362655
-135.86438675094763 -7.569444885068868
-137.92553070154625 -8.674411779465169
-139.9866746521449 -6.290853609308639
-142.04781860274352 -5.655657623874999
-144.1089625533422 -8.143913385755884
-146.17010650394084 -7.887642117584621
-148.23125045453946 -6.576804636906317
-150.2923944051381 -9.020664272512915
-152.35353835573676 -9.159166839151235
-154.4146823063354 -7.193943204217011
-156.47582625693403 -4.961115591418054
-158.53697020753268 -6.889143967031576
-160.5981141581313 -4.810077987407653
-162.65925810872997 -6.6062420358390535
-164.7204020593286 -6.722580248276393
-166.78154600992724 -6.359301805121613
-168.84268996052586 -7.357420343095699
-170.9038339111245 -5.789880895542165
-172.96497786172316 -6.3752090962802725
-175.0261218123218 -6.688630966505105
-177.08726576292042 -6.123755965484079
-179.14840971351907 -7.183340199729818
-181.20955366411775 -7.2067659825268295
-183.27069761471637 -6.280236816211542
-185.33184156531502 -6.608622292898305
-187.39298551591364 -6.056973402163612
-189.45412946651228 -6.321526359788842
-191.51527341711093 -5.905617430376766
-193.57641736770958 -7.380769675935334
-195.6375613183082 -4.553449114917951
-197.69870526890685 -4.00484348267598
-199.75984921950547 -5.688710332993963
-201.82099317010412 -5.009076839105716
-203.88213712070274 -4.365421374231229
-205.94328107130139 -6.950937011656843
-208.00442502190003 -8.979510251060562
-210.06556897249868 -4.863794178023311
-212.1267129230973 -5.206279548496922
-214.18785687369595 -5.801758956974375
-216.24900082429457 -5.1881940886291185
-218.31014477489325 -6.91880945909539
-220.37128872549187 -4.694454232241763
-222.4324326760905 -3.938018786128825
-224.49357662668916 -8.310395711239682
-226.55472057728778 0.5065580743090877
-228.61586452788646 -6.924140555041634
-230.67700847848508 -4.665483981785739
-232.73815242908373 -5.078585872998603
