# BEGINHEADER
# This file contains data from the SALSA 2m radio telescope.
# DATE=2024-01-31T11:57:0039
# GLON and GLAT given in degrees
# GLON=30.62775672632676
# GLAT=-33.88091367532749
# DATA in two columns below. Col. 1 is velocity relative to LSR [km/s]. Col. 2 is uncalibrated antenna temperature [K].
# ENDHEADER
2384.9384438381285 84.98370072941977
2382.8772998875297 175.09888909885956
2380.816155936931 157.5837804137018
2378.755011986332 170.93306277422508
2376.693868035734 168.2536136199583
2374.632724085135 175.32872324089348
2372.571580134537 180.47958422452197
2370.510436183938 190.02924418038822
2368.4492922333393 196.74399455616995
2366.3881482827405 204.78496420287698
2364.327004332142 215.1277013963216
2362.265860381543 223.9208665847383
2360.2047164309442 233.4902241213387
2358.1435724803455 246.06884690019183
2356.082428529747 253.78307230020204
2354.0212845791484 263.73385845778745
2351.96014062855 275.63343512627034
2349.8989966779513 282.34992737989387
2347.8378527273526 289.840405845948
2345.776708776754 301.04395432093594
2343.7155648261555 308.4613729962221
2341.6544208755568 320.4817306127573
2339.593276924958 328.6226992757076
2337.5321329743592 333.51913204277514
2335.470989023761 334.6437118278959
2333.409845073162 343.43958646792737
2331.348701122564 347.1799671513906
2329.287557171965 353.9169883208384
2327.2264132213663 359.3980703034585
2325.1652692707676 359.7361375051457
2323.1041253201693 365.51853843572667
2321.0429813695705 367.55090030792354
2318.9818374189717 369.7110838773984
2316.920693468373 372.1923977205973
2314.8595495177747 370.04895640334837
2312.798405567176 375.08989406511614
2310.7372616165776 378.40676739513657
2308.676117665979 376.0082704540141
2306.61497371538 383.2194971962877
2304.5538297647813 377.1962578303844
2302.492685814183 384.3011342950773
2300.431541863584 384.682792579545
2298.370397912985 384.81026153375075
2296.3092539623863 382.6040141286705
2294.248110011788 384.5643034296144
2292.186966061189 384.9619210576718
2290.125822110591 387.7484991516877
2288.064678159992 392.92550484733
2286.0035342093934 393.24306853476924
2283.9423902587946 392.6757887676051
2281.8812463081963 393.66757421416713
2279.8201023575975 394.39899666675745
2277.7589584069988 393.8696051525248
2275.6978144564 394.8490184699608
2273.6366705058017 397.008894402254
2271.575526555203 394.343625069805
2269.5143826046046 395.0958058831465
2267.453238654006 394.5965975388641
2265.392094703407 400.5833929761329
2263.3309507528083 398.01282491278454
2261.26980680221 400.55723599528056
2259.2086628516113 401.1040756422879
2257.1475189010125 399.48735216124237
2255.0863749504138 399.2799241335591
2253.0252309998154 404.17171563949324
2250.9640870492167 398.9587747328089
2248.9029430986184 402.5820671283437
2246.8417991480196 401.2794664207103
2244.780655197421 403.25824458155574
2242.719511246822 404.69841575275717
2240.658367296224 406.76689715640396
2238.5972233456246 404.8960841192181
2236.536079395026 407.79543968859787
2234.474935444427 404.1712501592443
2232.4137914938287 408.8660750526802
2230.35264754323 409.81414389301995
2228.2915035926317 410.97681771345833
2226.230359642033 408.9042539018449
2224.169215691434 408.34177950520797
2222.1080717408354 412.13542421342413
2220.046927790237 407.4597269322309
2217.9857838396383 410.5734601690532
2215.9246398890396 405.3092242272224
2213.863495938441 405.585373732498
2211.8023519878425 409.53133480145584
2209.7412080372437 409.08818910115974
2207.6800640866454 410.7148490430873
2205.6189201360467 416.2814716726974
2203.557776185448 406.904575465451
2201.496632234849 411.41318740025764
2199.435488284251 408.8137998848275
2197.374344333652 408.19861289335665
2195.3132003830533 410.0270508631038
2193.2520564324545 413.78483297376016
2191.1909124818562 411.1494939808988
2189.1297685312575 412.30840323682895
2187.068624580659 415.84224917463274
2185.0074806300604 411.14234812598517
2182.9463366794616 411.5631774942706
2180.885192728863 411.1360480279273
2178.8240487782646 406.0846258084389
2176.762904827666 411.0654306487757
2174.7017608770666 419.09445726280126
2172.640616926468 417.67239867472773
2170.5794729758695 416.9638048491536
2168.5183290252708 409.5667972997793
2166.4571850746725 412.7769094137765
2164.3960411240737 413.1457311369614
2162.334897173475 415.1464908610728
2160.273753222876 417.29312177408974
2158.212609272278 415.58991335913316
2156.151465321679 415.4366050341606
2154.0903213710803 416.0697649753648
2152.0291774204816 414.7123952460969
2149.9680334698833 417.0361130959712
2147.9068895192845 416.7910040775592
2145.845745568686 418.58488739030213
2143.7846016180874 417.6375007540166
2141.7234576674887 417.4626686633039
2139.66231371689 418.4087984013508
2137.6011697662916 414.0742834939343
2135.540025815693 415.1781541347962
2133.478881865094 414.5464396885873
2131.4177379144953 419.85470903838313
2129.356593963897 417.46411766137163
2127.2954500132983 413.8032121137941
2125.2343060627 416.02343881517686
2123.1731621121007 413.8157890258767
2121.1120181615024 407.9011579988212
2119.0508742109037 418.9959706457494
2116.9897302603054 415.06302873477136
2114.9285863097066 415.9968240259314
2112.8674423591074 419.44257244535464
2110.8062984085086 414.9163156773382
2108.7451544579103 414.5489064267791
2106.6840105073115 418.519248013729
2104.6228665567132 413.83195947343876
2102.561722606114 417.4632208077489
2100.5005786555157 418.18005018041976
2098.439434704917 416.9144473471481
2096.3782907543186 414.29296960354765
2094.31714680372 417.4064990355348
2092.2560028531216 418.0320380324778
2090.194858902523 413.1796700571978
2088.133714951924 413.9443000567927
2086.0725710013253 414.4542553712172
2084.011427050727 414.438933056458
2081.9502831001278 413.66790942838765
2079.8891391495295 415.5999910939073
2077.8279951989307 412.99300983275526
2075.7668512483324 407.90462548152516
2073.705707297733 415.6548152727957
2071.644563347135 411.2676946009753
2069.583419396536 410.61104294359313
2067.522275445938 408.7027428506178
2065.461131495339 415.55765403448544
2063.3999875447403 415.42515195801764
2061.3388435941415 412.8096543315044
2059.277699643543 413.02002675953577
2057.2165556929444 416.0109307099141
2055.1554117423457 417.50420346861966
2053.094267791747 408.1727267702144
2051.0331238411486 445.7395428321188
2048.97197989055 425.4011525700231
2046.9108359399513 405.24362647393593
2044.8496919893526 411.49455068508723
2042.788548038754 410.81117122869887
2040.7274040881553 410.56926441832496
2038.6662601375567 405.2624574184229
2036.605116186958 410.9641046025137
2034.5439722363592 413.80994265632404
2032.4828282857604 406.8854884052675
2030.4216843351621 409.6033619426302
2028.3605403845634 410.3007765942135
2026.2993964339648 408.1645683578539
2024.238252483366 405.4421863185644
2022.1771085327675 403.1943509480804
2020.1159645821688 402.3996570658356
2018.0548206315702 402.92464979173246
2015.9936766809715 406.348332945649
2013.932532730373 404.61146998081034
2011.8713887797742 405.36727762989494
2009.8102448291759 406.54845927456216
2007.7491008785769 404.29398986368903
2005.6879569279786 404.6093195522216
2003.6268129773796 404.74526948720353
2001.565669026781 403.2492270256244
1999.5045250761823 402.64881439955656
1997.4433811255838 398.8531691763784
1995.382237174985 397.68921505522616
1993.3210932243865 400.98522189965826
1991.2599492737877 397.5821471386832
1989.1988053231894 399.77686328114396
1987.1376613725904 395.6183526444439
1985.076517421992 398.8578502395548
1983.0153734713933 397.2505399555352
1980.9542295207948 394.89964016165527
1978.893085570196 395.6436841792861
1976.8319416195975 394.0944007153732
1974.7707976689987 396.10215304955653
1972.7096537184 394.51831581083877
1970.6485097678012 394.87454940416507
1968.587365817203 390.9535534804207
1966.526221866604 396.1532329021128
1964.4650779160056 396.8941807530781
1962.4039339654068 393.12564547129125
1960.3427900148083 390.4139404552373
1958.2816460642096 388.17033160076716
1956.220502113611 389.57870367144085
1954.1593581630123 384.443805298249
1952.0982142124137 385.50976172502016
1950.037070261815 390.05863143253237
1947.9759263112167 386.81206180803724
1945.9147823606177 384.0854391663414
1943.8536384100194 379.0580431990721
1941.7924944594206 382.4137421519763
1939.7313505088218 379.28439111047334
1937.670206558223 383.19571772625676
1935.6090626076245 379.6092310178235
1933.5479186570258 377.576183529268
1931.4867747064272 375.65968957953396
1929.4256307558285 377.5321943224432
1927.3644868052302 373.9213425744617
1925.3033428546312 367.94577674684905
1923.2421989040329 366.85123643968774
1921.181054953434 367.23368286011
1919.1199110028356 362.8747854149376
1917.0587670522368 363.8043530370181
1914.9976231016383 358.73439563039557
1912.9364791510395 353.2850794746877
1910.875335200441 345.940267400539
1908.814191249842 343.6356236722093
1906.7530472992437 337.85690568380625
1904.6919033486447 333.0158558695408
1902.6307593980464 326.6983682204313
1900.5696154474476 319.32903953861177
1898.508471496849 310.0653128619048
1896.4473275462503 303.03269313936266
1894.3861835956518 295.88721719379294
1892.325039645053 284.73294201359397
1890.2638956944545 273.77982314643185
1888.2027517438557 265.31315823471914
1886.1416077932574 255.073577689997
1884.0804638426584 245.71074276074165
1882.0193198920601 236.60929550117254
1879.9581759414614 224.12149501519784
1877.8970319908626 215.7137441790272
1875.8358880402639 207.22010586245216
1873.7747440896653 197.2843771693494
1871.7136001390666 191.65803920303873
1869.652456188468 181.43320485826004
1867.5913122378693 176.82904463888306
1865.530168287271 168.81449636306434
1863.469024336672 170.4675903553157
1861.4078803860737 156.87225900597025
1859.346736435475 175.1021066954708
