iter      chisq       delta/lim  lambda   a             b             c            
   0 6.4608096719e+09   0.00e+00  2.32e+04    1.000000e+00   1.000000e+00   1.000000e+00
   1 3.8304413228e+07  -1.68e+07  2.32e+03    7.746513e-02   1.008660e+00   9.999792e-01
   2 4.8715170163e+01  -7.86e+10  2.32e+02    5.632041e-04   1.008720e+00   9.999771e-01
   3 2.2109429392e+01  -1.20e+05  2.32e+01    4.990607e-04   1.008724e+00   9.999393e-01
   4 2.2093945301e+01  -7.01e+01  2.32e+00    4.991465e-04   1.009018e+00   9.961621e-01
   5 2.0811264709e+01  -6.16e+03  2.32e-01    5.067624e-04   1.035579e+00   6.633546e-01
   6 1.6345299678e+01  -2.73e+04  2.32e-02    5.609258e-04   1.693866e+00  -1.603083e+00
   * 2.5296596158e+01   3.54e+04  2.32e-01    7.437536e-04   5.072303e+01   1.772914e+00
   7 1.6289446825e+01  -3.43e+02  2.32e-02    5.669015e-04   2.267508e+00  -1.718238e+00
   * 2.5018355478e+01   3.49e+04  2.32e-01    7.500729e-04   5.172920e+01   1.864277e+00
   8 1.6253997493e+01  -2.18e+02  2.32e-02    5.693045e-04   2.837918e+00  -1.688247e+00
   * 2.5215214747e+01   3.55e+04  2.32e-01    7.544661e-04   5.251178e+01   1.916787e+00
   9 1.6218219921e+01  -2.21e+02  2.32e-02    5.714940e-04   3.411282e+00  -1.648326e+00
   * 2.5451500559e+01   3.63e+04  2.32e-01    7.587917e-04   5.328349e+01   1.966797e+00
  10 1.6182010028e+01  -2.24e+02  2.32e-02    5.736969e-04   3.988065e+00  -1.607570e+00
   * 2.5698148584e+01   3.70e+04  2.32e-01    7.631773e-04   5.405857e+01   2.016749e+00
  11 1.6145358338e+01  -2.27e+02  2.32e-02    5.759291e-04   4.568343e+00  -1.566589e+00
   * 2.5953450088e+01   3.78e+04  2.32e-01    7.676331e-04   5.483797e+01   2.066802e+00
  12 1.6108255652e+01  -2.30e+02  2.32e-02    5.781924e-04   5.152169e+00  -1.525419e+00
   * 2.6217560863e+01   3.86e+04  2.32e-01    7.721612e-04   5.562178e+01   2.116962e+00
  13 1.6070692513e+01  -2.34e+02  2.32e-02    5.804876e-04   5.739597e+00  -1.484064e+00
   * 2.6490771728e+01   3.93e+04  2.32e-01    7.767634e-04   5.641002e+01   2.167225e+00
  14 1.6032659189e+01  -2.37e+02  2.32e-02    5.828154e-04   6.330678e+00  -1.442521e+00
   * 2.6773391429e+01   4.01e+04  2.32e-01    7.814415e-04   5.720271e+01   2.217586e+00
  15 1.5994145661e+01  -2.41e+02  2.32e-02    5.851767e-04   6.925468e+00  -1.400788e+00
   * 2.7065738879e+01   4.09e+04  2.32e-01    7.861973e-04   5.799985e+01   2.268039e+00
  16 1.5955141612e+01  -2.44e+02  2.32e-02    5.875721e-04   7.524022e+00  -1.358864e+00
   * 2.7368142752e+01   4.17e+04  2.32e-01    7.910326e-04   5.880146e+01   2.318578e+00
  17 1.5915636418e+01  -2.48e+02  2.32e-02    5.900026e-04   8.126396e+00  -1.316748e+00
   * 2.7680941562e+01   4.25e+04  2.32e-01    7.959494e-04   5.960755e+01   2.369196e+00
  18 1.5875619134e+01  -2.52e+02  2.32e-02    5.924691e-04   8.732650e+00  -1.274437e+00
   * 2.8004483735e+01   4.33e+04  2.32e-01    8.009496e-04   6.041811e+01   2.419886e+00
  19 1.5835078481e+01  -2.56e+02  2.32e-02    5.949723e-04   9.342842e+00  -1.231930e+00
   * 2.8339127643e+01   4.41e+04  2.32e-01    8.060352e-04   6.123315e+01   2.470641e+00
  20 1.5794002836e+01  -2.60e+02  2.32e-02    5.975132e-04   9.957034e+00  -1.189224e+00
   * 2.8685241656e+01   4.49e+04  2.32e-01    8.112084e-04   6.205266e+01   2.521453e+00
  21 1.5752380219e+01  -2.64e+02  2.32e-02    6.000929e-04   1.057529e+01  -1.146319e+00
   * 2.9043204076e+01   4.58e+04  2.32e-01    8.164712e-04   6.287665e+01   2.572313e+00
  22 1.5710198275e+01  -2.69e+02  2.32e-02    6.027122e-04   1.119767e+01  -1.103213e+00
   * 2.9413403082e+01   4.66e+04  2.32e-01    8.218259e-04   6.370510e+01   2.623213e+00
  23 1.5667444263e+01  -2.73e+02  2.32e-02    6.053721e-04   1.182424e+01  -1.059903e+00
   * 2.9796236593e+01   4.74e+04  2.32e-01    8.272747e-04   6.453801e+01   2.674143e+00
  24 1.5624105041e+01  -2.77e+02  2.32e-02    6.080739e-04   1.245507e+01  -1.016389e+00
   * 3.0192112080e+01   4.83e+04  2.32e-01    8.328200e-04   6.537535e+01   2.725093e+00
  25 1.5580167046e+01  -2.82e+02  2.32e-02    6.108185e-04   1.309023e+01  -9.726676e-01
   * 3.0601446283e+01   4.91e+04  2.32e-01    8.384641e-04   6.621710e+01   2.776052e+00
  26 1.5535616284e+01  -2.87e+02  2.32e-02    6.136070e-04   1.372978e+01  -9.287382e-01
   * 3.1024664878e+01   4.99e+04  2.32e-01    8.442095e-04   6.706325e+01   2.827008e+00
  27 1.5490438305e+01  -2.92e+02  2.32e-02    6.164408e-04   1.437381e+01  -8.845988e-01
   * 3.1462202038e+01   5.08e+04  2.32e-01    8.500588e-04   6.791376e+01   2.877950e+00
  28 1.5444618191e+01  -2.97e+02  2.32e-02    6.193209e-04   1.502238e+01  -8.402477e-01
   * 3.1914499877e+01   5.16e+04  2.32e-01    8.560146e-04   6.876859e+01   2.928865e+00
  29 1.5398140533e+01  -3.02e+02  2.32e-02    6.222486e-04   1.567556e+01  -7.956833e-01
   * 3.2382007785e+01   5.24e+04  2.32e-01    8.620795e-04   6.962771e+01   2.979739e+00
  30 1.5350989412e+01  -3.07e+02  2.32e-02    6.252254e-04   1.633345e+01  -7.509038e-01
   * 3.2865181639e+01   5.33e+04  2.32e-01    8.682563e-04   7.049106e+01   3.030557e+00
  31 1.5303148379e+01  -3.13e+02  2.32e-02    6.282525e-04   1.699611e+01  -7.059077e-01
   * 3.3364482851e+01   5.41e+04  2.32e-01    8.745478e-04   7.135859e+01   3.081304e+00
  32 1.5254600433e+01  -3.18e+02  2.32e-02    6.313313e-04   1.766363e+01  -6.606933e-01
   * 3.3880377236e+01   5.50e+04  2.32e-01    8.809570e-04   7.223024e+01   3.131965e+00
  33 1.5205327994e+01  -3.24e+02  2.32e-02    6.344634e-04   1.833609e+01  -6.152591e-01
   * 3.4413333719e+01   5.58e+04  2.32e-01    8.874869e-04   7.310594e+01   3.182521e+00
  34 1.5155312885e+01  -3.30e+02  2.32e-02    6.376503e-04   1.901358e+01  -5.696035e-01
   * 3.4963822808e+01   5.67e+04  2.32e-01    8.941404e-04   7.398561e+01   3.232955e+00
  35 1.5104536304e+01  -3.36e+02  2.32e-02    6.408935e-04   1.969618e+01  -5.237250e-01
   * 3.5532314822e+01   5.75e+04  2.32e-01    9.009208e-04   7.486917e+01   3.283246e+00
  36 1.5052978794e+01  -3.43e+02  2.32e-02    6.441948e-04   2.038400e+01  -4.776221e-01
   * 3.6119277877e+01   5.83e+04  2.32e-01    9.078313e-04   7.575651e+01   3.333376e+00
  37 1.5000620221e+01  -3.49e+02  2.32e-02    6.475559e-04   2.107711e+01  -4.312935e-01
   * 3.6725175540e+01   5.92e+04  2.32e-01    9.148753e-04   7.664754e+01   3.383321e+00
  38 1.4947439741e+01  -3.56e+02  2.32e-02    6.509785e-04   2.177561e+01  -3.847378e-01
   * 3.7350464198e+01   6.00e+04  2.32e-01    9.220561e-04   7.754213e+01   3.433059e+00
  39 1.4893415770e+01  -3.63e+02  2.32e-02    6.544645e-04   2.247961e+01  -3.379536e-01
   * 3.7995589995e+01   6.08e+04  2.32e-01    9.293773e-04   7.844016e+01   3.482566e+00
  40 1.4838525954e+01  -3.70e+02  2.32e-02    6.580160e-04   2.318920e+01  -2.909398e-01
   * 3.8660985415e+01   6.16e+04  2.32e-01    9.368424e-04   7.934147e+01   3.531816e+00
  41 1.4782747133e+01  -3.77e+02  2.32e-02    6.616348e-04   2.390449e+01  -2.436953e-01
   * 3.9347065380e+01   6.24e+04  2.32e-01    9.444551e-04   8.024593e+01   3.580782e+00
  42 1.4726055305e+01  -3.85e+02  2.32e-02    6.653233e-04   2.462557e+01  -1.962189e-01
   * 4.0054222833e+01   6.32e+04  2.32e-01    9.522193e-04   8.115336e+01   3.629434e+00
  43 1.4668425592e+01  -3.93e+02  2.32e-02    6.690834e-04   2.535257e+01  -1.485098e-01
   * 4.0782823789e+01   6.40e+04  2.32e-01    9.601386e-04   8.206357e+01   3.677744e+00
  44 1.4609832200e+01  -4.01e+02  2.32e-02    6.729177e-04   2.608559e+01  -1.005670e-01
   * 4.1533201743e+01   6.48e+04  2.32e-01    9.682172e-04   8.297637e+01   3.725677e+00
  45 1.4550248377e+01  -4.10e+02  2.32e-02    6.768285e-04   2.682475e+01  -5.238993e-02
   * 4.2305651396e+01   6.56e+04  2.32e-01    9.764589e-04   8.389153e+01   3.773201e+00
  46 1.4489646373e+01  -4.18e+02  2.32e-02    6.808183e-04   2.757017e+01  -3.977917e-03
   * 4.3100421641e+01   6.64e+04  2.32e-01    9.848680e-04   8.480882e+01   3.820280e+00
  47 1.4427997394e+01  -4.27e+02  2.32e-02    6.848898e-04   2.832196e+01   4.466947e-02
   * 4.3917707708e+01   6.71e+04  2.32e-01    9.934486e-04   8.572799e+01   3.866875e+00
  48 1.4365271553e+01  -4.37e+02  2.32e-02    6.890457e-04   2.908025e+01   9.355249e-02
   * 4.4757642398e+01   6.79e+04  2.32e-01    1.002205e-03   8.664875e+01   3.912947e+00
  49 1.4301437826e+01  -4.46e+02  2.32e-02    6.932889e-04   2.984517e+01   1.426713e-01
   * 4.5620286341e+01   6.87e+04  2.32e-01    1.011141e-03   8.757081e+01   3.958453e+00
  50 1.4236463997e+01  -4.56e+02  2.32e-02    6.976224e-04   3.061686e+01   1.920257e-01
   * 4.6505617140e+01   6.94e+04  2.32e-01    1.020263e-03   8.849384e+01   4.003349e+00
  51 1.4170316608e+01  -4.67e+02  2.32e-02    7.020495e-04   3.139544e+01   2.416154e-01
   * 4.7413517354e+01   7.01e+04  2.32e-01    1.029573e-03   8.941749e+01   4.047588e+00
  52 1.4102960899e+01  -4.78e+02  2.32e-02    7.065734e-04   3.218105e+01   2.914399e-01
   * 4.8343761181e+01   7.08e+04  2.32e-01    1.039076e-03   9.034139e+01   4.091119e+00
  53 1.4034360754e+01  -4.89e+02  2.32e-02    7.111976e-04   3.297385e+01   3.414983e-01
   * 4.9295999773e+01   7.15e+04  2.32e-01    1.048778e-03   9.126514e+01   4.133892e+00
  54 1.3964478638e+01  -5.00e+02  2.32e-02    7.159257e-04   3.377397e+01   3.917896e-01
   * 5.0269745018e+01   7.22e+04  2.32e-01    1.058683e-03   9.218829e+01   4.175849e+00
  55 1.3893275533e+01  -5.13e+02  2.32e-02    7.207616e-04   3.458157e+01   4.423123e-01
   * 5.1264351761e+01   7.29e+04  2.32e-01    1.068795e-03   9.311038e+01   4.216935e+00
  56 1.3820710876e+01  -5.25e+02  2.32e-02    7.257094e-04   3.539681e+01   4.930645e-01
   * 5.2278998274e+01   7.36e+04  2.32e-01    1.079120e-03   9.403091e+01   4.257086e+00
  57 1.3746742486e+01  -5.38e+02  2.32e-02    7.307731e-04   3.621984e+01   5.440442e-01
   * 5.3312664928e+01   7.42e+04  2.32e-01    1.089661e-03   9.494934e+01   4.296240e+00
  58 1.3671326499e+01  -5.52e+02  2.32e-02    7.359574e-04   3.705083e+01   5.952488e-01
   * 5.4364110956e+01   7.49e+04  2.32e-01    1.100424e-03   9.586510e+01   4.334329e+00
  59 1.3594417290e+01  -5.66e+02  2.32e-02    7.412668e-04   3.788994e+01   6.466752e-01
   * 5.5431849195e+01   7.55e+04  2.32e-01    1.111414e-03   9.677756e+01   4.371281e+00
  60 1.3515967402e+01  -5.80e+02  2.32e-02    7.467063e-04   3.873736e+01   6.983198e-01
   * 5.6514118790e+01   7.61e+04  2.32e-01    1.122634e-03   9.768608e+01   4.407022e+00
  61 1.3435927466e+01  -5.96e+02  2.32e-02    7.522811e-04   3.959325e+01   7.501785e-01
   * 5.7608855785e+01   7.67e+04  2.32e-01    1.134090e-03   9.858993e+01   4.441474e+00
  62 1.3354246124e+01  -6.12e+02  2.32e-02    7.579965e-04   4.045781e+01   8.022466e-01
   * 5.8713661587e+01   7.73e+04  2.32e-01    1.145785e-03   9.948838e+01   4.474555e+00
  63 1.3270869947e+01  -6.28e+02  2.32e-02    7.638585e-04   4.133122e+01   8.545187e-01
   * 5.9825769365e+01   7.78e+04  2.32e-01    1.157725e-03   1.003806e+02   4.506180e+00
  64 1.3185743359e+01  -6.46e+02  2.32e-02    7.698730e-04   4.221368e+01   9.069885e-01
   * 6.0942008448e+01   7.84e+04  2.32e-01    1.169913e-03   1.012658e+02   4.536259e+00
  65 1.3098808549e+01  -6.64e+02  2.32e-02    7.760465e-04   4.310538e+01   9.596492e-01
   * 6.2058766918e+01   7.89e+04  2.32e-01    1.182354e-03   1.021430e+02   4.564698e+00
  66 1.3010005394e+01  -6.83e+02  2.32e-02    7.823857e-04   4.400653e+01   1.012493e+00
   * 6.3171952609e+01   7.94e+04  2.32e-01    1.195050e-03   1.030113e+02   4.591399e+00
  67 1.2919271381e+01  -7.02e+02  2.32e-02    7.888978e-04   4.491733e+01   1.065511e+00
   * 6.4276952920e+01   7.99e+04  2.32e-01    1.208006e-03   1.038697e+02   4.616262e+00
  68 1.2826541525e+01  -7.23e+02  2.32e-02    7.955903e-04   4.583801e+01   1.118692e+00
   * 6.5368593899e+01   8.04e+04  2.32e-01    1.221225e-03   1.047170e+02   4.639181e+00
  69 1.2731748301e+01  -7.45e+02  2.32e-02    8.024713e-04   4.676877e+01   1.172027e+00
   * 6.6441099299e+01   8.08e+04  2.32e-01    1.234709e-03   1.055521e+02   4.660046e+00
  70 1.2634821577e+01  -7.67e+02  2.32e-02    8.095492e-04   4.770984e+01   1.225503e+00
   * 6.7488050425e+01   8.13e+04  2.32e-01    1.248461e-03   1.063738e+02   4.678744e+00
  71 1.2535688549e+01  -7.91e+02  2.32e-02    8.168331e-04   4.866146e+01   1.279105e+00
   * 6.8502347891e+01   8.17e+04  2.32e-01    1.262482e-03   1.071809e+02   4.695157e+00
  72 1.2434273702e+01  -8.16e+02  2.32e-02    8.243323e-04   4.962385e+01   1.332819e+00
   * 6.9476176608e+01   8.21e+04  2.32e-01    1.276773e-03   1.079720e+02   4.709166e+00
  73 1.2330498764e+01  -8.42e+02  2.32e-02    8.320570e-04   5.059725e+01   1.386627e+00
   * 7.0400975694e+01   8.25e+04  2.32e-01    1.291335e-03   1.087457e+02   4.720647e+00
  74 1.2224282701e+01  -8.69e+02  2.32e-02    8.400178e-04   5.158190e+01   1.440509e+00
   * 7.1267415284e+01   8.28e+04  2.32e-01    1.306167e-03   1.095005e+02   4.729472e+00
  75 1.2115541714e+01  -8.98e+02  2.32e-02    8.482262e-04   5.257805e+01   1.494446e+00
   * 7.2065382670e+01   8.32e+04  2.32e-01    1.321268e-03   1.102349e+02   4.735514e+00
  76 1.2004189273e+01  -9.28e+02  2.32e-02    8.566942e-04   5.358594e+01   1.548412e+00
   * 7.2783980577e+01   8.35e+04  2.32e-01    1.336636e-03   1.109473e+02   4.738642e+00
  77 1.1890136192e+01  -9.59e+02  2.32e-02    8.654345e-04   5.460582e+01   1.602383e+00
   * 7.3411540871e+01   8.38e+04  2.32e-01    1.352268e-03   1.116360e+02   4.738723e+00
  78 1.1773290735e+01  -9.92e+02  2.32e-02    8.744608e-04   5.563795e+01   1.656329e+00
   * 7.3935657464e+01   8.41e+04  2.32e-01    1.368158e-03   1.122993e+02   4.735625e+00
  79 1.1653558782e+01  -1.03e+03  2.32e-02    8.837876e-04   5.668257e+01   1.710217e+00
   * 7.4343242630e+01   8.43e+04  2.32e-01    1.384301e-03   1.129354e+02   4.729217e+00
  80 1.1530844064e+01  -1.06e+03  2.32e-02    8.934301e-04   5.773993e+01   1.764014e+00
   * 7.4620611428e+01   8.45e+04  2.32e-01    1.400690e-03   1.135426e+02   4.719368e+00
  81 1.1405048467e+01  -1.10e+03  2.32e-02    9.034047e-04   5.881029e+01   1.817678e+00
   * 7.4753599281e+01   8.47e+04  2.32e-01    1.417314e-03   1.141189e+02   4.705952e+00
  82 1.1276072440e+01  -1.14e+03  2.32e-02    9.137288e-04   5.989387e+01   1.871167e+00
   * 7.4727717991e+01   8.49e+04  2.32e-01    1.434164e-03   1.146625e+02   4.688847e+00
  83 1.1143815523e+01  -1.19e+03  2.32e-02    9.244208e-04   6.099092e+01   1.924433e+00
   * 7.4528355586e+01   8.50e+04  2.32e-01    1.451226e-03   1.151715e+02   4.667935e+00
  84 1.1008177005e+01  -1.23e+03  2.32e-02    9.355004e-04   6.210166e+01   1.977423e+00
   * 7.4141025149e+01   8.52e+04  2.32e-01    1.468484e-03   1.156440e+02   4.643111e+00
  85 1.0869056763e+01  -1.28e+03  2.32e-02    9.469884e-04   6.322630e+01   2.030078e+00
   * 7.3551667225e+01   8.52e+04  2.32e-01    1.485923e-03   1.160781e+02   4.614275e+00
  86 1.0726356297e+01  -1.33e+03  2.32e-02    9.589070e-04   6.436504e+01   2.082333e+00
   * 7.2747009335e+01   8.53e+04  2.32e-01    1.503521e-03   1.164720e+02   4.581344e+00
  87 1.0579980014e+01  -1.38e+03  2.32e-02    9.712796e-04   6.551804e+01   2.134117e+00
   * 7.1714984440e+01   8.52e+04  2.32e-01    1.521255e-03   1.168240e+02   4.544250e+00
  88 1.0429836802e+01  -1.44e+03  2.32e-02    9.841312e-04   6.668547e+01   2.185352e+00
   * 7.0445207807e+01   8.52e+04  2.32e-01    1.539102e-03   1.171323e+02   4.502942e+00
  89 1.0275841942e+01  -1.50e+03  2.32e-02    9.974880e-04   6.786742e+01   2.235950e+00
   * 6.8929508347e+01   8.51e+04  2.32e-01    1.557032e-03   1.173956e+02   4.457392e+00
  90 1.0117919440e+01  -1.56e+03  2.32e-02    1.011378e-03   6.906397e+01   2.285817e+00
   * 6.7162506252e+01   8.49e+04  2.32e-01    1.575014e-03   1.176123e+02   4.407600e+00
  91 9.9560048268e+00  -1.63e+03  2.32e-02    1.025830e-03   7.027514e+01   2.334846e+00
   * 6.5142223328e+01   8.47e+04  2.32e-01    1.593014e-03   1.177814e+02   4.353591e+00
  92 9.7900485275e+00  -1.70e+03  2.32e-02    1.040875e-03   7.150090e+01   2.382924e+00
   * 6.2870706071e+01   8.44e+04  2.32e-01    1.610994e-03   1.179018e+02   4.295426e+00
  93 9.6200198755e+00  -1.77e+03  2.32e-02    1.056546e-03   7.274114e+01   2.429925e+00
   * 6.0354634176e+01   8.41e+04  2.32e-01    1.628913e-03   1.179731e+02   4.233205e+00
  94 9.4459118776e+00  -1.84e+03  2.32e-02    1.072875e-03   7.399565e+01   2.475709e+00
   * 5.7605879312e+01   8.36e+04  2.32e-01    1.646728e-03   1.179948e+02   4.167065e+00
  95 9.2677468269e+00  -1.92e+03  2.32e-02    1.089898e-03   7.526415e+01   2.520127e+00
   * 5.4641971029e+01   8.30e+04  2.32e-01    1.664392e-03   1.179672e+02   4.097192e+00
  96 9.0855828678e+00  -2.00e+03  2.32e-02    1.107650e-03   7.654621e+01   2.563015e+00
   * 5.1486419576e+01   8.24e+04  2.32e-01    1.681855e-03   1.178907e+02   4.023821e+00
  97 8.8995216035e+00  -2.09e+03  2.32e-02    1.126166e-03   7.784127e+01   2.604195e+00
   * 4.8168840041e+01   8.15e+04  2.32e-01    1.699066e-03   1.177665e+02   3.947239e+00
  98 8.7097168209e+00  -2.18e+03  2.32e-02    1.145484e-03   7.914861e+01   2.643478e+00
   * 4.4724820374e+01   8.05e+04  2.32e-01    1.715971e-03   1.175961e+02   3.867786e+00
  99 8.5163843621e+00  -2.27e+03  2.32e-02    1.165638e-03   8.046728e+01   2.680658e+00
   * 4.1195478791e+01   7.93e+04  2.32e-01    1.732514e-03   1.173818e+02   3.785863e+00
 100 8.3198131128e+00  -2.36e+03  2.32e-02    1.186662e-03   8.179615e+01   2.715516e+00
   * 3.7626665785e+01   7.79e+04  2.32e-01    1.748639e-03   1.171262e+02   3.701925e+00
 101 8.1203769761e+00  -2.46e+03  2.32e-02    1.208587e-03   8.313381e+01   2.747824e+00
   * 3.4067783925e+01   7.62e+04  2.32e-01    1.764289e-03   1.168329e+02   3.616486e+00
 102 7.9185475522e+00  -2.55e+03  2.32e-02    1.231442e-03   8.447852e+01   2.777342e+00
   * 3.0570225739e+01   7.41e+04  2.32e-01    1.779409e-03   1.165059e+02   3.530113e+00
 103 7.7149070501e+00  -2.64e+03  2.32e-02    1.255248e-03   8.582826e+01   2.803822e+00
   * 2.7185466231e+01   7.16e+04  2.32e-01    1.793945e-03   1.161499e+02   3.443422e+00
 104 7.5101606857e+00  -2.73e+03  2.32e-02    1.280017e-03   8.718057e+01   2.827016e+00
   * 2.3962890214e+01   6.87e+04  2.32e-01    1.807846e-03   1.157703e+02   3.357069e+00
 105 7.3051474900e+00  -2.81e+03  2.32e-02    1.305755e-03   8.853262e+01   2.846677e+00
   * 2.0947481740e+01   6.51e+04  2.32e-01    1.821066e-03   1.153728e+02   3.271744e+00
 106 7.1008480589e+00  -2.88e+03  2.32e-02    1.332450e-03   8.988108e+01   2.862571e+00
   * 1.8177547370e+01   6.09e+04  2.32e-01    1.833561e-03   1.149637e+02   3.188151e+00
 107 6.8983873542e+00  -2.93e+03  2.32e-02    1.360076e-03   9.122217e+01   2.874484e+00
   * 1.5682678439e+01   5.60e+04  2.32e-01    1.845297e-03   1.145496e+02   3.107000e+00
 108 6.6990302752e+00  -2.98e+03  2.32e-02    1.388585e-03   9.255157e+01   2.882233e+00
   * 1.3482170439e+01   5.03e+04  2.32e-01    1.856247e-03   1.141370e+02   3.028980e+00
 109 6.5041674660e+00  -3.00e+03  2.32e-02    1.417906e-03   9.386446e+01   2.885683e+00
   * 1.1584101349e+01   4.39e+04  2.32e-01    1.866391e-03   1.137327e+02   2.954745e+00
 110 6.3152888490e+00  -2.99e+03  2.32e-02    1.447940e-03   9.515555e+01   2.884758e+00
   * 9.9852195663e+00   3.68e+04  2.32e-01    1.875719e-03   1.133427e+02   2.884886e+00
 111 6.1339428617e+00  -2.96e+03  2.32e-02    1.478556e-03   9.641911e+01   2.879458e+00
   * 8.6717067238e+00   2.93e+04  2.32e-01    1.884233e-03   1.129731e+02   2.819912e+00
 112 5.9616805160e+00  -2.89e+03  2.32e-02    1.509590e-03   9.764905e+01   2.869875e+00
   * 7.6207698195e+00   2.18e+04  2.32e-01    1.891942e-03   1.126286e+02   2.760228e+00
 113 5.7999852949e+00  -2.79e+03  2.32e-02    1.540847e-03   9.883910e+01   2.856203e+00
   * 6.8028985795e+00   1.47e+04  2.32e-01    1.898867e-03   1.123135e+02   2.706115e+00
 114 5.6501925207e+00  -2.65e+03  2.32e-02    1.572097e-03   9.998295e+01   2.838748e+00
   * 6.1845218143e+00   8.64e+03  2.32e-01    1.905038e-03   1.120306e+02   2.657720e+00
 115 5.5134048332e+00  -2.48e+03  2.32e-02    1.603086e-03   1.010745e+02   2.817926e+00
   * 5.7307356692e+00   3.79e+03  2.32e-01    1.910493e-03   1.117817e+02   2.615051e+00
 116 5.3904131727e+00  -2.28e+03  2.32e-02    1.633538e-03   1.021081e+02   2.794258e+00
   * 5.4077750383e+00   3.21e+02  2.32e-01    1.915278e-03   1.115672e+02   2.577974e+00
 117 5.2816342676e+00  -2.06e+03  2.32e-02    1.663172e-03   1.030787e+02   2.768350e+00
 118 5.1849607856e+00  -1.86e+03  2.32e-03    1.919444e-03   1.113863e+02   2.546231e+00
 119 4.7911011411e+00  -8.22e+03  2.32e-04    1.942506e-03   1.108270e+02   2.411983e+00
 120 4.7910661995e+00  -7.29e-01  2.32e-05    1.942495e-03   1.108334e+02   2.411285e+00
iter      chisq       delta/lim  lambda   a             b             c            

After 120 iterations the fit converged.
final sum of squares of residuals : 4.79107
rel. change during last iteration : -7.29307e-06

degrees of freedom    (FIT_NDF)                        : 1
rms of residuals      (FIT_STDFIT) = sqrt(WSSR/ndf)    : 2.18885
variance of residuals (reduced chisquare) = WSSR/ndf   : 4.79107

Final set of parameters            Asymptotic Standard Error
=======================            ==========================
a               = 0.0019425        +/- 0.0008901    (45.82%)
b               = 110.833          +/- 20.78        (18.75%)
c               = 2.41129          +/- 2.517        (104.4%)

correlation matrix of the fit parameters:
                a      b      c      
a               1.000 
b               0.970  1.000 
c              -0.698 -0.537  1.000 
