# BEGINHEADER
# This file contains data from the SALSA 2m radio telescope.
# DATE=2024-01-31T11:22:0028
# GLON and GLAT given in degrees
# GLON=37.36200946786703
# GLAT=-36.44723357303995
# DATA in two columns below. Col. 1 is velocity relative to LSR [km/s]. Col. 2 is uncalibrated antenna temperature [K].
# ENDHEADER
2381.9838525173573 16.800492906281598
2379.922708566759 33.96034860968104
2377.86156461616 30.505224476343795
2375.8004206655614 33.499561761481935
2373.7392767149627 33.406738349332265
2371.6781327643644 35.040592228138586
2369.6169888137656 35.635168833819996
2367.5558448631673 37.407199451246996
2365.494700912568 38.776381218040726
2363.4335569619693 40.691119957407665
2361.3724130113706 42.47212406601582
2359.3112690607722 43.95018749091889
2357.2501251101735 45.93603496938163
2355.1889811595747 48.56678384901586
2353.127837208976 50.43354669121015
2351.0666932583777 52.31790402185348
2349.005549307779 54.2176982844814
2346.9444053571806 56.544374083007575
2344.883261406582 58.08307368073667
2342.822117455983 59.650769233643295
2340.7609735053843 60.935281815315136
2338.699829554786 62.5939747888449
2336.6386856041872 64.53429089489221
2334.5775416535885 65.24823010316688
2332.5163977029897 66.37224068952402
2330.4552537523914 67.56360913418911
2328.3941098017926 68.492334074031
2326.3329658511943 69.26901700585434
2324.2718219005956 70.51513746064889
2322.210677949997 70.68635845434781
2320.149533999398 71.82362895874509
2318.0883900487997 72.11605721933819
2316.027246098201 72.5323893063689
2313.966102147602 73.34054062457172
2311.9049581970035 74.00469909301063
2309.843814246405 73.8749254883324
2307.7826702958064 73.80693349327969
2305.721526345208 75.38456668401612
2303.6603823946093 74.60236870679017
2301.59923844401 75.21190569617445
2299.5380944934113 75.99727016500078
2297.476950542813 75.11253810372085
2295.4158065922143 75.68706340503162
2293.3546626416155 75.8081750539032
2291.2935186910167 75.70142565890939
2289.2323747404184 75.89038768042512
2287.1712307898197 76.54951016894083
2285.1100868392214 75.64710263650656
2283.0489428886226 76.77843507420535
2280.987798938024 76.73663682427623
2278.926654987425 76.87309378359787
2276.865511036827 77.79026746829264
2274.804367086228 77.8441451489402
2272.7432231356293 78.15971885740078
2270.6820791850305 77.71983906833466
2268.620935234432 77.41815770506983
2266.5597912838334 78.0402992337166
2264.498647333235 79.00132291640259
2262.4375033826364 78.90450527670204
2260.3763594320376 78.84847761972397
2258.315215481439 79.43190757248145
2256.2540715308405 79.0341092398218
2254.1929275802418 78.62883837836625
2252.131783629643 79.67462637674703
2250.0706396790442 79.44353760387446
2248.009495728446 79.24389500388273
2245.948351777847 79.20552001054766
2243.887207827249 79.8558090401131
2241.82606387665 79.82115782970813
2239.764919926051 79.68057172607668
2237.703775975452 79.79014550409094
2235.642632024854 80.14769130731455
2233.581488074255 80.27428533554092
2231.5203441236563 80.22450301548913
2229.4592001730575 81.14089813002325
2227.398056222459 81.72392387723538
2225.3369122718605 81.0701500606229
2223.275768321262 81.3236235263274
2221.2146243706634 80.93439498135058
2219.1534804200646 81.29293982882332
2217.092336469466 81.77221760525252
2215.0311925188676 80.85250155867104
2212.970048568269 81.47716584181599
2210.90890461767 80.88972117941263
2208.8477606670713 81.50698146589973
2206.786616716473 81.70624911504672
2204.725472765874 82.92934303620675
2202.664328815276 84.17972715909048
2200.603184864677 81.55919564546154
2198.5420409140784 80.54172894530483
2196.4808969634796 81.37015170190142
2194.4197530128813 81.56516417409075
2192.3586090622825 81.55075319479951
2190.297465111684 81.98257091354063
2188.236321161085 81.51729447709793
2186.1751772104867 81.910081160539
2184.114033259888 81.17149725862899
2182.0528893092896 81.4508785585615
2179.991745358691 81.60798376869197
2177.9306014080917 81.57390430290515
2175.869457457493 82.10095917444637
2173.8083135068946 82.13142380657749
2171.747169556296 82.28001091389481
2169.686025605697 82.30623244039126
2167.6248816550983 82.488170438431
2165.5637377045 82.04002444754764
2163.5025937539012 82.44711715559912
2161.441449803303 82.88623365621343
2159.380305852704 82.77481155952114
2157.3191619021054 82.40655625229839
2155.2580179515066 82.62644308286733
2153.1968740009083 82.64217045852561
2151.1357300503096 82.30559705108143
2149.074586099711 82.56812815594483
2147.013442149112 82.58219397376975
2144.9522981985137 82.75582545891399
2142.891154247915 82.26557104697147
2140.8300102973167 81.77605955851614
2138.768866346718 82.35104742358374
2136.707722396119 82.21542530528207
2134.6465784455204 83.16108472166682
2132.585434494922 83.36813757522786
2130.5242905443233 82.47049946378225
2128.4631465937246 82.8471340477243
2126.402002643126 82.39741775021288
2124.3408586925275 82.7109638133129
2122.2797147419287 82.43498806005572
2120.2185707913304 85.17248539899397
2118.157426840731 86.83140356385638
2116.096282890133 83.92703773051936
2114.0351389395337 82.73363522019119
2111.9739949889354 83.53077571615941
2109.9128510383366 81.91152048600296
2107.851707087738 83.14369971938095
2105.790563137139 84.1185174603485
2103.729419186541 85.88272496839772
2101.668275235942 82.48841252035044
2099.6071312853437 82.38136253668242
2097.5459873347445 81.63707969848295
2095.484843384146 82.51626511210327
2093.4236994335474 82.2161448000571
2091.362555482949 81.99080603633905
2089.3014115323504 82.69323110736498
2087.240267581752 81.66841046892237
2085.1791236311533 81.72061205751339
2083.1179796805545 81.07893745410136
2081.0568357299558 81.4561324362649
2078.995691779357 82.55560622931398
2076.9345478287582 81.85261047904476
2074.87340387816 81.7231769745767
2072.812259927561 81.9101051516307
2070.751115976963 80.68668055251656
2068.6899720263636 81.69093913580451
2066.6288280757653 81.23412711426877
2064.5676841251666 81.03828562419955
2062.5065401745683 82.46479148700271
2060.4453962239695 81.35496324886901
2058.3842522733707 82.1584411493232
2056.323108322772 81.7703170673539
2054.2619643721737 81.30403405609738
2052.2008204215745 81.60958193119865
2050.139676470976 83.42925424533644
2048.0785325203774 90.01484241895477
2046.017388569779 83.36947781426161
2043.9562446191803 81.1905464769464
2041.8951006685818 81.27410618629007
2039.833956717983 81.03072175164566
2037.7728127673845 82.08257883381678
2035.7116688167855 81.53755746084414
2033.650524866187 81.6013411423888
2031.5893809155882 80.25465605747334
2029.5282369649897 80.91866128861928
2027.467093014391 80.9389770580652
2025.4059490637926 81.45601680236119
2023.3448051131938 80.08066943096341
2021.2836611625953 81.51355256458635
2019.2225172119965 82.10281589643725
2017.161373261398 80.79206692093793
2015.1002293107993 81.37340035681824
2013.0390853602007 80.08988057237391
2010.977941409602 80.550908827972
2008.9167974590034 80.03495465583214
2006.8556535084047 81.01062965645971
2004.7945095578061 80.2044596312031
2002.7333656072074 79.75491348003504
2000.6722216566088 79.02133448644624
1998.61107770601 79.06402801226618
1996.5499337554115 79.48711994946665
1994.4887898048128 79.70907276385157
1992.4276458542142 78.70603055785404
1990.3665019036155 78.69323830347709
1988.305357953017 78.81718190081077
1986.2442140024182 78.49785500690557
1984.1830700518199 77.39845356089508
1982.1219261012209 78.51857798721933
1980.0607821506226 78.04289471090746
1977.9996382000238 78.78514545747409
1975.9384942494253 78.74686207320342
1973.8773502988263 78.3585087983142
1971.8162063482278 78.34745426285909
1969.755062397629 78.61588369723792
1967.6939184470305 77.4155278912907
1965.6327744964317 78.01991596171554
1963.5716305458334 77.80592430714115
1961.5104865952344 78.13887966456241
1959.449342644636 77.38202991542755
1957.3881986940373 76.13805922481939
1955.3270547434388 76.1613807113698
1953.26591079284 77.18705748822406
1951.2047668422415 76.90715418287635
1949.1436228916427 76.3402616705802
1947.0824789410442 76.06085466071782
1945.0213349904454 75.5542424410823
1942.960191039847 75.59836807033044
1940.899047089248 75.9978326774279
1938.8379031386496 74.9012831026618
1936.7767591880508 74.94220867073578
1934.7156152374523 74.22987776768832
1932.6544712868535 74.17051823116985
1930.593327336255 73.88080025055032
1928.5321833856563 73.4885234969504
1926.4710394350577 72.92954875111873
1924.409895484459 72.58811315844684
1922.3487515338606 71.92435502079569
1920.2876075832617 72.53473525370379
1918.2264636326634 72.69421435092272
1916.1653196820646 70.97272323918892
1914.104175731466 70.3173227953126
1912.043031780867 70.23697216650854
1909.9818878302685 69.77771063016974
1907.9207438796698 68.40614797464376
1905.8595999290712 67.91607715572376
1903.7984559784725 66.25513410393611
1901.7373120278742 65.19735310923947
1899.6761680772752 63.745010029835846
1897.6150241266769 62.268832101921
1895.553880176078 61.23193665969068
1893.4927362254796 59.201582592519344
1891.4315922748808 57.70550147436824
1889.3704483242823 55.87788578264797
1887.3093043736835 54.10312048351407
1885.248160423085 51.639627832266044
1883.1870164724862 50.0348929786739
1881.125872521888 48.200385522066995
1879.0647285712887 46.498294733376994
1877.0035846206904 44.21541368621703
1874.9424406700916 42.132970321160634
1872.881296719493 40.51960941628823
1870.8201527688943 38.82269902419714
1868.7590088182958 37.53805961373986
1866.697864867697 35.58700287950367
1864.6367209170985 34.95392252805432
1862.5755769664997 33.01310448840256
1860.5144330159014 33.348202485555284
1858.4532890653024 30.38244259821185
1856.3921451147041 34.61282199643646
