# BEGINHEADER
# This file contains data from the SALSA 2m radio telescope.
# DATE=2024-01-31T11:54:0047
# GLON and GLAT given in degrees
# GLON=25.792123669492156
# GLAT=-35.03643750697575
# DATA in two columns below. Col. 1 is velocity relative to LSR [km/s]. Col. 2 is uncalibrated antenna temperature [K].
# ENDHEADER
2384.776361333998 109.8566390663873
2382.7152173833992 226.61509102486752
2380.654073432801 203.41287077170222
2378.592929482202 221.66936733304098
2376.5317855316034 218.67744876039674
2374.4706415810047 230.12517218832656
2372.4094976304063 234.16045964436663
2370.3483536798076 244.61511849388071
2368.287209729209 256.7213349353301
2366.22606577861 266.18363615191885
2364.1649218280118 278.3283944015101
2362.103777877413 296.09617938989965
2360.0426339268147 304.7387728065798
2357.9814899762155 317.1268272972056
2355.9203460256167 332.71913062735285
2353.859202075018 345.2777966503421
2351.7980581244196 354.7774478819154
2349.736914173821 369.7489215060341
2347.675770223222 381.5466392742524
2345.6146262726234 393.10229510936006
2343.553482322025 403.13999382767
2341.4923383714263 414.3623788785534
2339.431194420828 420.85605878483625
2337.370050470229 431.94706462470344
2335.3089065196305 441.2620960891842
2333.2477625690317 447.27371995523043
2331.1866186184334 452.0784809198831
2329.1254746678346 462.8255433646596
2327.064330717236 466.16539625102155
2325.003186766637 469.0515324488293
2322.942042816039 474.8980484879669
2320.88089886544 475.07178727698613
2318.8197549148417 482.85522912025516
2316.758610964243 481.6021107537086
2314.697467013644 482.93063292343095
2312.6363230630454 485.0474353513634
2310.575179112447 483.20871741596943
2308.5140351618484 493.8348737662132
2306.4528912112496 491.24548148706674
2304.391747260651 493.77184759922966
2302.3306033100525 497.9420227198496
2300.269459359454 494.74052641589185
2298.2083154088555 497.1224849008801
2296.1471714582563 495.3925463624104
2294.0860275076575 501.019982652083
2292.0248835570587 506.5086867574473
2289.9637396064604 502.49185006994526
2287.9025956558617 506.9256966155128
2285.841451705263 503.3719553083945
2283.780307754664 504.0779709850298
2281.719163804066 511.6240730317471
2279.658019853467 505.38786137360216
2277.5968759028688 511.98262562210397
2275.53573195227 509.33660785895006
2273.4745880016712 510.25233008086104
2271.4134440510725 513.0541306608824
2269.352300100474 519.9881023174847
2267.2911561498754 517.9727198269386
2265.2300121992766 512.4800773376121
2263.168868248678 522.530796752778
2261.1077242980796 514.6668210889229
2259.046580347481 517.7947001476705
2256.9854363968825 524.8396493161987
2254.9242924462837 522.5841139996098
2252.863148495685 524.5113505956397
2250.802004545086 525.7096977148298
2248.740860594488 520.0971647248731
2246.679716643889 523.9192484869707
2244.6185726932904 524.8581975921554
2242.5574287426916 525.4664510433779
2240.4962847920933 524.6685117659093
2238.4351408414946 531.4613835057638
2236.3739968908963 526.1365290786958
2234.3128529402975 526.8429472527615
2232.2517089896983 532.5548972139219
2230.1905650390995 527.9715782600905
2228.129421088501 527.8856104603448
2226.0682771379024 528.392291184701
2224.0071331873037 528.9638291005202
2221.945989236705 535.9130645850041
2219.8848452861066 527.7521231761884
2217.823701335508 536.6564033380048
2215.7625573849095 534.5225244461475
2213.701413434311 530.3026850835827
2211.640269483712 535.7406608058359
2209.5791255331133 533.237927698335
2207.517981582515 537.7289564347365
2205.456837631916 540.2360775242903
2203.3956936813174 532.522764938238
2201.3345497307187 539.0328520344272
2199.2734057801204 533.3307368918565
2197.2122618295216 528.4884022044308
2195.1511178789233 537.9738611592767
2193.0899739283245 534.2131830174742
2191.0288299777258 533.5741731675093
2188.967686027127 534.6974605783056
2186.9065420765287 528.9134393968143
2184.84539812593 535.9668295029807
2182.784254175331 532.8848068810387
2180.7231102247324 537.7468385401918
2178.661966274134 535.6101221599871
2176.6008223235353 536.8519957721071
2174.539678372937 539.614758008552
2172.4785344223383 529.8100278330728
2170.417390471739 541.4113738157348
2168.3562465211403 534.9101859467678
2166.295102570542 535.7886772101833
2164.233958619943 540.1068156373103
2162.1728146693445 535.7017403984676
2160.1116707187457 545.3564381185374
2158.0505267681474 539.2506741556678
2155.9893828175486 537.1127038198973
2153.9282388669503 538.7191948387514
2151.8670949163516 539.7063975926643
2149.805950965753 539.1719873330793
2147.744807015154 534.084165179439
2145.6836630645557 538.235570204997
2143.622519113957 536.4611866343367
2141.561375163358 538.7432343802881
2139.5002312127594 536.3008951427854
2137.439087262161 539.6938655300165
2135.3779433115624 544.1777752806913
2133.316799360964 541.6860109371884
2131.2556554103653 543.4033543549789
2129.1945114597665 535.143465899745
2127.133367509168 535.3387882266129
2125.0722235585695 536.6575466000995
2123.0110796079707 539.5848956033127
2120.949935657372 526.4362199746979
2118.888791706773 537.4982197690265
2116.827647756175 535.3709288390369
2114.766503805576 538.0696841336899
2112.705359854978 537.6668343846729
2110.644215904379 542.3768855749091
2108.58307195378 541.7724172158082
2106.521928003181 534.596071530193
2104.4607840525828 534.6447105530603
2102.399640101984 536.359256495862
2100.3384961513852 533.615833582535
2098.2773522007865 538.6918488508411
2096.216208250188 541.2195037077935
2094.1550642995894 541.3738803528082
2092.093920348991 529.7574865580012
2090.0327763983923 539.800112163156
2087.9716324477936 534.7183292266792
2085.910488497195 536.5528841973223
2083.8493445465965 532.2036992975867
2081.7882005959978 531.8614645756337
2079.7270566453994 535.8772109900596
2077.6659126948007 538.8080363809418
2075.604768744202 537.4467054772595
2073.543624793603 529.9574196051077
2071.4824808430044 532.35221749545
2069.4213368924056 532.304428067566
2067.3601929418073 538.1616783635814
2065.2990489912086 539.9456498545468
2063.2379050406103 534.1383101001401
2061.176761090011 536.0031689473807
2059.1156171394127 536.7033343031515
2057.054473188814 534.190265879851
2054.9933292382157 531.8294999393968
2052.932185287617 532.9284521741873
2050.871041337018 547.1757892406956
2048.8098973864194 532.4427057656852
2046.7487534358208 532.9985951665152
2044.687609485222 532.2633996764441
2042.6264655346238 524.6058464186
2040.5653215840248 527.0249611938523
2038.5041776334265 530.8708299057317
2036.4430336828277 532.3937324196814
2034.3818897322292 529.4910778555914
2032.3207457816304 526.2514472639695
2030.2596018310317 526.9019334565565
2028.198457880433 530.9049798487299
2026.1373139298344 526.3898579619113
2024.0761699792356 525.9381065799394
2022.0150260286373 526.0206502784478
2019.9538820780383 525.8319456229967
2017.89273812744 520.6438013533991
2015.8315941768412 526.559600624645
2013.7704502262427 522.49882047566
2011.709306275644 519.8300356876598
2009.6481623250454 522.3251803974298
2007.5870183744466 523.4204950382565
2005.525874423848 520.3806224075612
2003.4647304732493 521.2605968652204
2001.403586522651 517.4065616027302
1999.3424425720518 521.6572830602647
1997.2812986214535 520.1602813892072
1995.2201546708548 516.2917008243717
1993.1590107202562 521.6861621356632
1991.0978667696575 516.744103609435
1989.036722819059 517.9806277567283
1986.9755788684602 512.1636090677814
1984.9144349178616 515.765060436924
1982.8532909672629 511.24975327591886
1980.7921470166643 515.1044639076534
1978.7310030660656 511.9536204023617
1976.6698591154673 509.11935871831895
1974.6087151648685 511.0026002067072
1972.54757121427 513.6774059183432
1970.4864272636712 512.3350871797073
1968.4252833130727 504.90632084827917
1966.3641393624737 504.3158473885397
1964.3029954118751 507.5736288362819
1962.2418514612764 505.4048422522092
1960.1807075106778 501.40713400804435
1958.119563560079 508.23711760946014
1956.0584196094808 503.79229577224174
1953.997275658882 501.60255007573676
1951.9361317082835 499.6390254972283
1949.8749877576847 496.5430347084338
1947.8138438070862 497.06286508485425
1945.7526998564874 497.00344745652114
1943.691555905889 494.05820636681545
1941.6304119552901 489.5198783426008
1939.5692680046916 498.4440482112179
1937.5081240540928 491.42753976603
1935.4469801034943 493.09420867587204
1933.3858361528955 486.17525571316463
1931.324692202297 485.9618434258855
1929.2635482516982 485.75236793234257
1927.2024043010997 482.99334566904486
1925.141260350501 477.14027729559575
1923.0801163999024 473.2324225848513
1921.0189724493036 471.92272305144064
1918.957828498705 472.7268681005126
1916.8966845481064 471.34141276225955
1914.835540597508 462.2563017336941
1912.774396646909 457.127508985079
1910.7132526963107 452.09493060175726
1908.652108745712 445.698045247841
1906.5909647951135 437.5765687002434
1904.5298208445145 430.9332989316881
1902.468676893916 422.12787896288205
1900.4075329433172 407.915677312475
1898.3463889927186 399.433109705159
1896.2852450421199 392.97837295061134
1894.2241010915216 381.2684636620065
1892.1629571409226 368.4174007229334
1890.1018131903243 356.67022587391443
1888.0406692397255 343.9581666198245
1885.979525289127 334.4099020229842
1883.9183813385282 317.71908092571
1881.8572373879297 305.786932497421
1879.796093437331 290.60621015509787
1877.7349494867324 277.77449298788804
1875.6738055361336 268.4239549839781
1873.6126615855353 254.10908241631856
1871.551517634936 246.07606944042783
1869.4903736843378 231.37921944350148
1867.429229733739 230.72547117936588
1865.3680857831405 218.39658986139298
1863.3069418325417 221.00221431039853
1861.2457978819432 200.04254388362432
1859.1846539313444 225.63023535515543
