# BEGINHEADER
# This file contains data from the SALSA 2m radio telescope.
# DATE=2024-01-31T12:15:0049
# GLON and GLAT given in degrees
# GLON=99.83548624996345
# GLAT=-0.031530950662600914
# DATA in two columns below. Col. 1 is velocity relative to LSR [km/s]. Col. 2 is uncalibrated antenna temperature [K].
# ENDHEADER
265.7616667496985 -8.61320190877944
263.70052279909993 -9.150284986252588
261.6393788485013 -6.288608854351684
259.57823489790263 -11.473775752261188
257.517090947304 -8.065190788906655
255.4559469967053 -0.4368367886653279
253.3948030461067 1.4788927136456298
251.33365909550804 -3.804062035890129
249.27251514490942 -7.154914155713628
247.21137119431077 -7.703580874335632
245.15022724371212 3.6449682167412094
243.08908329311348 -1.0770147995875745
241.02793934251486 -1.5078357224800198
238.9667953919162 -5.6600328911287185
236.9056514413176 -9.676890726699938
234.8445074907189 -2.942122157182026
232.7833635401203 -10.657458084974733
230.72221958952164 -6.5945409914743705
228.66107563892302 -14.289016468751088
226.59993168832435 -13.359595014583434
224.53878773772573 -8.460676592382105
222.47764378712708 -5.481472680564397
220.41649983652846 -5.108451672525682
218.3553558859298 -9.94215174457546
216.29421193533113 -3.3887732235166794
214.23306798473251 -1.8118751489682376
212.17192403413387 -7.863027292591792
210.11078008353525 -7.80169289784005
208.0496361329366 -15.940497318993996
205.98849218233795 -15.389512328299977
203.9273482317393 11.9079296012613
201.86620428114068 3.0772995733156816
199.80506033054203 -7.423933647757424
197.74391637994339 -11.628443737328713
195.6827724293447 -9.707708982451644
193.6216284787461 -18.293121054303946
191.56048452814744 -3.1257665582390493
189.49934057754882 -12.149052928053356
187.43819662695017 -10.124689972228625
185.37705267635152 -9.08059317183174
183.31590872575288 -8.070195240848896
181.25476477515426 -9.021760154018086
179.1936208245556 -16.541997370592135
177.13247687395696 -19.135711352348554
175.0713329233583 -2.937188772060973
173.01018897275966 -8.456754901916796
170.94904502216104 -3.9844454625949766
168.8879010715624 -1.4714901353689729
166.82675712096378 -13.020895292148424
164.7656131703651 -7.709608001647242
162.70446921976648 -12.12864560550812
160.64332526916783 -11.969921367266588
158.5821813185692 2.387988366344235
156.52103736797054 -10.919873990845778
154.45989341737192 -5.617845285407433
152.39874946677327 -5.004785084137911
150.33760551617465 2.540863529815698
148.276461565576 -3.7271272538034195
146.21531761497735 -6.836979384135682
144.1541736643787 -6.108028581203475
142.09302971378006 -14.243339458172871
140.03188576318144 -3.185316234959458
137.9707418125828 3.5190280087386725
135.90959786198414 -5.510534998581665
133.8484539113855 -4.501268311708678
131.78730996078687 -15.28761831510314
129.72616601018822 -3.9758006109252637
127.66502205958959 -9.865336659854973
125.60387810899095 -3.4394032025652908
123.5427341583923 -3.8828767374530955
121.48159020779366 -15.224903981780379
119.42044625719501 -16.620035022255923
117.35930230659638 -11.62271833611575
115.29815835599773 -13.109874446814151
113.2370144053991 -6.305960230603748
111.17587045480046 -12.167392558122584
109.11472650420181 -18.863725252901457
107.05358255360318 -14.273198623117478
104.99243860300453 -9.014735158737505
102.9312946524059 -8.340147169068542
100.87015070180725 -7.488359590725299
98.80900675120861 -8.90468046443146
96.74786280060998 -3.701064749295418
94.68671885001133 -4.699550169641631
92.6255748994127 -11.097490948794709
90.56443094881405 -13.374299939758908
88.50328699821542 -5.808544748892194
86.44214304761677 -4.18338345411189
84.38099909701812 -5.358967030703284
82.31985514641948 -11.825287699620818
80.25871119582084 -4.609370813383738
78.1975672452222 -11.85363552672433
76.13642329462355 -18.13313186691752
74.07527934402492 -18.095874302397192
72.01413539342627 -4.365993972097156
69.95299144282764 -14.046811830293773
67.891847492229 -12.282278458533101
65.83070354163036 -3.983178949566761
63.76955959103172 -7.529251661817102
61.70841564043308 -7.329893317316702
59.64727168983444 -13.421945680819574
57.5861277392358 -14.745128619546579
55.52498378863716 -18.039296723741494
53.46383983803851 -14.846670385322275
51.40269588743987 -7.640069663850345
49.341551936841235 -11.029205536548682
47.280407986242594 -12.508823015830268
45.21926403564396 -15.977549882727779
43.15812008504532 -9.861883550570113
41.09697613444668 -13.217626970699587
39.035832183848036 -12.402726577991244
36.974688233249395 -14.093073091939981
34.91354428265075 -11.837893633991149
32.85240033205211 -14.29621616762945
30.79125638145347 -2.7707215449015394
28.73011243085483 -11.777911418102006
26.66896848025619 -12.31783933539626
24.607824529657545 -9.36354166570785
22.546680579058908 -3.9979811262119846
20.485536628460263 -4.7769169885068035
18.424392677861622 -5.62872854626113
16.36324872726298 -2.7726941344248774
14.302104776664343 -12.948241439360967
12.240960826065702 0.24910488707895898
10.179816875467063 -1.7375338013078692
8.118672924868422 18.215951504901657
6.05752897426978 21.174456566984592
3.9963850236711393 46.993435992416096
1.9352410730724985 45.63341914753185
-0.12590287752614215 52.07270544666402
-2.187046828124783 50.958815291046356
-4.2481907787234245 54.81459558900379
-6.309334729322064 37.94192271555012
-8.370478679920705 37.95831510310179
-10.431622630519346 34.42857315953179
-12.492766581117987 29.756219980247117
-14.553910531716628 19.06975170789414
-16.61505448231527 30.570999222737928
-18.67619843291391 23.38602143037223
-20.73734238351255 30.52139235958058
-22.798486334111193 28.243038466976834
-24.85963028470983 31.1692056812879
-26.920774235308468 20.405890482805553
-28.981918185907112 14.451218467735137
-31.043062136505753 27.66925793837747
-33.104206087104394 37.45818919772118
-35.165350037703035 34.817114764548954
-37.22649398830167 35.074623871413344
-39.28763793890031 27.041746176739725
-41.34878188949895 37.18596423907289
-43.4099258400976 28.372222630784876
-45.47106979069624 35.59621186125902
-47.53221374129488 40.47766657897266
-49.59335769189352 38.83220617722509
-51.654501642492164 40.325842832151565
-53.715645593090805 36.30646755611203
-55.776789543689446 26.816383786817553
-57.83793349428809 32.810144978774495
-59.89907744488673 41.59372980848196
-61.96022139548537 26.038487554966586
-64.02136534608401 23.133138684153945
-66.08250929668264 26.966001360184354
-68.14365324728128 20.574470301496856
-70.20479719787993 13.538455198325975
-72.26594114847857 0.7974578774706174
-74.32708509907722 7.085647931511086
-76.38822904967586 1.257149219083221
-78.4493730002745 -3.4083371739949646
-80.51051695087314 6.367710132697351
-82.57166090147177 1.3516732243310672
-84.63280485207042 -7.944197084637962
-86.69394880266906 14.702305126354936
-88.7550927532677 -2.368167016857952
-90.81623670386634 -2.657574322927989
-92.87738065446499 4.808283932210708
-94.93852460506362 5.917861655550911
-96.99966855566225 8.87860157929922
-99.0608125062609 -0.029570817967615574
-101.12195645685954 -3.335136322970558
-103.18310040745818 -0.9192375730476613
-105.24424435805682 5.139832934895339
-107.30538830865547 9.528680765700281
-109.36653225925411 12.456472594788835
-111.42767620985275 -1.8134781388064243
-113.4888201604514 -4.537882824871733
-115.54996411105003 -3.249430098866573
-117.61110806164868 -0.7157950446426296
-119.67225201224731 -2.366845892454996
-121.73339596284596 -10.509134114787216
-123.7945399134446 -5.398856632030502
-125.85568386404323 -12.390688953439245
-127.91682781464188 -12.890894437011239
-129.9779717652405 -7.599855160092852
-132.03911571583916 -8.578226292689621
-134.1002596664378 -11.82567091672268
-136.16140361703646 -14.410815660021475
-138.22254756763508 -11.022587058447348
-140.28369151823372 -8.857938488713241
-142.34483546883234 -16.083190756783544
-144.40597941943102 -15.446028456977546
-146.46712337002964 -9.035299936274024
-148.5282673206283 -6.85273146141083
-150.5894112712269 -7.1859885305056705
-152.65055522182556 -10.34074797279591
-154.7116991724242 5.70328578265793
-156.77284312302285 -7.052328871748086
-158.83398707362147 -14.824301903789744
-160.89513102422012 -6.58634616377979
-162.95627497481877 -18.746439008780364
-165.01741892541742 -7.552731909718944
-167.07856287601604 -13.778375843603817
-169.13970682661468 -13.790001789620469
-171.20085077721333 -4.088228430479367
-173.26199472781198 -18.32711978584664
-175.32313867841063 -5.646359450054615
-177.38428262900925 -12.143086032084737
-179.4454265796079 -13.685816059142995
-181.50657053020652 -9.176970213353837
-183.5677144808052 -6.697553419980357
-185.6288584314038 -11.597282435632593
-187.69000238200246 -3.7752507544189386
-189.75114633260108 -14.19085024278284
-191.81229028319973 -12.988484689444606
-193.87343423379838 -7.52975496665083
-195.93457818439703 -11.023197276973496
-197.99572213499565 -8.674045240998538
-200.0568660855943 -9.997599155325412
-202.1180100361929 -6.304453968740689
-204.17915398679156 -3.984768496409665
-206.24029793739018 -17.197607579489972
-208.30144188798883 -8.498876115365873
-210.3625858385875 0.3945601613905679
-212.42372978918613 -7.086352350762373
-214.48487373978477 -10.539073112728367
-216.5460176903834 -8.874699403435015
-218.60716164098207 -7.616310376580981
-220.6683055915807 -5.425539909990315
-222.72944954217934 -10.754830075381454
-224.79059349277796 -3.8226519771797247
-226.8517374433766 -8.407176327813525
-228.91288139397525 -11.95548654467346
-230.9740253445739 -5.226938992863461
-233.03516929517252 -18.4517324572859
-235.09631324577117 -7.844235465554535
-237.1574571963698 -6.453128446974565
-239.21860114696847 -11.384300854762742
-241.2797450975671 -14.193928570212536
-243.34088904816574 -0.08600104020361687
-245.40203299876435 -14.410314391120629
-247.463176949363 -8.787710837226282
-249.52432089996168 -5.540982609563238
-251.5854648505603 -12.000990075170828
-253.64660880115895 -10.953655100802552
-255.70775275175757 -7.637518382530072
-257.76889670235624 -2.789312179346548
-259.8300406529549 -13.063895145761265
