# BEGINHEADER
# This file contains data from the SALSA 2m radio telescope.
# DATE=2024-01-31T11:46:0030
# GLON and GLAT given in degrees
# GLON=27.934683157457307
# GLAT=-30.575532063952615
# DATA in two columns below. Col. 1 is velocity relative to LSR [km/s]. Col. 2 is uncalibrated antenna temperature [K].
# ENDHEADER
2387.6007456895013 46.96432253610263
2385.5396017389016 96.29600676751801
2383.4784577883033 86.6696827461934
2381.4173138377046 94.76670059414703
2379.3561698871063 92.09900314648317
2377.2950259365075 98.64024790194578
2375.2338819859087 101.12678777732424
2373.17273803531 105.29738369172513
2371.1115940847117 108.40775199315756
2369.050450134113 114.24569468413667
2366.9893061835146 119.09020584949393
2364.9281622329154 124.8600633671167
2362.867018282317 131.66234653326995
2360.8058743317183 137.12181095718768
2358.74473038112 141.33134981237177
2356.6835864305212 148.1408280167776
2354.6224424799225 152.9865831166417
2352.5612985293237 157.26411544082555
2350.5001545787254 164.8602321271438
2348.4390106281267 169.26979488528164
2346.3778666775283 172.12545141247443
2344.316722726929 177.54707868957044
2342.255578776331 181.377454907257
2340.194434825732 184.5875708147127
2338.1332908751338 188.72549967193066
2336.072146924535 193.14417330625682
2334.0110029739362 192.00433821741265
2331.9498590233375 196.32311438184527
2329.888715072739 200.12081403293698
2327.8275711221404 201.01195117170636
2325.766427171542 203.96562112708617
2323.7052832209424 204.1349406256593
2321.644139270344 205.28820122816578
2319.5829953197454 207.93252777633933
2317.521851369147 209.9334358421829
2315.4607074185483 211.18629258522162
2313.3995634679495 207.83287048457518
2311.3384195173508 211.896267023103
2309.2772755667525 212.80338814963488
2307.2161316161537 211.7415204656057
2305.1549876655554 213.1179186669996
2303.093843714956 212.8870016977418
2301.032699764358 213.63452287764878
2298.971555813759 215.69866141871273
2296.910411863161 215.82857354700366
2294.849267912562 216.50829687943818
2292.7881239619633 216.12543691172814
2290.7269800113645 215.6904063256211
2288.665836060766 218.48635785040517
2286.6046921101674 219.74769233949567
2284.543548159569 216.08183458914255
2282.48240420897 218.779705102141
2280.4212602583716 217.36213221784197
2278.360116307773 219.09930140534343
2276.2989723571745 220.41769803258515
2274.2378284065758 224.6351663212637
2272.176684455977 223.0167143366525
2270.1155405053782 223.45792369750046
2268.05439655478 222.32398735563552
2265.993252604181 221.5314912671924
2263.932108653583 224.1081589874906
2261.8709647029837 221.37657062936682
2259.809820752385 223.84968667637446
2257.748676801786 224.63154818493103
2255.687532851188 225.55663135610496
2253.626388900589 226.16864849783042
2251.5652449499903 224.69635558152126
2249.5041009993915 226.21502756993843
2247.4429570487932 227.51148424037885
2245.3818130981945 225.19330480928159
2243.320669147596 226.75464192484426
2241.259525196997 224.93250856022811
2239.1983812463986 226.68449151114658
2237.1372372958 227.98789341837687
2235.0760933452016 228.25005633717194
2233.014949394603 226.1875894940984
2230.953805444004 226.37773748798006
2228.8926614934053 229.71096714804114
2226.831517542807 228.01776078017355
2224.770373592208 227.63914885372682
2222.70922964161 228.31552877892432
2220.6480856910107 229.26235970440425
2218.5869417404124 227.25612265824896
2216.5257977898136 228.32821204460544
2214.4646538392153 230.33063084713714
2212.4035098886166 228.9330424996848
2210.342365938018 230.9444238059166
2208.281221987419 231.96961502532503
2206.2200780368207 227.80437051694784
2204.158934086222 230.61299130337866
2202.097790135623 230.652656444816
2200.0366461850244 231.7200883749688
2197.975502234426 230.62348687244827
2195.914358283827 231.31430548388056
2193.8532143332286 231.148950240114
2191.79207038263 230.38635395847473
2189.730926432031 230.93555495769226
2187.6697824814323 231.98751681304753
2185.608638530834 231.5855379669767
2183.5474945802353 229.78087182946572
2181.4863506296365 229.25869027820644
2179.4252066790377 231.5476009549182
2177.3640627284394 234.17531398328975
2175.3029187778407 232.63685837062297
2173.2417748272424 232.04021087245002
2171.1806308766436 233.60791974573706
2169.119486926045 231.5029822678663
2167.058342975446 233.0606689775452
2164.9971990248478 232.943380849903
2162.936055074249 230.57862172556847
2160.8749111236502 231.86204151902984
2158.8137671730515 231.32751402820662
2156.752623222453 232.4283774163613
2154.6914792718544 233.842629461237
2152.630335321256 234.12892587231056
2150.5691913706573 231.63777057740657
2148.5080474200586 231.46158116976622
2146.44690346946 230.5522212212769
2144.3857595188615 233.01200887883823
2142.3246155682627 231.6977451845176
2140.263471617664 232.77042256432313
2138.202327667065 232.16594542258073
2136.141183716467 234.6567373054631
2134.0800397658677 230.94527624388735
2132.0188958152694 231.9662225631209
2129.9577518646706 234.6399372269452
2127.896607914072 232.12972312762784
2125.835463963473 235.28158230317146
2123.774320012875 231.5696192174873
2121.713176062276 233.83937507197447
2119.6520321116773 232.88747717222404
2117.5908881610785 232.05007617587583
2115.52974421048 231.3082814253503
2113.4686002598814 233.03894619573418
2111.407456309283 231.56561186099557
2109.3463123586844 233.4750413725144
2107.2851684080856 230.93068795990717
2105.224024457487 232.5046094854443
2103.1628805068885 230.37981945748635
2101.10173655629 233.15642758145052
2099.040592605691 232.2141527196186
2096.9794486550923 231.91191784881428
2094.918304704494 232.0865105958551
2092.857160753895 233.27051821031645
2090.7960168032964 233.11567836956056
2088.7348728526977 230.63263159864567
2086.6737289020994 229.76763329724662
2084.6125849515006 230.8971444756715
2082.5514410009023 233.1879452953495
2080.4902970503035 229.20175872605802
2078.4291530997048 227.69510109639
2076.368009149106 231.77620396985282
2074.3068651985077 230.90918044007637
2072.2457212479085 231.8650573565822
2070.18457729731 230.91855847297614
2068.1234333467114 232.62615097913056
2066.0622893961126 230.22372454283624
2064.001145445514 229.0563796250717
2061.9400014949156 230.37175220648632
2059.878857544317 227.03373817155625
2057.8177135937185 232.958534760137
2055.7565696431197 228.08376177589068
2053.695425692521 253.0806460729427
2051.634281741922 240.57248855168294
2049.573137791324 226.87407783052933
2047.511993840725 230.59887549508832
2045.4508498901264 227.7045462480753
2043.3897059395276 227.35827005182725
2041.3285619889293 228.82278079486767
2039.2674180383306 230.47833254871563
2037.206274087732 228.11327426976138
2035.1451301371333 226.75017341340435
2033.0839861865347 227.53669079914926
2031.022842235936 225.4803827449079
2028.9616982853374 224.15954572035236
2026.9005543347387 226.57676442102252
2024.83941038414 228.0280875201933
2022.7782664335411 226.3119257639518
2020.7171224829428 227.41686008101505
2018.6559785323439 226.42599622845268
2016.5948345817455 226.85655534218543
2014.5336906311468 225.15429097267483
2012.4725466805482 223.72971028108364
2010.4114027299495 225.90523135716177
2008.350258779351 225.03469121200936
2006.2891148287522 224.55126838495843
2004.2279708781537 226.92973209953763
2002.166826927555 225.8718922803278
2000.1056829769566 222.73239319842773
1998.0445390263576 224.44523098930136
1995.9833950757593 221.791403030729
1993.9222511251603 222.65546523596282
1991.8611071745618 222.93589875858814
1989.799963223963 221.23324290646235
1987.7388192733645 222.30420613268834
1985.6776753227657 220.97080575897908
1983.6165313721672 221.469548098335
1981.5553874215684 222.52947403728786
1979.49424347097 220.05869954255058
1977.4330995203711 219.77485831541543
1975.3719555697728 218.96908157498305
1973.310811619174 216.66834138526463
1971.2496676685755 216.3708697956302
1969.1885237179768 216.53368210855578
1967.1273797673782 218.05108631619234
1965.0662358167795 219.23526751245788
1963.005091866181 215.21980409378645
1960.943947915582 214.6088446224983
1958.8828039649836 212.6016304822125
1956.8216600143846 215.70682046205653
1954.7605160637863 216.69337146616292
1952.6993721131876 214.69845763617843
1950.638228162589 212.47909607376423
1948.5770842119903 213.89040138863095
1946.5159402613917 211.71769256483304
1944.454796310793 211.66913004544978
1942.3936523601944 211.06258208125874
1940.3325084095957 212.10303574681052
1938.2713644589974 211.0666796095778
1936.2102205083984 208.05109750630677
1934.1490765578 208.78425179657182
1932.0879326072013 207.94063802166474
1930.0267886566025 204.38900063370937
1927.9656447060038 204.7172009394522
1925.9045007554053 204.8951303822586
1923.8433568048065 203.5630897690434
1921.782212854208 202.21273604412497
1919.7210689036092 199.16827001655574
1917.659924953011 198.60766047455022
1915.598781002412 197.5264957954811
1913.5376370518136 194.33890605417756
1911.4764931012148 191.21450464181086
1909.4153491506163 188.34691403282127
1907.3542052000175 185.35662686887528
1905.293061249419 180.93944897319878
1903.2319172988202 175.9791551228709
1901.1707733482217 170.66582334426008
1899.1096293976227 168.59487074958324
1897.0484854470244 163.6928847594274
1894.9873414964254 157.9869497876095
1892.926197545827 152.98518220881843
1890.8650535952283 147.26423358069133
1888.8039096446298 142.61936757639685
1886.742765694031 136.08826496399695
1884.6816217434325 129.61587470940216
1882.6204777928338 126.29420608932863
1880.5593338422352 120.73104556765938
1878.4981898916365 114.2216546615839
1876.4370459410381 109.74687162854798
1874.3759019904392 105.61337241322383
1872.3147580398409 100.52410104670976
1870.253614089242 98.0012669571055
1868.1924701386433 92.02838574738132
1866.1313261880446 93.980124527943
1864.070182237446 86.60492718255259
1862.0090382868473 96.87385854514014
