# BEGINHEADER
# This file contains data from the SALSA 2m radio telescope.
# DATE=2024-01-31T11:31:0025
# GLON and GLAT given in degrees
# GLON=36.42462439264908
# GLAT=-29.259838113307993
# DATA in two columns below. Col. 1 is velocity relative to LSR [km/s]. Col. 2 is uncalibrated antenna temperature [K].
# ENDHEADER
2387.0299378212085 21.821857669921002
2384.96879387061 43.83817192930992
2382.9076499200114 39.359060946989146
2380.8465059694126 43.08189652971689
2378.785362018814 42.06881016085675
2376.7242180682156 45.07003070163244
2374.663074117617 45.818737497231155
2372.6019301670185 47.66961439677458
2370.5407862164193 50.03673821004394
2368.479642265821 52.70486581982087
2366.418498315222 54.47550761051178
2364.357354364624 56.96409599765682
2362.296210414025 59.963096527140934
2360.2350664634264 61.75373698382073
2358.1739225128276 64.39017556719233
2356.1127785622293 67.18368536630047
2354.0516346116306 70.16113864997162
2351.9904906610323 72.8358835146151
2349.929346710433 74.12797870282022
2347.8682027598347 77.37096419259285
2345.8070588092355 78.99939522570962
2343.745914858637 80.44399844306231
2341.6847709080384 82.72830347509007
2339.6236269574397 85.15573818007114
2337.562483006841 86.82297510887476
2335.5013390562426 87.58139244186985
2333.440195105644 88.82883348745557
2331.3790511550455 89.59450643105782
2329.3179072044463 90.86298883197277
2327.256763253848 91.11125607506807
2325.1956193032493 92.24869024514484
2323.134475352651 93.41136090216119
2321.073331402052 93.67445266024279
2319.0121874514534 95.36463630569106
2316.9510435008547 93.80026173159061
2314.8898995502564 94.81542371633834
2312.8287555996576 95.51569914717989
2310.767611649059 96.08174173058401
2308.70646769846 96.52868490048975
2306.6453237478618 97.06215904091499
2304.584179797263 97.00622964417758
2302.5230358466647 97.01267947049969
2300.461891896066 98.54539275060658
2298.400747945467 98.59477164207908
2296.3396039948684 97.9395364252613
2294.27846004427 98.46810988935923
2292.2173160936713 98.76825353760115
2290.1561721430726 98.53294253663839
2288.095028192474 98.89198047687398
2286.0338842418755 99.9488784134294
2283.9727402912768 98.85072207038192
2281.911596340678 99.6676094698235
2279.850452390079 99.81542461989191
2277.7893084394805 99.96675709372138
2275.7281644888817 100.9685762746079
2273.6670205382834 100.53049521519296
2271.6058765876846 102.46654498712154
2269.544732637086 100.86818848162146
2267.483588686487 100.57441678971392
2265.422444735889 101.18818359369035
2263.36130078529 101.72771362845201
2261.3001568346917 102.10677879716047
2259.239012884093 101.8899887064874
2257.177868933494 101.87288380750924
2255.1167249828954 102.50034379107294
2253.055581032297 102.12344619202233
2250.9944370816984 102.91989572168653
2248.9332931310996 101.96805411605676
2246.872149180501 102.56581939271986
2244.8110052299025 102.2707263402367
2242.749861279304 102.8252959418241
2240.6887173287055 101.80959808171397
2238.6275733781067 101.92373871753894
2236.566429427508 102.93224485248248
2234.505285476909 103.27667488262205
2232.444141526311 103.29444985819484
2230.382997575712 103.92263091875839
2228.3218536251134 104.0365781108546
2226.2607096745146 104.81635711245224
2224.1995657239163 104.2277383466963
2222.1384217733175 103.98629906183228
2220.077277822719 104.75658165205923
2218.01613387212 103.31154315035641
2215.9549899215212 104.19463618195964
2213.8938459709225 104.73152004065182
2211.832702020324 105.02335399844495
2209.7715580697254 105.44828764195542
2207.7104141191267 110.56379344895223
2205.649270168528 104.15351370269475
2203.5881262179296 104.63779698933543
2201.526982267331 105.48431501446653
2199.4658383167325 105.36800666812519
2197.4046943661338 105.35470330160886
2195.343550415535 104.62647579001394
2193.2824064649362 104.6123418671641
2191.221262514338 104.7553254264452
2189.160118563739 105.01589584696899
2187.0989746131404 104.95961684834909
2185.0378306625416 104.92293626078093
2182.9766867119433 104.28864053118974
2180.9155427613446 105.00927988895022
2178.8543988107463 104.46277923109855
2176.7932548601475 105.12405724490056
2174.7321109095487 105.17955186312714
2172.67096695895 106.27500884551128
2170.6098230083517 105.53319981879298
2168.548679057753 106.12406093288777
2166.487535107154 105.31531681569716
2164.4263911565554 105.0126745941876
2162.365247205957 105.79834938687553
2160.3041032553583 106.0707868399348
2158.24295930476 105.47546054781762
2156.181815354161 106.14763118074653
2154.120671403562 105.79275933232492
2152.0595274529633 105.55241869221072
2149.998383502365 105.35666872753941
2147.937239551766 105.22788137693965
2145.8760956011674 106.22754607292056
2143.8149516505687 105.70923388966854
2141.7538076999704 105.8787842355747
2139.6926637493716 105.55677213139728
2137.6315197987733 107.30634588291474
2135.5703758481745 105.89806851312544
2133.509231897576 106.67452110901581
2131.448087946977 105.25739376182143
2129.3869439963787 106.15145639008648
2127.32580004578 107.14453389945812
2125.264656095181 108.85073170713196
2123.2035121445824 110.14501049677108
2121.142368193984 107.06999102385002
2119.0812242433853 106.31610945930441
2117.020080292787 105.88117972408237
2114.9589363421883 105.97304230567362
2112.8977923915895 105.39498336188007
2110.8366484409908 106.46294258314242
2108.7755044903924 106.13300780318893
2106.7143605397937 105.9361578722019
2104.653216589195 105.30789916598995
2102.592072638596 105.25129990052017
2100.530928687998 105.30133377357677
2098.469784737399 105.50473102144751
2096.4086407868003 106.09042814284948
2094.3474968362016 106.0017756628941
2092.286352885603 105.1254004122491
2090.225208935004 104.7689556156215
2088.1640649844057 104.64699903294364
2086.102921033807 104.28320525310832
2084.0417770832087 104.74501773303889
2081.98063313261 106.4140455457698
2079.919489182011 104.76300635489373
2077.8583452314124 104.20732233904644
2075.797201280814 105.0476404178255
2073.7360573302153 104.85058840561645
2071.6749133796166 103.93882121874123
2069.613769429018 104.85430384117208
2067.5526254784195 105.96664982829039
2065.4914815278207 104.83067893211236
2063.4303375772224 104.50183879596133
2061.369193626623 105.17670091129045
2059.308049676025 103.32860840987296
2057.246905725426 106.28924266120154
2055.1857617748274 102.95572841734268
2053.1246178242286 122.17247506694672
2051.0634738736303 111.22886142512748
2049.0023299230315 101.25186286960356
2046.941185972433 105.04808514683738
2044.880042021834 102.27345058009583
2042.8188980712357 103.73849064820247
2040.757754120637 103.85387211956498
2038.6966101700384 104.51399859281936
2036.6354662194396 103.69616959342369
2034.5743222688411 102.87079224880462
2032.5131783182424 103.28940192271189
2030.4520343676438 103.29883676282952
2028.390890417045 103.13023021107755
2026.3297464664467 103.07377153054519
2024.2686025158478 103.95450136221385
2022.2074585652495 104.5451631209648
2020.1463146146507 102.41035494453301
2018.0851706640522 102.39310471766004
2016.0240267134532 102.10557398138147
2013.9628827628546 101.94621807939916
2011.9017388122559 102.06624343354163
2009.8405948616573 101.94474743910197
2007.7794509110586 100.85554040518511
2005.7183069604603 101.8464244827739
2003.6571630098613 102.5276379427325
2001.596019059263 101.19551843627107
1999.5348751086642 100.36481277829986
1997.4737311580657 101.77498212222149
1995.412587207467 102.5318944960201
1993.3514432568684 100.4121015065963
1991.2902993062696 100.99523007516105
1989.229155355671 100.36963660756017
1987.1680114050723 100.52771072037652
1985.106867454474 100.30803729527375
1983.0457235038748 100.2145522975597
1980.9845795532765 99.70053822568693
1978.9234356026777 100.02730792335772
1976.8622916520792 100.15560222037871
1974.8011477014804 99.13061870159027
1972.740003750882 99.15884516473108
1970.6788598002831 98.06611521517593
1968.6177158496846 98.14511288080982
1966.5565718990858 98.58795739750735
1964.4954279484875 98.13199984194038
1962.4342839978885 97.7427323593909
1960.3731400472902 98.3795957432361
1958.3119960966915 98.48706652810516
1956.250852146093 97.25840315685136
1954.189708195494 97.4073653562237
1952.1285642448954 96.03457710890267
1950.0674202942967 95.71886106136287
1948.0062763436981 97.14844034109812
1945.9451323930994 96.37633491728208
1943.883988442501 94.97696306773791
1941.822844491902 95.2560637684486
1939.7617005413038 95.71312917172004
1937.700556590705 95.19580561093181
1935.6394126401065 95.19154663200314
1933.5782686895077 94.61275514930294
1931.5171247389092 93.99580261623552
1929.4559807883104 93.49651672360586
1927.3948368377119 93.32362130346323
1925.333692887113 91.82646475678418
1923.2725489365146 91.25043338943627
1921.2114049859156 91.82938378904136
1919.1502610353173 89.62254454096534
1917.0891170847185 88.64834560100681
1915.02797313412 88.60973494201
1912.9668291835212 86.92607682143226
1910.9056852329227 85.90404429673154
1908.844541282324 85.02820743605584
1906.7833973317254 83.72670674995521
1904.7222533811266 81.65695623363771
1902.661109430528 79.35156673104647
1900.5999654799293 77.36107161943136
1898.538821529331 76.27446090699941
1896.4776775787323 74.13984313090106
1894.4165336281337 72.27029639425243
1892.355389677535 69.26811072641593
1890.2942457269362 65.82597083273436
1888.2331017763374 64.0412653812041
1886.171957825739 61.11268565802103
1884.1108138751401 59.05604002228359
1882.0496699245416 56.78540033587799
1879.9885259739428 54.013698717881105
1877.9273820233445 51.83202685134073
1875.8662380727455 49.53466721187717
1873.8050941221472 47.92836823157537
1871.7439501715485 45.64784746817689
1869.68280622095 43.91574412037211
1867.6216622703512 42.194270640662516
1865.5605183197526 42.86322701915804
1863.4993743691539 38.97267998868678
1861.4382304185553 44.1490512298645
