245.165715 0.000000
243.104571 0.000000
241.043427 0.000000
238.982283 0.000000
236.921139 0.000000
234.859995 0.000000
232.798851 0.000000
230.737707 0.000000
228.676563 0.000000
226.615419 0.000000
224.554275 0.000000
222.493131 0.000000
220.431987 0.000000
218.370843 0.000000
216.309700 0.000000
214.248556 0.000000
212.187412 0.000000
210.126268 0.000000
208.065124 0.000000
206.003980 0.000000
203.942836 0.000000
201.881692 0.000000
199.820548 0.000000
197.759404 0.000000
195.698260 0.000000
193.637116 0.000000
191.575972 0.000000
189.514828 0.000000
187.453684 0.000000
185.392540 0.000000
183.331396 0.000000
181.270252 0.000000
179.209108 0.000000
177.147964 0.000000
175.086821 0.000000
173.025677 0.000000
170.964533 0.000000
168.903389 0.000000
166.842245 0.000000
164.781101 0.000000
162.719957 0.000000
160.658813 0.000000
158.597669 0.000000
156.536525 0.000000
154.475381 0.000000
152.414237 0.000000
150.353093 0.000000
148.291949 0.000000
146.230805 0.000000
144.169661 0.000000
142.108517 0.000000
140.047373 0.000000
137.986229 0.000000
135.925085 0.000000
133.863942 0.000000
131.802798 0.000000
129.741654 0.000000
127.680510 0.000000
125.619366 0.000000
123.558222 0.000000
121.497078 0.000000
119.435934 0.000000
117.374790 0.000000
115.313646 0.000000
113.252502 0.000000
111.191358 0.000000
109.130214 0.000000
107.069070 0.000000
105.007926 0.000000
102.946782 0.000000
100.885638 0.000000
98.824494 0.000000
96.763350 0.000000
94.702206 0.000000
92.641063 0.000000
90.579919 0.000000
88.518775 0.000000
86.457631 0.000000
84.396487 0.000000
82.335343 0.000000
80.274199 0.000000
78.213055 0.000000
76.151911 0.000000
74.090767 0.000000
72.029623 0.000000
69.968479 0.000000
67.907335 0.000000
65.846191 0.000000
63.785047 0.000000
61.723903 0.000000
59.662759 0.000000
57.601615 0.000000
55.540471 0.000000
53.479327 0.000000
51.418183 0.000000
49.357040 0.000000
47.295896 0.000000
45.234752 0.000000
43.173608 0.000000
41.112464 0.000000
39.051320 0.000000
36.990176 0.000000
34.929032 0.000000
32.867888 0.000000
30.806744 0.000000
28.745600 0.000001
26.684456 0.000003
24.623312 0.000013
22.562168 0.000069
20.501024 0.000370
18.439880 0.002088
16.378736 0.012137
14.317592 0.066932
12.256448 0.322606
10.195304 1.290115
8.134161 4.169553
6.073017 10.768537
4.011873 22.167570
1.950729 36.541268
-0.110415 48.938182
-2.171559 54.973204
-4.232703 54.975585
-6.293847 53.213858
-8.354991 53.108984
-10.416135 54.394621
-12.477279 54.589660
-14.538423 51.847327
-16.599567 46.264935
-18.660711 39.457274
-20.721855 33.475814
-22.782999 29.907435
-24.844143 29.465073
-26.905287 32.032776
-28.966431 36.953321
-31.027575 43.336450
-33.088718 50.266834
-35.149862 56.903644
-37.211006 62.520361
-39.272150 66.531559
-41.333294 68.525335
-43.394438 68.295846
-45.455582 65.861005
-47.516726 61.453393
-49.577870 55.481318
-51.639014 48.466214
-53.700158 40.969104
-55.761302 33.521383
-57.822446 26.573461
-59.883590 20.469132
-61.944734 15.444480
-64.005878 11.639330
-66.067022 9.101920
-68.128166 7.771676
-70.189310 7.445731
-72.250454 7.763019
-74.311597 8.249967
-76.372741 8.442041
-78.433885 8.036642
-80.495029 6.992575
-82.556173 5.512858
-84.617317 3.921591
-86.678461 2.511794
-88.739605 1.447040
-90.800749 0.749408
-92.861893 0.348809
-94.923037 0.145902
-96.984181 0.054850
-99.045325 0.018538
-101.106469 0.005636
-103.167613 0.001543
-105.228757 0.000382
-107.289901 0.000086
-109.351045 0.000018
-111.412189 0.000003
-113.473333 0.000001
-115.534477 0.000000
-117.595620 0.000000
-119.656764 0.000000
-121.717908 0.000000
-123.779052 0.000000
-125.840196 0.000000
-127.901340 0.000000
-129.962484 0.000000
-132.023628 0.000000
-134.084772 0.000000
-136.145916 0.000000
-138.207060 0.000000
-140.268204 0.000000
-142.329348 0.000000
-144.390492 0.000000
-146.451636 0.000000
-148.512780 0.000000
-150.573924 0.000000
-152.635068 0.000000
-154.696212 0.000000
-156.757356 0.000000
-158.818499 0.000000
-160.879643 0.000000
-162.940787 0.000000
-165.001931 0.000000
-167.063075 0.000000
-169.124219 0.000000
-171.185363 0.000000
-173.246507 0.000000
-175.307651 0.000000
-177.368795 0.000000
-179.429939 0.000000
-181.491083 0.000000
-183.552227 0.000000
-185.613371 0.000000
-187.674515 0.000000
-189.735659 0.000000
-191.796803 0.000000
-193.857947 0.000000
-195.919091 0.000000
-197.980235 0.000000
-200.041378 0.000000
-202.102522 0.000000
-204.163666 0.000000
-206.224810 0.000000
-208.285954 0.000000
-210.347098 0.000000
-212.408242 0.000000
-214.469386 0.000000
-216.530530 0.000000
-218.591674 0.000000
-220.652818 0.000000
-222.713962 0.000000
-224.775106 0.000000
-226.836250 0.000000
-228.897394 0.000000
-230.958538 0.000000
-233.019682 0.000000
-235.080826 0.000000
-237.141970 0.000000
-239.203114 0.000000
-241.264257 0.000000
-243.325401 0.000000
-245.386545 0.000000
-247.447689 0.000000
-249.508833 0.000000
-251.569977 0.000000
-253.631121 0.000000
-255.692265 0.000000
-257.753409 0.000000
-259.814553 0.000000
-261.875697 0.000000
-263.936841 0.000000
-265.997985 0.000000
-268.059129 0.000000
-270.120273 0.000000
-272.181417 0.000000
-274.242561 0.000000
-276.303705 0.000000
-278.364849 0.000000
-280.425993 0.000000
