245.165715 -3.867834
243.104571 -5.783525
241.043427 -6.849839
238.982283 -7.285257
236.921139 -7.437361
234.859995 -6.763096
232.798851 -5.776449
230.737707 -5.174589
228.676563 -5.172656
226.615419 -5.397360
224.554275 -5.280429
222.493131 -5.392806
220.431987 -5.652299
218.370843 -6.033602
216.309700 -6.442653
214.248556 -6.575368
212.187412 -6.517475
210.126268 -5.961837
208.065124 -5.780110
206.003980 -6.644122
203.942836 -7.376747
201.881692 -7.285411
199.820548 -6.895037
197.759404 -6.904151
195.698260 -7.518709
193.637116 -7.977502
191.575972 -7.932432
189.514828 -7.902670
187.453684 -7.578606
185.392540 -7.386078
183.331396 -7.673815
181.270252 -7.778742
179.209108 -7.749335
177.147964 -8.127526
175.086821 -8.688273
173.025677 -8.159917
170.964533 -7.617816
168.903389 -7.658932
166.842245 -7.760106
164.781101 -7.648814
162.719957 -7.544382
160.658813 -7.981430
158.597669 -8.493912
156.536525 -8.753804
154.475381 -9.014639
152.414237 -9.281499
150.353093 -9.422442
148.291949 -8.965782
146.230805 -8.070922
144.169661 -7.593657
142.108517 -7.788154
140.047373 -8.238064
137.986229 -8.830820
135.925085 -8.960129
133.863942 -8.167913
131.802798 -7.687936
129.741654 -8.047520
127.680510 -8.531038
125.619366 -8.903336
123.558222 -8.974197
121.497078 -8.507438
119.435934 -8.552857
117.374790 -8.929260
115.313646 -9.219381
113.252502 -9.363187
111.191358 -9.320041
109.130214 -9.658901
107.069070 -10.062192
105.007926 -10.103285
102.946782 -10.041818
100.885638 -10.215523
98.824494 -10.311153
96.763350 -10.307525
94.702206 -10.234026
92.641063 -10.162211
90.579919 -10.446697
88.518775 -10.677817
86.457631 -10.581305
84.396487 -10.325260
82.335343 -9.950472
80.274199 -9.942282
78.213055 -10.474148
76.151911 -10.748852
74.090767 -11.038055
72.029623 -11.678949
69.968479 -11.675254
67.907335 -10.544935
65.846191 -10.125535
63.785047 -10.973119
61.723903 -12.077337
59.662759 -12.762668
57.601615 -12.474943
55.540471 -11.861777
53.479327 -11.297465
51.418183 -11.086037
49.357040 -11.115262
47.295896 -10.590888
45.234752 -10.146725
43.173608 -10.011380
41.112464 -9.745767
39.051320 -9.988459
36.990176 -10.892489
34.929032 -11.900426
32.867888 -12.165205
30.806744 -11.622316
28.745600 -11.181360
26.684456 -11.205752
24.623312 -10.799136
22.562168 -9.511983
20.501024 -8.825335
18.439880 -9.171466
16.378736 -9.392866
14.317592 -9.087969
12.256448 -8.117835
10.195304 -5.031873
8.134161 1.437972
6.073017 11.519953
4.011873 24.208666
1.950729 37.430073
-0.110415 48.052056
-2.171559 53.610160
-4.232703 55.118827
-6.293847 54.671306
-8.354991 53.669954
-10.416135 53.642696
-12.477279 53.989414
-14.538423 51.657615
-16.599567 45.968336
-18.660711 39.684084
-20.721855 34.627258
-22.782999 31.028685
-24.844143 29.247901
-26.905287 30.346437
-28.966431 34.819625
-31.027575 41.894427
-33.088718 49.879620
-35.149862 57.585417
-37.211006 64.655384
-39.272150 68.867391
-41.333294 69.879162
-43.394438 68.824276
-45.455582 65.209779
-47.516726 59.647486
-49.577870 53.268594
-51.639014 46.274327
-53.700158 39.606863
-55.761302 34.196145
-57.822446 29.024709
-59.883590 22.735324
-61.944734 16.856688
-64.005878 12.569939
-66.067022 9.098975
-68.128166 7.078969
-70.189310 7.025198
-72.250454 7.704818
-74.311597 8.103638
-76.372741 8.357060
-78.433885 8.391559
-80.495029 7.499836
-82.556173 5.429036
-84.617317 3.353281
-86.678461 2.396695
-88.739605 2.081399
-90.800749 1.305895
-92.861893 -0.214267
-94.923037 -1.935120
-96.984181 -3.137850
-99.045325 -4.169928
-101.106469 -5.555661
-103.167613 -6.897293
-105.228757 -7.593262
-107.289901 -8.492694
-109.351045 -9.548759
-111.412189 -9.530120
-113.473333 -8.998813
-115.534477 -8.818798
-117.595620 -9.251091
-119.656764 -9.802753
-121.717908 -9.990660
-123.779052 -10.148211
-125.840196 -10.257505
-127.901340 -10.031670
-129.962484 -9.594666
-132.023628 -9.489031
-134.084772 -9.861004
-136.145916 -10.684380
-138.207060 -10.551702
-140.268204 -9.373351
-142.329348 -8.775062
-144.390492 -9.261052
-146.451636 -10.006523
-148.512780 -10.196245
-150.573924 -9.774859
-152.635068 -9.217392
-154.696212 -9.556433
-156.757356 -10.380225
-158.818499 -10.063717
-160.879643 -9.054388
-162.940787 -8.601739
-165.001931 -8.593154
-167.063075 -8.693805
-169.124219 -9.243607
-171.185363 -9.808541
-173.246507 -9.665288
-175.307651 -8.953660
-177.368795 -8.636885
-179.429939 -9.378166
-181.491083 -9.776374
-183.552227 -9.450406
-185.613371 -9.462488
-187.674515 -9.582737
-189.735659 -9.598997
-191.796803 -9.413574
-193.857947 -8.825982
-195.919091 -8.212943
-197.980235 -8.261857
-200.041378 -8.079276
-202.102522 -7.656309
-204.163666 -7.832826
-206.224810 -7.717964
-208.285954 -7.630356
-210.347098 -7.918353
-212.408242 -7.881553
-214.469386 -7.513484
-216.530530 -7.590948
-218.591674 -8.192407
-220.652818 -8.508578
-222.713962 -8.153562
-224.775106 -7.453417
-226.836250 -7.000430
-228.897394 -7.357692
-230.958538 -7.711179
-233.019682 -7.792029
-235.080826 -7.905741
-237.141970 -7.762273
-239.203114 -7.156827
-241.264257 -6.838009
-243.325401 -7.111527
-245.386545 -7.611685
-247.447689 -7.809035
-249.508833 -7.120433
-251.569977 -6.510601
-253.631121 -6.559659
-255.692265 -6.868126
-257.753409 -6.563453
-259.814553 -5.923821
-261.875697 -5.798684
-263.936841 -5.819226
-265.997985 -5.976705
-268.059129 -6.351271
-270.120273 -6.382063
-272.181417 -5.714218
-274.242561 -5.368255
-276.303705 -5.830313
-278.364849 -5.854800
-280.425993 -5.505763
