# BEGINHEADER
# This file contains data from the SALSA 2m radio telescope.
# DATE=2024-01-31T18:27:0048
# GLON and GLAT given in degrees
# GLON=139.8150724044156
# GLAT=-0.20385102088151197
# DATA in two columns below. Col. 1 is velocity relative to LSR [km/s]. Col. 2 is uncalibrated antenna temperature [K].
# ENDHEADER
245.1657148457681 -2.3391505325352324
243.10457089516945 -7.5712673296027
241.04342694457083 -6.8149814519507155
238.98228299397218 -6.8895611757896695
236.92113904337356 -8.604557064221694
234.85999509277488 -6.694928148945183
232.79885114217626 -5.417823550882428
230.7377071915776 -5.11500304605178
228.676563240979 -4.265697609496027
226.61541929038034 -6.885362588460488
224.5542753397817 -4.01392752519078
222.49313138918305 -5.946593792257917
220.43198743858443 -5.452631339738346
218.37084348798578 -5.6527541266084125
216.30969953738716 -7.335546756261302
214.24855558678848 -5.734413436317402
212.18741163618986 -7.661162367863335
210.12626768559122 -5.710338011126074
208.0651237349926 -4.38995498961256
206.00397978439392 -7.191484585108782
203.94283583379527 -8.026913985897407
201.88169188319665 -7.351326873664246
199.820547932598 -6.72935331805022
197.75940398199938 -6.281089154866002
195.6982600314007 -7.4942723411453835
193.6371160808021 -9.109769629343528
191.57597213020344 -6.806011693589097
189.51482817960482 -8.873682983946308
187.45368422900617 -7.46266506921691
185.39254027840752 -6.385151157229666
183.33139632780887 -8.653099838404323
181.27025237721026 -7.235242841170941
179.2091084266116 -8.407807994412607
177.14796447601296 -6.164151876543362
175.0868205254143 -11.577782187553305
173.0256765748157 -6.822417647723806
170.96453262421704 -7.493304582816805
168.90338867361842 -7.724901881124248
166.84224472301975 -7.737180365206296
164.7811007724211 -8.172817816708008
162.71995682182248 -6.530766805975737
160.65881287122383 -8.228043817526446
158.5976689206252 -8.87321337886146
156.53652497002653 -8.378067148646892
154.4753810194279 -9.356631530291969
152.41423706882927 -8.893165129396806
150.35309311823065 -10.07401248358721
148.29194916763197 -9.33466961034295
146.23080521703335 -7.736570160406195
144.1696612664347 -6.901956204418432
142.10851731583608 -8.048766521554962
140.04737336523743 -7.981793555520228
137.98622941463879 -8.660718678702901
135.92508546404014 -10.537483427741504
133.86394151344152 -7.334285948326504
131.80279756284287 -7.059258713676644
129.74165361224422 -8.13668728972577
127.68050966164559 -8.932485281841418
125.61936571104694 -8.135129077445937
123.5582217604483 -10.811033998795697
121.49707780984966 -6.818609242655245
119.43593385925102 -8.930005172930555
117.37478990865239 -9.076522525923803
115.31364595805374 -8.821081908672255
113.2525020074551 -10.3376128022549
111.19135805685646 -8.202715155091353
109.13021410625782 -10.055095933537668
107.06907015565916 -10.14453027334157
105.00792620506053 -10.497890871377246
102.9467822544619 -9.319403897680292
100.88563830386325 -10.708262789146495
98.82449435326463 -10.23672394410381
96.76335040266598 -10.17995946219721
94.70220645206734 -10.72508122179456
92.6410625014687 -9.336187037160917
90.57991855087006 -10.772439732506685
88.51877460027141 -10.957087663732079
86.45763064967278 -10.467596698715967
84.39648669907415 -10.529248630575896
82.3353427484755 -10.030973094020787
80.27419879787686 -8.72798649906952
78.21305484727822 -11.601693563725593
76.15191089667958 -10.378075181611106
74.09076694608093 -10.742683324108794
72.0296229954823 -11.532059513378005
69.96847904488367 -13.746703633217274
67.907335094285 -9.224913474899688
65.84619114368637 -9.036263810983662
63.785047193087735 -11.630766552603063
61.723903242489094 -11.363880914562126
59.66275929189045 -14.491305406994497
57.601615341291804 -11.79830752209291
55.54047139069316 -12.158919981980244
53.47932744009452 -11.236958426983271
51.41818348949589 -10.11159484334211
49.35703953889724 -12.538915701937322
47.2958955882986 -10.089744869341278
45.23475163769996 -9.490338824135556
43.17360768710132 -11.072723007825354
41.112463736502676 -8.72729189891999
39.05131978590404 -9.926993375100919
36.99017583530539 -10.495583480201363
34.92903188470675 -12.535392753358398
32.86788793410811 -12.908590065884637
30.80674398350947 -11.318130242387348
28.745600032910833 -10.757849365543256
26.68445608231219 -11.103816359454646
24.623312131713554 -12.441143992311586
22.56216818111491 -8.445990951815704
20.501024230516272 -7.945082168166934
18.43988027991763 -9.546205430463802
16.37873632931899 -10.011862168939436
14.317592378720349 -8.54962389454661
12.256448428121708 -9.67403981401572
10.195304477523067 -6.668186907804202
8.134160526924427 -0.7458394980307915
6.073016576325785 10.117598230789381
4.011872625727144 23.812997075013364
1.950728675128504 38.301624554467054
-0.11041527547013683 52.04877915912221
-2.1715592260687777 55.52073203178111
-4.232703176667419 55.59340920851917
-6.293847127266059 55.54770423718551
-8.3549910778647 52.628191032491046
-10.41613502846334 52.51870528023841
-12.477278979061982 55.978300829048116
-14.538422929660621 54.677605535403075
-16.599566880259264 45.31124492894325
-18.660710830857905 38.98632068837421
-20.721854781456543 33.83407856866561
-22.782998732055184 30.49493501246437
-24.84414268265383 27.612310385452858
-26.90528663325247 28.28442280585355
-28.96643058385111 33.628014992711094
-31.02757453444975 40.86816318602197
-33.08871848504839 51.565516715685
-35.14986243564703 55.82036664243698
-37.21100638624567 67.4816832444906
-39.27215033684432 70.9975502682824
-41.33329428744296 69.52437281734568
-43.394438238041595 71.17404404534942
-45.455582188640236 66.18178780689843
-47.51672613923888 59.391261779336894
-49.57787008983751 54.22224252074032
-51.63901404043615 45.993493667854935
-53.70015799103479 38.65019697854944
-55.761301941633434 33.39154059862432
-57.822445892232075 31.09011437980049
-59.883589842830716 22.233396708364587
-61.94473379342936 14.879654809932225
-64.005877744028 13.440208070631869
-66.06702169462663 7.985436071167167
-68.12816564522528 5.585749296438352
-70.18930959582391 6.768868983425628
-72.25045354642256 8.330015043904845
-74.3115974970212 7.899023154090318
-76.37274144761984 8.401632240457033
-78.43388539821848 8.768024768085354
-80.49502934881711 8.664162156803908
-82.55617329941576 5.356002079439868
-84.6173172500144 2.357832702542974
-86.67846120061304 1.8746175966590952
-88.73960515121169 2.7479090506167343
-90.80074910181034 1.5470171252044322
-92.86189305240897 0.33844161423117197
-94.92303700300761 -2.9055833534742703
-96.98418095360626 -2.944492896735203
-99.04532490420489 -4.036216212978124
-101.10646885480354 -5.0331692170929045
-103.16761280540219 -8.177095502008097
-105.22875675600082 -7.147761597159208
-107.28990070659947 -7.4861696838609815
-109.3510446571981 -11.483061027702197
-111.41218860779675 -9.12103865077444
-113.47333255839538 -9.05150158262925
-115.53447650899402 -8.226168494794198
-117.59562045959267 -9.035658723452624
-119.6567644101913 -10.609214202693126
-121.71790836078995 -9.452916629958118
-123.77905231138858 -10.460780382165002
-125.84019626198724 -10.120155234660416
-127.90134021258588 -10.852583777738069
-129.9624841631845 -8.4737257296246
-132.02362811378313 -10.31207786709487
-134.0847720643818 -8.221613728267155
-136.14591601498043 -12.053728536697113
-138.20705996557908 -11.546381840582407
-140.2682039161777 -8.509675113757659
-142.32934786677635 -8.103426381139236
-144.39049181737502 -9.005929231492296
-146.45163576797364 -10.73156229091608
-148.5127797185723 -10.211728951020758
-150.5739236691709 -10.371947765783533
-152.6350676197696 -8.395763666315808
-154.6962115703682 -8.503657393252572
-156.75735552096685 -12.103867757208377
-158.81849947156547 -10.350314300618582
-160.87964342216412 -8.351346443636764
-162.94078737276277 -8.257509057180304
-165.00193132336142 -9.101114040377972
-167.06307527396004 -7.939971443972642
-169.1242192245587 -9.196144209563105
-171.1853631751573 -10.55747997758701
-173.24650712575598 -9.769670857798122
-175.3076510763546 -9.371638408063857
-177.36879502695325 -6.778868025296274
-179.42993897755187 -10.172545930419467
-181.49108292815055 -10.943242468229128
-183.5522268787492 -8.047646198934409
-185.61337082934782 -10.203535361617531
-187.67451477994646 -9.206048523464817
-189.73565873054508 -9.953730745894585
-191.79680268114376 -9.346575424007368
-193.85794663174238 -9.627429778561652
-195.91909058234103 -6.7267791209334655
-197.98023453293965 -8.795187948991698
-200.0413784835383 -9.18653790169848
-202.10252243413694 -5.491489310185741
-204.1636663847356 -9.593223132919496
-206.2248103353342 -7.080310388957447
-208.28595428593286 -7.220652606465319
-210.3470982365315 -8.307134745689712
-212.40824218713016 -8.351260797156167
-214.46938613772878 -7.003775351791463
-216.53053008832742 -7.1135358957639045
-218.59167403892604 -8.404547764708825
-220.65281798952472 -9.263153129912906
-222.71396194012337 -7.84798260187109
-224.775105890722 -8.14020967140235
-226.83624984132064 -5.332458186345198
-228.89739379191926 -8.206776722197514
-230.95853774251793 -7.715339320815809
-233.01968169311655 -7.68699225054349
-235.0808256437152 -7.844020570364254
-237.14196959431382 -8.554881180574432
-239.20311354491247 -6.746934819931466
-241.26425749551112 -6.1869129373558165
-243.32540144610977 -7.5579760460806416
-245.38654539670839 -6.795909883989785
-247.44768934730703 -9.698706364355694
-249.50883329790568 -6.113214722019043
-251.56997724850433 -6.530723503173651
-253.63112119910295 -5.901596543341417
-255.6922651497016 -7.605168702860706
-257.75340910030025 -7.212140681603314
-259.8145530508989 -4.639554127402236
-261.87569700149754 -6.4815135290317345
-263.9368409520962 -5.465909513768762
-265.99798490269484 -5.826670651223207
-268.05912885329343 -6.374656143827254
-270.1202728038921 -7.217798566258194
-272.1814167544907 -5.743872895082548
-274.2425607050894 -3.655275955520236
-276.303704655688 -7.319928552625045
-278.3648486062866 -5.6659786410809465
-280.4259925568853 -5.321985636114339
