273.989237 0.000000
271.928093 0.000000
269.866949 0.000000
267.805805 0.000000
265.744661 0.000000
263.683517 0.000000
261.622373 0.000000
259.561229 0.000000
257.500085 0.000000
255.438941 0.000000
253.377797 0.000000
251.316653 0.000000
249.255509 0.000000
247.194365 0.000000
245.133222 0.000000
243.072078 0.000000
241.010934 0.000000
238.949790 0.000000
236.888646 0.000000
234.827502 0.000000
232.766358 0.000000
230.705214 0.000000
228.644070 0.000000
226.582926 0.000000
224.521782 0.000000
222.460638 0.000000
220.399494 0.000000
218.338350 0.000000
216.277206 0.000000
214.216062 0.000000
212.154918 0.000000
210.093774 0.000000
208.032630 0.000000
205.971486 0.000000
203.910343 0.000000
201.849199 0.000000
199.788055 0.000000
197.726911 0.000000
195.665767 0.000000
193.604623 0.000000
191.543479 0.000000
189.482335 0.000000
187.421191 0.000000
185.360047 0.000000
183.298903 0.000000
181.237759 0.000000
179.176615 0.000000
177.115471 0.000000
175.054327 0.000000
172.993183 0.000000
170.932039 0.000000
168.870895 0.000000
166.809751 0.000000
164.748607 0.000000
162.687464 0.000000
160.626320 0.000000
158.565176 0.000000
156.504032 0.000000
154.442888 0.000000
152.381744 0.000000
150.320600 0.000000
148.259456 0.000000
146.198312 0.000000
144.137168 0.000000
142.076024 0.000000
140.014880 0.000000
137.953736 0.000000
135.892592 0.000000
133.831448 0.000000
131.770304 0.000000
129.709160 0.000000
127.648016 0.000000
125.586872 0.000000
123.525728 0.000000
121.464584 0.000000
119.403441 0.000000
117.342297 0.000000
115.281153 0.000000
113.220009 0.000000
111.158865 0.000000
109.097721 0.000000
107.036577 0.000000
104.975433 0.000000
102.914289 0.000000
100.853145 0.000000
98.792001 0.000000
96.730857 0.000000
94.669713 0.000000
92.608569 0.000000
90.547425 0.000000
88.486281 0.000000
86.425137 0.000000
84.363993 0.000000
82.302849 0.000000
80.241705 0.000000
78.180562 0.000000
76.119418 0.000000
74.058274 0.000000
71.997130 0.000001
69.935986 0.000001
67.874842 0.000004
65.813698 0.000010
63.752554 0.000027
61.691410 0.000067
59.630266 0.000161
57.569122 0.000380
55.507978 0.000867
53.446834 0.001922
51.385690 0.004141
49.324546 0.008666
47.263402 0.017613
45.202258 0.034772
43.141114 0.066677
41.079970 0.124190
39.018826 0.224673
36.957683 0.394795
34.896539 0.673829
32.835395 1.117082
30.774251 1.798778
28.713107 2.813374
26.651963 4.274002
24.590819 6.306663
22.529675 9.039042
20.468531 12.583564
18.407387 17.015477
16.346243 22.348333
14.285099 28.510753
12.223955 35.329550
10.162811 42.524447
8.101667 49.718610
6.040523 56.466776
3.979379 62.299352
1.918235 66.777164
-0.142909 69.548514
-2.204053 70.398715
-4.265196 69.282990
-6.326340 66.336382
-8.387484 61.858664
-10.448628 56.277000
-12.509772 50.093119
-14.570916 43.824175
-16.632060 37.946662
-18.693204 32.851070
-20.754348 28.811999
-22.815492 25.975101
-24.876636 24.359386
-26.937780 23.871564
-28.998924 24.328466
-31.060068 25.483795
-33.121212 27.056265
-35.182356 28.757000
-37.243500 30.314734
-39.304644 31.497700
-41.365788 32.131258
-43.426932 32.110453
-45.488076 31.406945
-47.549219 30.070135
-49.610363 28.222682
-51.671507 26.050807
-53.732651 23.789563
-55.793795 21.702843
-57.854939 20.057539
-59.916083 19.091618
-61.977227 18.977503
-64.038371 19.785001
-66.099515 21.451410
-68.160659 23.768603
-70.221803 26.396182
-72.282947 28.904833
-74.344091 30.845710
-76.405235 31.832419
-78.466379 31.615788
-80.527523 30.131426
-82.588667 27.506849
-84.649811 24.026781
-86.710955 20.067567
-88.772098 16.019876
-90.833242 12.220148
-92.894386 8.905849
-94.955530 6.200256
-97.016674 4.123343
-99.077818 2.619237
-101.138962 1.589177
-103.200106 0.920943
-105.261250 0.509742
-107.322394 0.269476
-109.383538 0.136063
-111.444682 0.065616
-113.505826 0.030222
-115.566970 0.013295
-117.628114 0.005586
-119.689258 0.002241
-121.750402 0.000859
-123.811546 0.000314
-125.872690 0.000110
-127.933834 0.000037
-129.994977 0.000012
-132.056121 0.000004
-134.117265 0.000001
-136.178409 0.000000
-138.239553 0.000000
-140.300697 0.000000
-142.361841 0.000000
-144.422985 0.000000
-146.484129 0.000000
-148.545273 0.000000
-150.606417 0.000000
-152.667561 0.000000
-154.728705 0.000000
-156.789849 0.000000
-158.850993 0.000000
-160.912137 0.000000
-162.973281 0.000000
-165.034425 0.000000
-167.095569 0.000000
-169.156713 0.000000
-171.217856 0.000000
-173.279000 0.000000
-175.340144 0.000000
-177.401288 0.000000
-179.462432 0.000000
-181.523576 0.000000
-183.584720 0.000000
-185.645864 0.000000
-187.707008 0.000000
-189.768152 0.000000
-191.829296 0.000000
-193.890440 0.000000
-195.951584 0.000000
-198.012728 0.000000
-200.073872 0.000000
-202.135016 0.000000
-204.196160 0.000000
-206.257304 0.000000
-208.318448 0.000000
-210.379592 0.000000
-212.440736 0.000000
-214.501879 0.000000
-216.563023 0.000000
-218.624167 0.000000
-220.685311 0.000000
-222.746455 0.000000
-224.807599 0.000000
-226.868743 0.000000
-228.929887 0.000000
-230.991031 0.000000
-233.052175 0.000000
-235.113319 0.000000
-237.174463 0.000000
-239.235607 0.000000
-241.296751 0.000000
-243.357895 0.000000
-245.419039 0.000000
-247.480183 0.000000
-249.541327 0.000000
-251.602471 0.000000
