273.989237 -3.263289
271.928093 -3.714414
269.866949 -4.444088
267.805805 -4.538414
265.744661 -4.068774
263.683517 -4.193755
261.622373 -4.428124
259.561229 -4.602701
257.500085 -4.927916
255.438941 -4.703254
253.377797 -4.514304
251.316653 -4.768897
249.255509 -4.607230
247.194365 -4.166623
245.133222 -3.717926
243.072078 -3.402747
241.010934 -3.493746
238.949790 -3.941994
236.888646 -4.656247
234.827502 -5.306772
232.766358 -5.524942
230.705214 -4.831911
228.644070 -3.996868
226.582926 -4.005977
224.521782 -4.997975
222.460638 -5.730545
220.399494 -5.408569
218.338350 -5.194423
216.277206 -5.259020
214.216062 -5.243283
212.154918 -5.505254
210.093774 -6.305909
208.032630 -6.934901
205.971486 -6.416423
203.910343 -6.073849
201.849199 -6.623979
199.788055 -6.565153
197.726911 -5.788097
195.665767 -5.502632
193.604623 -5.631731
191.543479 -5.901985
189.482335 -6.210520
187.421191 -5.869277
185.360047 -5.406646
183.298903 -5.440196
181.237759 -5.964328
179.176615 -6.906078
177.115471 -7.519351
175.054327 -7.349553
172.993183 -7.064227
170.932039 -7.016391
168.870895 -6.914259
166.809751 -7.290357
164.748607 -7.716748
162.687464 -7.176631
160.626320 -6.173977
158.565176 -5.679701
156.504032 -6.163679
154.442888 -7.550181
152.381744 -8.738835
150.320600 -8.498442
148.259456 -7.818914
146.198312 -7.680515
144.137168 -7.802312
142.076024 -7.807132
140.014880 -7.276123
137.953736 -6.955257
135.892592 -7.276564
133.831448 -7.377051
131.770304 -7.346119
129.709160 -7.316671
127.648016 -7.140480
125.586872 -7.090554
123.525728 -7.529616
121.464584 -7.968843
119.403441 -8.107260
117.342297 -8.388952
115.281153 -8.754510
113.220009 -8.653276
111.158865 -8.681651
109.097721 -9.366010
107.036577 -9.802502
104.975433 -9.523723
102.914289 -9.174099
100.853145 -9.091119
98.792001 -8.658943
96.730857 -7.774373
94.669713 -7.450255
92.608569 -8.129069
90.547425 -8.887833
88.486281 -9.162554
86.425137 -9.188112
84.363993 -9.561339
82.302849 -10.043651
80.241705 -9.948046
78.180562 -9.428699
76.119418 -9.026156
74.058274 -9.075304
71.997130 -9.161179
69.935986 -9.317886
67.874842 -9.659937
65.813698 -9.485642
63.752554 -8.813971
61.691410 -8.456251
59.630266 -8.401389
57.569122 -8.137351
55.507978 -8.060225
53.446834 -8.142880
51.385690 -8.160635
49.324546 -8.491515
47.263402 -9.200970
45.202258 -9.340331
43.141114 -8.555577
41.079970 -7.744977
39.018826 -7.121720
36.957683 -6.460250
34.896539 -6.077323
32.835395 -6.438272
30.774251 -6.944967
28.713107 -6.421355
26.651963 -4.759417
24.590819 -3.131296
22.529675 -1.372329
20.468531 1.560727
18.407387 7.093929
16.346243 16.177735
14.285099 28.209530
12.223955 41.638258
10.162811 54.835696
8.101667 64.752174
6.040523 68.656779
3.979379 67.744452
1.918235 65.215024
-0.142909 62.583542
-2.204053 60.389589
-4.265196 58.736313
-6.326340 58.244588
-8.387484 57.981948
-10.448628 56.871546
-12.509772 54.362253
-14.570916 50.039205
-16.632060 45.019878
-18.693204 39.967630
-20.754348 33.788813
-22.815492 27.238632
-24.876636 23.448222
-26.937780 22.497832
-28.998924 22.185731
-31.060068 21.546350
-33.121212 21.309455
-35.182356 23.654734
-37.243500 28.494925
-39.304644 33.147779
-41.365788 35.757915
-43.426932 36.264235
-45.488076 34.929149
-47.549219 32.518450
-49.610363 29.473603
-51.671507 25.728863
-53.732651 21.842063
-55.793795 19.280788
-57.854939 18.161033
-59.916083 17.429051
-61.977227 17.196423
-64.038371 18.290106
-66.099515 21.311976
-68.160659 25.433096
-70.221803 28.537572
-72.282947 30.058092
-74.344091 31.327425
-76.405235 32.420330
-78.466379 32.237455
-80.527523 29.553762
-82.588667 25.355049
-84.649811 21.533417
-86.710955 18.243181
-88.772098 15.636212
-90.833242 13.648313
-92.894386 11.762446
-94.955530 9.467360
-97.016674 6.415396
-99.077818 3.592459
-101.138962 1.803436
-103.200106 0.204943
-105.261250 -1.435962
-107.322394 -2.609634
-109.383538 -3.360008
-111.444682 -3.854308
-113.505826 -4.448158
-115.566970 -5.216952
-117.628114 -5.375605
-119.689258 -4.847331
-121.750402 -4.939407
-123.811546 -5.708104
-125.872690 -6.224604
-127.933834 -6.411106
-129.994977 -5.994869
-132.056121 -5.536155
-134.117265 -5.508124
-136.178409 -5.567358
-138.239553 -5.517074
-140.300697 -6.087503
-142.361841 -6.454588
-144.422985 -5.818203
-146.484129 -5.342764
-148.545273 -5.914441
-150.606417 -6.724362
-152.667561 -6.935379
-154.728705 -6.935167
-156.789849 -6.673981
-158.850993 -6.260575
-160.912137 -6.444467
-162.973281 -6.711535
-165.034425 -6.992815
-167.095569 -7.286627
-169.156713 -6.877769
-171.217856 -6.649961
-173.279000 -7.089482
-175.340144 -6.954042
-177.401288 -6.306395
-179.462432 -6.196199
-181.523576 -6.075011
-183.584720 -5.265606
-185.645864 -4.873674
-187.707008 -5.614703
-189.768152 -6.074360
-191.829296 -5.625417
-193.890440 -5.322358
-195.951584 -5.570314
-198.012728 -6.229372
-200.073872 -6.428493
-202.135016 -6.164115
-204.196160 -6.039856
-206.257304 -5.925634
-208.318448 -5.521331
-210.379592 -5.245014
-212.440736 -5.603766
-214.501879 -6.446306
-216.563023 -6.784079
-218.624167 -6.183020
-220.685311 -5.377182
-222.746455 -4.457155
-224.807599 -3.807477
-226.868743 -3.897786
-228.929887 -4.138542
-230.991031 -4.258613
-233.052175 -4.493453
-235.113319 -4.592284
-237.174463 -4.472872
-239.235607 -4.609130
-241.296751 -4.549720
-243.357895 -3.748049
-245.419039 -3.297976
-247.480183 -4.161438
-249.541327 -5.233657
-251.602471 -6.064123
