# BEGINHEADER
# This file contains data from the SALSA 2m radio telescope.
# DATE=2024-01-31T12:54:0050
# GLON and GLAT given in degrees
# GLON=84.78994234972488
# GLAT=0.05888934798902271
# DATA in two columns below. Col. 1 is velocity relative to LSR [km/s]. Col. 2 is uncalibrated antenna temperature [K].
# ENDHEADER
273.9892368346389 -3.1509077488586383
271.92809288404027 -3.193210943958841
269.8669489334417 -4.824459539594271
267.805804982843 -5.833801442862648
265.7446610322444 -2.385443824526595
263.68351708164573 -4.780186859150421
261.6223731310471 -4.763614205555586
259.56122918044844 -3.5563375737532055
257.5000852298498 -6.195531437094993
255.43894127925117 -4.570854142817359
253.37779732865252 -3.406384619733998
251.3166533780539 -5.982823417055269
249.25550942745522 -4.2883490856081625
247.1943654768566 -4.220742383087625
245.13322152625796 -3.883237270484625
243.07207757565934 -2.771947217156424
241.0109336250607 -3.761969595147691
238.94978967446204 -3.2437666684583912
236.8886457238634 -5.307265661649218
234.82750177326477 -4.711243156564693
232.76635782266612 -6.999700323254676
230.7052138720675 -4.451681153479203
228.64406992146883 -3.6946270021801646
226.58292597087018 -3.1004316882064096
224.52178202027156 -4.848209565111707
222.4606380696729 -7.599908193023636
220.39949411907426 -4.270574179824789
218.3383501684756 -5.2281534140940735
216.277206217877 -5.604069391633852
214.21606226727835 -4.859900679181965
212.15491831667973 -5.402473829356268
210.09377436608105 -5.529332903934473
208.03263041548243 -8.945696022519405
205.97148646488378 -5.900697280178444
203.91034251428516 -4.654619855714823
201.8491985636865 -7.68537202613301
199.78805461308787 -7.396410889672113
197.72691066248922 -4.783226481124427
195.6657667118906 -5.396368817254643
193.60462276129195 -6.020761699890537
191.54347881069333 -4.948306860433695
189.48233486009465 -7.580433266767887
187.421190909496 -5.567215461969997
185.36004695889739 -4.9472949479412
183.29890300829874 -5.518754638821767
181.2377590577001 -5.284175804931658
179.17661510710144 -7.2330818467701
177.11547115650282 -8.222869464772488
175.05432720590417 -7.461058160350121
172.99318325530555 -6.234374976390075
170.93203930470688 -8.01127211259364
168.87089535410826 -6.0063779170382965
166.8097514035096 -6.991319711324138
164.748607452911 -8.971037294423466
162.68746350231234 -7.207310041796612
160.6263195517137 -5.897695457257201
158.56517560111504 -5.037868459780609
156.50403165051642 -5.735489836011672
154.44288769991778 -6.97191537718561
152.3817437493191 -10.744185717847646
150.32059979872048 -8.330443489295375
148.25945584812183 -7.044256504038608
146.1983118975232 -8.054532109627349
144.13716794692456 -7.267954120428581
142.07602399632592 -8.76199168040365
140.01488004572727 -7.202785382514521
137.95373609512865 -5.637516381824671
135.89259214453 -8.48061809747636
133.83144819393138 -6.863993400883977
131.7703042433327 -7.522259270314156
129.70916029273408 -7.322322304710009
127.64801634213543 -7.404297052484107
125.58687239153679 -6.2837649765767445
123.52572844093815 -7.752968842838544
121.46458449033952 -8.33842865164804
119.40344053974087 -7.943296998166443
117.34229658914224 -7.917636486450623
115.28115263854359 -9.597531670623495
113.22000868794495 -8.618200216607212
111.1588647373463 -7.638336634002081
109.09772078674767 -9.879686689620751
107.03657683614904 -10.383637524293322
104.97543288555039 -9.548559599419596
102.91428893495176 -8.587551926007578
100.85314498435311 -9.51645997042004
98.79200103375449 -9.177571720440989
96.73085708315584 -7.488533252227965
94.6697131325572 -6.225356466895096
92.60856918195854 -8.621725729955074
90.54742523135991 -8.997541266736636
88.48628128076126 -9.631544595230027
86.42513733016263 -8.678887435211802
84.363993379564 -9.247210749094902
82.30284942896535 -10.88565565618405
80.24170547836671 -9.87081618702574
78.18056152776806 -9.72179354941766
76.11941757716943 -8.177872110930911
74.0582736265708 -9.464457962744676
71.99712967597215 -9.241821088097307
69.93598572537351 -8.650974035745389
67.87484177477486 -10.370350639115786
65.81369782417623 -9.885755200707054
63.75255387357758 -8.511875149824556
61.69140992297894 -7.797743422277174
59.6302659723803 -9.368949756844533
57.56912202178166 -7.424323218328947
55.50797807118302 -8.104200795167921
53.44683412058438 -8.351035789883404
51.38569016998574 -8.002711007476755
49.3245462193871 -7.904269590792149
47.26340226878846 -9.542789611835643
45.20225831818981 -10.535350599388744
43.14111436759117 -7.896304344117926
41.07997041699253 -7.811845027154482
39.0188264663939 -7.119475837941691
36.957682515795256 -6.656051666287141
34.896538565196614 -5.121448072715561
32.83539461459797 -6.509863606054645
30.77425066399933 -7.259417106557884
28.71310671340069 -8.09968890649708
26.65196276280205 -3.5241805446765295
24.59081881220341 -3.6860083387446614
22.529674861604768 -1.4982382682770767
20.468530911006127 0.004569371163812509
18.407386960407486 5.122144277555287
16.34624300980885 14.219276825636154
14.285099059210205 28.09959317380236
12.223955108611563 41.007650239502915
10.162811158012923 56.402619222036854
8.101667207414282 68.77631433784182
6.040523256815642 71.90871900102022
3.979379306217001 67.13519509878621
1.9182353556183596 66.17092384783932
-0.14290859498028113 61.133034593356356
-2.204052545578922 61.59577801110327
-4.265196496177562 56.64533828595438
-6.326340446776204 58.720882112500064
-8.387484397374845 58.554547298258946
-10.448628347973486 57.08660653089051
-12.509772298572125 56.16061656722583
-14.570916249170764 50.1524217607479
-16.632060199769406 44.332898609544905
-18.69320415036805 40.83698273199301
-20.754348100966688 35.43501646292452
-22.81549205156533 24.288478459678686
-24.87663600216397 21.58418677615033
-26.937779952762607 23.034674670790544
-28.998923903361252 21.924805808593188
-31.060067853959893 22.594411229201306
-33.121211804558534 18.87688550628449
-35.182355755157175 21.946747286403205
-37.243499705755816 28.75206688937525
-39.30464365635446 34.9818279756099
-41.3657876069531 36.204954956024
-43.42693155755173 37.83876107105971
-45.488075508150374 35.03993643254714
-47.549219458749015 32.87753643866466
-49.610363409347656 29.733864133216102
-51.671507359946304 26.4250528356783
-53.732651310544945 20.653857967822088
-55.793795261143586 18.032749145210296
-57.85493921174222 18.737101434161698
-59.91608316234086 16.964057196460463
-61.9772271129395 16.73831991107144
-64.03837106353815 16.94518092459836
-66.09951501413678 20.362012226970805
-68.16065896473543 26.162775361613164
-70.22180291533407 30.442224971835927
-72.28294686593271 28.995041643200583
-74.34409081653135 31.883310886237894
-76.40523476713 32.381088838120306
-78.46637871772863 34.34867862412678
-80.52752266832726 30.800548450749435
-82.58866661892591 23.929953029060858
-84.64981056952455 22.063463969837823
-86.7109545201232 17.503572070199034
-88.77209847072183 15.249477206131061
-90.83324242132048 13.809817914602956
-92.89438637191911 11.612811005700229
-94.95553032251775 10.455310558087124
-97.0166742731164 6.377026269391974
-99.07781822371503 2.178317020560304
-101.13896217431369 2.268549419392593
-103.20010612491234 0.4315315780632402
-105.26125007551097 -2.1015062802412245
-107.32239402610962 -2.557424327345113
-109.38353797670825 -3.6819752844098295
-111.4446819273069 -3.7981710712342696
-113.50582587790554 -4.006486163012793
-115.56696982850417 -5.599008802380125
-117.62811377910282 -6.429287490124867
-119.68925772970145 -4.035061871043062
-121.7504016803001 -3.9679256619882715
-123.81154563089873 -6.980844366340382
-125.87268958149738 -5.240723064097886
-127.93383353209602 -7.841021127249873
-129.99497748269465 -5.351145672751256
-132.0561214332933 -5.606296297715919
-134.11726538389195 -4.832630931884335
-136.17840933449057 -6.842646356501834
-138.23955328508924 -3.964281709371928
-140.30069723568786 -6.421525532248757
-142.3618411862865 -7.678819611067527
-144.42298513688513 -5.492341945505083
-146.48412908748378 -4.394299310550076
-148.54527303808243 -5.653746303105123
-150.60641698868108 -7.7617151844905985
-152.6675609392797 -6.5615787789938675
-154.72870488987834 -6.948178623387973
-156.78984884047696 -7.60760574974208
-158.85099279107564 -4.772924900239892
-160.9121367416743 -7.080586005743769
-162.9732806922729 -6.831351320775389
-165.03442464287156 -6.10563860428285
-167.0955685934702 -8.771218128024039
-169.15671254406885 -6.516460555796408
-171.21785649466747 -5.474813964379913
-173.27900044526612 -8.068345290630736
-175.34014439586474 -7.613272945986894
-177.40128834646342 -5.255528218539694
-179.46243229706204 -6.206195268223051
-181.52357624766069 -7.080779509575658
-183.5847201982593 -5.0339468778625065
-185.64586414885795 -3.408869373970189
-187.7070080994566 -6.03951437410493
-189.76815205005525 -7.4627250810842325
-191.82929600065387 -4.527015410724034
-193.89043995125252 -5.788503594146669
-195.95158390185114 -4.412653568628923
-198.0127278524498 -7.216284347657316
-200.07387180304846 -6.629529807663513
-202.13501575364708 -5.88942145489495
-204.19615970424573 -5.903074878251253
-206.25730365484438 -6.441055270492651
-208.31844760544303 -5.342860880015508
-210.37959155604165 -4.868612713485896
-212.4407355066403 -5.133976893055805
-214.5018794572389 -6.596810404978969
-216.5630234078376 -8.126363756697186
-218.6241673584362 -5.403979910162953
-220.68531130903486 -5.903584284565433
-222.74645525963348 -4.438170552746762
-224.80759921023213 -2.828647539120747
-226.86874316083077 -4.172171558492663
-228.92988711142942 -4.324605495926106
-230.99103106202804 -3.9899181698774515
-233.0521750126267 -4.47006990263655
-235.11331896322537 -5.246888648980057
-237.174462913824 -3.719623461256086
-239.23560686442264 -4.787407502179737
-241.29675081502126 -5.241013702971807
-243.3578947656199 -4.112653894056127
-245.41903871621855 -1.0403650138506815
-247.4801826668172 -5.373807919121894
-249.54132661741582 -4.677169105864703
-251.60247056801447 -6.629406861287541
