350,00	171,03
351,00	170,09
352,00	172,97
353,00	164,76
354,00	173,74
355,00	172,52
356,00	169,23
357,00	172,22
358,00	173,23
359,00	174,64
360,00	169,93
361,00	170,73
362,00	170,44
363,00	170,70
364,00	171,62
365,00	171,86
366,00	174,96
367,00	173,46
368,00	175,03
369,00	178,27
370,00	174,85
371,00	169,39
372,00	173,08
373,00	171,76
374,00	173,33
375,00	172,08
376,00	173,99
377,00	174,58
378,00	177,74
379,00	168,91
380,00	175,28
381,00	172,89
382,00	174,77
383,00	177,87
384,00	175,96
385,00	172,76
386,00	177,55
387,00	170,01
388,00	169,01
389,00	172,78
390,00	172,96
391,00	177,41
392,00	176,13
393,00	176,00
394,00	169,46
395,00	175,57
396,00	173,36
397,00	180,96
398,00	175,79
399,00	178,20
400,00	176,06
401,00	175,39
402,00	170,16
403,00	174,28
404,00	176,89
405,00	179,01
406,00	177,69
407,00	174,96
408,00	187,12
409,00	176,22
410,00	177,01
411,00	173,64
412,00	171,80
413,00	173,39
414,00	175,92
415,00	176,40
416,00	174,17
417,00	175,84
418,00	179,51
419,00	175,08
420,00	170,67
421,00	172,80
422,00	177,60
423,00	169,79
424,00	179,23
425,00	174,08
426,00	173,80
427,00	181,84
428,00	175,73
429,00	180,02
430,00	177,31
431,00	173,35
432,00	171,85
433,00	169,62
434,00	177,19
435,00	174,55
436,00	175,97
437,00	175,09
438,00	174,40
439,00	177,50
440,00	178,75
441,00	178,10
442,00	175,03
443,00	178,53
444,00	177,06
445,00	178,16
446,00	175,83
447,00	183,90
448,00	174,59
449,00	173,78
450,00	175,01
451,00	176,10
452,00	179,94
453,00	178,64
454,00	179,76
455,00	165,34
456,00	173,61
457,00	178,48
458,00	172,31
459,00	170,47
460,00	172,97
461,00	171,71
462,00	171,01
463,00	176,19
464,00	180,17
465,00	176,52
466,00	173,65
467,00	175,43
468,00	176,19
469,00	178,80
470,00	175,45
471,00	176,77
472,00	181,88
473,00	181,12
474,00	179,45
475,00	171,85
476,00	174,20
477,00	177,39
478,00	173,64
479,00	176,47
480,00	172,98
481,00	179,85
482,00	175,12
483,00	175,40
484,00	170,14
485,00	167,73
486,00	177,35
487,00	172,96
488,00	177,17
489,00	170,45
490,00	177,58
491,00	173,31
492,00	171,95
493,00	176,13
494,00	173,01
495,00	174,17
496,00	176,92
497,00	174,29
498,00	176,32
499,00	175,25
500,00	173,78
501,00	172,14
502,00	177,09
503,00	170,35
504,00	175,93
505,00	176,46
506,00	178,31
507,00	174,91
508,00	176,57
509,00	175,70
510,00	171,15
511,00	172,59
512,00	176,88
513,00	171,12
514,00	175,69
515,00	172,57
516,00	171,93
517,00	175,41
518,00	178,42
519,00	177,81
520,00	176,01
521,00	170,03
522,00	174,75
523,00	174,21
524,00	174,81
525,00	174,70
526,00	174,16
527,00	174,96
528,00	179,17
529,00	175,88
530,00	172,20
531,00	173,37
532,00	174,13
533,00	173,54
534,00	176,43
535,00	180,34
536,00	175,35
537,00	172,63
538,00	171,92
539,00	177,57
540,00	172,11
541,00	175,59
542,00	174,13
543,00	175,00
544,00	177,20
545,00	172,17
546,00	175,88
547,00	173,38
548,00	170,74
549,00	178,28
550,00	171,64
551,00	174,11
552,00	174,53
553,00	173,24
554,00	175,27
555,00	173,24
556,00	167,39
557,00	172,57
558,00	170,93
559,00	168,89
560,00	172,34
561,00	173,85
562,00	174,55
563,00	175,11
564,00	173,66
565,00	172,61
566,00	172,93
567,00	173,81
568,00	174,31
569,00	174,05
570,00	171,63
571,00	171,31
572,00	174,18
573,00	171,63
574,00	173,67
575,00	173,06
576,00	173,54
577,00	172,60
578,00	172,47
579,00	169,55
580,00	177,01
581,00	176,41
582,00	170,69
583,00	164,34
584,00	176,31
585,00	178,51
586,00	172,42
587,00	171,49
588,00	171,30
589,00	172,76
590,00	177,10
591,00	174,85
592,00	174,24
593,00	173,97
594,00	174,77
595,00	177,55
596,00	172,69
597,00	173,22
598,00	167,62
599,00	173,84
600,00	175,92
601,00	175,23
602,00	174,38
603,00	171,62
604,00	172,69
605,00	175,25
606,00	171,73
607,00	175,02
608,00	170,44
609,00	176,35
610,00	173,69
611,00	175,16
612,00	172,80
613,00	168,32
614,00	177,79
615,00	171,80
616,00	172,45
617,00	169,53
618,00	171,35
619,00	170,23
620,00	176,73
621,00	172,60
622,00	173,99
623,00	174,88
624,00	172,79
625,00	177,15
626,00	172,06
627,00	172,29
628,00	174,38
629,00	176,64
630,00	174,49
631,00	172,05
632,00	202,43
633,00	488,84
634,00	244,47
635,00	183,31
636,00	177,63
637,00	174,19
638,00	175,96
639,00	177,35
640,00	170,92
641,00	172,15
642,00	173,94
643,00	170,13
644,00	171,75
645,00	171,64
646,00	172,05
647,00	172,12
648,00	172,71
649,00	171,71
650,00	173,07
651,00	172,24
652,00	177,33
653,00	171,08
654,00	170,46
655,00	172,31
656,00	170,04
657,00	174,08
658,00	172,25
659,00	177,90
660,00	177,42
661,00	170,54
662,00	172,69
663,00	171,36
664,00	173,58
665,00	177,03
666,00	169,13
667,00	173,90
668,00	172,42
669,00	172,01
670,00	173,13
671,00	169,93
672,00	172,92
673,00	174,50
674,00	173,96
675,00	176,47
676,00	176,59
677,00	172,72
678,00	169,79
679,00	171,34
680,00	173,77
681,00	175,21
682,00	170,80
683,00	174,36
684,00	174,06
685,00	174,94
686,00	177,07
687,00	173,12
688,00	176,11
689,00	174,47
690,00	176,07
691,00	170,39
692,00	175,34
693,00	180,30
694,00	170,40
695,00	171,46
696,00	167,92
697,00	174,10
698,00	173,12
699,00	173,51
700,00	172,37
701,00	174,24
702,00	171,83
703,00	178,52
704,00	173,96
705,00	170,76
706,00	180,98
707,00	179,75
708,00	174,16
709,00	170,36
710,00	175,54
711,00	169,04
712,00	172,90
713,00	167,56
714,00	174,50
715,00	173,29
716,00	172,11
717,00	181,88
718,00	175,38
719,00	174,27
720,00	176,98
721,00	171,12
722,00	172,11
723,00	175,65
724,00	176,63
725,00	174,61
726,00	175,20
727,00	174,08
728,00	180,42
729,00	179,55
730,00	174,06
731,00	174,97
732,00	174,97
733,00	170,67
734,00	169,75
735,00	176,34
736,00	170,54
737,00	173,66
738,00	176,02
739,00	177,62
740,00	174,96
741,00	178,03
742,00	173,07
743,00	174,14
744,00	173,70
745,00	174,93
746,00	174,46
747,00	174,75
748,00	173,22
749,00	174,67
750,00	176,19
751,00	169,88
752,00	171,78
753,00	177,44
754,00	175,42
755,00	170,12
756,00	176,34
757,00	168,97
758,00	174,16
759,00	173,87
760,00	171,82
761,00	174,12
762,00	168,81
763,00	175,64
764,00	174,51
765,00	173,11
766,00	173,58
767,00	175,11
768,00	173,87
769,00	172,39
770,00	173,66
771,00	170,95
772,00	170,22
773,00	168,82
774,00	172,22
775,00	180,33
776,00	174,94
777,00	170,70
778,00	175,24
779,00	167,77
780,00	173,05
781,00	171,62
782,00	171,45
783,00	167,99
784,00	175,00
785,00	172,52
786,00	171,70
787,00	173,55
788,00	172,81
789,00	171,52
790,00	176,76
791,00	171,36
792,00	170,95
793,00	170,97
794,00	171,59
795,00	174,28
796,00	168,70
797,00	172,81
798,00	173,13
799,00	177,34
800,00	174,88
801,00	174,92
802,00	174,32
803,00	173,86
804,00	174,32
805,00	174,86
806,00	173,38
807,00	171,37
808,00	173,96
809,00	173,66
810,00	171,17
811,00	174,23
812,00	168,91
813,00	173,59
814,00	168,44
815,00	174,96
816,00	176,38
817,00	175,63
818,00	172,95
819,00	170,93
820,00	170,77
821,00	172,36
822,00	168,13
823,00	173,29
824,00	171,74
825,00	171,75
826,00	174,51
827,00	179,98
828,00	175,88
829,00	174,97
830,00	171,40
831,00	171,30
832,00	176,96
833,00	175,96
834,00	171,90
835,00	178,47
836,00	170,95
837,00	174,41
838,00	174,12
839,00	170,17
840,00	170,18
841,00	177,12
842,00	176,61
843,00	174,96
844,00	176,44
845,00	173,17
846,00	172,66
847,00	171,63
848,00	175,15
849,00	176,52
850,00	169,54
851,00	166,08
852,00	169,24
853,00	170,20
854,00	173,70
855,00	173,64
856,00	174,24
857,00	171,97
858,00	172,96
859,00	174,19
860,00	173,01
861,00	174,72
862,00	169,09
863,00	172,22
864,00	174,31
865,00	173,66
866,00	177,91
867,00	172,04
868,00	178,23
869,00	174,50
870,00	173,29
871,00	166,61
872,00	175,21
873,00	170,43
874,00	167,25
875,00	173,30
876,00	171,11
877,00	173,58
878,00	175,08
879,00	171,49
880,00	170,16
881,00	171,74
882,00	176,57
883,00	174,39
884,00	170,54
885,00	173,96
886,00	172,66
887,00	178,72
888,00	169,17
889,00	170,64
890,00	170,12
891,00	172,64
892,00	174,05
893,00	172,57
894,00	172,30
895,00	174,40
896,00	176,33
897,00	170,17
898,00	175,18
899,00	172,19
900,00	172,09
901,00	173,34
902,00	170,85
903,00	173,94
904,00	171,49
905,00	173,00
906,00	171,25
907,00	169,07
908,00	173,05
909,00	171,44
910,00	170,75
911,00	169,87
912,00	175,91
913,00	176,16
914,00	172,86
915,00	171,54
916,00	171,88
917,00	173,89
918,00	173,22
919,00	171,98
920,00	174,00
921,00	168,95
922,00	163,46
923,00	173,53
924,00	171,72
925,00	170,53
926,00	176,56
927,00	179,99
928,00	169,14
929,00	174,44
930,00	170,46
931,00	171,05
932,00	171,12
933,00	170,49
934,00	171,52
935,00	173,63
936,00	174,23
937,00	172,67
938,00	174,22
939,00	170,83
940,00	170,01
941,00	171,79
942,00	174,78
943,00	171,19
944,00	170,01
945,00	174,38
946,00	173,71
947,00	167,78
948,00	174,43
949,00	170,00
950,00	169,05
951,00	166,27
952,00	171,59
953,00	175,10
954,00	174,87
955,00	174,87
956,00	170,98
957,00	170,54
958,00	174,44
959,00	174,98
960,00	175,30
961,00	173,71
962,00	172,10
963,00	171,11
964,00	171,06
965,00	166,55
966,00	176,50
967,00	171,77
968,00	169,00
969,00	171,92
970,00	171,89
971,00	172,77
972,00	174,04
973,00	172,20
974,00	174,14
975,00	174,29
976,00	177,01
977,00	171,19
978,00	177,02
979,00	164,36
980,00	174,00
981,00	169,43
982,00	171,06
983,00	175,39
984,00	174,82
985,00	172,04
986,00	167,80
987,00	172,18
988,00	172,57
989,00	171,75
990,00	174,56
991,00	170,11
992,00	169,66
993,00	175,07
994,00	172,84
995,00	172,49
996,00	173,91
997,00	175,88
998,00	178,04
999,00	170,20
1000,00	171,86
