0,1979.32
0.00012207,-11.5618
0.000244141,-4.76539
0.000366211,4.69768
0.000488281,0.535454
0.000610352,-2.48586
0.000732422,0.251487
0.000854492,4.8678
0.000976563,0.439243
0.00109863,-3.32245
0.0012207,-2.03536
0.00134277,5.13036
0.00146484,3.28148
0.00158691,-10.1158
0.00170898,-12.4765
0.00183105,-4.58063
0.00195313,-8.49858
0.0020752,-12.9065
0.00219727,-9.72478
0.00231934,-5.80434
0.00244141,-2.57374
0.00256348,-11.7719
0.00268555,-10.7082
0.00280762,5.47253
0.00292969,11.1815
0.00305176,3.20922
0.00317383,-5.36404
0.0032959,3.29535
0.00341797,14.6146
0.00354004,3.04302
0.00366211,-6.63284
0.00378418,5.82875
0.00390625,13.7608
0.00402832,7.07271
0.00415039,-4.19054
0.00427246,-1.03897
0.00439453,12.2113
0.0045166,5.06274
0.00463867,-9.93278
0.00476074,3.25696
0.00488281,14.2923
0.00500488,11.4531
0.00512695,-1.21399
0.00524902,5.91244
0.00537109,11.2681
0.00549316,0.57496
0.00561523,-10.5206
0.0057373,-9.12101
0.00585938,-0.693969
0.00598145,-3.52674
0.00610352,-13.4006
0.00622559,-12.0036
0.00634766,-1.8634
0.00646973,0.750639
0.0065918,-6.95913
0.00671387,-10.2187
0.00683594,-2.45489
0.00695801,-0.986981
0.00708008,-5.76671
0.00720215,-5.85063
0.00732422,-1.78926
0.00744629,4.76671
0.00756836,2.02387
0.00769043,-3.03285
0.0078125,1.18819
0.00793457,4.80747
0.00805664,0.74117
0.00817871,2.04363
0.00830078,3.04766
0.00842285,2.06921
0.00854492,7.35327
0.00866699,8.96873
0.00878906,-2.15157
0.00891113,-6.41897
0.0090332,-4.14767
0.00915527,-3.4971
0.00927734,-9.74708
0.00939941,-9.7669
0.00952148,1.28926
0.00964355,9.3673
0.00976563,2.66122
0.0098877,-2.6002
0.0100098,4.99101
0.0101318,11.401
0.0102539,2.24303
0.010376,-8.41042
0.010498,-2.09328
0.0106201,6.56417
0.0107422,-2.64052
0.0108643,-8.46459
0.0109863,-4.28609
0.0111084,1.41766
0.0112305,1.06943
0.0113525,-8.11396
0.0114746,-3.80782
0.0115967,11.4699
0.0117188,15.0576
0.0118408,2.64617
0.0119629,3.33322
0.012085,12.2864
0.012207,12.1024
0.0123291,1.34658
0.0124512,-0.686943
0.0125732,10.2083
0.0126953,6.51323
0.0128174,-10.5023
0.0129395,-12.944
0.0130615,2.36411
0.0131836,4.86588
0.0133057,-9.80754
0.0134277,-14.3135
0.0135498,0.879537
0.0136719,6.00903
0.0137939,-7.67386
0.013916,-14.2012
0.0140381,-2.5718
0.0141602,4.94095
0.0142822,-6.149
0.0144043,-11.3279
0.0145264,-1.35127
0.0146484,4.69669
0.0147705,-6.91173
0.0148926,-11.789
0.0150146,-3.08458
0.0151367,2.43724
0.0152588,-6.01719
0.0153809,-14.6788
0.0155029,-0.391052
0.015625,11.2178
0.0157471,9.22755
0.0158691,0.696265
0.0159912,3.9231
0.0161133,12.4249
0.0162354,8.16412
0.0163574,0.527098
0.0164795,1.02545
0.0166016,7.28191
0.0167236,9.59832
0.0168457,-1.46459
0.0169678,-3.50607
0.0170898,4.68859
0.0172119,5.979
0.017334,0.0275261
0.0174561,-4.23488
0.0175781,2.06043
0.0177002,2.71711
0.0178223,-6.11439
0.0179443,-3.61575
0.0180664,2.27132
0.0181885,-2.62451
0.0183105,-5.24389
0.0184326,-2.21011
0.0185547,-2.45328
0.0186768,-9.28612
0.0187988,-5.033
0.0189209,4.78348
0.019043,6.48941
0.019165,2.87534
0.0192871,3.52292
0.0194092,4.03386
0.0195313,1.5687
0.0196533,-8.86259
0.0197754,-2.67238
0.0198975,1.10566
0.0200195,-9.51019
0.0201416,-10.093
0.0202637,1.6402
0.0203857,3.89502
0.0205078,-2.20055
0.0206299,-5.65687
0.020752,3.72293
0.020874,4.33472
0.0209961,0.18712
0.0211182,-3.20464
0.0212402,3.44162
0.0213623,8.74225
0.0214844,-4.68638
0.0216064,-12.7154
0.0217285,-7.57394
0.0218506,0
0.0219727,-9.60146
0.0220947,-12.1358
0.0222168,-8.10031
0.0223389,-2.03632
0.0224609,-5.68029
0.022583,-9.10599
0.0227051,-4.27168
0.0228271,7.32326
0.0229492,8.92145
0.0230713,0.131456
0.0231934,-1.18195
0.0233154,3.5424
0.0234375,7.62838
0.0235596,2.88076
0.0236816,-3.74134
0.0238037,3.24107
0.0239258,10.5754
0.0240479,2.16519
0.0241699,-2.42369
0.024292,0.755037
0.0244141,5.54021
0.0245361,-0.571669
0.0246582,-3.24495
0.0247803,3.99388
0.0249023,7.48769
0.0250244,5.61676
0.0251465,-1.21534
0.0252686,4.72747
0.0253906,8.59405
0.0255127,1.90792
0.0256348,-6.15606
0.0257568,-7.59107
0.0258789,-1.25966
0.026001,-8.21832
0.026123,-9.90367
0.0262451,-3.30654
0.0263672,-4.99339
0.0264893,-4.11872
0.0266113,-6.23594
0.0267334,-4.28941
0.0268555,-1.32638
0.0269775,-1.65635
0.0270996,-6.72078
0.0272217,-3.76403
0.0273438,4.37015
0.0274658,3.98514
0.0275879,-1.59757
0.02771,-0.836006
0.027832,7.13707
0.0279541,5.2338
0.0280762,-0.757782
0.0281982,1.43838
0.0283203,8.44538
0.0284424,6.39712
0.0285645,4.40316
0.0286865,6.58572
0.0288086,1.95872
0.0289307,-1.83137
0.0290527,-5.03763
0.0291748,-8.33777
0.0292969,-5.65315
0.0294189,-4.14826
0.029541,-1.52287
0.0296631,4.38957
0.0297852,2.36706
0.0299072,-1.59309
0.0300293,1.98942
0.0301514,5.61463
0.0302734,0.34747
0.0303955,-5.85163
0.0305176,1.70919
0.0306396,1.1136
0.0307617,-2.07669
0.0308838,-4.14933
0.0310059,0.0246742
0.0311279,-0.394403
0.03125,-3.9648
0.0313721,-2.92765
0.0314941,1.573
0.0316162,6.82603
0.0317383,7.30997
0.0318604,1.24981
0.0319824,9.00946
0.0321045,9.53875
0.0322266,2.85883
0.0323486,1.46464
0.0324707,4.48717
0.0325928,6.94345
0.0327148,2.3609
0.0328369,-9.02103
0.032959,-9.30373
0.0330811,1.43181
0.0332031,1.81832
0.0333252,-8.69522
0.0334473,-11.058
0.0335693,0.386774
0.0336914,4.39526
0.0338135,-7.93753
0.0339355,-9.0144
0.0340576,0.216712
0.0341797,4.30596
0.0343018,-4.90256
0.0344238,-10.2997
0.0345459,0.287823
0.034668,2.06072
0.03479,-4.76376
0.0349121,-8.92034
0.0350342,-5.73402
0.0351563,-3.19837
0.0352783,-3.83907
0.0354004,-4.69291
0.0355225,-1.7373
0.0356445,6.41936
0.0357666,11.6386
0.0358887,3.34579
0.0360107,3.79293
0.0361328,5.84963
0.0362549,6.64834
0.036377,4.39639
0.036499,3.54201
0.0366211,4.76525
0.0367432,7.23517
0.0368652,0.494431
0.0369873,1.3172
0.0371094,1.73888
0.0372314,3.28657
0.0373535,0.562861
0.0374756,-3.13957
0.0375977,-2.52793
0.0377197,0.748286
0.0378418,-3.62097
0.0379639,-3.57076
0.0380859,-2.12171
0.038208,-2.56221
0.0383301,-3.35089
0.0384521,-3.71957
0.0385742,-5.89906
0.0386963,-6.58936
0.0388184,-0.6722
0.0389404,0.903111
0.0390625,3.00743
0.0391846,2.6116
0.0393066,4.52543
0.0394287,3.85209
0.0395508,-1.95873
0.0396729,-7.15966
0.0397949,-0.482978
0.039917,1.03394
0.0400391,-6.40418
0.0401611,-8.00315
0.0402832,-1.90147
0.0404053,4.57738
0.0405273,0.960312
0.0406494,-1.7817
0.0407715,2.03098
0.0408936,2.69013
0.0410156,3.09746
0.0411377,-1.11491
0.0412598,0.295503
0.0413818,4.97323
0.0415039,-1.04359
0.041626,-10.9469
0.041748,-9.28337
0.0418701,-4.77288
0.0419922,-5.83033
0.0421143,-8.4209
0.0422363,-7.12709
0.0423584,-3.6502
0.0424805,-2.61117
0.0426025,-6.4316
0.0427246,-1.61756
0.0428467,6.39661
0.0429688,6.70428
0.0430908,2.48645
0.0432129,-0.760872
0.043335,4.09128
0.043457,5.51672
0.0435791,-0.200818
0.0437012,-2.60809
0.0438232,5.38924
0.0439453,6.11816
0.0440674,1.48915
0.0441895,-1.11022
0.0443115,4.05944
0.0444336,4.47654
0.0445557,-1.81544
0.0446777,-1.65884
0.0447998,6.20905
0.0449219,6.44581
0.0450439,2.16121
0.045166,-0.0220315
0.0452881,4.88625
0.0454102,3.1004
0.0455322,-1.86721
0.0456543,-7.59323
0.0457764,-4.45064
0.0458984,-2.03697
0.0460205,-6.45505
0.0461426,-9.09383
0.0462646,-2.90457
0.0463867,-2.22539
0.0465088,-6.51707
0.0466309,-6.24941
0.0467529,-0.804887
0.046875,-0.325987
0.0469971,-4.64621
0.0471191,-2.51605
0.0472412,-0.541722
0.0473633,0.173182
0.0474854,-0.346026
0.0476074,1.31794
0.0477295,1.92101
0.0478516,4.48518
0.0479736,-1.07711
0.0480957,-0.322819
0.0482178,3.28954
0.0483398,4.01662
0.0484619,1.97416
0.048584,1.35055
0.0487061,2.91264
0.0488281,3.10235
0.0489502,-5.15129
0.0490723,-9.03265
0.0491943,-3.39194
0.0493164,-3.47388
0.0494385,-2.76787
0.0495605,-0.80828
0.0496826,3.22997
0.0498047,3.31173
0.0499268,-4.13562
0.0500488,3.32646
0.0501709,5.29173
0.050293,0.824705
0.050415,-3.78149
0.0505371,-0.33768
0.0506592,3.14158
0.0507813,-2.2117
0.0509033,-4.73474
0.0510254,0.210227
0.0511475,2.24724
0.0512695,-2.11915
0.0513916,-6.09972
0.0515137,0.523519
0.0516357,5.3556
0.0517578,6.20727
0.0518799,0.918699
0.052002,4.58901
0.052124,4.39698
0.0522461,4.08041
0.0523682,1.97582
0.0524902,-0.394778
0.0526123,5.16862
0.0527344,5.24653
0.0528564,-8.12107
0.0529785,-9.97586
0.0531006,2.10901
0.0532227,2.16892
0.0533447,-7.40842
0.0534668,-7.97844
0.0535889,2.78046
0.0537109,-0.432094
0.053833,-9.579
0.0539551,-9.17947
0.0540771,3.05684
0.0541992,4.28359
0.0543213,-7.35076
0.0544434,-7.77316
0.0545654,2.14575
0.0546875,4.89978
0.0548096,-6.99577
0.0549316,-7.66135
0.0550537,-2.58522
0.0551758,-0.752438
0.0552979,-5.22129
0.0554199,-4.6276
0.055542,2.67652
0.0556641,7.73813
0.0557861,5.62592
0.0559082,0.424565
0.0560303,3.4336
0.0561523,8.4949
0.0562744,5.12019
0.0563965,0.523602
0.0565186,1.18701
0.0566406,4.52233
0.0567627,6.24476
0.0568848,-2.52756
0.0570068,-1.60324
0.0571289,5.76602
0.057251,2.16015
0.057373,-2.89736
0.0574951,-2.47533
0.0576172,0.558399
0.0577393,-1.83295
0.0578613,-3.0652
0.0579834,-2.88325
0.0581055,-2.28448
0.0582275,-3.33408
0.0583496,-3.35065
0.0584717,-3.16912
0.0585938,-7.2027
0.0587158,-4.19088
0.0588379,0.39498
0.05896,1.91379
0.059082,0.0985525
0.0592041,4.78497
0.0593262,6.55079
0.0594482,0.373404
0.0595703,-3.29845
0.0596924,-3.55022
0.0598145,-1.15612
0.0599365,-1.09627
0.0600586,-4.45902
0.0601807,-6.09586
0.0603027,0.19519
0.0604248,4.15348
0.0605469,-1.38314
0.0606689,-1.82941
0.060791,1.24434
0.0609131,1.68988
0.0610352,-1.45537
0.0611572,-0.814211
0.0612793,4.08645
0.0614014,4.87573
0.0615234,-4.65835
0.0616455,-8.78623
0.0617676,-2.7394
0.0618896,-1.71527
0.0620117,-7.83634
0.0621338,-10.1369
0.0622559,-2.45969
0.0623779,1.70858
0.0625,-6.5208
0.0626221,-10.4423
0.0627441,-0.803939
0.0628662,8.94944
0.0629883,3.32411
0.0631104,-6.10733
0.0632324,-0.0953339
0.0633545,9.00979
0.0634766,5.09993
0.0635986,-3.59308
0.0637207,0.474811
0.0638428,8.99364
0.0639648,4.43556
0.0640869,-3.50333
0.064209,-0.340531
0.0643311,5.65108
0.0644531,3.00216
0.0645752,-1.75427
0.0646973,-1.2249
0.0648193,4.876
0.0649414,7.84289
0.0650635,0.432159
0.0651855,-2.10237
0.0653076,7.36987
0.0654297,2.90386
0.0655518,-3.81812
0.0656738,-6.18904
0.0657959,-1.8493
0.065918,-3.2471
0.06604,-9.30301
0.0661621,-6.29529
0.0662842,-0.96756
0.0664063,-3.71775
0.0665283,-7.16826
0.0666504,-4.8422
0.0667725,1.46422
0.0668945,0.259228
0.0670166,-4.25459
0.0671387,-2.4209
0.0672607,3.30472
0.0673828,2.13952
0.0675049,-2.5428
0.067627,-0.0552243
0.067749,3.67803
0.0678711,2.49862
0.0679932,-2.93668
0.0681152,0.0366727
0.0682373,3.3706
0.0683594,4.02613
0.0684814,1.07868
0.0686035,2.99544
0.0687256,5.30989
0.0688477,-0.893232
0.0689697,-2.5496
0.0690918,-1.63743
0.0692139,-2.27199
0.0693359,-5.30218
0.069458,-1.81404
0.0695801,2.17473
0.0697021,6.69886
0.0698242,-0.27131
0.0699463,-2.43941
0.0700684,3.37574
0.0701904,6.74488
0.0703125,-2.36021
0.0704346,-4.40982
0.0705566,1.88808
0.0706787,1.58084
0.0708008,-4.71996
0.0709229,-3.10173
0.0710449,2.13148
0.071167,1.48521
0.0712891,-3.5932
0.0714111,-4.08976
0.0715332,3.74677
0.0716553,7.34363
0.0717773,1.97657
0.0718994,3.30886
0.0720215,6.48685
0.0721436,4.72279
0.0722656,0.354751
0.0723877,0.86829
0.0725098,3.36355
0.0726318,7.28648
0.0727539,-3.14497
0.072876,-8.45489
0.072998,-1.72812
0.0731201,4.93267
0.0732422,-2.28793
0.0733643,-8.36918
0.0734863,-1.58086
0.0736084,5.43988
0.0737305,-2.57704
0.0738525,-7.58346
0.0739746,-1.94213
0.0740967,3.07641
0.0742188,-1.20491
0.0743408,-7.04798
0.0744629,-1.5337
0.074585,4.31804
0.074707,0.0173944
0.0748291,-8.96677
0.0749512,-4.58317
0.0750732,0.416245
0.0751953,-2.68563
0.0753174,-9.0876
0.0754395,-5.03221
0.0755615,5.13096
0.0756836,5.88535
0.0758057,-0.637963
0.0759277,2.41156
0.0760498,8.29454
0.0761719,5.63891
0.0762939,-0.721351
0.076416,0.446115
0.0765381,5.81097
0.0766602,5.18881
0.0767822,-0.342161
0.0769043,0.683654
0.0770264,4.72968
0.0771484,2.60988
0.0772705,-1.09065
0.0773926,-1.97487
0.0775146,-0.408195
0.0776367,1.17241
0.0777588,-2.00304
0.0778809,-2.78117
0.0780029,-0.965683
0.078125,2.65727
0.0782471,-3.38175
0.0783691,-5.52376
0.0784912,-2.44698
0.0786133,-0.70809
0.0787354,-5.35602
0.0788574,-2.23791
0.0789795,3.8831
0.0791016,5.69301
0.0792236,2.03004
0.0793457,1.39114
0.0794678,2.8633
0.0795898,-0.117097
0.0797119,-6.20006
0.079834,-1.55268
0.0799561,0.917353
0.0800781,-2.49943
0.0802002,-5.49338
0.0803223,-0.48228
0.0804443,3.04038
0.0805664,0.94608
0.0806885,-0.795922
0.0808105,0.0828276
0.0809326,0.844016
0.0810547,0.36373
0.0811768,-2.3289
0.0812988,0.759043
0.0814209,2.04412
0.081543,-1.77862
0.081665,-8.01244
0.0817871,-6.8705
0.0819092,-4.17082
0.0820313,-4.62608
0.0821533,-5.94903
0.0822754,-4.33872
0.0823975,-2.2572
0.0825195,-5.09826
0.0826416,-3.65672
0.0827637,0.684965
0.0828857,5.27886
0.0830078,3.04377
0.0831299,-1.15453
0.083252,0.0812255
0.083374,2.43439
0.0834961,2.18881
0.0836182,0.566916
0.0837402,1.29454
0.0838623,3.65351
0.0839844,4.1506
0.0841064,-1.98454
0.0842285,-3.12703
0.0843506,3.05956
0.0844727,3.34614
0.0845947,-1.31787
0.0847168,-1.31658
0.0848389,4.1544
0.0849609,5.83292
0.085083,1.69694
0.0852051,-0.335858
0.0853271,3.54704
0.0854492,1.22908
0.0855713,-3.90688
0.0856934,-7.39194
0.0858154,-2.56237
0.0859375,-1.87618
0.0860596,-5.75011
0.0861816,-6.91879
0.0863037,-1.37924
0.0864258,-1.21951
0.0865479,-4.57266
0.0866699,-4.69466
0.086792,-1.31069
0.0869141,-0.0473282
0.0870361,-2.96301
0.0871582,-2.86564
0.0872803,2.07635
0.0874023,3.55149
0.0875244,-1.33443
0.0876465,-1.33313
0.0877686,5.53102
0.0878906,3.96029
0.0880127,-3.01814
0.0881348,-2.35904
0.0882568,4.44814
0.0883789,3.0249
0.088501,0.233656
0.088623,3.05012
0.0887451,5.02157
0.0888672,-2.78014
0.0889893,-3.95667
0.0891113,-0.666551
0.0892334,-2.19902
0.0893555,-4.54846
0.0894775,-2.92115
0.0895996,3.84475
0.0897217,5.09048
0.0898438,-2.31159
0.0899658,-1.69351
0.0900879,4.44498
0.09021,4.04114
0.090332,-4.69727
0.0904541,-3.83389
0.0905762,4.32041
0.0906982,1.74484
0.0908203,-4.29669
0.0909424,-2.55105
0.0910645,0.88513
0.0911865,2.6528
0.0913086,-2.84821
0.0914307,-3.07368
0.0915527,3.61793
0.0916748,6.46946
0.0917969,2.04818
0.0919189,1.40959
0.092041,5.78428
0.0921631,4.65922
0.0922852,1.76817
0.0924072,-1.23802
0.0925293,3.60485
0.0926514,6.20816
0.0927734,-0.903219
0.0928955,-9.32415
0.0930176,-5.1383
0.0931396,6.88941
0.0932617,-0.704763
0.0933838,-9.52748
0.0935059,-2.70879
0.0936279,3.72282
0.09375,-1.50859
0.0938721,-6.16275
0.0939941,-4.42748
0.0941162,2.02542
0.0942383,-0.0297563
0.0943604,-3.74566
0.0944824,-2.04919
0.0946045,0.890084
0.0947266,0.207484
0.0948486,-4.51577
0.0949707,-4.51136
0.0950928,-0.295538
0.0952148,-1.78626
0.0953369,-4.24744
0.095459,-0.987156
0.0955811,6.2557
0.0957031,3.80858
0.0958252,0.51417
0.0959473,2.01064
0.0960693,6.59786
0.0961914,3.99879
0.0963135,0.629232
0.0964355,1.14028
0.0965576,3.3737
0.0966797,2.37825
0.0968018,0.131186
0.0969238,-0.436861
0.0970459,3.85517
0.097168,3.03752
0.09729,-2.43926
0.0974121,-3.26368
0.0975342,0.53617
0.0976563,1.78066
0.0977783,-3.5
0.0979004,-4.10343
0.0980225,2.03528
0.0981445,0.648923
0.0982666,-3.73127
0.0983887,-4.20257
0.0985107,-0.273188
0.0986328,-2.57121
0.0987549,-2.81265
0.098877,0.530442
0.098999,3.42302
0.0991211,2.73288
0.0992432,3.18763
0.0993652,2.5419
0.0994873,1.71197
0.0996094,-0.34206
0.0997314,-2.1785
0.0998535,-2.50355
0.0999756,-1.80477
0.100098,-2.01596
0.10022,-1.65942
0.100342,-0.580939
0.100464,0.0849324
0.100586,0.0848495
0.100708,0.268428
0.10083,0.14114
0.100952,-0.155102
0.101074,-0.126778
0.101196,-0.773999
0.101318,1.16689
0.10144,-0.0702263
0.101563,-4.23752
0.101685,-4.33151
0.101807,-3.16494
0.101929,-4.9946
0.102051,-6.14981
0.102173,-3.14172
0.102295,-2.31563
0.102417,-0.599246
0.102539,-3.77295
0.102661,-4.40907
0.102783,2.57061
0.102905,4.95574
0.103027,1.13718
0.103149,-2.14745
0.103271,2.90661
0.103394,5.61396
0.103516,-1.16038
0.103638,-2.22188
0.10376,2.74362
0.103882,6.37717
0.104004,1.84386
0.104126,-5.40246
0.104248,1.08493
0.10437,5.40564
0.104492,1.19247
0.104614,-5.18969
0.104736,1.3543
0.104858,7.35252
0.10498,4.25975
0.105103,-0.886583
0.105225,1.51253
0.105347,6.23481
0.105469,1.34638
0.105591,-4.80964
0.105713,-5.89081
0.105835,-0.637322
0.105957,0.839902
0.106079,-5.64351
0.106201,-8.77472
0.106323,-2.02608
0.106445,2.6988
0.106567,-4.2195
0.106689,-4.9965
0.106812,-1.87018
0.106934,0.228504
0.107056,-2.57823
0.107178,-4.69531
0.1073,0.0804124
0.107422,2.93219
0.107544,0.775803
0.107666,-0.0133629
0.107788,0.467244
0.10791,1.88049
0.108032,0.639541
0.108154,-0.585674
0.108276,1.36967
0.108398,2.86951
0.108521,4.35316
0.108643,2.69155
0.108765,2.50348
0.108887,-1.04541
0.109009,-3.34468
0.109131,-3.84329
0.109253,-3.9187
0.109375,-0.342716
0.109497,-1.15883
0.109619,-1.10508
0.109741,1.97143
0.109863,1.0504
0.109985,1.58718
0.110107,0.98283
0.110229,0.0523664
0.110352,-0.274656
0.110474,-0.0522643
0.110596,0.509079
0.110718,-1.63007
0.11084,-1.70665
0.110962,-0.911059
0.111084,0.988184
0.111206,-0.714435
0.111328,-2.94579
0.11145,-0.544504
0.111572,1.99457
0.111694,4.17932
0.111816,0.555838
0.111938,1.51092
0.112061,4.82506
0.112183,1.76574
0.112305,0.579423
0.112427,1.15771
0.112549,4.7934
0.112671,2.02847
0.112793,-2.15474
0.112915,-4.11308
0.113037,-0.0640041
0.113159,-0.61384
0.113281,-3.71777
0.113403,-4.27573
0.113525,0.127509
0.113647,0.58597
0.11377,-3.93235
0.113892,-4.3862
0.114014,-0.304829
0.114136,0.279154
0.114258,-3.04234
0.11438,-3.60926
0.114502,1.16396
0.114624,1.59256
0.114746,-3.77548
0.114868,-4.45299
0.11499,-1.95337
0.115112,-1.97664
0.115234,-2.69165
0.115356,-5.20212
0.115479,2.47299
0.115601,4.18869
0.115723,1.22782
0.115845,0.300396
0.115967,4.80165
0.116089,7.18296
0.116211,1.48511
0.116333,0.286758
0.116455,3.68684
0.116577,4.06899
0.116699,0.633994
0.116821,-1.17982
0.116943,1.45162
0.117065,3.34662
0.117188,0.235273
0.11731,-1.70716
0.117432,0.0123587
0.117554,1.71617
0.117676,-0.468711
0.117798,-4.17732
0.11792,-0.381624
0.118042,1.68488
0.118164,-1.48666
0.118286,-3.75598
0.118408,-1.42244
0.11853,-1.22505
0.118652,-3.12082
0.118774,-3.33786
0.118896,1.61233
0.119019,2.63579
0.119141,0.243816
0.119263,1.60762
0.119385,2.99309
0.119507,-0.0121551
0.119629,-4.05586
0.119751,-2.15939
0.119873,3.53892
0.119995,-1.45293
0.120117,-4.60855
0.120239,-0.676711
0.120361,2.76457
0.120483,-0.0361816
0.120605,-2.80737
0.120728,-0.0842592
0.12085,3.75188
0.120972,0.961083
0.121094,-2.6764
0.121216,-0.347713
0.121338,3.61747
0.12146,-0.287201
0.121582,-6.04924
0.121704,-3.76215
0.121826,-1.71816
0.121948,-4.79186
0.12207,-6.10901
0.122192,-2.9504
0.122314,-1.43811
0.122437,-1.86415
0.122559,-4.76852
0.122681,-2.27528
0.122803,3.2912
0.122925,4.15138
0.123047,-0.815286
0.123169,-1.1332
0.123291,2.0873
0.123413,2.93351
0.123535,-1.03573
0.123657,-0.293955
0.123779,3.64148
0.123901,4.13081
0.124023,0.0586189
0.124146,-1.85055
0.124268,1.47431
0.12439,3.69388
0.124512,-1.5999
0.124634,-1.83167
0.124756,2.01637
0.124878,4.28496
0.125,3.55956
0.125122,0.48809
0.125244,0.104489
0.125366,3.46796
0.125488,-0.811104
0.12561,-4.68824
0.125732,-3.97822
0.125854,-0.381259
0.125977,-1.8121
0.126099,-4.99282
0.126221,-4.84971
0.126343,-0.276198
0.126465,-0.436887
0.126587,-3.75586
0.126709,-2.48999
0.126831,0.275122
0.126953,-0.183235
0.127075,-2.97467
0.127197,-3.13178
0.127319,1.37024
0.127441,1.75676
0.127563,-0.934507
0.127686,-0.36433
0.127808,4.26532
0.12793,0.795416
0.128052,-1.23737
0.128174,0.669114
0.128296,2.73049
0.128418,1.58463
0.12854,1.71878
0.128662,3.45679
0.128784,1.83956
0.128906,-1.86032
0.129028,-2.46674
0.12915,-1.93546
0.129272,-1.91108
0.129395,-1.75199
0.129517,-1.39125
0.129639,0.683736
0.129761,2.47472
0.129883,0.167804
0.130005,-0.201168
0.130127,2.73545
0.130249,1.21581
0.130371,-1.28148
0.130493,-0.4119
0.130615,1.36795
0.130737,-1.77771
0.130859,-1.49848
0.130981,-1.40831
0.131104,1.42909
0.131226,0.365224
0.131348,-2.95211
0.13147,-0.198824
0.131592,3.47603
0.131714,4.51994
0.131836,1.12337
0.131958,2.15653
0.13208,4.82548
0.132202,3.04181
0.132324,1.29452
0.132446,0.241116
0.132568,3.26284
0.13269,1.52044
0.132813,-4.85193
0.132935,-5.58956
0.133057,0.567135
0.133179,1.25302
0.133301,-4.15813
0.133423,-4.51294
0.133545,-0.347646
0.133667,1.28069
0.133789,-1.63725
0.133911,-4.91779
0.134033,-2.21842
0.134155,2.63789
0.134277,-1.18805
0.134399,-2.11482
0.134521,-1.13184
0.134644,0.958429
0.134766,-0.903701
0.134888,-3.54679
0.13501,-3.42522
0.135132,-0.954692
0.135254,-1.26454
0.135376,-3.87555
0.135498,0.149737
0.13562,2.89565
0.135742,3.47993
0.135864,1.0131
0.135986,1.21453
0.136108,4.10835
0.13623,3.94485
0.136353,0.552377
0.136475,0.116735
0.136597,3.13816
0.136719,3.83414
0.136841,0.0317437
0.136963,-0.264272
0.137085,2.46061
0.137207,2.80637
0.137329,-0.874817
0.137451,-2.53765
0.137573,-0.494412
0.137695,0
0.137817,-2.95018
0.137939,-2.66411
0.138062,-0.670617
0.138184,0.732771
0.138306,-1.95564
0.138428,-3.24925
0.13855,-1.82657
0.138672,-2.05419
0.138794,-1.19798
0.138916,2.09181
0.139038,1.42437
0.13916,1.65149
0.139282,1.38008
0.139404,0.684184
0.139526,-1.55345
0.139648,-1.11739
0.139771,-0.0826888
0.139893,0.216846
0.140015,-1.81561
0.140137,-2.61769
0.140259,-0.607453
0.140381,1.30629
0.140503,-0.113033
0.140625,-1.38587
0.140747,-0.440994
0.140869,0.184422
0.140991,0.562961
0.141113,0.194288
0.141235,-0.204314
0.141357,-0.316377
0.141479,-1.46819
0.141602,-3.07611
0.141724,-3.59208
0.141846,-3.55807
0.141968,-2.65072
0.14209,-4.12946
0.142212,-2.54418
0.142334,-1.30629
0.142456,-1.39606
0.142578,-2.96122
0.1427,-1.88808
0.142822,3.37908
0.142944,3.02309
0.143066,0.624162
0.143188,-0.191089
0.143311,0.592802
0.143433,2.74029
0.143555,0.52145
0.143677,-0.450814
0.143799,1.73144
0.143921,3.31952
0.144043,1.0688
0.144165,-1.7164
0.144287,0.737728
0.144409,1.9222
0.144531,-0.0198997
0.144653,-0.278324
0.144775,1.16186
0.144897,2.2024
0.14502,1.15959
0.145142,-0.247535
0.145264,2.21574
0.145386,1.58113
0.145508,-0.306045
0.14563,-2.53473
0.145752,-3.04462
0.145874,-2.04746
0.145996,-2.28147
0.146118,-3.97885
0.14624,-2.91498
0.146362,-0.568699
0.146484,-1.96891
0.146606,-1.94742
0.146729,-0.371506
0.146851,0.449279
0.146973,-1.36604
0.147095,-2.7489
0.147217,-0.340843
0.147339,0.924241
0.147461,-0.61232
0.147583,0.135938
0.147705,0.98944
0.147827,2.79099
0.147949,1.09401
0.148071,-0.619009
0.148193,0.434816
0.148315,1.39005
0.148438,2.02518
0.14856,0.828551
0.148682,2.73347
0.148804,1.17309
0.148926,-1.40249
0.149048,-2.90782
0.14917,-2.26262
0.149292,-1.42713
0.149414,-1.07169
0.149536,-0.305899
0.149658,0.5157
0.14978,1.3834
0.149902,0.352661
0.150024,0.980773
0.150146,1.36984
0.150269,0.62723
0.150391,-0.645606
0.150513,-1.41326
0.150635,0.208465
0.150757,0.416523
0.150879,-0.955177
0.151001,-1.25658
0.151123,-0.953313
0.151245,-1.06554
0.151367,-1.8558
0.151489,0.348212
0.151611,2.82058
0.151733,2.55483
0.151855,0.816373
0.151978,2.4561
0.1521,2.70657
0.152222,2.47002
0.152344,0.822538
0.152466,0.868424
0.152588,2.28555
0.15271,0.130475
0.152832,-3.66837
0.152954,-2.85556
0.153076,0.529667
0.153198,0.668401
0.15332,-3.10688
0.153442,-3.07606
0.153564,1.2033
0.153687,0.416122
0.153809,-2.9562
0.153931,-4.30999
0.154053,-0.811368
0.154175,1.37245
0.154297,-2.03367
0.154419,-3.25437
0.154541,0.0183683
0.154663,1.81669
0.154785,-2.36489
0.154907,-4.0292
0.155029,-0.475714
0.155151,0.219346
0.155273,-3.02219
0.155396,-3.05573
0.155518,1.47625
0.15564,3.64151
0.155762,2.05545
0.155884,1.04489
0.156006,2.91377
0.156128,3.42781
0.15625,1.44045
0.156372,1.18563
0.156494,2.04344
0.156616,2.46599
0.156738,0.442182
0.15686,-0.802363
0.156982,1.57614
0.157104,2.78929
0.157227,-0.350569
0.157349,-0.853116
0.157471,0.403713
0.157593,0.555684
0.157715,-1.63856
0.157837,-2.84456
0.157959,-0.0178729
0.158081,0.999902
0.158203,-2.15839
0.158325,-2.29885
0.158447,0.39167
0.158569,-1.13829
0.158691,-4.46876
0.158813,-0.940808
0.158936,2.44726
0.159058,2.0994
0.15918,-0.274337
0.159302,1.18469
0.159424,1.83712
0.159546,0.661777
0.159668,-3.35854
0.15979,-1.20649
0.159912,1.45165
0.160034,-1.16019
0.160156,-3.51228
0.160278,0.0614051
0.1604,2.12079
0.160522,-1.28699
0.160645,-2.30032
0.160767,-0.166021
0.160889,1.42289
0.161011,0.00872087
0.161133,-0.871238
0.161255,0.644087
0.161377,2.16515
0.161499,-0.64283
0.161621,-4.00943
0.161743,-3.40729
0.161865,-0.727564
0.161987,-3.32276
0.162109,-3.20714
0.162231,-1.14861
0.162354,-1.14749
0.162476,-1.97382
0.162598,-3.04825
0.16272,-0.0172049
0.162842,1.91648
0.162964,1.3823
0.163086,0.197278
0.163208,-0.265637
0.16333,1.98605
0.163452,1.50519
0.163574,-0.743316
0.163696,-0.145104
0.163818,2.3194
0.16394,1.86563
0.164063,0.680845
0.164185,-1.59842
0.164307,0.738974
0.164429,2.10444
0.164551,0.559507
0.164673,-0.84691
0.164795,-0.219982
0.164917,2.22303
0.165039,2.84574
0.165161,0.0253081
0.165283,0.269691
0.165405,1.89442
0.165527,1.32059
0.165649,-2.49575
0.165771,-3.59306
0.165894,-1.16577
0.166016,-0.569746
0.166138,-2.36883
0.16626,-3.82992
0.166382,-0.918951
0.166504,-0.492411
0.166626,-2.05944
0.166748,-3.29022
0.16687,-0.224681
0.166992,-0.399044
0.167114,-2.3504
0.167236,-1.02055
0.167358,0.870354
0.16748,0.488579
0.167603,-0.876929
0.167725,0.173562
0.167847,1.9486
0.167969,0.998094
0.168091,-0.436755
0.168213,1.29252
0.168335,2.28643
0.168457,2.44853
0.168579,1.74842
0.168701,1.73851
0.168823,-0.114695
0.168945,-0.744792
0.169067,-1.12836
0.169189,-2.27903
0.169312,-1.46074
0.169434,-0.138594
0.169556,0.293208
0.169678,1.6843
0.1698,-0.585271
0.169922,0.535975
0.170044,1.41165
0.170166,1.12659
0.170288,-0.46963
0.17041,-0.202229
0.170532,0.290926
0.170654,0.597431
0.170776,-1.00012
0.170898,-0.902455
0.171021,0.394439
0.171143,0.33776
0.171265,-1.90407
0.171387,-0.850779
0.171509,1.99658
0.171631,0.825087
0.171753,0.376129
0.171875,2.19861
0.171997,2.76355
0.172119,0.622388
0.172241,0.526122
0.172363,0.748593
0.172485,1.57529
0.172607,0.850459
0.172729,-1.05608
0.172852,-2.23702
0.172974,-1.48197
0.173096,0.482951
0.173218,0.015819
0.17334,-2.68661
0.173462,-2.21823
0.173584,-0.299682
0.173706,0.496356
0.173828,-2.93587
0.17395,-3.00378
0.174072,1.52399
0.174194,1.45972
0.174316,-3.08907
0.174438,-3.31321
0.174561,1.54152
0.174683,0.617571
0.174805,-2.59283
0.174927,-4.18973
0.175049,-0.857394
0.175171,0.537295
0.175293,-3.16617
0.175415,-2.53357
0.175537,2.29817
0.175659,3.71537
0.175781,0.550175
0.175903,0.758656
0.176025,2.75324
0.176147,2.88963
0.17627,0.694687
0.176392,0.323871
0.176514,2.78873
0.176636,2.36272
0.176758,-0.715044
0.17688,0.453187
0.177002,2.39418
0.177124,1.95487
0.177246,-0.942017
0.177368,-1.87454
0.17749,0.764373
0.177612,0.18327
0.177734,-2.29627
0.177856,-1.49379
0.177979,0.753779
0.178101,-0.273834
0.178223,-1.86937
0.178345,-1.00969
0.178467,-0.80393
0.178589,-1.85633
0.178711,-2.20271
0.178833,0.0151241
0.178955,1.39006
0.179077,1.96985
0.179199,1.18377
0.179321,1.06963
0.179443,0.737472
0.179565,-0.721716
0.179688,-2.04287
0.17981,-0.592753
0.179932,0.0599671
0.180054,-1.63251
0.180176,-1.7581
0.180298,-0.171901
0.18042,0.993066
0.180542,-0.0447563
0.180664,-1.64691
0.180786,-0.305238
0.180908,1.48007
0.18103,0.854484
0.181152,-1.64791
0.181274,-0.341127
0.181396,1.26686
0.181519,-0.636514
0.181641,-4.43646
0.181763,-2.72576
0.181885,-0.184492
0.182007,-1.31967
0.182129,-3.34383
0.182251,-2.76664
0.182373,-0.860055
0.182495,-0.80781
0.182617,-2.76588
0.182739,-0.916175
0.182861,2.31383
0.182983,2.12869
0.183105,0.131543
0.183228,-0.131415
0.18335,1.80884
0.183472,1.69049
0.183594,-0.41493
0.183716,-0.407252
0.183838,1.80178
0.18396,1.84357
0.184082,0.0580086
0.184204,-0.789597
0.184326,0.390795
0.184448,1.60503
0.18457,-0.23113
0.184692,-1.06072
0.184814,1.08131
0.184937,2.75104
0.185059,0.935305
0.185181,-1.2219
0.185303,1.21352
0.185425,1.58537
0.185547,-0.945992
0.185669,-2.87816
0.185791,-1.13011
0.185913,-0.464467
0.186035,-2.34148
0.186157,-3.32337
0.186279,-1.18271
0.186401,-0.519598
0.186523,-1.66394
0.186646,-2.10986
0.186768,-0.894217
0.18689,-0.0141801
0.187012,-0.580815
0.187134,-1.01897
0.187256,-1.04626
0.187378,0.282496
0.1875,0.839604
0.187622,0.162118
0.187744,0.0704173
0.187866,0.612033
0.187988,0.021084
0.18811,-0.0280845
0.188232,-0.0420857
0.188354,1.19827
0.188477,2.3802
0.188599,2.26598
0.188721,0.810484
0.188843,-0.558409
0.188965,-0.355638
0.189087,-0.494621
0.189209,-2.13663
0.189331,-2.65601
0.189453,-0.569581
0.189575,1.52665
0.189697,1.85099
0.189819,-0.0138516
0.189941,-0.691903
0.190063,1.81793
0.190186,2.20287
0.190308,-0.0413928
0.19043,-2.09519
0.190552,0.385579
0.190674,1.69902
0.190796,-0.611599
0.190918,-1.95658
0.19104,-0.0274339
0.191162,1.3498
0.191284,-0.759807
0.191406,-1.82586
0.191528,1.09308
0.19165,3.69237
0.191772,1.53414
0.191895,0.326965
0.192017,1.68086
0.192139,2.37267
0.192261,1.14103
0.192383,0.183201
0.192505,1.34216
0.192627,2.32956
0.192749,-0.913323
0.192871,-2.96033
0.192993,-1.32342
0.193115,1.10627
0.193237,-1.1928
0.193359,-2.84107
0.193481,-0.928165
0.193604,1.31698
0.193726,-1.34254
0.193848,-2.47457
0.19397,-1.09204
0.194092,0.689386
0.194214,-0.0401192
0.194336,-1.99064
0.194458,-1.0077
0.19458,1.05338
0.194702,-0.113228
0.194824,-2.57509
0.194946,-2.55928
0.195068,-0.438305
0.19519,-0.0862485
0.195313,-2.06132
0.195435,-2.0262
0.195557,1.23041
0.195679,2.94084
0.195801,1.41287
0.195923,0.0197873
0.196045,1.476
0.196167,2.45541
0.196289,1.32844
0.196411,0.361352
0.196533,0.846706
0.196655,2.19667
0.196777,0.923664
0.196899,0.137433
0.197021,1.00686
0.197144,2.20116
0.197266,0.202283
0.197388,-1.01043
0.19751,-0.48844
0.197632,0.110605
0.197754,-1.43646
0.197876,-1.26623
0.197998,-0.168666
0.19812,0.0129616
0.198242,-2.06536
0.198364,-1.22248
0.198486,-0.988664
0.198608,-2.2078
0.19873,-1.57362
0.198853,-0.231946
0.198975,0.759526
0.199097,1.05458
0.199219,1.57391
0.199341,1.2579
0.199463,0.468045
0.199585,-1.10812
0.199707,-1.17743
0.199829,0.198177
0.199951,-0.638657
0.200073,-1.92686
0.200195,-0.89875
0.200317,0.312027
0.200439,0.22902
0.200562,-1.16941
0.200684,-0.94604
0.200806,0.964146
0.200928,0.950531
0.20105,-0.430487
0.201172,-0.303576
0.201294,1.79441
0.201416,0.61228
0.201538,-2.38998
0.20166,-2.46324
0.201782,-0.868531
0.201904,-0.880258
0.202026,-3.10302
0.202148,-2.61052
0.202271,-0.382419
0.202393,0.751566
0.202515,-3.17852
0.202637,-3.66923
0.202759,1.91089
0.202881,3.74318
0.203003,-0.617021
0.203125,-1.62511
0.203247,1.73549
0.203369,2.54787
0.203491,-0.329037
0.203613,-0.787677
0.203735,1.23923
0.203857,1.77036
0.203979,0.395778
0.204102,-0.568376
0.204224,0.160471
0.204346,1.73263
0.204468,0.511274
0.20459,-0.633853
0.204712,0.534868
0.204834,1.9347
0.204956,1.20264
0.205078,0.281976
0.2052,-0.336817
0.205322,2.31259
0.205444,0.427839
0.205566,-1.41049
0.205688,-1.51282
0.205811,-0.877552
0.205933,-0.706227
0.206055,-2.71875
0.206177,-2.03555
0.206299,-0.443136
0.206421,-0.812633
0.206543,-2.05989
0.206665,-1.59788
0.206787,0.102794
0.206909,-0.344325
0.207031,-1.58718
0.207153,-0.458204
0.207275,0.602311
0.207397,0.102293
0.20752,-0.781477
0.207642,0.462423
0.207764,1.93788
0.207886,0.275714
0.208008,-1.87422
0.20813,0.831509
0.208252,2.3905
0.208374,0.370165
0.208496,0.262442
0.208618,2.12728
0.20874,1.76207
0.208862,-1.79603
0.208984,-1.24768
0.209106,-0.154324
0.209229,-0.818303
0.209351,-2.25702
0.209473,-1.43811
0.209595,2.01612
0.209717,1.71883
0.209839,-1.56963
0.209961,-1.36177
0.210083,2.17317
0.210205,2.60643
0.210327,-1.60465
0.210449,-1.46803
0.210571,0.762629
0.210693,0.480573
0.210815,-1.14757
0.210938,-0.731152
0.21106,0.730438
0.211182,0.554591
0.211304,-1.40554
0.211426,-0.728301
0.211548,1.9383
0.21167,2.15738
0.211792,0.342753
0.211914,0.435277
0.212036,1.66403
0.212158,1.25115
0.21228,0.908515
0.212402,0.930752
0.212524,1.57092
0.212646,1.52899
0.212769,-0.213274
0.212891,-2.49344
0.213013,-0.828419
0.213135,0.500015
0.213257,-1.00479
0.213379,-2.23134
0.213501,-0.429786
0.213623,0.412192
0.213745,-1.18961
0.213867,-2.26835
0.213989,-0.82768
0.214111,0.427693
0.214233,-0.5697
0.214355,-1.61068
0.214478,-0.57996
0.2146,0.255615
0.214722,-0.635577
0.214844,-2.08062
0.214966,-1.58584
0.215088,0.254619
0.21521,-0.480477
0.215332,-2.21368
0.215454,-0.62058
0.215576,1.43158
0.215698,1.38514
0.21582,0.928147
0.215942,0.865425
0.216064,2.31865
0.216187,1.7443
0.216309,1.03659
0.216431,0.341462
0.216553,1.30859
0.216675,0.681591
0.216797,-0.0837204
0.216919,0.624502
0.217041,1.30349
0.217163,0.706759
0.217285,-0.850619
0.217407,-0.433225
0.217529,0.688045
0.217651,-0.46564
0.217773,-2.22625
0.217896,0.0165976
0.218018,1.48127
0.21814,-0.48039
0.218262,-1.6549
0.218384,-0.622737
0.218506,-0.352357
0.218628,-1.50155
0.21875,-1.61548
0.218872,0.274473
0.218994,1.46974
0.219116,0.953303
0.219238,-0.235357
0.21936,0.896762
0.219482,1.16902
0.219604,0.240125
0.219727,-1.34121
0.219849,-0.697183
0.219971,0.11427
0.220093,-0.424017
0.220215,-1.38486
0.220337,-0.244148
0.220459,0.991899
0.220581,-0.0379044
0.220703,-1.02783
0.220825,0.1243
0.220947,1.59273
0.221069,-0.0916948
0.221191,-1.30403
0.221313,-0.0484496
0.221436,0.693766
0.221558,-1.16589
0.22168,-3.03266
0.221802,-2.08594
0.221924,-1.10891
0.222046,-1.26303
0.222168,-1.83389
0.22229,-1.6131
0.222412,-0.309499
0.222534,-0.410485
0.222656,-1.27286
0.222778,-0.106411
0.2229,1.43515
0.223022,1.22134
0.223145,-0.100795
0.223267,-0.726076
0.223389,1.06423
0.223511,1.22187
0.223633,-0.0845492
0.223755,-0.406496
0.223877,1.50837
0.223999,1.78088
0.224121,-0.621119
0.224243,-0.599479
0.224365,1.55502
0.224487,1.21761
0.224609,-0.749778
0.224731,-0.728094
0.224854,1.09892
0.224976,2.35254
0.225098,0.443935
0.22522,-0.031306
0.225342,1.19368
0.225464,0.203092
0.225586,-0.681514
0.225708,-1.60077
0.22583,-1.44344
0.225952,-1.23455
0.226074,-1.508
0.226196,-1.70325
0.226318,-0.791317
0.22644,-0.480527
0.226563,-0.758801
0.226685,-1.39751
0.226807,-0.30911
0.226929,-0.530122
0.227051,-0.534746
0.227173,-0.431489
0.227295,-0.138557
0.227417,0.66135
0.227539,-0.373887
0.227661,0.0614009
0.227783,1.21148
0.227905,1.40947
0.228027,-0.357124
0.228149,-0.203872
0.228271,1.03873
0.228394,1.43449
0.228516,0.604744
0.228638,0.792
0.22876,0.699932
0.228882,-0.126675
0.229004,-1.06304
0.229126,-0.434913
0.229248,-1.41967
0.22937,-1.44352
0.229492,-0.115974
0.229614,1.30469
0.229736,1.03166
0.229858,-0.382097
0.22998,0.567563
0.230103,1.39996
0.230225,0.0601546
0.230347,-0.666062
0.230469,-0.0350217
0.230591,0.534809
0.230713,-0.25466
0.230835,-1.1673
0.230957,-0.214294
0.231079,0.00995746
0.231201,-0.741106
0.231323,-1.09318
0.231445,-0.0198567
0.231567,2.46974
0.231689,1.53589
0.231812,-0.193036
0.231934,1.3351
0.232056,2.32673
0.232178,0.838978
0.2323,-0.197214
0.232422,0.443298
0.232544,1.97813
0.232666,0.914361
0.232788,-1.32109
0.23291,-1.7074
0.233032,-0.298994
0.233154,0.391741
0.233276,-0.724012
0.233398,-1.96466
0.233521,-0.224592
0.233643,0.619464
0.233765,-1.16462
0.233887,-2.41947
0.234009,-0.977543
0.234131,0.89885
0.234253,-0.354335
0.234375,-1.84268
0.234497,-0.847776
0.234619,0.464612
0.234741,0.0918647
0.234863,-1.53602
0.234985,-2.14737
0.235107,-0.144625
0.235229,-0.462349
0.235352,-1.78504
0.235474,-0.192269
0.235596,1.33497
0.235718,1.52556
0.23584,0.297146
0.235962,0.57456
0.236084,1.45413
0.236206,1.46227
0.236328,0.453529
0.23645,0.233697
0.236572,1.18164
0.236694,0.752084
0.236816,0.114129
0.236938,-0.403813
0.237061,0.953966
0.237183,0.910361
0.237305,0.10421
0.237427,-0.66251
0.237549,-0.212742
0.237671,-0.0661217
0.237793,-0.802123
0.237915,-0.923898
0.238037,0.0800558
0.238159,0.0517503
0.238281,-0.977595
0.238403,-1.634
0.238525,-0.891253
0.238647,-1.38244
0.23877,-0.955057
0.238892,0.715594
0.239014,1.42512
0.239136,0.882244
0.239258,0.172546
0.23938,0.624286
0.239502,0.283912
0.239624,-1.18104
0.239746,-0.891882
0.239868,0.519757
0.23999,-0.236444
0.240112,-1.64886
0.240234,-0.52749
0.240356,0.684144
0.240479,-0.0184723
0.240601,-1.46712
0.240723,-0.0829633
0.240845,0.884078
0.240967,0.506008
0.241089,-0.188419
0.241211,0.0872309
0.241333,0.738446
0.241455,-0.710232
0.241577,-1.82191
0.241699,-1.86129
0.241821,-0.836079
0.241943,-0.940241
0.242065,-1.29499
0.242188,-1.34839
0.24231,-1.11498
0.242432,-0.0272789
0.242554,-1.54884
0.242676,-1.31137
0.242798,0.634646
0.24292,1.54884
0.243042,0.13573
0.243164,-0.357074
0.243286,0.690873
0.243408,1.19995
0.24353,-0.0405603
0.243652,-0.481746
0.243774,1.03902
0.243896,1.45141
0.244019,-0.148141
0.244141,-0.448475
0.244263,0.694457
0.244385,1.08319
0.244507,-0.120734
0.244629,-0.518203
0.244751,0.821174
0.244873,1.73437
0.244995,0.91311
0.245117,-0.832122
0.245239,0.88021
0.245361,1.95855
0.245483,-0.026621
0.245605,-2.04338
0.245728,-0.695223
0.24585,0.123868
0.245972,-1.16234
0.246094,-2.28708
0.246216,-0.891004
0.246338,0.23355
0.24646,-0.642736
0.246582,-1.78119
0.246704,-0.536033
0.246826,0.654024
0.246948,-0.920879
0.24707,-1.53768
0.247192,-0.227582
0.247314,0.703942
0.247437,0.22277
0.247559,-0.938213
0.247681,0
0.247803,1.71597
0.247925,0.552579
0.248047,-0.469451
0.248169,-0.091193
0.248291,0.867657
0.248413,1.27854
0.248535,1.10843
0.248657,1.24577
0.248779,0.423494
0.248901,-0.74255
0.249023,-0.625376
0.249146,-0.857437
0.249268,-1.39897
0.24939,-0.984774
0.249512,0.567089
0.249634,0.931349
0.249756,-0.120057
0.249878,-0.167059
0.25,0.774567
0.250122,0.966195
0.250244,-0.0811495
0.250366,-0.635762
0.250488,-0.0895166
0.25061,0.11498
0.250732,-0.770042
0.250854,-0.837294
0.250977,-0.0127382
0.251099,0.135742
0.251221,-0.381401
0.251343,-0.8806
0.251465,-0.118427
0.251587,0.912685
0.251709,1.44367
0.251831,1.25249
0.251953,0.977423
0.252075,0.6608
0.252197,1.60624
0.252319,0.558694
0.252441,0.339925
0.252563,0.98524
0.252686,0.435595
0.252808,-0.774101
0.25293,-1.34186
0.253052,-0.125285
0.253174,0.141851
0.253296,-0.996156
0.253418,-0.516329
0.25354,-0.178875
0.253662,-0.457141
0.253784,-0.876023
0.253906,-1.10744
0.254028,-0.83702
0.25415,0.471917
0.254272,-0.256406
0.254395,-1.20228
0.254517,-0.0866777
0.254639,0.181433
0.254761,-1.02163
0.254883,-1.31282
0.255005,-0.559153
0.255127,-0.669507
0.255249,-1.00944
0.255371,-1.53317
0.255493,0.548782
0.255615,1.62837
0.255737,0.764344
0.255859,0.106169
0.255981,1.04433
0.256104,1.90323
0.256226,0.822436
0.256348,-0.117957
0.25647,-0.0853339
0.256592,1.6563
0.256714,1.22884
0.256836,-0.22284
0.256958,-0.0404768
0.25708,1.16055
0.257202,1.01802
0.257324,-0.540802
0.257446,-1.18135
0.257568,0.479327
0.25769,0.378259
0.257813,-1.04523
0.257935,-0.951834
0.258057,0.112343
0.258179,0.408851
0.258301,-1.0892
0.258423,-1.21216
0.258545,-0.479594
0.258667,-0.678761
0.258789,-0.873551
0.258911,-0.334734
0.259033,0.955448
0.259155,1.09769
0.259277,0.576124
0.259399,0.13099
0.259521,-0.404482
0.259644,-0.344663
0.259766,-0.443271
0.259888,-1.08733
0.26001,-0.355505
0.260132,-0.0986549
0.260254,-0.279907
0.260376,-0.55139
0.260498,-0.330511
0.26062,-0.0904087
0.260742,0.0392698
0.260864,-0.270697
0.260986,0.254755
0.261108,0.015662
0.26123,0.179937
0.261353,0.234471
0.261475,-0.601221
0.261597,-1.35338
0.261719,-1.05983
0.261841,-1.01208
0.261963,-1.17053
0.262085,-1.05672
0.262207,-0.803414
0.262329,-0.752223
0.262451,-0.968413
0.262573,-1.18031
0.262695,-0.166242
0.262817,0.444167
0.262939,0.366562
0.263062,0.18503
0.263184,0.542994
0.263306,0.831009
0.263428,0.0499656
0.26355,-0.0191988
0.263672,0.774874
0.263794,0.950402
0.263916,0.624049
0.264038,0.133868
0.26416,0.0726
0.264282,0.419906
0.264404,0.240257
0.264526,-0.217163
0.264648,0.156052
0.264771,1.03807
0.264893,1.1814
0.265015,0.497148
0.265137,-0.413254
0.265259,0.996143
0.265381,1.18437
0.265503,-0.438506
0.265625,-1.63524
0.265747,-0.852664
0.265869,-0.0791525
0.265991,-1.35934
0.266113,-1.832
0.266235,-0.714047
0.266357,0.0337903
0.266479,-0.930201
0.266602,-1.06419
0.266724,0.295736
0.266846,0.0411382
0.266968,-0.717348
0.26709,-0.907007
0.267212,0.0932224
0.267334,0.677997
0.267456,-0.122813
0.267578,-0.204489
0.2677,0.553439
0.267822,0.756989
0.267944,-0.255791
0.268066,0.211099
0.268188,0.58828
0.268311,0.521173
0.268433,0.58344
0.268555,0.848482
0.268677,1.17566
0.268799,0.31664
0.268921,-0.956348
0.269043,-0.587947
0.269165,-0.704848
0.269287,-1.08925
0.269409,-0.937964
0.269531,0.245243
0.269653,0.976358
0.269775,0.135169
0.269897,-0.332117
0.27002,0.721923
0.270142,1.08547
0.270264,0.0436675
0.270386,-0.796154
0.270508,0.130747
0.27063,0.605929
0.270752,-0.391475
0.270874,-0.749596
0.270996,-0.520949
0.271118,0.166252
0.27124,-0.350232
0.271362,-0.523032
0.271484,0.587386
0.271606,1.42203
0.271729,0.676154
0.271851,0.0503027
0.271973,1.34608
0.272095,1.42366
0.272217,0.361837
0.272339,-0.390116
0.272461,0.793773
0.272583,1.40382
0.272705,-0.231957
0.272827,-1.18361
0.272949,-0.445202
0.273071,0.348697
0.273193,-0.710933
0.273315,-1.31749
0.273438,-0.26608
0.27356,0.138226
0.273682,-0.187663
0.273804,-1.50337
0.273926,-1.08137
0.274048,0.402471
0.27417,0.38797
0.274292,-1.12754
0.274414,-0.651222
0.274536,0.407935
0.274658,0.0632385
0.27478,-1.10208
0.274902,-1.22023
0.275024,-0.409848
0.275146,-0.192475
0.275269,-1.11177
0.275391,-0.761414
0.275513,0.959562
0.275635,1.36299
0.275757,0.254223
0.275879,0.107852
0.276001,0.907161
0.276123,1.44101
0.276245,0.534215
0.276367,0.273778
0.276489,0.671659
0.276611,1.34201
0.276733,-0.100207
0.276855,-0.624818
0.276978,0.813885
0.2771,1.4677
0.277222,-0.127352
0.277344,-1.11066
0.277466,-0.140844
0.277588,0.507916
0.27771,-0.198854
0.277832,-0.90767
0.277954,-0.342183
0.278076,0.0717882
0.278198,-0.3381
0.27832,-0.460595
0.278442,-0.497639
0.278564,-1.15435
0.278687,-0.98313
0.278809,-0.0781659
0.278931,0.845404
0.279053,0.742823
0.279175,0.677715
0.279297,0.633045
0.279419,0.419363
0.279541,-0.246642
0.279663,-0.867468
0.279785,-0.198952
0.279907,0.367197
0.280029,-0.639443
0.280151,-1.21712
0.280273,-0.043666
0.280396,0.241606
0.280518,-0.405636
0.28064,-0.344957
0.280762,0.0669165
0.280884,0.317543
0.281006,-0.123554
0.281128,0.243531
0.28125,0.409932
0.281372,0.00998855
0.281494,-1.12761
0.281616,-1.18965
0.281738,-0.703795
0.28186,-0.630144
0.281982,-1.54069
0.282104,-0.926821
0.282227,-0.562164
0.282349,-0.171788
0.282471,-1.13864
0.282593,-1.60243
0.282715,-0.14164
0.282837,1.4216
0.282959,0.460254
0.283081,-0.640442
0.283203,0.465918
0.283325,1.27838
0.283447,0.0851424
0.283569,-0.320608
0.283691,0.356247
0.283813,1.11667
0.283936,0.463196
0.284058,-0.10428
0.28418,-0.0358114
0.284302,0.465093
0.284424,0.510128
0.284546,-0.175287
0.284668,-0.197816
0.28479,0.686821
0.284912,1.02599
0.285034,0.126103
0.285156,0.180894
0.285278,1.0359
0.2854,0.209556
0.285522,-0.666704
0.285645,-0.646748
0.285767,-0.559325
0.285889,-0.793209
0.286011,-0.991345
0.286133,-0.961532
0.286255,-0.838918
0.286377,-0.118357
0.286499,-0.0990676
0.286621,-0.498047
0.286743,-0.510319
0.286865,-0.00955912
0.286987,-0.362893
0.287109,-0.58515
0.287231,-0.365362
0.287354,0.203133
0.287476,0.44392
0.287598,0.218576
0.28772,-0.0981048
0.287842,-0.00316158
0.287964,0.325325
0.288086,0.624772
0.288208,0.116636
0.28833,0.0440896
0.288452,0.865201
0.288574,0.886358
0.288696,0.593468
0.288818,-0.272917
0.28894,-0.676926
0.289063,-0.162805
0.289185,-0.491065
0.289307,-1.10929
0.289429,-0.393334
0.289551,0.492747
0.289673,0.750862
0.289795,-0.152516
0.289917,-0.236324
0.290039,0.810795
0.290161,0.704486
0.290283,-0.669693
0.290405,-0.390273
0.290527,0.662198
0.290649,0.395694
0.290771,-0.880178
0.290894,-0.691114
0.291016,0.077058
0.291138,0.603545
0.29126,-0.793687
0.291382,-0.805205
0.291504,0.721521
0.291626,1.65941
0.291748,0.456582
0.29187,0.0581651
0.291992,1.00313
0.292114,0.986877
0.292236,0.634892
0.292358,0.0426914
0.29248,0.426497
0.292603,0.928248
0.292725,-0.0212833
0.292847,-1.22715
0.292969,-1.03478
0.293091,0.25162
0.293213,0.124173
0.293335,-1.17093
0.293457,-0.398997
0.293579,0.48316
0.293701,-0.168941
0.293823,-0.949366
0.293945,-1.12006
0.294067,-0.150399
0.294189,0.0901513
0.294312,-0.819576
0.294434,-0.821775
0.294556,0.170786
0.294678,-0.0239466
0.2948,-0.843294
0.294922,-1.13524
0.295044,-0.802849
0.295166,-0.342891
0.295288,-0.774474
0.29541,-0.717177
0.295532,0.781882
0.295654,1.04545
0.295776,0.430234
0.295898,0.512813
0.296021,1.15196
0.296143,1.14788
0.296265,0.387179
0.296387,0.00295268
0.296509,0.622408
0.296631,0.97543
0.296753,-0.0206083
0.296875,-0.567646
0.296997,0.766896
0.297119,0.992176
0.297241,-0.334312
0.297363,-0.758793
0.297485,0.11122
0.297607,0.274855
0.297729,-0.67186
0.297852,-0.519454
0.297974,-0.154518
0.298096,-0.579605
0.298218,-0.45974
0.29834,-0.0436036
0.298462,-0.412377
0.298584,-1.21562
0.298706,-0.791263
0.298828,0.440127
0.29895,0.963284
0.299072,-0.404589
0.299194,0.21942
0.299316,1.12775
0.299438,0.561886
0.299561,-0.690877
0.299683,-0.649941
0.299805,0.35913
0.299927,-0.100458
0.300049,-1.17278
0.300171,-0.867984
0.300293,0.457894
0.300415,0.643285
0.300537,-0.756907
0.300659,-0.636323
0.300781,0.453258
0.300903,0.549644
0.301025,-0.37271
0.301147,-0.275707
0.30127,0.315192
0.301392,0.394314
0.301514,-1.05142
0.301636,-1.31937
0.301758,-0.345076
0.30188,-0.310831
0.302002,-1.31833
0.302124,-1.02656
0.302246,-0.360636
0.302368,-0.137921
0.30249,-1.36099
0.302612,-0.986038
0.302734,0.519199
0.302856,1.39626
0.302979,0.0952343
0.303101,-0.593234
0.303223,0.466856
0.303345,1.16181
0.303467,0.267848
0.303589,-0.445978
0.303711,0.228341
0.303833,0.987584
0.303955,0.152857
0.304077,-0.347062
0.304199,0.221903
0.304321,0.720481
0.304443,0.127345
0.304565,-0.12169
0.304688,0.295638
0.30481,0.728713
0.304932,0.614941
0.305054,0.212127
0.305176,0.302742
0.305298,0.846851
0.30542,0.148329
0.305542,-0.894593
0.305664,-0.457826
0.305786,-0.241014
0.305908,-0.834517
0.30603,-1.06878
0.306152,-0.576195
0.306274,-0.169143
0.306396,-0.504209
0.306519,-0.710649
0.306641,-0.571229
0.306763,0.116852
0.306885,-0.469666
0.307007,-1.11199
0.307129,-0.0162572
0.307251,0.0351895
0.307373,-0.265016
0.307495,-0.416047
0.307617,0.207821
0.307739,0.563534
0.307861,0.161622
0.307983,-0.142627
0.308105,0.371006
0.308228,0.526421
0.30835,0.279053
0.308472,0.227849
0.308594,0.698949
0.308716,0.853437
0.308838,0.00267279
0.30896,-0.555387
0.309082,-0.250747
0.309204,-0.551639
0.309326,-0.396686
0.309448,-0.236715
0.30957,0.393255
0.309692,0.469852
0.309814,0.0185636
0.309937,0.0609351
0.310059,0.598169
0.310181,0.69542
0.310303,-0.324917
0.310425,-0.414327
0.310547,0.274191
0.310669,0.497802
0.310791,-0.265762
0.310913,-0.43637
0.311035,-0.0604019
0.311157,0.220383
0.311279,-0.642156
0.311401,-0.340403
0.311523,1.0019
0.311646,1.01138
0.311768,0.12793
0.31189,0.174755
0.312012,0.875526
0.312134,0.695051
0.312256,0.299074
0.312378,0.140298
0.3125,0.477585
0.312622,0.474526
0.312744,-0.124344
0.312866,-0.887677
0.312988,-0.592069
0.31311,0.452013
0.313232,-0.0154825
0.313354,-0.683141
0.313477,-0.406909
0.313599,0.0900501
0.313721,-0.210769
0.313843,-0.788327
0.313965,-0.818341
0.314087,-0.0128141
0.314209,0.281636
0.314331,-0.621552
0.314453,-0.871368
0.314575,-0.125089
0.314697,0.0994635
0.314819,-0.575816
0.314941,-1.39995
0.315063,-0.51112
0.315186,0.0203232
0.315308,-0.307089
0.31543,-0.278899
0.315552,0.34955
0.315674,1.04763
0.315796,0.535942
0.315918,0.106074
0.31604,0.744314
0.316162,1.09143
0.316284,0.707607
0.316406,0.231446
0.316528,0.329237
0.31665,0.725623
0.316772,0.270902
0.316895,0.0826949
0.317017,-0.00250346
0.317139,0.307625
0.317261,0.214878
0.317383,-0.209676
0.317505,-0.104735
0.317627,-0.254109
0.317749,-0.410658
0.317871,-0.275991
0.317993,-0.300562
0.318115,-0.565795
0.318237,-0.146269
0.318359,0.210521
0.318481,-0.484962
0.318604,-1.27055
0.318726,-0.572917
0.318848,0.814129
0.31897,0.497859
0.319092,-0.184668
0.319214,0.452611
0.319336,1.06653
0.319458,0.346161
0.31958,-1.01785
0.319702,-0.801232
0.319824,0.553216
0.319946,0.127164
0.320068,-1.36813
0.32019,-0.483258
0.320313,0.770508
0.320435,0.52129
0.320557,-0.671662
0.320679,-0.491099
0.320801,0.541624
0.320923,0.397936
0.321045,-0.654499
0.321167,-0.266387
0.321289,0.958059
0.321411,0.135351
0.321533,-1.2387
0.321655,-1.16271
0.321777,-0.171103
0.321899,-0.125193
0.322021,-1.11842
0.322144,-1.18221
0.322266,-0.225648
0.322388,-0.0407689
0.32251,-0.632499
0.322632,-0.854476
0.322754,0.361064
0.322876,0.752478
0.322998,-0.0238649
0.32312,-0.283715
0.323242,0.331075
0.323364,0.992254
0.323486,0.0499209
0.323608,-0.458349
0.32373,0.310804
0.323853,0.881726
0.323975,0.333876
0.324097,-0.536992
0.324219,0.106348
0.324341,0.705936
0.324463,0.259455
0.324585,-0.421793
0.324707,0.143599
0.324829,0.914844
0.324951,0.775331
0.325073,-0.272275
0.325195,-0.0140695
0.325317,0.726211
0.325439,0.407217
0.325562,-0.63361
0.325684,-0.670364
0.325806,-0.247349
0.325928,-0.46391
0.32605,-0.961848
0.326172,-0.846903
0.326294,-0.148761
0.326416,-0.267043
0.326538,-0.920981
0.32666,-0.0927034
0.326782,0.439912
0.326904,-0.208176
0.327026,-0.915079
0.327148,-0.198535
0.327271,0.0945582
0.327393,0.126723
0.327515,-0.168031
0.327637,0.091982
0.327759,0.404326
0.327881,0.18131
0.328003,-0.0114641
0.328125,0.201571
0.328247,0.258583
0.328369,0.272048
0.328491,0.648623
0.328613,0.725566
0.328735,0.264414
0.328857,-0.184453
0.328979,-0.373097
0.329102,-0.15682
0.329224,-0.2929
0.329346,-0.567081
0.329468,-0.235676
0.32959,0.49353
0.329712,0.429721
0.329834,-0.284695
0.329956,-0.065461
0.330078,0.708093
0.3302,0.50239
0.330322,-0.375862
0.330444,-0.202363
0.330566,0.420055
0.330688,0.0718108
0.330811,-0.598587
0.330933,-0.318039
0.331055,0.360241
0.331177,-0.0692955
0.331299,-0.8553
0.331421,0.245408
0.331543,0.976215
0.331665,0.460911
0.331787,-0.00444895
0.331909,0.488902
0.332031,0.959088
0.332153,0.0554486
0.332275,-0.104142
0.332397,0.469287
0.33252,0.838142
0.332642,0.145814
0.332764,-0.752635
0.332886,-0.560067
0.333008,-0.0286368
0.33313,0.19146
0.333252,-0.459494
0.333374,-0.658917
0.333496,0.0702159
0.333618,-0.0898763
0.33374,-0.435803
0.333862,-0.393809
0.333984,-0.28414
0.334106,-0.181235
0.334229,-0.373024
0.334351,-0.246261
0.334473,-0.187237
0.334595,-0.0391508
0.334717,-0.382434
0.334839,-0.805367
0.334961,-0.596388
0.335083,-0.266488
0.335205,-0.170992
0.335327,-0.771955
0.335449,-0.0172818
0.335571,0.485577
0.335693,0.623088
0.335815,0.299393
0.335938,0.451879
0.33606,0.700804
0.336182,0.399455
0.336304,0.227424
0.336426,0.407249
0.336548,0.464667
0.33667,0.526252
0.336792,-0.0448801
0.336914,0.166535
0.337036,0.330611
0.337158,0.351598
0.33728,0.0936678
0.337402,-0.0659288
0.337524,-0.295328
0.337646,-0.220749
0.337769,-0.352005
0.337891,-0.0550796
0.338013,-0.260314
0.338135,-0.441891
0.338257,-0.329511
0.338379,-0.145603
0.338501,-0.322543
0.338623,-0.574957
0.338745,-0.418699
0.338867,0.533898
0.338989,0.45778
0.339111,0.157339
0.339233,0.475749
0.339355,0.464816
0.339478,0.0125503
0.3396,-0.351066
0.339722,-0.48642
0.339844,-0.143907
0.339966,-0.0916769
0.340088,-0.697313
0.34021,-0.328561
0.340332,0.34486
0.340454,0.0560369
0.340576,-0.344187
0.340698,-0.173997
0.34082,0.186243
0.340942,0.144715
0.341064,-0.117724
0.341187,-0.107293
0.341309,0.208192
0.341431,0.170921
0.341553,-0.740621
0.341675,-0.951592
0.341797,-0.310043
0.341919,-0.336407
0.342041,-0.745931
0.342163,-0.696069
0.342285,-0.327242
0.342407,-0.179807
0.342529,-0.493988
0.342651,-0.389502
0.342773,0.321892
0.342896,0.596343
0.343018,0.437162
0.34314,-0.243759
0.343262,0.215111
0.343384,0.545361
0.343506,0.358493
0.343628,-0.289348
0.34375,0.0505359
0.343872,0.533138
0.343994,0.332886
0.344116,-0.143102
0.344238,-0.36244
0.34436,0.285646
0.344482,0.53456
0.344604,0.0381456
0.344727,0.158451
0.344849,0.553034
0.344971,0.604541
0.345093,0.131989
0.345215,-0.161829
0.345337,0.413158
0.345459,0.00199398
0.345581,-0.543827
0.345703,-0.543296
0.345825,-0.377749
0.345947,-0.427036
0.346069,-0.787756
0.346191,-0.660118
0.346313,-0.467375
0.346436,-0.237416
0.346558,-0.326129
0.34668,-0.205359
0.346802,-0.234749
0.346924,-0.00591227
0.347046,-0.283512
0.347168,-0.491727
0.34729,-0.326188
0.347412,0.22379
0.347534,0.319668
0.347656,-0.0587773
0.347778,0.0293599
0.3479,0.193586
0.348022,0.236375
0.348145,-0.0136612
0.348267,-0.169624
0.348389,0.436306
0.348511,0.611011
0.348633,0.316871
0.348755,-0.0019421
0.348877,-0.0620864
0.348999,-0.100792
0.349121,-0.431821
0.349243,-0.63259
0.349365,-0.208725
0.349487,0.125499
0.349609,0.416635
0.349731,0.285194
0.349854,-0.179035
0.349976,0.215401
0.350098,0.505314
0.35022,0.0345505
0.350342,-0.226276
0.350464,-0.0268202
0.350586,0.304303
0.350708,-0.143399
0.35083,-0.219664
0.350952,-0.0343486
0.351074,0.16395
0.351196,-0.238067
0.351318,-0.646909
0.35144,0.226197
0.351563,0.883017
0.351685,0.246624
0.351807,-0.00568576
0.351929,0.651332
0.352051,0.747166
0.352173,0.115272
0.352295,-0.0377574
0.352417,0.392293
0.352539,0.751789
0.352661,0.0583527
0.352783,-0.793574
0.352905,-0.349433
0.353027,0.133255
0.353149,0.10875
0.353271,-0.430831
0.353394,-0.623159
0.353516,0.00186953
0.353638,-0.0354862
0.35376,-0.462737
0.353882,-0.533119
0.354004,0.0409691
0.354126,-0.111625
0.354248,-0.328972
0.35437,-0.477194
0.354492,0.0797638
0.354614,-0.113043
0.354736,-0.362865
0.354858,-0.845243
0.35498,-0.476717
0.355103,-0.11814
0.355225,-0.409398
0.355347,-0.455057
0.355469,0.272399
0.355591,0.529557
0.355713,0.218597
0.355835,0.24591
0.355957,0.762678
0.356079,0.798565
0.356201,0.375106
0.356323,0.217532
0.356445,0.48212
0.356567,0.423268
0.356689,0.136699
0.356812,-0.0855809
0.356934,0.534814
0.357056,0.452512
0.357178,-0.228759
0.3573,-0.313783
0.357422,0.155832
0.357544,0.15387
0.357666,-0.251377
0.357788,-0.803982
0.35791,0.0180494
0.358032,0.201956
0.358154,-0.464765
0.358276,-0.386926
0.358398,0.0521391
0.358521,-0.213741
0.358643,-0.654953
0.358765,-0.428441
0.358887,0.454886
0.359009,0.484858
0.359131,0.0983068
0.359253,0.31606
0.359375,0.774217
0.359497,-0.0784154
0.359619,-0.678343
0.359741,-0.643886
0.359863,0.298528
0.359985,-0.0656831
0.360107,-0.682793
0.360229,-0.318916
0.360352,0.327455
0.360474,0.0512807
0.360596,-0.210222
0.360718,-0.23649
0.36084,0.238022
0.360962,0.191993
0.361084,-0.496231
0.361206,-0.142395
0.361328,0.437307
0.36145,-0.354417
0.361572,-0.762479
0.361694,-0.437779
0.361816,-0.0787233
0.361938,-0.562759
0.362061,-0.822362
0.362183,-0.18315
0.362305,-0.0331091
0.362427,-0.3151
0.362549,-0.657412
0.362671,-0.0938243
0.362793,0.623149
0.362915,0.530634
0.363037,0.0242537
0.363159,-0.173071
0.363281,0.342347
0.363403,0.526838
0.363525,0.132875
0.363647,-0.129297
0.36377,0.382347
0.363892,0.648667
0.364014,0.137514
0.364136,-0.164856
0.364258,0.209299
0.36438,0.383912
0.364502,0.114719
0.364624,-0.307899
0.364746,0.280256
0.364868,0.679471
0.36499,0.337698
0.365112,-0.0800824
0.365234,0.497048
0.365356,0.268688
0.365479,-0.275221
0.365601,-0.353026
0.365723,0.0237381
0.365845,-0.26764
0.365967,-0.797061
0.366089,-0.645818
0.366211,-0.0878265
0.366333,-0.128237
0.366455,-0.544473
0.366577,-0.516997
0.366699,0.0555188
0.366821,0.184882
0.366943,-0.411381
0.367065,-0.568661
0.367188,-0.0318407
0.36731,0.231039
0.367432,-0.0401414
0.367554,-0.130332
0.367676,0.302142
0.367798,0.408578
0.36792,-0.131617
0.368042,-0.084885
0.368164,0.384104
0.368286,0.340539
0.368408,0.139402
0.36853,0.144239
0.368652,0.528361
0.368774,0.294534
0.368896,-0.451289
0.369019,-0.346806
0.369141,-0.0181483
0.369263,-0.407114
0.369385,-0.589493
0.369507,-0.111861
0.369629,0.504528
0.369751,0.149405
0.369873,-0.408412
0.369995,-0.00491583
0.370117,0.55822
0.370239,0.161906
0.370361,-0.455834
0.370483,0.0310121
0.370605,0.192414
0.370728,-0.0684194
0.37085,-0.392214
0.370972,-0.0390205
0.371094,0.0048728
0.371216,-0.350499
0.371338,-0.26586
0.37146,0.312567
0.371582,0.433607
0.371704,0.181032
0.371826,0.345563
0.371948,0.512998
0.37207,0.320714
0.372192,0.202867
0.372314,0.133504
0.372437,0.39048
0.372559,0.353176
0.372681,0.0128302
0.372803,-0.230719
0.372925,-0.211286
0.373047,0.073558
0.373169,-0.097449
0.373291,-0.373456
0.373413,-0.508616
0.373535,0.0605284
0.373657,0.00318259
0.373779,-0.297282
0.373901,-0.549515
0.374023,-0.18881
0.374146,0.0697441
0.374268,-0.167856
0.37439,-0.210406
0.374512,-0.0426723
0.374634,-0.208417
0.374756,-0.362796
0.374878,-0.463295
0.375,-0.305413
0.375122,-0.320843
0.375244,-0.35981
0.375366,-0.257429
0.375488,0.163088
0.37561,0.473121
0.375732,0.375623
0.375854,0.107886
0.375977,0.579518
0.376099,0.647615
0.376221,0.0919807
0.376343,0.0965634
0.376465,0.454338
0.376587,0.540943
0.376709,0.055905
0.376831,-0.23271
0.376953,0.153439
0.377075,0.538834
0.377197,0.153139
0.377319,-0.431154
0.377441,-0.0910869
0.377563,0.23752
0.377686,-0.12943
0.377808,-0.52645
0.37793,-0.21222
0.378052,0.204331
0.378174,0.0460448
0.378296,-0.436998
0.378418,-0.399808
0.37854,-0.105593
0.378662,-0.415845
0.378784,-0.28256
0.378906,0.189206
0.379028,0.388714
0.37915,0.272596
0.379272,0.143011
0.379395,-0.0638362
0.379517,-0.0379607
0.379639,-0.301872
0.379761,-0.206103
0.379883,-0.222556
0.380005,-0.131588
0.380127,-0.253853
0.380249,-0.107178
0.380371,0.126679
0.380493,-0.0858768
0.380615,-0.441006
0.380737,-0.0736798
0.380859,0.35452
0.380981,-0.028514
0.381104,-0.178413
0.381226,0.182733
0.381348,0.333685
0.38147,-0.281038
0.381592,-0.721325
0.381714,-0.368516
0.381836,-0.321951
0.381958,-0.571798
0.38208,-0.440331
0.382202,-0.216978
0.382324,-0.219736
0.382446,-0.329282
0.382568,-0.432687
0.38269,0.0473714
0.382813,0.335713
0.382935,0.141837
0.383057,0.137271
0.383179,0.197595
0.383301,0.15468
0.383423,0.0485664
0.383545,0.0705731
0.383667,0.282017
0.383789,0.233317
0.383911,-0.0601048
0.384033,0.196248
0.384155,0.118512
0.384277,0.135937
0.384399,-0.00438077
0.384521,-0.0510591
0.384644,0.166144
0.384766,0.281005
0.384888,0.226912
0.38501,0.263019
0.385132,0.193079
0.385254,0.413338
0.385376,0.128951
0.385498,-0.411084
0.38562,-0.263184
0.385742,-0.112683
0.385864,-0.259784
0.385986,-0.772824
0.386108,-0.567528
0.38623,-0.0920974
0.386353,-0.0172514
0.386475,-0.517037
0.386597,-0.540924
0.386719,0.233646
0.386841,0.121721
0.386963,-0.53505
0.387085,-0.413044
0.387207,0.245586
0.387329,0.293845
0.387451,-0.212331
0.387573,-0.15233
0.387695,0.455122
0.387817,0.504408
0.387939,-0.0667156
0.388062,-0.073741
0.388184,0.136004
0.388306,0.34251
0.388428,0.288445
0.38855,0.296639
0.388672,0.469926
0.388794,0.0831788
0.388916,-0.318306
0.389038,-0.378499
0.38916,-0.144786
0.389282,-0.258394
0.389404,-0.230083
0.389526,0.00420473
0.389648,0.327648
0.389771,0.183248
0.389893,-0.131363
0.390015,0.103312
0.390137,0.228739
0.390259,0.140732
0.390381,-0.277013
0.390503,0.033376
0.390625,0.34177
0.390747,-0.201253
0.390869,-0.328624
0.390991,0.0484836
0.391113,0.0553557
0.391235,-0.300012
0.391357,-0.436457
0.391479,0.259411
0.391602,0.58724
0.391724,0.232739
0.391846,0.125199
0.391968,0.523672
0.39209,0.550623
0.392212,0.135807
0.392334,-0.241198
0.392456,0.343646
0.392578,0.610026
0.3927,-0.0409931
0.392822,-0.641598
0.392944,-0.17729
0.393066,0.252051
0.393188,-0.138833
0.393311,-0.644536
0.393433,-0.164373
0.393555,0.393567
0.393677,-0.189812
0.393799,-0.770698
0.393921,-0.445189
0.394043,0.216294
0.394165,0.00540207
0.394287,-0.569362
0.394409,-0.219705
0.394531,0.315096
0.394653,-0.177573
0.394775,-0.591333
0.394897,-0.385334
0.39502,-0.197173
0.395142,-0.108541
0.395264,-0.472561
0.395386,-0.413254
0.395508,0.301956
0.39563,0.363061
0.395752,0.0413379
0.395874,0.0985812
0.395996,0.564292
0.396118,0.565071
0.39624,0.184631
0.396362,0.0902349
0.396484,0.234647
0.396606,0.301962
0.396729,0.0542472
0.396851,-0.130859
0.396973,0.485952
0.397095,0.397089
0.397217,-0.229322
0.397339,-0.156682
0.397461,0.263074
0.397583,0.107755
0.397705,-0.333453
0.397827,-0.398703
0.397949,0.191296
0.398071,0.112571
0.398193,-0.381845
0.398315,-0.309619
0.398438,-0.0600363
0.39856,-0.126475
0.398682,-0.424644
0.398804,-0.12883
0.398926,0.369214
0.399048,0.437688
0.39917,0.156999
0.399292,0.0129625
0.399414,0.0220146
0.399536,-0.0439863
0.399658,-0.258491
0.39978,-0.205299
0.399902,-0.117384
0.400024,-0.0695883
0.400146,-0.350177
0.400269,-0.217361
0.400391,0.231282
0.400513,0.0718843
0.400635,-0.274432
0.400757,-0.114022
0.400879,0.287976
0.401001,0.19819
0.401123,-0.0344897
0.401245,-0.0382844
0.401367,0.114741
0.401489,-0.336246
0.401611,-0.278659
0.401733,-0.322878
0.401855,-0.455906
0.401978,-0.454192
0.4021,-0.314329
0.402222,-0.2811
0.402344,-0.173302
0.402466,-0.149122
0.402588,-0.20579
0.40271,0.0239643
0.402832,0.191528
0.402954,-0.0113294
0.403076,0.0980921
0.403198,0.148251
0.40332,0.184505
0.403442,0.114106
0.403564,0.00250539
0.403687,0.035041
0.403809,0.391326
0.403931,0.19235
0.404053,0.0923375
0.404175,0.0261783
0.404297,0.0635138
0.404419,0.185379
0.404541,-0.0783052
0.404663,0.0980964
0.404785,0.176153
0.404907,0.345766
0.405029,0.232762
0.405151,0.123689
0.405273,0.263199
0.405396,-0.0493789
0.405518,-0.263919
0.40564,-0.248877
0.405762,-0.178475
0.405884,-0.178301
0.406006,-0.443474
0.406128,-0.300679
0.40625,-0.078468
0.406372,-0.124936
0.406494,-0.331614
0.406616,-0.162589
0.406738,0.0305321
0.40686,0.0183014
0.406982,-0.43149
0.407104,-0.152214
0.407227,0.13625
0.407349,0.201745
0.407471,-0.159053
0.407593,-0.178305
0.407715,0.179343
0.407837,0.307491
0.407959,-0.0580518
0.408081,0.0217482
0.408203,0.257102
0.408325,0.247204
0.408447,0.0626443
0.408569,0.31773
0.408691,0.402786
0.408813,-0.0744728
0.408936,-0.3036
0.409058,-0.200205
0.40918,-0.0838362
0.409302,-0.275193
0.409424,-0.288073
0.409546,0.0919501
0.409668,0.354318
0.40979,0.125142
0.409912,-0.196459
0.410034,0.222437
0.410156,0.292332
0.410278,-0.0819154
0.4104,-0.307179
0.410522,0.0627978
0.410645,0.143229
0.410767,-0.145454
0.410889,-0.220921
0.411011,0.0566517
0.411133,0.0330146
0.411255,-0.265037
0.411377,-0.100027
0.411499,0.385611
0.411621,0.284228
0.411743,0.0492807
0.411865,0.19693
0.411987,0.449687
0.412109,0.306518
0.412231,0.157785
0.412354,0.0455377
0.412476,0.305621
0.412598,0.302992
0.41272,-0.156005
0.412842,-0.436156
0.412964,-0.135948
0.413086,0.0406284
0.413208,-0.193666
0.41333,-0.506285
0.413452,-0.121529
0.413574,0.256696
0.413696,-0.139774
0.413818,-0.502003
0.41394,-0.380458
0.414063,0.124392
0.414185,0.0805458
0.414307,-0.385093
0.414429,-0.289399
0.414551,0.187008
0.414673,-0.0515776
0.414795,-0.381302
0.414917,-0.47702
0.415039,-0.126853
0.415161,-0.0890526
0.415283,-0.407189
0.415405,-0.199408
0.415527,0.384766
0.415649,0.457174
0.415771,0.172693
0.415894,0.150959
0.416016,0.401408
0.416138,0.447462
0.41626,0.0509269
0.416382,0.0192203
0.416504,0.275598
0.416626,0.327236
0.416748,0.0281824
0.41687,-0.154289
0.416992,0.256522
0.417114,0.424872
0.417236,-0.092078
0.417358,-0.344395
0.41748,0.0526734
0.417603,0.133234
0.417725,-0.438462
0.417847,-0.327408
0.417969,-0.0279085
0.418091,0.00446102
0.418213,0.00891331
0.418335,-0.292739
0.418457,-0.194598
0.418579,-0.267728
0.418701,-0.256368
0.418823,-0.106439
0.418945,0.278021
0.419067,0.245659
0.419189,0.168035
0.419312,0.288252
0.419434,0.00772335
0.419556,-0.138885
0.419678,-0.23235
0.4198,-0.0968096
0.419922,0.0395653
0.420044,-0.218494
0.420166,-0.338939
0.420288,0.0679408
0.42041,0.226613
0.420532,-0.0218736
0.420654,-0.285172
0.420776,-0.0207394
0.420898,0.211554
0.421021,0.0512026
0.421143,-0.218759
0.421265,0.00761104
0.421387,0.184659
0.421509,-0.199671
0.421631,-0.497607
0.421753,-0.500371
0.421875,-0.253187
0.421997,-0.235645
0.422119,-0.286169
0.422241,-0.254604
0.422363,-0.157356
0.422485,-0.254107
0.422607,-0.314097
0.422729,-0.0881192
0.422852,0.257658
0.422974,0.144791
0.423096,0.0160722
0.423218,0.142368
0.42334,0.259862
0.423462,0.0897411
0.423584,0.00640382
0.423706,0.146078
0.423828,0.220501
0.42395,0.0872629
0.424072,0.161598
0.424194,0.0987758
0.424316,0.136878
0.424438,-0.0148405
0.424561,-0.015885
0.424683,0.158695
0.424805,0.269518
0.424927,0.204845
0.425049,-0.0327009
0.425171,0.225522
0.425293,0.255833
0.425415,-0.0967641
0.425537,-0.281603
0.425659,-0.207847
0.425781,-0.185621
0.425903,-0.268207
0.426025,-0.330745
0.426147,-0.317874
0.42627,-0.211013
0.426392,-0.134624
0.426514,-0.192877
0.426636,-0.174982
0.426758,-0.0447434
0.42688,-0.135139
0.427002,-0.174471
0.427124,0.00518751
0.427246,0.0383501
0.427368,0.0300288
0.42749,-0.0537922
0.427612,0.0444386
0.427734,0.129056
0.427856,0.0278489
0.427979,-0.0175174
0.428101,0.178091
0.428223,0.250935
0.428345,-0.00102741
0.428467,0.205283
0.428589,0.295319
0.428711,0.160833
0.428833,-0.143278
0.428955,-0.129847
0.429077,-0.239011
0.429199,-0.175512
0.429321,-0.199807
0.429443,0.021387
0.429565,0.1109
0.429688,0.127055
0.42981,0.0142163
0.429932,-0.071012
0.430054,0.264515
0.430176,0.264257
0.430298,-0.045517
0.43042,-0.231405
0.430542,0.0595615
0.430664,0.159348
0.430786,-0.220653
0.430908,-0.251641
0.43103,0.117653
0.431152,0.118543
0.431274,-0.143517
0.431396,-0.0421108
0.431519,0.266442
0.431641,0.319218
0.431763,0.0939724
0.431885,0.121845
0.432007,0.210526
0.432129,0.358841
0.432251,0.0587527
0.432373,-0.0497418
0.432495,0.273313
0.432617,0.263117
0.432739,-0.26782
0.432861,-0.303233
0.432983,-0.0603894
0.433105,0.0721988
0.433228,-0.249979
0.43335,-0.319819
0.433472,0.0355007
0.433594,0.0147775
0.433716,-0.308057
0.433838,-0.37265
0.43396,-0.0402737
0.434082,0
0.434204,-0.134311
0.434326,-0.359444
0.434448,-0.055772
0.43457,0.0948177
0.434692,-0.156248
0.434814,-0.417554
0.434937,-0.315784
0.435059,-0.0730268
0.435181,-0.159529
0.435303,-0.403293
0.435425,0.00582506
0.435547,0.406386
0.435669,0.303281
0.435791,0.0251681
0.435913,0.143125
0.436035,0.396107
0.436157,0.330088
0.436279,0.201524
0.436401,0.0356416
0.436523,0.137616
0.436646,0.226892
0.436768,0.077798
0.43689,-0.0230288
0.437012,0.175423
0.437134,0.243246
0.437256,-0.0535766
0.437378,-0.137634
0.4375,-0.0697046
0.437622,0.039111
0.437744,-0.18774
0.437866,-0.17994
0.437988,-0.212103
0.43811,-0.150133
0.438232,-0.0503118
0.438354,-0.132769
0.438477,-0.214119
0.438599,-0.434445
0.438721,-0.129544
0.438843,0.209714
0.438965,0.176478
0.439087,0.0593972
0.439209,0.244892
0.439331,0.245594
0.439453,-0.0846049
0.439575,-0.222575
0.439697,-0.0666136
0.439819,0.104041
0.439941,-0.206942
0.440063,-0.388222
0.440186,-0.0420553
0.440308,0.229678
0.44043,0.0718209
0.440552,-0.232025
0.440674,-0.129398
0.440796,0.143222
0.440918,0.137507
0.44104,-0.0129947
0.441162,-0.0380189
0.441284,0.101902
0.441406,-0.0638581
0.441528,-0.332848
0.44165,-0.282644
0.441772,-0.145798
0.441895,-0.174234
0.442017,-0.366547
0.442139,-0.170214
0.442261,-0.158098
0.442383,-0.039486
0.442505,-0.253197
0.442627,-0.205293
0.442749,0.0631758
0.442871,0.250627
0.442993,0.116967
0.443115,-0.0155195
0.443237,0.0784339
0.443359,0.264228
0.443481,0.086473
0.443604,-0.176415
0.443726,0.0744943
0.443848,0.411134
0.44397,0.148698
0.444092,-0.143118
0.444214,-0.0452462
0.444336,0.244091
0.444458,0.0867033
0.44458,-0.120905
0.444702,0.00540838
0.444824,0.441253
0.444946,0.333766
0.445068,-0.121333
0.44519,0.0942777
0.445313,0.427872
0.445435,-0.15055
0.445557,-0.405551
0.445679,-0.185137
0.445801,0.0607586
0.445923,-0.265113
0.446045,-0.483337
0.446167,-0.226287
0.446289,0.068532
0.446411,-0.260523
0.446533,-0.470793
0.446655,-0.0479208
0.446777,0.184404
0.446899,-0.114254
0.447021,-0.388439
0.447144,-0.116683
0.447266,0.221658
0.447388,0.0573454
0.44751,-0.16658
0.447632,0.0361012
0.447754,0.263897
0.447876,0.0711826
0.447998,-0.107987
0.44812,0.0578875
0.448242,0.143701
0.448364,0.150564
0.448486,0.137299
0.448608,0.156386
0.44873,0.150996
0.448853,-0.0810922
0.448975,-0.247395
0.449097,-0.207121
0.449219,-0.139975
0.449341,-0.125073
0.449463,-0.105861
0.449585,0.104024
0.449707,0.229495
0.449829,-0.00865173
0.449951,-0.0423521
0.450073,0.220189
0.450195,0.0931654
0.450317,-0.184425
0.450439,-0.159277
0.450562,0.161702
0.450684,0.0171856
0.450806,-0.136492
0.450928,-0.123495
0.45105,0.0445518
0.451172,0.048788
0.451294,-0.22831
0.451416,-0.0435672
0.451538,0.280777
0.45166,0.280503
0.451782,0.137985
0.451904,0.0740308
0.452026,0.201473
0.452148,0.124842
0.452271,0.0967221
0.452393,0.112732
0.452515,0.245567
0.452637,0.191186
0.452759,-0.16311
0.452881,-0.29804
0.453003,-0.022774
0.453125,-0.0117972
0.453247,-0.202883
0.453369,-0.245576
0.453491,0.0159637
0.453613,0.00419687
0.453735,-0.212154
0.453857,-0.204408
0.453979,-0.166547
0.454102,0.0133776
0.454224,-0.112764
0.454346,-0.140191
0.454468,-0.131718
0.45459,0.0266509
0.454712,-0.100676
0.454834,-0.298407
0.454956,-0.32718
0.455078,-0.0323542
0.4552,-0.0994542
0.455322,-0.360998
0.455444,-0.0363954
0.455566,0.249561
0.455688,0.241062
0.455811,0.0527839
0.455933,0.0337817
0.456055,0.234595
0.456177,0.393899
0.456299,0.0583288
0.456421,-0.0541683
0.456543,0.168906
0.456665,0.238367
0.456787,-0.0425532
0.456909,-0.109549
0.457031,0.111076
0.457153,0.164819
0.457275,0.00570598
0.457397,-0.1987
0.45752,-0.032542
0.457642,0.136543
0.457764,-0.0901278
0.457886,-0.115186
0.458008,-0.145058
0.45813,-0.123057
0.458252,-0.0501454
0.458374,-0.158369
0.458496,-0.283334
0.458618,-0.184673
0.45874,0.0217524
0.458862,-0.00321943
0.458984,0.0466361
0.459106,0.186362
0.459229,0.235936
0.459351,0.139499
0.459473,-0.0576674
0.459595,-0.179235
0.459717,-0.0815361
0.459839,-0.0463184
0.459961,-0.15318
0.460083,-0.161798
0.460205,-0.0955508
0.460327,-0.00556836
0.460449,-0.0166888
0.460571,-0.00396964
0.460693,-0.0420371
0.460815,0.000792379
0.460938,0.0609536
0.46106,0.0553583
0.461182,0.0205416
0.461304,0.00868218
0.461426,-0.119066
0.461548,-0.170154
0.46167,-0.197532
0.461792,-0.249229
0.461914,-0.200288
0.462036,-0.275422
0.462158,-0.135617
0.46228,-0.1394
0.462402,-0.194031
0.462524,-0.239957
0.462646,-0.145239
0.462769,0.137296
0.462891,0.15197
0.463013,0.00778572
0.463135,-0.0894483
0.463257,0.0862528
0.463379,0.183205
0.463501,0.0930644
0.463623,-0.0294416
0.463745,-0.0402492
0.463867,0.165479
0.463989,0.156048
0.464111,-0.0200657
0.464233,-0.000771001
0.464355,0.0932006
0.464478,0.0661771
0.4646,0.0138375
0.464722,0.021504
0.464844,0.286184
0.464966,0.282839
0.465088,0.0130178
0.46521,0.0589054
0.465332,0.279719
0.465454,-0.0106892
0.465576,-0.279173
0.465698,-0.194316
0.46582,-0.0243609
0.465942,-0.191655
0.466064,-0.337348
0.466187,-0.235306
0.466309,0.0250243
0.466431,-0.191665
0.466553,-0.285325
0.466675,-0.104341
0.466797,0.0649605
0.466919,-0.0369763
0.467041,-0.223903
0.467163,-0.117491
0.467285,0.101575
0.467407,0.0969662
0.467529,-0.0473093
0.467651,-0.00300083
0.467773,0.220346
0.467896,0.00224623
0.468018,-0.0172043
0.46814,0.0291441
0.468262,0.141099
0.468384,0.116349
0.468506,0.0752549
0.468628,0.106445
0.46875,0.165833
0.468872,-0.130754
0.468994,-0.140274
0.469116,-0.0326246
0.469238,-0.184445
0.46936,-0.188706
0.469482,-0.0177432
0.469604,0.163226
0.469727,0.132076
0.469849,-0.139319
0.469971,-0.0714325
0.470093,0.243516
0.470215,0.221964
0.470337,-0.12923
0.470459,-0.222265
0.470581,0.0593593
0.470703,0.119335
0.470825,-0.133115
0.470947,-0.241127
0.471069,-0.054748
0.471191,0.0824065
0.471313,-0.0757691
0.471436,-0.0429424
0.471558,0.216684
0.47168,0.273133
0.471802,0.124096
0.471924,0.138475
0.472046,0.120957
0.472168,0.107091
0.47229,0.206743
0.472412,0.14299
0.472534,0.0454525
0.472656,0.0511743
0.472778,-0.0964882
0.4729,-0.171207
0.473022,-0.102768
0.473145,-0.0466671
0.473267,-0.0939603
0.473389,-0.179855
0.473511,-0.106662
0.473633,0.0350426
0.473755,-0.145749
0.473877,-0.189146
0.473999,-0.118369
0.474121,-0.021371
0.474243,-0.0306019
0.474365,-0.0383928
0.474487,-0.0617947
0.474609,-0.10431
0.474731,-0.0560029
0.474854,-0.121811
0.474976,-0.259658
0.475098,-0.0770438
0.47522,-0.209722
0.475342,-0.208106
0.475464,0.0697708
0.475586,0.109835
0.475708,0.0787787
0.47583,0.146863
0.475952,0.221835
0.476074,0.177435
0.476196,0.0791722
0.476318,0.121792
0.47644,0.206285
0.476563,0.135526
0.476685,-0.0160519
0.476807,-0.0467141
0.476929,0.203391
0.477051,0.151003
0.477173,-0.0632619
0.477295,-0.0791739
0.477417,0.117951
0.477539,0.00346577
0.477661,-0.197356
0.477783,-0.178484
0.477905,0.0469965
0.478027,-0.0835445
0.478149,-0.193137
0.478271,-0.135753
0.478394,-0.0860538
0.478516,-0.17194
0.478638,-0.21231
0.47876,-0.0727601
0.478882,0.14195
0.479004,0.0972809
0.479126,0.0602279
0.479248,0.127176
0.47937,0.164621
0.479492,-0.0348027
0.479614,-0.2352
0.479736,-0.0783236
0.479858,0.11635
0.47998,0.00543797
0.480103,-0.252619
0.480225,-0.181138
0.480347,0.182994
0.480469,0.110367
0.480591,-0.204283
0.480713,-0.0324372
0.480835,0.128947
0.480957,0.0337228
0.481079,-0.100396
0.481201,-0.0726991
0.481323,0.158706
0.481445,0.0107492
0.481567,-0.331558
0.481689,-0.303073
0.481812,-0.0622971
0.481934,-0.105066
0.482056,-0.201235
0.482178,-0.168979
0.4823,-0.00667249
0.482422,-0.135986
0.482544,-0.304338
0.482666,-0.0705215
0.482788,0.163503
0.48291,0.114208
0.483032,-0.0265341
0.483154,-0.0139168
0.483276,0.173459
0.483398,0.137573
0.483521,-0.0746665
0.483643,0.000660121
0.483765,0.190589
0.483887,0.194355
0.484009,-0.0506805
0.484131,-0.0545764
0.484253,0.0959081
0.484375,0.171941
0.484497,-0.116045
0.484619,-0.144096
0.484741,0.196303
0.484863,0.267365
0.484985,0.0176328
0.485107,-0.167022
0.485229,0.176636
0.485352,0.2533
0.485474,-0.13791
0.485596,-0.319744
0.485718,-0.0986863
0.48584,0.0681049
0.485962,-0.27345
0.486084,-0.356691
0.486206,-0.0750196
0.486328,0.00646089
0.48645,-0.172337
0.486572,-0.275342
0.486694,0.0135282
0.486816,-0.00772285
0.486938,-0.127945
0.487061,-0.169571
0.487183,-0.0173256
0.487305,0.0493617
0.487427,0.024977
0.487549,-0.0972512
0.487671,0.0901252
0.487793,0.203701
0.487915,0.0133967
0.488037,-0.0152956
0.488159,0.0585758
0.488281,0.217537
0.488403,0.106756
0.488525,-0.0133315
0.488647,0.149674
0.48877,0.161566
0.488892,-0.150648
0.489014,-0.208678
0.489136,-0.107396
0.489258,-0.020827
0.48938,-0.134298
0.489502,-0.134797
0.489624,0.193817
0.489746,0.192371
0.489868,-0.0929512
0.48999,-0.142428
0.490112,0.235059
0.490234,0.146533
0.490356,-0.104475
0.490479,-0.148747
0.490601,0.067433
0.490723,0.0935655
0.490845,-0.122763
0.490967,-0.216648
0.491089,0.0485117
0.491211,0.114326
0.491333,-0.0819366
0.491455,-0.120924
0.491577,0.190812
0.491699,0.320598
0.491821,0.0828537
0.491943,-0.000617709
0.492065,0.0740526
0.492188,0.180019
0.49231,0.101008
0.492432,0.0424557
0.492554,0.0547082
0.492676,0.0196512
0.492798,-0.071166
0.49292,-0.125645
0.493042,-0.0844978
0.493164,-0.0636173
0.493286,-0.110611
0.493408,-0.0757034
0.49353,-0.0628213
0.493652,-0.0798209
0.493774,-0.0791343
0.493896,-0.10095
0.494019,-0.0686518
0.494141,-0.0643361
0.494263,-0.0836766
0.494385,-0.088441
0.494507,0.05386
0.494629,-0.0828272
0.494751,-0.170325
0.494873,-0.14904
0.494995,-0.0862018
0.495117,-0.122251
0.495239,-0.197336
0.495361,-0.0997737
0.495483,0.111685
0.495605,0.158966
0.495728,0.079106
0.49585,0.120339
0.495972,0.196183
0.496094,0.212722
0.496216,0.106257
0.496338,0.0578478
0.49646,0.175757
0.496582,0.108327
0.496704,-0.0434076
0.496826,0.053464
0.496948,0.192282
0.49707,0.0859683
0.497192,-0.065746
0.497314,-0.00946765
0.497437,0.0508389
0.497559,-0.0212606
0.497681,-0.125669
0.497803,-0.114348
0.497925,0.00471076
0.498047,-0.0923585
0.498169,-0.189826
0.498291,-0.141497
0.498413,-0.101473
0.498535,-0.172863
0.498657,-0.261091
0.498779,-0.0438626
0.498901,0.161257
0.499023,0.0647899
0.499146,0.0361536
0.499268,0.0780622
0.49939,0.178088
0.499512,-0.0424435
0.499634,-0.201555
0.499756,-0.0342367
0.499878,0.108987
