-4096,0.962036
-4094,0.958545
-4092,0.965009
-4090,0.96968
-4088,0.96926
-4086,0.954653
-4084,0.957751
-4082,0.959394
-4080,0.967144
-4078,0.966886
-4076,0.963659
-4074,0.958465
-4072,0.965021
-4070,0.968681
-4068,0.966232
-4066,0.9519
-4064,0.938813
-4062,0.968267
-4060,0.995524
-4058,0.986036
-4056,0.968962
-4054,0.969818
-4052,0.959562
-4050,0.952032
-4048,0.963663
-4046,0.969797
-4044,0.9752
-4042,0.969678
-4040,0.953413
-4038,0.974637
-4036,0.978664
-4034,0.983851
-4032,0.977746
-4030,0.97817
-4028,0.974876
-4026,0.95896
-4024,0.960589
-4022,0.972189
-4020,0.984479
-4018,0.979936
-4016,0.965253
-4014,0.945994
-4012,0.956534
-4010,0.958382
-4008,0.970603
-4006,0.962859
-4004,0.973556
-4002,0.978122
-4000,0.975564
-3998,0.992782
-3996,0.986033
-3994,0.98551
-3992,0.982898
-3990,0.965674
-3988,0.968232
-3986,0.951206
-3984,0.948986
-3982,0.95877
-3980,0.971171
-3978,0.969341
-3976,0.968938
-3974,0.978184
-3972,0.98903
-3970,0.965248
-3968,0.965235
-3966,0.975758
-3964,0.955186
-3962,0.960661
-3960,0.953528
-3958,0.947466
-3956,0.957692
-3954,0.96799
-3952,0.969693
-3950,0.974377
-3948,0.977234
-3946,0.975347
-3944,0.982075
-3942,0.974985
-3940,0.966562
-3938,0.973864
-3936,0.988374
-3934,0.97466
-3932,0.9691
-3930,0.974484
-3928,0.966316
-3926,0.961555
-3924,0.969585
-3922,0.967818
-3920,0.9745
-3918,0.964652
-3916,0.956157
-3914,0.958763
-3912,0.954604
-3910,0.958764
-3908,0.954725
-3906,0.969715
-3904,0.961452
-3902,0.971311
-3900,0.962058
-3898,0.962611
-3896,0.97115
-3894,0.966528
-3892,0.963486
-3890,0.978233
-3888,0.976796
-3886,0.967871
-3884,0.968456
-3882,0.971953
-3880,0.96267
-3878,0.961558
-3876,0.953262
-3874,0.957212
-3872,0.951591
-3870,0.955413
-3868,0.958072
-3866,0.964809
-3864,0.950252
-3862,0.964894
-3860,0.973791
-3858,0.96802
-3856,0.963677
-3854,0.963551
-3852,0.94557
-3850,0.947035
-3848,0.965389
-3846,0.981415
-3844,0.985415
-3842,0.988845
-3840,0.981387
-3838,0.970024
-3836,0.971343
-3834,0.963373
-3832,0.961806
-3830,0.968498
-3828,0.973556
-3826,0.965946
-3824,0.958939
-3822,0.960847
-3820,0.959574
-3818,0.968172
-3816,0.976682
-3814,0.974663
-3812,0.966605
-3810,0.978171
-3808,0.971112
-3806,0.970448
-3804,0.987425
-3802,0.983997
-3800,0.989049
-3798,0.974492
-3796,0.966696
-3794,0.951627
-3792,0.957075
-3790,0.963373
-3788,0.983746
-3786,0.986419
-3784,0.970989
-3782,0.954264
-3780,0.96889
-3778,0.961831
-3776,0.956749
-3774,0.971906
-3772,0.965076
-3770,0.965555
-3768,0.973999
-3766,0.974404
-3764,0.975414
-3762,0.971039
-3760,0.984991
-3758,0.985431
-3756,0.970884
-3754,0.963173
-3752,0.971763
-3750,0.994789
-3748,0.980962
-3746,0.971989
-3744,0.964419
-3742,0.977313
-3740,0.980815
-3738,0.974345
-3736,0.967124
-3734,0.972548
-3732,0.970918
-3730,0.978407
-3728,0.958986
-3726,0.964579
-3724,0.957163
-3722,0.939118
-3720,0.952143
-3718,0.963634
-3716,0.97821
-3714,0.987079
-3712,0.981438
-3710,0.961988
-3708,0.958042
-3706,0.971256
-3704,0.971536
-3702,0.961093
-3700,0.951038
-3698,0.973684
-3696,0.974521
-3694,0.966085
-3692,0.97024
-3690,0.965133
-3688,0.951629
-3686,0.955243
-3684,0.963352
-3682,0.960615
-3680,0.969494
-3678,0.97293
-3676,0.977591
-3674,0.984931
-3672,0.984698
-3670,0.972184
-3668,0.962989
-3666,0.96971
-3664,0.96751
-3662,0.985701
-3660,0.98444
-3658,0.971625
-3656,0.974777
-3654,0.976492
-3652,0.971553
-3650,0.94801
-3648,0.947719
-3646,0.963198
-3644,0.970593
-3642,0.957978
-3640,0.961294
-3638,0.972464
-3636,0.970358
-3634,0.961343
-3632,0.970367
-3630,0.977823
-3628,0.980603
-3626,0.976907
-3624,0.963625
-3622,0.969343
-3620,0.973619
-3618,0.973993
-3616,0.970047
-3614,0.976655
-3612,0.971363
-3610,0.975337
-3608,0.978784
-3606,0.973549
-3604,0.958607
-3602,0.964608
-3600,0.984037
-3598,0.986475
-3596,0.980824
-3594,0.977159
-3592,0.988253
-3590,0.976433
-3588,0.971357
-3586,0.960272
-3584,0.975169
-3582,0.973149
-3580,0.976725
-3578,0.977903
-3576,0.971539
-3574,0.967109
-3572,0.970755
-3570,0.970267
-3568,0.970957
-3566,0.965434
-3564,0.974058
-3562,0.973208
-3560,0.982113
-3558,0.990025
-3556,0.984167
-3554,0.974045
-3552,0.980344
-3550,0.962869
-3548,0.950586
-3546,0.961174
-3544,0.966633
-3542,0.963934
-3540,0.962157
-3538,0.958375
-3536,0.975137
-3534,0.975487
-3532,0.973272
-3530,0.976367
-3528,0.965074
-3526,0.957109
-3524,0.960912
-3522,0.980331
-3520,0.972822
-3518,0.962484
-3516,0.958722
-3514,0.967636
-3512,0.982691
-3510,0.984504
-3508,0.971825
-3506,0.976181
-3504,0.96089
-3502,0.957301
-3500,0.947514
-3498,0.953175
-3496,0.958098
-3494,0.962331
-3492,0.977602
-3490,0.967393
-3488,0.949729
-3486,0.948083
-3484,0.971381
-3482,0.984387
-3480,0.971353
-3478,0.988877
-3476,0.986823
-3474,0.991078
-3472,0.996297
-3470,0.973225
-3468,0.963093
-3466,0.969238
-3464,0.970097
-3462,0.957545
-3460,0.951982
-3458,0.957339
-3456,0.962313
-3454,0.964274
-3452,0.951049
-3450,0.928715
-3448,0.954153
-3446,0.968304
-3444,0.971363
-3442,0.963471
-3440,0.958184
-3438,0.991785
-3436,0.991555
-3434,0.972411
-3432,0.967649
-3430,0.970874
-3428,0.956898
-3426,0.95123
-3424,0.955678
-3422,0.961258
-3420,0.972754
-3418,0.975924
-3416,0.980745
-3414,0.975128
-3412,0.974036
-3410,0.97456
-3408,0.976527
-3406,0.950875
-3404,0.967893
-3402,0.995234
-3400,0.99274
-3398,0.97608
-3396,0.967229
-3394,0.976066
-3392,0.968476
-3390,0.96826
-3388,0.966947
-3386,0.97961
-3384,0.968799
-3382,0.97756
-3380,0.974369
-3378,0.978172
-3376,0.968628
-3374,0.968962
-3372,0.96066
-3370,0.970607
-3368,0.974541
-3366,0.969128
-3364,0.961785
-3362,0.967235
-3360,0.977928
-3358,0.982951
-3356,0.990536
-3354,0.987019
-3352,0.961991
-3350,0.963835
-3348,0.980323
-3346,0.98604
-3344,0.962609
-3342,0.970136
-3340,0.969299
-3338,0.976721
-3336,0.982876
-3334,0.976246
-3332,0.959768
-3330,0.964787
-3328,0.966843
-3326,0.977398
-3324,0.97058
-3322,0.962802
-3320,0.970159
-3318,0.986031
-3316,0.979812
-3314,0.962513
-3312,0.972424
-3310,0.967513
-3308,0.966647
-3306,0.968156
-3304,0.959986
-3302,0.953252
-3300,0.955898
-3298,0.960604
-3296,0.959115
-3294,0.959803
-3292,0.972708
-3290,0.97399
-3288,0.965995
-3286,0.960504
-3284,0.959773
-3282,0.976531
-3280,0.982921
-3278,0.991678
-3276,0.986454
-3274,0.985242
-3272,0.996871
-3270,0.97981
-3268,0.970769
-3266,0.954041
-3264,0.966085
-3262,0.970551
-3260,0.9471
-3258,0.94566
-3256,0.945944
-3254,0.954624
-3252,0.939137
-3250,0.951376
-3248,0.969985
-3246,0.97413
-3244,0.983418
-3242,0.98679
-3240,0.990771
-3238,0.983548
-3236,0.981662
-3234,0.985486
-3232,0.980308
-3230,0.972411
-3228,0.964102
-3226,0.965999
-3224,0.974697
-3222,0.980646
-3220,0.9923
-3218,0.987587
-3216,0.981026
-3214,0.990078
-3212,1.00267
-3210,0.983509
-3208,0.968242
-3206,0.973698
-3204,0.975403
-3202,0.957539
-3200,0.97159
-3198,0.955746
-3196,0.965881
-3194,0.973843
-3192,0.970247
-3190,0.972719
-3188,0.983168
-3186,0.988967
-3184,0.982138
-3182,0.97455
-3180,0.971601
-3178,0.990854
-3176,0.989508
-3174,0.975738
-3172,0.989952
-3170,0.99007
-3168,0.991551
-3166,0.974598
-3164,0.972386
-3162,0.961007
-3160,0.979724
-3158,0.983949
-3156,0.992282
-3154,0.98574
-3152,1.00435
-3150,0.948355
-3148,0.942748
-3146,0.961337
-3144,0.969945
-3142,0.962427
-3140,0.951244
-3138,0.957238
-3136,0.970079
-3134,0.986987
-3132,0.980621
-3130,0.969824
-3128,0.960453
-3126,0.975408
-3124,0.965007
-3122,0.96114
-3120,0.965907
-3118,0.964103
-3116,0.972341
-3114,0.981057
-3112,0.989529
-3110,0.982288
-3108,0.968851
-3106,0.9474
-3104,0.950036
-3102,0.953139
-3100,0.959469
-3098,0.966755
-3096,0.979524
-3094,0.977252
-3092,0.970243
-3090,0.961295
-3088,0.960986
-3086,0.952392
-3084,0.95415
-3082,0.959337
-3080,0.964887
-3078,0.964214
-3076,0.942311
-3074,0.944509
-3072,0.960905
-3070,0.965934
-3068,0.965084
-3066,0.952689
-3064,0.95963
-3062,0.954464
-3060,0.957254
-3058,0.96252
-3056,0.961526
-3054,0.970151
-3052,0.959692
-3050,0.945628
-3048,0.973014
-3046,0.963288
-3044,0.958372
-3042,0.949377
-3040,0.943994
-3038,0.954098
-3036,0.974676
-3034,0.967162
-3032,0.960055
-3030,0.971629
-3028,0.97746
-3026,0.973877
-3024,0.957006
-3022,0.953085
-3020,0.963254
-3018,0.981002
-3016,0.98068
-3014,0.988822
-3012,0.972465
-3010,0.959912
-3008,0.960771
-3006,0.954506
-3004,0.95092
-3002,0.959708
-3000,0.968001
-2998,0.981939
-2996,0.967636
-2994,0.959118
-2992,0.9681
-2990,0.974073
-2988,0.968202
-2986,0.953522
-2984,0.933791
-2982,0.939858
-2980,0.946128
-2978,0.945236
-2976,0.956951
-2974,0.986705
-2972,0.97371
-2970,0.978104
-2968,0.978289
-2966,0.980089
-2964,0.969275
-2962,0.971272
-2960,0.972212
-2958,0.956807
-2956,0.92995
-2954,0.941957
-2952,0.950181
-2950,0.960762
-2948,0.943834
-2946,0.965208
-2944,0.989422
-2942,1.00004
-2940,0.989151
-2938,0.986297
-2936,0.987123
-2934,0.991402
-2932,0.978055
-2930,0.982257
-2928,0.98734
-2926,0.988757
-2924,0.989813
-2922,0.993094
-2920,0.985174
-2918,0.987734
-2916,0.981708
-2914,0.969416
-2912,0.968651
-2910,0.977682
-2908,0.978859
-2906,0.989986
-2904,0.981182
-2902,0.975734
-2900,0.976212
-2898,0.983382
-2896,0.98559
-2894,0.98636
-2892,0.985121
-2890,0.973013
-2888,0.985171
-2886,0.976635
-2884,0.970788
-2882,0.97625
-2880,0.974449
-2878,0.975962
-2876,0.964205
-2874,0.938568
-2872,0.973649
-2870,0.97585
-2868,0.972038
-2866,0.983391
-2864,0.997607
-2862,0.976803
-2860,0.959173
-2858,0.975933
-2856,0.969714
-2854,0.971932
-2852,0.970253
-2850,0.987622
-2848,0.978404
-2846,0.960378
-2844,0.947931
-2842,0.955481
-2840,0.967336
-2838,0.963488
-2836,0.976578
-2834,0.980176
-2832,0.982927
-2830,0.973476
-2828,0.977279
-2826,0.975661
-2824,0.968578
-2822,0.980776
-2820,0.982957
-2818,0.978742
-2816,0.980884
-2814,0.965876
-2812,0.973443
-2810,0.971595
-2808,0.975921
-2806,0.979181
-2804,0.992279
-2802,0.992593
-2800,0.978025
-2798,0.959327
-2796,0.950408
-2794,0.957714
-2792,0.959558
-2790,0.959518
-2788,0.965103
-2786,0.970586
-2784,0.974637
-2782,0.99008
-2780,0.99457
-2778,0.95793
-2776,0.971932
-2774,0.966125
-2772,0.956993
-2770,0.973814
-2768,0.980297
-2766,0.977996
-2764,0.988423
-2762,0.983201
-2760,0.984222
-2758,0.980034
-2756,0.963943
-2754,0.966821
-2752,1.02003
-2750,1.0373
-2748,0.981956
-2746,0.970019
-2744,0.959057
-2742,0.961448
-2740,0.956866
-2738,0.962142
-2736,0.964091
-2734,0.953578
-2732,0.940645
-2730,0.955979
-2728,0.963001
-2726,0.971849
-2724,0.957717
-2722,0.96978
-2720,0.972484
-2718,0.979785
-2716,0.971836
-2714,0.988351
-2712,1.00812
-2710,0.981689
-2708,0.981466
-2706,0.983217
-2704,0.961784
-2702,0.955369
-2700,0.942406
-2698,0.957106
-2696,0.961925
-2694,0.974553
-2692,0.973657
-2690,0.958577
-2688,0.96579
-2686,0.962294
-2684,0.97015
-2682,0.992684
-2680,0.98554
-2678,0.990988
-2676,1.00564
-2674,0.984293
-2672,0.977909
-2670,0.987654
-2668,0.970999
-2666,0.972034
-2664,0.998053
-2662,1.01832
-2660,1.0039
-2658,0.985074
-2656,0.998313
-2654,1.01438
-2652,1.05011
-2650,1.02129
-2648,0.961357
-2646,0.947988
-2644,0.947246
-2642,0.958473
-2640,0.956544
-2638,0.965145
-2636,0.982611
-2634,0.967691
-2632,0.98781
-2630,0.99051
-2628,0.985358
-2626,0.97118
-2624,0.966001
-2622,0.97394
-2620,0.995275
-2618,0.990739
-2616,0.965525
-2614,0.978526
-2612,0.985166
-2610,0.935412
-2608,0.953413
-2606,0.966646
-2604,0.958327
-2602,0.948996
-2600,0.945378
-2598,0.96922
-2596,0.976419
-2594,0.97418
-2592,0.93492
-2590,0.941459
-2588,0.965863
-2586,0.975278
-2584,0.990301
-2582,0.966185
-2580,0.955257
-2578,0.946555
-2576,0.961749
-2574,0.962157
-2572,0.950365
-2570,0.954329
-2568,0.965346
-2566,0.957689
-2564,0.967159
-2562,0.974487
-2560,0.973457
-2558,0.98045
-2556,0.991036
-2554,0.991673
-2552,1.00454
-2550,0.989448
-2548,0.985401
-2546,0.969272
-2544,0.965075
-2542,0.970628
-2540,0.959806
-2538,0.95015
-2536,0.94854
-2534,0.962951
-2532,0.931163
-2530,0.939114
-2528,0.968399
-2526,0.97413
-2524,0.968906
-2522,0.978341
-2520,0.994409
-2518,0.989943
-2516,0.964712
-2514,0.976424
-2512,0.956041
-2510,0.969954
-2508,0.969589
-2506,0.968586
-2504,0.958618
-2502,0.965782
-2500,0.968406
-2498,0.943679
-2496,0.952632
-2494,0.946557
-2492,0.950785
-2490,0.983345
-2488,0.97995
-2486,0.968498
-2484,0.953132
-2482,0.992025
-2480,1.01395
-2478,0.998785
-2476,0.94906
-2474,0.951488
-2472,0.94937
-2470,0.963008
-2468,0.96768
-2466,0.98282
-2464,0.993299
-2462,0.975634
-2460,0.987808
-2458,0.978364
-2456,0.953915
-2454,0.948034
-2452,0.922234
-2450,0.982094
-2448,0.984549
-2446,0.979359
-2444,0.970824
-2442,0.939465
-2440,0.976268
-2438,0.984863
-2436,1.00132
-2434,0.996896
-2432,0.997865
-2430,0.999745
-2428,0.971664
-2426,0.984871
-2424,0.943239
-2422,0.938511
-2420,0.940639
-2418,0.984664
-2416,0.998946
-2414,0.991136
-2412,0.96856
-2410,0.950533
-2408,0.960363
-2406,0.980027
-2404,0.992661
-2402,0.958034
-2400,0.932859
-2398,0.946493
-2396,0.991082
-2394,0.975846
-2392,0.974169
-2390,0.970041
-2388,0.962326
-2386,0.958414
-2384,0.970766
-2382,0.972651
-2380,0.997071
-2378,1.00347
-2376,0.990183
-2374,0.963456
-2372,0.968317
-2370,0.95897
-2368,1.00253
-2366,1.01196
-2364,0.969166
-2362,0.948133
-2360,0.937494
-2358,0.916526
-2356,0.947043
-2354,0.961358
-2352,0.964464
-2350,0.954419
-2348,0.965632
-2346,0.932218
-2344,0.945541
-2342,0.945369
-2340,0.956547
-2338,0.945538
-2336,0.949833
-2334,0.954139
-2332,0.981799
-2330,1.00183
-2328,0.989766
-2326,1.00275
-2324,0.965541
-2322,0.978786
-2320,0.965144
-2318,0.973088
-2316,0.97012
-2314,0.993068
-2312,1.0076
-2310,1.01987
-2308,1.02134
-2306,0.935638
-2304,0.937156
-2302,0.956004
-2300,0.919585
-2298,0.965218
-2296,0.995232
-2294,1.02252
-2292,1.0314
-2290,1.00842
-2288,1.011
-2286,0.997043
-2284,0.969629
-2282,0.958322
-2280,0.946771
-2278,0.983026
-2276,1.04063
-2274,0.994693
-2272,0.990903
-2270,0.95596
-2268,0.980884
-2266,0.973516
-2264,1.01538
-2262,1.01143
-2260,1.01001
-2258,1.01019
-2256,1.03811
-2254,1.07113
-2252,1.0816
-2250,0.968942
-2248,0.903962
-2246,0.907178
-2244,0.928019
-2242,0.914811
-2240,0.897643
-2238,0.948847
-2236,0.906189
-2234,0.962453
-2232,0.968304
-2230,0.940128
-2228,0.96886
-2226,0.961042
-2224,0.987372
-2222,1.00347
-2220,0.9743
-2218,0.971221
-2216,0.995034
-2214,0.99056
-2212,1.02093
-2210,1.02542
-2208,1.00455
-2206,0.954403
-2204,0.996727
-2202,0.995355
-2200,1.03375
-2198,1.02247
-2196,0.979133
-2194,0.957587
-2192,0.934846
-2190,0.910197
-2188,0.965313
-2186,0.972987
-2184,0.943409
-2182,0.92896
-2180,0.938976
-2178,0.918473
-2176,1.01973
-2174,0.967409
-2172,0.916234
-2170,0.962547
-2168,0.959517
-2166,0.990798
-2164,1.02618
-2162,0.978006
-2160,0.999523
-2158,0.994563
-2156,0.990118
-2154,0.988363
-2152,1.05563
-2150,0.975435
-2148,0.885276
-2146,0.922981
-2144,0.937885
-2142,0.955868
-2140,0.947869
-2138,0.916124
-2136,0.907768
-2134,0.898792
-2132,0.902811
-2130,0.927667
-2128,0.983318
-2126,0.973222
-2124,0.934398
-2122,0.957874
-2120,1.03017
-2118,1.00354
-2116,0.947872
-2114,1.00308
-2112,0.999557
-2110,0.976536
-2108,1.0137
-2106,0.947729
-2104,0.955263
-2102,0.943378
-2100,0.920797
-2098,0.905085
-2096,1.02181
-2094,1.00261
-2092,0.884964
-2090,0.929024
-2088,0.935365
-2086,0.95561
-2084,1.05263
-2082,0.959307
-2080,0.93167
-2078,0.956551
-2076,0.992289
-2074,0.920849
-2072,1.02203
-2070,1.093
-2068,1.06418
-2066,1.06561
-2064,1.03003
-2062,1.0612
-2060,1.0399
-2058,0.9982
-2056,1.05449
-2054,1.2072
-2052,1.51821
-2050,1.99006
-2048,1.29462
-2046,0.967879
-2044,0.907545
-2042,0.978512
-2040,1.0327
-2038,1.04408
-2036,1.05531
-2034,0.964534
-2032,0.916807
-2030,0.898202
-2028,0.998314
-2026,1.04219
-2024,0.9092
-2022,0.930819
-2020,0.911254
-2018,0.996164
-2016,0.820212
-2014,0.89708
-2012,1.05503
-2010,1.09956
-2008,1.02996
-2006,0.975365
-2004,0.917131
-2002,0.899887
-2000,1.00267
-1998,0.967968
-1996,0.961773
-1994,1.03191
-1992,1.02581
-1990,1.01492
-1988,1.09551
-1986,1.05945
-1984,1.05103
-1982,1.06887
-1980,0.905168
-1978,1.0129
-1976,1.13239
-1974,1.16929
-1972,1.16165
-1970,1.0158
-1968,1.02911
-1966,0.96224
-1964,1.03493
-1962,1.01284
-1960,1.03639
-1958,1.05298
-1956,1.13641
-1954,1.10938
-1952,1.08762
-1950,0.488661
-1948,0.521743
-1946,0.719717
-1944,0.727441
-1942,0.77543
-1940,0.773323
-1938,0.864892
-1936,0.86908
-1934,0.837713
-1932,0.874803
-1930,0.922319
-1928,0.920615
-1926,0.910829
-1924,0.914789
-1922,0.924814
-1920,0.894702
-1918,0.894904
-1916,0.877568
-1914,0.885848
-1912,0.843856
-1910,0.933761
-1908,1.02528
-1906,1.00802
-1904,0.988558
-1902,0.967729
-1900,0.968628
-1898,0.955966
-1896,0.942571
-1894,0.866647
-1892,0.862433
-1890,0.909429
-1888,0.997043
-1886,0.928291
-1884,0.907741
-1882,0.914133
-1880,1.00634
-1878,1.04955
-1876,1.00499
-1874,0.983706
-1872,0.966622
-1870,0.970648
-1868,1.01734
-1866,0.992472
-1864,0.950403
-1862,0.978713
-1860,0.953942
-1858,0.939673
-1856,0.940177
-1854,0.932402
-1852,0.913696
-1850,0.985823
-1848,1.01676
-1846,0.986183
-1844,1.00009
-1842,0.976025
-1840,0.988564
-1838,0.952065
-1836,0.988118
-1834,0.957967
-1832,0.981433
-1830,0.985436
-1828,0.950681
-1826,0.935875
-1824,0.953002
-1822,0.923036
-1820,0.945433
-1818,0.926925
-1816,0.913832
-1814,0.971028
-1812,0.96723
-1810,0.962156
-1808,0.92103
-1806,0.867472
-1804,0.958493
-1802,0.968457
-1800,0.959981
-1798,0.953043
-1796,0.956977
-1794,1.01098
-1792,0.969435
-1790,0.952689
-1788,0.983592
-1786,1.01006
-1784,1.0359
-1782,1.01872
-1780,1.01468
-1778,0.973762
-1776,0.951728
-1774,0.928744
-1772,0.931725
-1770,0.935413
-1768,0.938849
-1766,0.949779
-1764,0.991615
-1762,0.948898
-1760,0.939427
-1758,0.982231
-1756,0.989171
-1754,0.978735
-1752,1.03286
-1750,1.04039
-1748,0.952879
-1746,0.954335
-1744,0.943281
-1742,0.96602
-1740,0.993192
-1738,0.988659
-1736,0.981517
-1734,0.960761
-1732,0.953635
-1730,0.986724
-1728,0.995247
-1726,0.978268
-1724,0.956337
-1722,0.985188
-1720,1.00611
-1718,0.990903
-1716,0.96264
-1714,0.930953
-1712,0.930997
-1710,0.948593
-1708,0.948969
-1706,0.941623
-1704,0.949144
-1702,0.948583
-1700,0.964303
-1698,0.985424
-1696,0.982102
-1694,0.980755
-1692,0.9601
-1690,0.959896
-1688,0.961354
-1686,0.992028
-1684,1.00197
-1682,0.982913
-1680,0.98048
-1678,0.967767
-1676,0.974305
-1674,0.96602
-1672,0.964246
-1670,0.95119
-1668,0.958969
-1666,0.983558
-1664,0.968619
-1662,0.96875
-1660,0.958473
-1658,0.945552
-1656,0.974544
-1654,0.990296
-1652,0.994913
-1650,0.947216
-1648,0.899545
-1646,0.933494
-1644,0.921625
-1642,0.945002
-1640,0.947742
-1638,0.950861
-1636,0.944368
-1634,0.924635
-1632,0.955626
-1630,0.948958
-1628,0.944261
-1626,0.943228
-1624,0.954307
-1622,0.980911
-1620,0.966359
-1618,0.976595
-1616,0.963687
-1614,0.942598
-1612,0.959623
-1610,0.982063
-1608,0.975544
-1606,0.950359
-1604,0.96486
-1602,0.985034
-1600,0.95985
-1598,0.956329
-1596,0.936405
-1594,0.96195
-1592,0.947276
-1590,0.948708
-1588,0.971067
-1586,0.969801
-1584,0.947588
-1582,0.946775
-1580,0.948069
-1578,0.958032
-1576,0.96205
-1574,0.958882
-1572,0.966909
-1570,0.966051
-1568,0.967193
-1566,0.955248
-1564,0.939558
-1562,0.949142
-1560,0.957552
-1558,0.958468
-1556,0.958974
-1554,0.948471
-1552,0.914605
-1550,0.911972
-1548,0.963367
-1546,0.958293
-1544,0.934264
-1542,0.969555
-1540,0.985497
-1538,0.99933
-1536,1.00336
-1534,1.00032
-1532,0.985759
-1530,0.977324
-1528,0.981901
-1526,0.989262
-1524,0.975042
-1522,0.969736
-1520,0.96401
-1518,0.983878
-1516,0.968125
-1514,0.953361
-1512,0.97533
-1510,0.954374
-1508,0.957978
-1506,0.952573
-1504,0.972371
-1502,0.986191
-1500,0.931731
-1498,0.950958
-1496,0.952947
-1494,0.960489
-1492,0.965193
-1490,0.955347
-1488,0.94929
-1486,0.934893
-1484,0.951293
-1482,0.961776
-1480,0.981942
-1478,0.971993
-1476,0.97153
-1474,0.974396
-1472,0.963141
-1470,0.954527
-1468,0.947432
-1466,0.987249
-1464,0.978558
-1462,0.969775
-1460,0.970269
-1458,0.981575
-1456,0.987018
-1454,0.989128
-1452,1.00117
-1450,1.02208
-1448,1.00268
-1446,0.979435
-1444,0.953104
-1442,0.909999
-1440,0.949281
-1438,0.951964
-1436,0.970809
-1434,0.960352
-1432,0.953249
-1430,0.941729
-1428,0.941942
-1426,0.99024
-1424,0.986685
-1422,0.971581
-1420,0.961876
-1418,0.96967
-1416,0.95349
-1414,0.961668
-1412,0.968225
-1410,0.967775
-1408,0.987652
-1406,0.988596
-1404,0.987213
-1402,0.975106
-1400,0.968891
-1398,0.96692
-1396,0.951665
-1394,0.951774
-1392,0.97088
-1390,0.994979
-1388,0.986103
-1386,0.992132
-1384,0.984303
-1382,0.981271
-1380,0.989387
-1378,0.984175
-1376,0.991026
-1374,0.99333
-1372,0.981585
-1370,0.987997
-1368,1.00233
-1366,0.987868
-1364,0.981798
-1362,0.979803
-1360,0.985581
-1358,0.974489
-1356,0.966543
-1354,1.00682
-1352,1.05619
-1350,1.06743
-1348,0.950976
-1346,0.924225
-1344,0.919847
-1342,0.938796
-1340,0.959937
-1338,0.964599
-1336,0.963813
-1334,0.969108
-1332,0.972832
-1330,0.971894
-1328,0.981483
-1326,0.98127
-1324,0.960702
-1322,0.958901
-1320,0.967285
-1318,0.973333
-1316,0.975254
-1314,0.974729
-1312,0.974882
-1310,0.968351
-1308,0.962108
-1306,0.95125
-1304,0.950987
-1302,0.952818
-1300,0.952249
-1298,0.949399
-1296,0.941176
-1294,0.969222
-1292,0.964477
-1290,0.970044
-1288,0.969751
-1286,0.958608
-1284,0.94927
-1282,0.955816
-1280,0.974277
-1278,0.98261
-1276,0.9832
-1274,0.971358
-1272,0.966964
-1270,0.964708
-1268,0.972011
-1266,0.990381
-1264,0.97618
-1262,0.967619
-1260,0.989176
-1258,1.00884
-1256,1.00854
-1254,1.02541
-1252,1.0611
-1250,0.901931
-1248,0.845462
-1246,0.893849
-1244,0.898615
-1242,0.927384
-1240,0.947275
-1238,0.959579
-1236,0.947504
-1234,0.945616
-1232,0.959641
-1230,0.954658
-1228,0.952304
-1226,0.955283
-1224,0.951889
-1222,0.955709
-1220,0.953769
-1218,0.965914
-1216,0.968442
-1214,0.968338
-1212,0.963045
-1210,0.973842
-1208,0.985997
-1206,0.979715
-1204,0.974191
-1202,0.971006
-1200,0.952939
-1198,0.957308
-1196,0.96255
-1194,0.961535
-1192,0.951709
-1190,0.953238
-1188,0.949104
-1186,0.945117
-1184,0.963397
-1182,0.9627
-1180,0.970539
-1178,0.958241
-1176,0.963507
-1174,0.960225
-1172,0.961603
-1170,0.946037
-1168,0.943111
-1166,0.936996
-1164,0.925988
-1162,0.948828
-1160,0.943368
-1158,0.940466
-1156,0.944802
-1154,0.951202
-1152,0.95499
-1150,0.946539
-1148,0.946947
-1146,0.963025
-1144,0.983721
-1142,0.971615
-1140,0.946573
-1138,0.959136
-1136,0.971353
-1134,0.976705
-1132,0.956287
-1130,0.949556
-1128,0.952428
-1126,0.95362
-1124,0.952118
-1122,0.94532
-1120,0.939788
-1118,0.945501
-1116,0.952002
-1114,0.957307
-1112,0.936501
-1110,0.944617
-1108,0.933407
-1106,0.936827
-1104,0.933792
-1102,0.916105
-1100,0.936644
-1098,0.954698
-1096,0.967213
-1094,0.966201
-1092,0.978557
-1090,0.962232
-1088,0.971543
-1086,0.956584
-1084,0.955947
-1082,0.951056
-1080,0.947099
-1078,0.938699
-1076,0.938051
-1074,0.948218
-1072,0.943589
-1070,0.949436
-1068,0.944233
-1066,0.952262
-1064,0.943536
-1062,0.931966
-1060,0.934089
-1058,0.93791
-1056,0.922944
-1054,0.892356
-1052,0.867511
-1050,1.091
-1048,1.04105
-1046,1.00857
-1044,1.00261
-1042,1.0097
-1040,0.992616
-1038,0.975503
-1036,0.971287
-1034,0.967929
-1032,0.961939
-1030,0.973357
-1028,0.986421
-1026,0.961874
-1024,0.971598
-1022,0.969369
-1020,0.943893
-1018,0.965601
-1016,0.982509
-1014,0.974706
-1012,0.978553
-1010,0.969834
-1008,0.968836
-1006,0.967203
-1004,0.978303
-1002,0.968528
-1000,0.952424
-998,0.943392
-996,0.952149
-994,0.964353
-992,0.964861
-990,0.951142
-988,0.95754
-986,0.962286
-984,0.959164
-982,0.945805
-980,0.964985
-978,0.974653
-976,0.977762
-974,0.970292
-972,0.944231
-970,0.942144
-968,0.951698
-966,0.938558
-964,0.935171
-962,0.947821
-960,0.957049
-958,0.94697
-956,0.933671
-954,0.94529
-952,0.936892
-950,1.151
-948,1.07462
-946,1.02953
-944,1.00789
-942,0.994799
-940,0.988013
-938,0.986775
-936,0.98313
-934,0.98113
-932,0.974973
-930,0.978283
-928,0.974834
-926,0.966298
-924,0.96436
-922,0.969622
-920,0.967912
-918,0.959407
-916,0.962155
-914,0.973802
-912,0.977606
-910,0.964808
-908,0.977748
-906,0.965608
-904,0.954404
-902,0.937928
-900,0.955626
-898,0.943898
-896,0.954548
-894,0.957715
-892,0.942036
-890,0.925668
-888,0.935614
-886,0.947396
-884,0.966782
-882,0.952567
-880,0.96257
-878,0.946557
-876,0.941812
-874,0.94659
-872,0.953559
-870,0.949076
-868,0.95078
-866,0.945005
-864,0.928999
-862,0.925116
-860,0.928126
-858,0.915222
-856,0.897973
-854,0.845914
-852,0.731498
-850,0.78269
-848,1.05537
-846,1.0367
-844,1.00348
-842,0.985439
-840,0.976233
-838,1.00027
-836,0.989913
-834,0.996133
-832,0.998468
-830,0.977237
-828,0.975449
-826,0.985351
-824,0.981015
-822,0.973509
-820,0.976988
-818,0.985013
-816,0.982266
-814,0.979138
-812,0.972333
-810,0.988598
-808,0.999576
-806,0.97548
-804,0.966313
-802,0.987022
-800,0.975041
-798,0.966129
-796,0.966048
-794,0.970141
-792,0.994942
-790,0.992212
-788,0.976246
-786,0.978619
-784,0.97497
-782,0.976772
-780,0.966208
-778,0.964854
-776,0.974627
-774,0.975492
-772,0.961675
-770,0.964311
-768,0.966769
-766,0.966567
-764,0.978509
-762,0.966796
-760,0.955284
-758,0.9761
-756,0.968857
-754,0.960407
-752,0.974514
-750,0.977092
-748,0.972522
-746,0.969847
-744,0.998812
-742,0.990919
-740,0.958474
-738,0.974573
-736,0.983298
-734,0.971331
-732,0.977085
-730,0.980104
-728,0.969154
-726,0.964199
-724,0.963201
-722,0.95515
-720,0.961976
-718,0.95628
-716,0.966449
-714,0.959245
-712,0.967403
-710,0.975363
-708,0.971795
-706,0.981509
-704,0.966788
-702,0.97216
-700,0.98663
-698,0.961255
-696,0.971522
-694,0.966333
-692,0.95526
-690,0.950374
-688,0.955227
-686,0.964136
-684,0.979952
-682,0.982661
-680,0.970736
-678,0.970474
-676,0.970834
-674,0.979203
-672,0.979564
-670,0.974222
-668,0.959159
-666,0.969433
-664,0.968052
-662,0.956839
-660,0.964062
-658,0.963171
-656,0.966305
-654,0.924589
-652,0.871853
-650,0.666354
-648,0.903036
-646,0.947097
-644,0.962415
-642,0.958325
-640,0.963078
-638,0.967841
-636,0.963591
-634,0.962791
-632,0.972725
-630,0.991333
-628,0.995283
-626,0.998422
-624,0.974212
-622,0.969802
-620,0.97832
-618,0.973035
-616,0.981336
-614,0.993493
-612,0.994493
-610,0.989665
-608,0.991676
-606,0.998
-604,0.993046
-602,0.979548
-600,0.976562
-598,0.973566
-596,0.98462
-594,0.995615
-592,1.0042
-590,0.99088
-588,1.00403
-586,1.00353
-584,1.0107
-582,0.997872
-580,0.986526
-578,0.993301
-576,0.981665
-574,0.975521
-572,0.981374
-570,0.99716
-568,1.01476
-566,1.01506
-564,1.01498
-562,1.03256
-560,1.03654
-558,1.0351
-556,1.04578
-554,1.08272
-552,1.13693
-550,0.781145
-548,0.627461
-546,0.770026
-544,0.830728
-542,0.860798
-540,0.889885
-538,0.902069
-536,0.928571
-534,0.931087
-532,0.935033
-530,0.91859
-528,0.925103
-526,0.941177
-524,0.942737
-522,0.952299
-520,0.950888
-518,0.956611
-516,0.959821
-514,0.963719
-512,0.952583
-510,0.940364
-508,0.969436
-506,0.977979
-504,0.971326
-502,0.952102
-500,0.944114
-498,0.948306
-496,0.952664
-494,0.960782
-492,0.974251
-490,0.965574
-488,0.950121
-486,0.939832
-484,0.94237
-482,0.938082
-480,0.926189
-478,0.928796
-476,0.94768
-474,0.947505
-472,0.95868
-470,0.96026
-468,0.947307
-466,0.93085
-464,0.931902
-462,0.935554
-460,0.92325
-458,0.911762
-456,0.886137
-454,0.827021
-452,0.682346
-450,0.422065
-448,0.936374
-446,0.977768
-444,0.967728
-442,0.969571
-440,0.982935
-438,0.98322
-436,0.988637
-434,0.989699
-432,0.988321
-430,0.956665
-428,0.956728
-426,0.976644
-424,0.973725
-422,0.986904
-420,0.979014
-418,0.992858
-416,0.987148
-414,0.961465
-412,0.94844
-410,0.949396
-408,0.961026
-406,0.948921
-404,0.957389
-402,0.956346
-400,0.957681
-398,0.981608
-396,0.979574
-394,0.973306
-392,0.997979
-390,0.996262
-388,0.992998
-386,0.986737
-384,0.947617
-382,0.968765
-380,0.992321
-378,0.970704
-376,0.962995
-374,0.969022
-372,0.960592
-370,0.953971
-368,0.937428
-366,0.947528
-364,0.959043
-362,0.968604
-360,0.972035
-358,0.981937
-356,0.988268
-354,0.984711
-352,0.99948
-350,0.911748
-348,0.874941
-346,0.916687
-344,0.942451
-342,0.953031
-340,0.953828
-338,0.941375
-336,0.942507
-334,0.955891
-332,0.945312
-330,0.946868
-328,0.965014
-326,0.972492
-324,0.973301
-322,0.983615
-320,0.96923
-318,0.956067
-316,0.964675
-314,0.986132
-312,0.96541
-310,0.951385
-308,0.937593
-306,0.936202
-304,0.931318
-302,0.939307
-300,0.973734
-298,0.965849
-296,0.963125
-294,0.962894
-292,0.945697
-290,0.943801
-288,0.947448
-286,0.957587
-284,0.977857
-282,0.965046
-280,0.95821
-278,0.963439
-276,0.96891
-274,0.990058
-272,0.975959
-270,0.939208
-268,0.935284
-266,0.948293
-264,0.950595
-262,0.942511
-260,0.956024
-258,0.969574
-256,0.973026
-254,1.03436
-252,1.26559
-250,1.97688
-248,1.40847
-246,1.15781
-244,1.0883
-242,1.05794
-240,1.02663
-238,1.00049
-236,1.0041
-234,0.998095
-232,1.007
-230,1.01178
-228,0.98971
-226,0.975359
-224,0.99077
-222,0.999635
-220,1.0077
-218,1.01777
-216,1.00972
-214,1.00369
-212,0.990555
-210,0.977203
-208,0.962764
-206,0.970329
-204,0.976926
-202,0.986433
-200,0.981704
-198,0.975174
-196,0.973151
-194,0.992316
-192,0.995069
-190,1.00203
-188,0.990051
-186,0.980234
-184,0.997441
-182,1.00531
-180,1.00292
-178,1.00643
-176,0.997577
-174,1.00188
-172,0.99587
-170,0.997168
-168,1.00278
-166,1.00269
-164,1.01485
-162,1.0173
-160,1.01663
-158,1.00672
-156,0.998196
-154,1.02678
-152,1.00997
-150,0.551655
-148,0.708103
-146,0.840585
-144,0.876759
-142,0.915929
-140,0.91496
-138,0.918211
-136,0.921945
-134,0.916628
-132,0.921471
-130,0.928227
-128,0.933064
-126,0.936794
-124,0.936601
-122,0.933706
-120,0.93207
-118,0.946502
-116,0.955125
-114,0.969411
-112,0.971044
-110,0.969754
-108,0.959478
-106,0.954352
-104,0.957936
-102,0.975545
-100,0.934081
-98,0.90368
-96,0.932539
-94,0.945316
-92,0.933289
-90,0.950437
-88,0.951896
-86,0.944216
-84,0.949056
-82,0.944853
-80,0.942192
-78,0.965281
-76,0.964217
-74,0.964796
-72,0.956338
-70,0.967611
-68,0.975575
-66,0.966624
-64,0.959565
-62,0.957463
-60,0.952633
-58,0.953411
-56,0.956821
-54,0.960144
-52,0.968993
-50,0.814692
-48,0.895553
-46,0.933112
-44,0.954166
-42,0.964038
-40,0.958591
-38,0.942569
-36,0.9418
-34,0.943288
-32,0.973176
-30,0.978549
-28,0.968865
-26,0.959709
-24,0.951354
-22,0.947365
-20,0.942476
-18,0.945484
-16,0.948819
-14,0.959056
-12,0.96533
-10,0.971068
-8,0.963271
-6,0.955938
-4,0.949899
-2,0.900764
0,0.7066
2,0.900764
4,0.949899
6,0.955938
8,0.963271
10,0.971068
12,0.96533
14,0.959056
16,0.948819
18,0.945484
20,0.942476
22,0.947365
24,0.951354
26,0.959709
28,0.968865
30,0.978549
32,0.973176
34,0.943288
36,0.9418
38,0.942569
40,0.958591
42,0.964038
44,0.954166
46,0.933112
48,0.895553
50,0.814692
52,0.968993
54,0.960144
56,0.956821
58,0.953411
60,0.952633
62,0.957463
64,0.959565
66,0.966624
68,0.975575
70,0.967611
72,0.956338
74,0.964796
76,0.964217
78,0.965281
80,0.942192
82,0.944853
84,0.949056
86,0.944216
88,0.951896
90,0.950437
92,0.933289
94,0.945316
96,0.932539
98,0.90368
100,0.934081
102,0.975545
104,0.957936
106,0.954352
108,0.959478
110,0.969754
112,0.971044
114,0.969411
116,0.955125
118,0.946502
120,0.93207
122,0.933706
124,0.936601
126,0.936794
128,0.933064
130,0.928227
132,0.921471
134,0.916628
136,0.921945
138,0.91821
140,0.914959
142,0.915929
144,0.876759
146,0.840585
148,0.708102
150,0.551655
152,1.00997
154,1.02678
156,0.998196
158,1.00672
160,1.01663
162,1.0173
164,1.01485
166,1.00269
168,1.00278
170,0.997168
172,0.99587
174,1.00188
176,0.997577
178,1.00643
180,1.00292
182,1.00531
184,0.997441
186,0.980234
188,0.990051
190,1.00203
192,0.995069
194,0.992316
196,0.973151
198,0.975174
200,0.981704
202,0.986433
204,0.976926
206,0.970329
208,0.962764
210,0.977203
212,0.990555
214,1.00369
216,1.00972
218,1.01777
220,1.0077
222,0.999635
224,0.99077
226,0.975359
228,0.98971
230,1.01178
232,1.007
234,0.998095
236,1.0041
238,1.00049
240,1.02663
242,1.05794
244,1.0883
246,1.15781
248,1.40847
250,1.97688
252,1.26559
254,1.03436
256,0.973026
258,0.969574
260,0.956024
262,0.942511
264,0.950595
266,0.948293
268,0.935284
270,0.939208
272,0.975959
274,0.990058
276,0.96891
278,0.963439
280,0.95821
282,0.965046
284,0.977857
286,0.957587
288,0.947448
290,0.943801
292,0.945697
294,0.962894
296,0.963125
298,0.965849
300,0.973734
302,0.939307
304,0.931318
306,0.936202
308,0.937593
310,0.951385
312,0.96541
314,0.986132
316,0.964675
318,0.956067
320,0.96923
322,0.983615
324,0.973301
326,0.972492
328,0.965014
330,0.946868
332,0.945312
334,0.955891
336,0.942507
338,0.941375
340,0.953828
342,0.953031
344,0.942451
346,0.916687
348,0.874941
350,0.911748
352,0.99948
354,0.984711
356,0.988268
358,0.981937
360,0.972035
362,0.968604
364,0.959043
366,0.947528
368,0.937428
370,0.953971
372,0.960592
374,0.969022
376,0.962995
378,0.970704
380,0.992321
382,0.968765
384,0.947617
386,0.986737
388,0.992998
390,0.996262
392,0.997979
394,0.973306
396,0.979574
398,0.981608
400,0.957681
402,0.956346
404,0.957389
406,0.948921
408,0.961026
410,0.949396
412,0.94844
414,0.961465
416,0.987148
418,0.992858
420,0.979014
422,0.986904
424,0.973725
426,0.976644
428,0.956728
430,0.956665
432,0.988321
434,0.989699
436,0.988637
438,0.98322
440,0.982935
442,0.969571
444,0.967728
446,0.977768
448,0.936373
450,0.422065
452,0.682346
454,0.827021
456,0.886137
458,0.911763
460,0.92325
462,0.935554
464,0.931902
466,0.93085
468,0.947307
470,0.96026
472,0.95868
474,0.947505
476,0.94768
478,0.928796
480,0.926189
482,0.938082
484,0.94237
486,0.939832
488,0.950121
490,0.965574
492,0.974251
494,0.960782
496,0.952664
498,0.948306
500,0.944114
502,0.952102
504,0.971326
506,0.977979
508,0.969436
510,0.940364
512,0.952583
514,0.963719
516,0.959821
518,0.956611
520,0.950888
522,0.952299
524,0.942737
526,0.941177
528,0.925103
530,0.91859
532,0.935033
534,0.931086
536,0.928571
538,0.902069
540,0.889885
542,0.860798
544,0.830728
546,0.770026
548,0.627461
550,0.781145
552,1.13693
554,1.08272
556,1.04578
558,1.0351
560,1.03654
562,1.03256
564,1.01498
566,1.01506
568,1.01476
570,0.99716
572,0.981374
574,0.975521
576,0.981665
578,0.993301
580,0.986526
582,0.997872
584,1.0107
586,1.00353
588,1.00403
590,0.99088
592,1.0042
594,0.995615
596,0.98462
598,0.973566
600,0.976562
602,0.979548
604,0.993046
606,0.998
608,0.991676
610,0.989665
612,0.994493
614,0.993492
616,0.981336
618,0.973035
620,0.97832
622,0.969802
624,0.974212
626,0.998422
628,0.995283
630,0.991333
632,0.972725
634,0.962791
636,0.963591
638,0.967841
640,0.963078
642,0.958325
644,0.962415
646,0.947097
648,0.903036
650,0.666354
652,0.871853
654,0.924589
656,0.966305
658,0.963171
660,0.964062
662,0.956839
664,0.968052
666,0.969433
668,0.959159
670,0.974222
672,0.979564
674,0.979203
676,0.970834
678,0.970474
680,0.970736
682,0.982661
684,0.979952
686,0.964136
688,0.955227
690,0.950374
692,0.95526
694,0.966333
696,0.971522
698,0.961255
700,0.98663
702,0.97216
704,0.966788
706,0.981509
708,0.971795
710,0.975363
712,0.967403
714,0.959245
716,0.966449
718,0.95628
720,0.961976
722,0.95515
724,0.963201
726,0.964199
728,0.969154
730,0.980104
732,0.977085
734,0.971331
736,0.983298
738,0.974573
740,0.958474
742,0.990919
744,0.998812
746,0.969847
748,0.972522
750,0.977092
752,0.974514
754,0.960407
756,0.968857
758,0.9761
760,0.955284
762,0.966796
764,0.978509
766,0.966567
768,0.966769
770,0.964311
772,0.961675
774,0.975492
776,0.974627
778,0.964854
780,0.966208
782,0.976772
784,0.97497
786,0.978619
788,0.976246
790,0.992212
792,0.994942
794,0.970141
796,0.966048
798,0.966129
800,0.975041
802,0.987022
804,0.966313
806,0.97548
808,0.999576
810,0.988598
812,0.972333
814,0.979138
816,0.982266
818,0.985013
820,0.976988
822,0.973509
824,0.981015
826,0.985351
828,0.975449
830,0.977237
832,0.998468
834,0.996133
836,0.989913
838,1.00027
840,0.976233
842,0.985439
844,1.00348
846,1.0367
848,1.05537
850,0.78269
852,0.731498
854,0.845914
856,0.897973
858,0.915222
860,0.928126
862,0.925116
864,0.928999
866,0.945005
868,0.95078
870,0.949076
872,0.953559
874,0.94659
876,0.941812
878,0.946557
880,0.96257
882,0.952567
884,0.966782
886,0.947396
888,0.935614
890,0.925668
892,0.942036
894,0.957715
896,0.954548
898,0.943898
900,0.955626
902,0.937928
904,0.954404
906,0.965608
908,0.977748
910,0.964808
912,0.977606
914,0.973802
916,0.962155
918,0.959407
920,0.967912
922,0.969622
924,0.96436
926,0.966298
928,0.974834
930,0.978283
932,0.974973
934,0.98113
936,0.98313
938,0.986775
940,0.988013
942,0.994799
944,1.00789
946,1.02953
948,1.07462
950,1.151
952,0.936892
954,0.94529
956,0.933671
958,0.94697
960,0.957049
962,0.947821
964,0.935171
966,0.938558
968,0.951698
970,0.942144
972,0.944231
974,0.970292
976,0.977762
978,0.974653
980,0.964985
982,0.945805
984,0.959164
986,0.962287
988,0.95754
990,0.951142
992,0.964861
994,0.964353
996,0.952149
998,0.943392
1000,0.952424
1002,0.968529
1004,0.978303
1006,0.967203
1008,0.968836
1010,0.969834
1012,0.978553
1014,0.974706
1016,0.982509
1018,0.965601
1020,0.943893
1022,0.969369
1024,0.971598
1026,0.961874
1028,0.986421
1030,0.973357
1032,0.961939
1034,0.967929
1036,0.971287
1038,0.975503
1040,0.992616
1042,1.0097
1044,1.00261
1046,1.00857
1048,1.04105
1050,1.091
1052,0.867511
1054,0.892356
1056,0.922944
1058,0.93791
1060,0.934089
1062,0.931966
1064,0.943536
1066,0.952262
1068,0.944233
1070,0.949436
1072,0.943589
1074,0.948218
1076,0.938051
1078,0.938699
1080,0.947099
1082,0.951056
1084,0.955947
1086,0.956584
1088,0.971543
1090,0.962233
1092,0.978557
1094,0.966201
1096,0.967213
1098,0.954698
1100,0.936644
1102,0.916105
1104,0.933792
1106,0.936827
1108,0.933407
1110,0.944617
1112,0.936501
1114,0.957307
1116,0.952002
1118,0.945501
1120,0.939788
1122,0.94532
1124,0.952118
1126,0.95362
1128,0.952428
1130,0.949556
1132,0.956287
1134,0.976705
1136,0.971353
1138,0.959136
1140,0.946573
1142,0.971615
1144,0.983721
1146,0.963025
1148,0.946947
1150,0.946539
1152,0.95499
1154,0.951202
1156,0.944802
1158,0.940466
1160,0.943368
1162,0.948828
1164,0.925988
1166,0.936996
1168,0.943111
1170,0.946037
1172,0.961603
1174,0.960225
1176,0.963507
1178,0.958241
1180,0.970539
1182,0.9627
1184,0.963397
1186,0.945117
1188,0.949104
1190,0.953238
1192,0.951709
1194,0.961535
1196,0.96255
1198,0.957308
1200,0.952939
1202,0.971006
1204,0.974191
1206,0.979715
1208,0.985997
1210,0.973842
1212,0.963045
1214,0.968338
1216,0.968442
1218,0.965914
1220,0.953769
1222,0.955709
1224,0.951889
1226,0.955283
1228,0.952304
1230,0.954658
1232,0.959641
1234,0.945616
1236,0.947503
1238,0.959579
1240,0.947275
1242,0.927384
1244,0.898615
1246,0.893849
1248,0.845462
1250,0.901932
1252,1.0611
1254,1.02541
1256,1.00854
1258,1.00884
1260,0.989176
1262,0.967619
1264,0.97618
1266,0.990381
1268,0.972011
1270,0.964708
1272,0.966965
1274,0.971358
1276,0.9832
1278,0.98261
1280,0.974277
1282,0.955816
1284,0.94927
1286,0.958608
1288,0.969751
1290,0.970044
1292,0.964477
1294,0.969222
1296,0.941176
1298,0.949399
1300,0.952249
1302,0.952818
1304,0.950987
1306,0.95125
1308,0.962108
1310,0.968351
1312,0.974882
1314,0.974729
1316,0.975254
1318,0.973333
1320,0.967285
1322,0.958901
1324,0.960702
1326,0.98127
1328,0.981483
1330,0.971894
1332,0.972832
1334,0.969108
1336,0.963813
1338,0.964599
1340,0.959937
1342,0.938796
1344,0.919847
1346,0.924226
1348,0.950976
1350,1.06743
1352,1.05619
1354,1.00682
1356,0.966543
1358,0.97449
1360,0.985581
1362,0.979803
1364,0.981798
1366,0.987868
1368,1.00233
1370,0.987997
1372,0.981585
1374,0.993329
1376,0.991026
1378,0.984175
1380,0.989387
1382,0.981271
1384,0.984303
1386,0.992132
1388,0.986103
1390,0.994979
1392,0.97088
1394,0.951774
1396,0.951665
1398,0.96692
1400,0.968891
1402,0.975106
1404,0.987213
1406,0.988596
1408,0.987652
1410,0.967775
1412,0.968225
1414,0.961668
1416,0.95349
1418,0.969669
1420,0.961876
1422,0.971581
1424,0.986685
1426,0.99024
1428,0.941942
1430,0.941729
1432,0.953249
1434,0.960352
1436,0.970809
1438,0.951964
1440,0.949281
1442,0.909999
1444,0.953104
1446,0.979435
1448,1.00268
1450,1.02208
1452,1.00117
1454,0.989128
1456,0.987018
1458,0.981575
1460,0.970269
1462,0.969775
1464,0.978558
1466,0.987249
1468,0.947432
1470,0.954527
1472,0.963141
1474,0.974396
1476,0.97153
1478,0.971993
1480,0.981942
1482,0.961776
1484,0.951293
1486,0.934893
1488,0.94929
1490,0.955347
1492,0.965193
1494,0.960489
1496,0.952947
1498,0.950958
1500,0.931731
1502,0.986191
1504,0.972371
1506,0.952573
1508,0.957978
1510,0.954374
1512,0.97533
1514,0.953361
1516,0.968125
1518,0.983878
1520,0.96401
1522,0.969736
1524,0.975042
1526,0.989262
1528,0.981901
1530,0.977324
1532,0.985759
1534,1.00032
1536,1.00336
1538,0.99933
1540,0.985497
1542,0.969555
1544,0.934264
1546,0.958293
1548,0.963367
1550,0.911972
1552,0.914605
1554,0.948471
1556,0.958974
1558,0.958468
1560,0.957552
1562,0.949142
1564,0.939558
1566,0.955248
1568,0.967193
1570,0.966051
1572,0.966909
1574,0.958882
1576,0.96205
1578,0.958032
1580,0.948069
1582,0.946775
1584,0.947588
1586,0.969801
1588,0.971067
1590,0.948708
1592,0.947276
1594,0.96195
1596,0.936405
1598,0.956329
1600,0.959851
1602,0.985034
1604,0.96486
1606,0.950359
1608,0.975544
1610,0.982063
1612,0.959623
1614,0.942598
1616,0.963687
1618,0.976595
1620,0.966359
1622,0.980911
1624,0.954307
1626,0.943228
1628,0.944261
1630,0.948958
1632,0.955626
1634,0.924635
1636,0.944368
1638,0.950861
1640,0.947742
1642,0.945002
1644,0.921625
1646,0.933494
1648,0.899545
1650,0.947216
1652,0.994913
1654,0.990296
1656,0.974544
1658,0.945552
1660,0.958473
1662,0.96875
1664,0.968619
1666,0.983558
1668,0.958969
1670,0.95119
1672,0.964246
1674,0.96602
1676,0.974305
1678,0.967767
1680,0.98048
1682,0.982913
1684,1.00197
1686,0.992028
1688,0.961354
1690,0.959896
1692,0.9601
1694,0.980755
1696,0.982102
1698,0.985424
1700,0.964303
1702,0.948583
1704,0.949144
1706,0.941623
1708,0.948969
1710,0.948593
1712,0.930997
1714,0.930953
1716,0.96264
1718,0.990903
1720,1.00611
1722,0.985188
1724,0.956337
1726,0.978268
1728,0.995247
1730,0.986724
1732,0.953635
1734,0.960761
1736,0.981517
1738,0.988659
1740,0.993192
1742,0.96602
1744,0.943281
1746,0.954335
1748,0.952879
1750,1.04039
1752,1.03286
1754,0.978735
1756,0.989171
1758,0.982231
1760,0.939427
1762,0.948898
1764,0.991615
1766,0.949779
1768,0.938849
1770,0.935413
1772,0.931725
1774,0.928744
1776,0.951728
1778,0.973762
1780,1.01468
1782,1.01872
1784,1.0359
1786,1.01006
1788,0.983591
1790,0.952689
1792,0.969435
1794,1.01098
1796,0.956977
1798,0.953043
1800,0.959981
1802,0.968457
1804,0.958493
1806,0.867472
1808,0.92103
1810,0.962156
1812,0.96723
1814,0.971028
1816,0.913832
1818,0.926925
1820,0.945433
1822,0.923036
1824,0.953002
1826,0.935875
1828,0.950681
1830,0.985436
1832,0.981433
1834,0.957967
1836,0.988118
1838,0.952065
1840,0.988564
1842,0.976025
1844,1.00009
1846,0.986183
1848,1.01676
1850,0.985823
1852,0.913696
1854,0.932402
1856,0.940177
1858,0.939673
1860,0.953942
1862,0.978713
1864,0.950403
1866,0.992473
1868,1.01734
1870,0.970648
1872,0.966622
1874,0.983706
1876,1.00499
1878,1.04955
1880,1.00634
1882,0.914133
1884,0.907741
1886,0.928291
1888,0.997043
1890,0.909429
1892,0.862433
1894,0.866648
1896,0.942571
1898,0.955966
1900,0.968628
1902,0.967729
1904,0.988558
1906,1.00802
1908,1.02528
1910,0.933761
1912,0.843856
1914,0.885848
1916,0.877568
1918,0.894904
1920,0.894702
1922,0.924813
1924,0.914789
1926,0.910829
1928,0.920615
1930,0.922319
1932,0.874803
1934,0.837713
1936,0.86908
1938,0.864892
1940,0.773323
1942,0.77543
1944,0.727441
1946,0.719717
1948,0.521743
1950,0.488662
1952,1.08762
1954,1.10938
1956,1.13641
1958,1.05298
1960,1.03639
1962,1.01284
1964,1.03493
1966,0.96224
1968,1.02911
1970,1.0158
1972,1.16165
1974,1.16929
1976,1.13239
1978,1.0129
1980,0.905168
1982,1.06887
1984,1.05103
1986,1.05945
1988,1.09551
1990,1.01492
1992,1.02581
1994,1.03191
1996,0.961773
1998,0.967968
2000,1.00267
2002,0.899887
2004,0.917131
2006,0.975365
2008,1.02996
2010,1.09956
2012,1.05503
2014,0.89708
2016,0.820212
2018,0.996164
2020,0.911254
2022,0.930819
2024,0.9092
2026,1.04219
2028,0.998314
2030,0.898202
2032,0.916807
2034,0.964534
2036,1.05531
2038,1.04408
2040,1.0327
2042,0.978512
2044,0.907545
2046,0.967879
2048,1.29462
2050,1.99006
2052,1.51821
2054,1.2072
2056,1.05448
2058,0.9982
2060,1.0399
2062,1.0612
2064,1.03003
2066,1.06561
2068,1.06418
2070,1.093
2072,1.02203
2074,0.920849
2076,0.992289
2078,0.956551
2080,0.93167
2082,0.959306
2084,1.05263
2086,0.95561
2088,0.935365
2090,0.929024
2092,0.884964
2094,1.00261
2096,1.02181
2098,0.905085
2100,0.920797
2102,0.943378
2104,0.955263
2106,0.947729
2108,1.0137
2110,0.976536
2112,0.999557
2114,1.00308
2116,0.947872
2118,1.00354
2120,1.03017
2122,0.957874
2124,0.934398
2126,0.973222
2128,0.983317
2130,0.927667
2132,0.902811
2134,0.898792
2136,0.907768
2138,0.916124
2140,0.947869
2142,0.955868
2144,0.937885
2146,0.922981
2148,0.885276
2150,0.975436
2152,1.05563
2154,0.988363
2156,0.990118
2158,0.994563
2160,0.999523
2162,0.978006
2164,1.02618
2166,0.990798
2168,0.959517
2170,0.962547
2172,0.916234
2174,0.96741
2176,1.01973
2178,0.918473
2180,0.938976
2182,0.92896
2184,0.943409
2186,0.972987
2188,0.965313
2190,0.910197
2192,0.934846
2194,0.957587
2196,0.979133
2198,1.02247
2200,1.03375
2202,0.995355
2204,0.996727
2206,0.954403
2208,1.00455
2210,1.02542
2212,1.02093
2214,0.99056
2216,0.995034
2218,0.971221
2220,0.9743
2222,1.00347
2224,0.987372
2226,0.961042
2228,0.96886
2230,0.940128
2232,0.968304
2234,0.962453
2236,0.906189
2238,0.948847
2240,0.897643
2242,0.914811
2244,0.928019
2246,0.907178
2248,0.903962
2250,0.968943
2252,1.0816
2254,1.07113
2256,1.03811
2258,1.01019
2260,1.01001
2262,1.01143
2264,1.01538
2266,0.973516
2268,0.980884
2270,0.95596
2272,0.990903
2274,0.994693
2276,1.04063
2278,0.983026
2280,0.946771
2282,0.958322
2284,0.969629
2286,0.997043
2288,1.011
2290,1.00842
2292,1.0314
2294,1.02252
2296,0.995232
2298,0.965218
2300,0.919585
2302,0.956004
2304,0.937156
2306,0.935638
2308,1.02134
2310,1.01987
2312,1.0076
2314,0.993068
2316,0.97012
2318,0.973088
2320,0.965144
2322,0.978786
2324,0.965541
2326,1.00275
2328,0.989766
2330,1.00183
2332,0.981799
2334,0.954139
2336,0.949833
2338,0.945538
2340,0.956547
2342,0.945369
2344,0.945541
2346,0.932218
2348,0.965632
2350,0.954419
2352,0.964464
2354,0.961358
2356,0.947043
2358,0.916526
2360,0.937494
2362,0.948133
2364,0.969166
2366,1.01196
2368,1.00253
2370,0.95897
2372,0.968317
2374,0.963456
2376,0.990183
2378,1.00347
2380,0.997071
2382,0.972651
2384,0.970766
2386,0.958414
2388,0.962326
2390,0.970041
2392,0.974169
2394,0.975846
2396,0.991082
2398,0.946493
2400,0.932859
2402,0.958034
2404,0.992661
2406,0.980027
2408,0.960363
2410,0.950533
2412,0.96856
2414,0.991136
2416,0.998946
2418,0.984664
2420,0.940639
2422,0.938511
2424,0.943239
2426,0.984871
2428,0.971664
2430,0.999745
2432,0.997865
2434,0.996896
2436,1.00132
2438,0.984863
2440,0.976268
2442,0.939465
2444,0.970824
2446,0.979359
2448,0.984549
2450,0.982094
2452,0.922234
2454,0.948034
2456,0.953915
2458,0.978364
2460,0.987808
2462,0.975634
2464,0.993299
2466,0.98282
2468,0.96768
2470,0.963008
2472,0.94937
2474,0.951488
2476,0.94906
2478,0.998785
2480,1.01395
2482,0.992025
2484,0.953132
2486,0.968498
2488,0.97995
2490,0.983345
2492,0.950785
2494,0.946557
2496,0.952632
2498,0.943679
2500,0.968406
2502,0.965782
2504,0.958618
2506,0.968586
2508,0.969589
2510,0.969954
2512,0.956041
2514,0.976425
2516,0.964712
2518,0.989943
2520,0.994409
2522,0.978341
2524,0.968906
2526,0.97413
2528,0.968399
2530,0.939114
2532,0.931163
2534,0.962951
2536,0.94854
2538,0.95015
2540,0.959806
2542,0.970628
2544,0.965075
2546,0.969272
2548,0.985401
2550,0.989448
2552,1.00454
2554,0.991673
2556,0.991036
2558,0.98045
2560,0.973457
2562,0.974487
2564,0.967159
2566,0.957689
2568,0.965346
2570,0.954329
2572,0.950365
2574,0.962157
2576,0.961749
2578,0.946555
2580,0.955257
2582,0.966185
2584,0.990301
2586,0.975278
2588,0.965863
2590,0.941459
2592,0.93492
2594,0.97418
2596,0.976419
2598,0.96922
2600,0.945378
2602,0.948996
2604,0.958327
2606,0.966646
2608,0.953413
2610,0.935412
2612,0.985166
2614,0.978526
2616,0.965525
2618,0.990739
2620,0.995275
2622,0.97394
2624,0.966001
2626,0.97118
2628,0.985358
2630,0.99051
2632,0.98781
2634,0.967691
2636,0.982611
2638,0.965145
2640,0.956544
2642,0.958473
2644,0.947246
2646,0.947988
2648,0.961357
2650,1.02129
2652,1.05011
2654,1.01438
2656,0.998313
2658,0.985074
2660,1.0039
2662,1.01832
2664,0.998053
2666,0.972034
2668,0.970999
2670,0.987654
2672,0.977909
2674,0.984293
2676,1.00564
2678,0.990988
2680,0.98554
2682,0.992684
2684,0.97015
2686,0.962294
2688,0.96579
2690,0.958577
2692,0.973657
2694,0.974553
2696,0.961925
2698,0.957106
2700,0.942406
2702,0.955369
2704,0.961784
2706,0.983217
2708,0.981466
2710,0.981689
2712,1.00812
2714,0.988351
2716,0.971836
2718,0.979785
2720,0.972484
2722,0.96978
2724,0.957717
2726,0.971849
2728,0.963001
2730,0.955979
2732,0.940645
2734,0.953578
2736,0.964091
2738,0.962142
2740,0.956866
2742,0.961448
2744,0.959057
2746,0.970019
2748,0.981956
2750,1.0373
2752,1.02003
2754,0.966821
2756,0.963943
2758,0.980034
2760,0.984222
2762,0.983201
2764,0.988423
2766,0.977996
2768,0.980297
2770,0.973814
2772,0.956993
2774,0.966125
2776,0.971932
2778,0.95793
2780,0.99457
2782,0.99008
2784,0.974637
2786,0.970586
2788,0.965103
2790,0.959518
2792,0.959558
2794,0.957714
2796,0.950408
2798,0.959327
2800,0.978025
2802,0.992593
2804,0.992279
2806,0.979181
2808,0.975921
2810,0.971595
2812,0.973443
2814,0.965876
2816,0.980884
2818,0.978742
2820,0.982957
2822,0.980776
2824,0.968578
2826,0.975661
2828,0.977279
2830,0.973475
2832,0.982927
2834,0.980176
2836,0.976578
2838,0.963488
2840,0.967336
2842,0.955481
2844,0.947931
2846,0.960378
2848,0.978404
2850,0.987622
2852,0.970253
2854,0.971932
2856,0.969714
2858,0.975933
2860,0.959173
2862,0.976803
2864,0.997607
2866,0.983391
2868,0.972038
2870,0.975849
2872,0.973649
2874,0.938568
2876,0.964205
2878,0.975962
2880,0.974449
2882,0.97625
2884,0.970788
2886,0.976635
2888,0.985171
2890,0.973013
2892,0.985121
2894,0.98636
2896,0.98559
2898,0.983382
2900,0.976212
2902,0.975734
2904,0.981182
2906,0.989986
2908,0.978859
2910,0.977682
2912,0.968651
2914,0.969416
2916,0.981708
2918,0.987734
2920,0.985174
2922,0.993094
2924,0.989813
2926,0.988757
2928,0.98734
2930,0.982257
2932,0.978055
2934,0.991402
2936,0.987123
2938,0.986297
2940,0.989151
2942,1.00004
2944,0.989422
2946,0.965208
2948,0.943834
2950,0.960762
2952,0.950181
2954,0.941957
2956,0.92995
2958,0.956807
2960,0.972212
2962,0.971272
2964,0.969275
2966,0.980089
2968,0.978289
2970,0.978104
2972,0.97371
2974,0.986705
2976,0.956951
2978,0.945236
2980,0.946128
2982,0.939858
2984,0.933791
2986,0.953522
2988,0.968202
2990,0.974073
2992,0.9681
2994,0.959118
2996,0.967636
2998,0.981939
3000,0.968001
3002,0.959708
3004,0.95092
3006,0.954506
3008,0.960771
3010,0.959912
3012,0.972465
3014,0.988822
3016,0.98068
3018,0.981002
3020,0.963254
3022,0.953085
3024,0.957006
3026,0.973877
3028,0.97746
3030,0.971629
3032,0.960055
3034,0.967162
3036,0.974676
3038,0.954098
3040,0.943994
3042,0.949377
3044,0.958372
3046,0.963288
3048,0.973014
3050,0.945628
3052,0.959692
3054,0.970151
3056,0.961526
3058,0.96252
3060,0.957254
3062,0.954464
3064,0.95963
3066,0.952689
3068,0.965084
3070,0.965934
3072,0.960905
3074,0.94451
3076,0.942311
3078,0.964214
3080,0.964887
3082,0.959337
3084,0.95415
3086,0.952392
3088,0.960986
3090,0.961295
3092,0.970243
3094,0.977252
3096,0.979524
3098,0.966756
3100,0.959469
3102,0.953139
3104,0.950036
3106,0.9474
3108,0.968851
3110,0.982288
3112,0.989529
3114,0.981057
3116,0.972341
3118,0.964102
3120,0.965907
3122,0.96114
3124,0.965007
3126,0.975408
3128,0.960453
3130,0.969824
3132,0.980621
3134,0.986987
3136,0.970079
3138,0.957238
3140,0.951244
3142,0.962427
3144,0.969945
3146,0.961337
3148,0.942749
3150,0.948356
3152,1.00435
3154,0.98574
3156,0.992282
3158,0.983949
3160,0.979724
3162,0.961007
3164,0.972386
3166,0.974598
3168,0.991551
3170,0.99007
3172,0.989952
3174,0.975738
3176,0.989508
3178,0.990854
3180,0.971601
3182,0.97455
3184,0.982138
3186,0.988967
3188,0.983168
3190,0.972719
3192,0.970247
3194,0.973843
3196,0.965881
3198,0.955746
3200,0.97159
3202,0.957539
3204,0.975403
3206,0.973698
3208,0.968242
3210,0.983509
3212,1.00267
3214,0.990078
3216,0.981026
3218,0.987587
3220,0.9923
3222,0.980646
3224,0.974697
3226,0.965999
3228,0.964102
3230,0.972411
3232,0.980308
3234,0.985486
3236,0.981662
3238,0.983548
3240,0.990772
3242,0.98679
3244,0.983418
3246,0.97413
3248,0.969985
3250,0.951376
3252,0.939137
3254,0.954624
3256,0.945944
3258,0.94566
3260,0.9471
3262,0.970551
3264,0.966085
3266,0.954041
3268,0.970769
3270,0.97981
3272,0.996871
3274,0.985242
3276,0.986454
3278,0.991678
3280,0.982921
3282,0.976531
3284,0.959773
3286,0.960504
3288,0.965995
3290,0.97399
3292,0.972708
3294,0.959803
3296,0.959115
3298,0.960604
3300,0.955898
3302,0.953252
3304,0.959986
3306,0.968156
3308,0.966647
3310,0.967513
3312,0.972424
3314,0.962513
3316,0.979812
3318,0.986031
3320,0.970159
3322,0.962803
3324,0.97058
3326,0.977398
3328,0.966843
3330,0.964787
3332,0.959768
3334,0.976246
3336,0.982876
3338,0.976721
3340,0.969299
3342,0.970136
3344,0.962609
3346,0.98604
3348,0.980323
3350,0.963835
3352,0.961991
3354,0.987019
3356,0.990536
3358,0.982951
3360,0.977928
3362,0.967235
3364,0.961785
3366,0.969128
3368,0.974541
3370,0.970607
3372,0.96066
3374,0.968962
3376,0.968628
3378,0.978172
3380,0.974369
3382,0.97756
3384,0.968799
3386,0.97961
3388,0.966947
3390,0.96826
3392,0.968476
3394,0.976066
3396,0.967229
3398,0.97608
3400,0.99274
3402,0.995234
3404,0.967893
3406,0.950876
3408,0.976527
3410,0.97456
3412,0.974036
3414,0.975128
3416,0.980745
3418,0.975924
3420,0.972754
3422,0.961258
3424,0.955678
3426,0.95123
3428,0.956898
3430,0.970874
3432,0.967649
3434,0.972411
3436,0.991555
3438,0.991785
3440,0.958184
3442,0.963471
3444,0.971363
3446,0.968304
3448,0.954153
3450,0.928715
3452,0.951049
3454,0.964274
3456,0.962313
3458,0.957339
3460,0.951982
3462,0.957545
3464,0.970097
3466,0.969238
3468,0.963093
3470,0.973225
3472,0.996297
3474,0.991078
3476,0.986823
3478,0.988877
3480,0.971353
3482,0.984387
3484,0.971381
3486,0.948083
3488,0.949729
3490,0.967393
3492,0.977602
3494,0.962331
3496,0.958098
3498,0.953175
3500,0.947514
3502,0.957301
3504,0.96089
3506,0.976181
3508,0.971825
3510,0.984504
3512,0.982691
3514,0.967636
3516,0.958722
3518,0.962484
3520,0.972822
3522,0.980331
3524,0.960912
3526,0.957109
3528,0.965074
3530,0.976367
3532,0.973272
3534,0.975487
3536,0.975137
3538,0.958375
3540,0.962157
3542,0.963934
3544,0.966633
3546,0.961173
3548,0.950586
3550,0.96287
3552,0.980344
3554,0.974045
3556,0.984167
3558,0.990025
3560,0.982113
3562,0.973208
3564,0.974058
3566,0.965434
3568,0.970957
3570,0.970267
3572,0.970755
3574,0.967109
3576,0.971539
3578,0.977903
3580,0.976725
3582,0.973149
3584,0.975169
3586,0.960272
3588,0.971357
3590,0.976433
3592,0.988253
3594,0.977159
3596,0.980824
3598,0.986475
3600,0.984037
3602,0.964608
3604,0.958607
3606,0.973549
3608,0.978784
3610,0.975337
3612,0.971363
3614,0.976655
3616,0.970047
3618,0.973993
3620,0.973619
3622,0.969343
3624,0.963625
3626,0.976907
3628,0.980603
3630,0.977823
3632,0.970367
3634,0.961343
3636,0.970358
3638,0.972464
3640,0.961294
3642,0.957978
3644,0.970593
3646,0.963198
3648,0.947719
3650,0.94801
3652,0.971553
3654,0.976492
3656,0.974777
3658,0.971625
3660,0.98444
3662,0.985701
3664,0.96751
3666,0.96971
3668,0.962989
3670,0.972184
3672,0.984698
3674,0.984931
3676,0.977591
3678,0.97293
3680,0.969494
3682,0.960615
3684,0.963352
3686,0.955243
3688,0.951629
3690,0.965133
3692,0.97024
3694,0.966085
3696,0.974521
3698,0.973684
3700,0.951038
3702,0.961093
3704,0.971536
3706,0.971256
3708,0.958041
3710,0.961988
3712,0.981438
3714,0.987079
3716,0.97821
3718,0.963634
3720,0.952143
3722,0.939118
3724,0.957163
3726,0.964579
3728,0.958986
3730,0.978407
3732,0.970918
3734,0.972548
3736,0.967124
3738,0.974345
3740,0.980815
3742,0.977313
3744,0.964419
3746,0.971989
3748,0.980962
3750,0.994789
3752,0.971763
3754,0.963173
3756,0.970884
3758,0.985431
3760,0.984991
3762,0.971039
3764,0.975414
3766,0.974404
3768,0.973999
3770,0.965555
3772,0.965076
3774,0.971906
3776,0.956749
3778,0.961831
3780,0.96889
3782,0.954264
3784,0.970989
3786,0.986419
3788,0.983746
3790,0.963373
3792,0.957075
3794,0.951627
3796,0.966696
3798,0.974492
3800,0.989049
3802,0.983997
3804,0.987425
3806,0.970448
3808,0.971112
3810,0.978171
3812,0.966605
3814,0.974663
3816,0.976682
3818,0.968172
3820,0.959574
3822,0.960847
3824,0.958939
3826,0.965946
3828,0.973556
3830,0.968498
3832,0.961806
3834,0.963373
3836,0.971343
3838,0.970024
3840,0.981387
3842,0.988845
3844,0.985415
3846,0.981415
3848,0.965389
3850,0.947035
3852,0.94557
3854,0.963551
3856,0.963677
3858,0.96802
3860,0.973791
3862,0.964894
3864,0.950252
3866,0.964809
3868,0.958072
3870,0.955413
3872,0.951591
3874,0.957212
3876,0.953262
3878,0.961558
3880,0.96267
3882,0.971953
3884,0.968456
3886,0.967871
3888,0.976796
3890,0.978233
3892,0.963486
3894,0.966528
3896,0.97115
3898,0.962611
3900,0.962058
3902,0.971311
3904,0.961452
3906,0.969715
3908,0.954725
3910,0.958764
3912,0.954604
3914,0.958763
3916,0.956157
3918,0.964652
3920,0.9745
3922,0.967818
3924,0.969585
3926,0.961555
3928,0.966316
3930,0.974484
3932,0.9691
3934,0.97466
3936,0.988374
3938,0.973864
3940,0.966562
3942,0.974985
3944,0.982075
3946,0.975347
3948,0.977234
3950,0.974377
3952,0.969693
3954,0.96799
3956,0.957692
3958,0.947466
3960,0.953528
3962,0.960661
3964,0.955186
3966,0.975758
3968,0.965235
3970,0.965248
3972,0.98903
3974,0.978184
3976,0.968938
3978,0.969341
3980,0.971171
3982,0.95877
3984,0.948986
3986,0.951206
3988,0.968232
3990,0.965674
3992,0.982898
3994,0.98551
3996,0.986033
3998,0.992782
4000,0.975564
4002,0.978122
4004,0.973556
4006,0.962859
4008,0.970603
4010,0.958382
4012,0.956534
4014,0.945994
4016,0.965253
4018,0.979936
4020,0.984479
4022,0.972189
4024,0.960589
4026,0.958961
4028,0.974876
4030,0.97817
4032,0.977746
4034,0.983851
4036,0.978664
4038,0.974637
4040,0.953413
4042,0.969678
4044,0.9752
4046,0.969797
4048,0.963663
4050,0.952032
4052,0.959562
4054,0.969818
4056,0.968962
4058,0.986036
4060,0.995524
4062,0.968267
4064,0.938813
4066,0.9519
4068,0.966232
4070,0.968681
4072,0.965021
4074,0.958465
4076,0.963659
4078,0.966886
4080,0.967144
4082,0.959394
4084,0.957751
4086,0.954653
4088,0.96926
4090,0.96968
4092,0.965009
4094,0.958545
