# BEGINHEADER
# This file contains data from the SALSA 2m radio telescope.
# DATE=2024-01-31T12:31:0029
# GLON and GLAT given in degrees
# GLON=99.8524877512105
# GLAT=0.004812470965934226
# DATA in two columns below. Col. 1 is velocity relative to LSR [km/s]. Col. 2 is uncalibrated antenna temperature [K].
# ENDHEADER
265.7714758935786 17.5142183680487
263.71033194297996 36.24106578049175
261.6491879923813 31.74239799819466
259.58804404178267 34.90648699862599
257.5269000911841 34.62036323737029
255.4657561405854 36.6478124572441
253.40461218998675 37.401348934721575
251.3434682393881 39.14029307872685
249.28232428878948 40.70214014640148
247.22118033819083 43.24249650044095
245.1600363875922 44.959837003375995
243.09889243699354 45.6105079122474
241.03774848639492 48.314184065867316
238.97660453579627 51.056849209910716
236.91546058519765 52.66686941469061
234.85431663459897 54.45909786611808
232.79317268400035 56.74742095534664
230.7320287334017 58.43841260472455
228.67088478280309 60.56224959110759
226.60974083220444 62.18053614836729
224.5485968816058 64.08282798511212
222.48745293100714 65.98071148512416
220.42630898040852 66.1101398530795
218.36516502980987 68.96528386069409
216.30402107921122 70.30256181003152
214.24287712861258 70.0254705578523
212.18173317801393 71.24335068090349
210.1205892274153 72.3370546842766
208.05944527681666 73.96966277013566
205.99830132621804 73.99203286746177
203.93715737561936 74.92968159531121
201.87601342502074 75.70520491332148
199.8148694744221 75.64348530807185
197.75372552382345 75.97127392644947
195.6925815732248 76.05378941408925
193.63143762262615 77.15712241637247
191.5702936720275 77.12901847311595
189.50914972142888 78.41781157402654
187.44800577083024 78.42670322264631
185.38686182023162 78.3896870004122
183.32571786963294 78.61781067921153
181.2645739190343 78.88376106150051
179.20342996843567 79.9166413099283
177.14228601783702 78.67202502551623
175.0811420672384 79.25284634228288
173.01999811663973 79.89114963347855
170.9588541660411 79.51901505244957
168.89771021544246 80.07998247822539
166.83656626484384 79.77629649110428
164.77542231424516 79.69548235047561
162.71427836364654 80.19062129944706
160.6531344130479 80.35306613372131
158.59199046244927 80.80136469680623
156.53084651185063 80.75668517708998
154.46970256125198 81.31320764270014
152.40855861065333 81.85887886547063
150.3474146600547 81.72331388819329
148.28627070945606 80.68957234304821
146.22512675885744 81.55139993529508
144.16398280825877 81.73598776121726
142.10283885766012 82.07099612029305
140.0416949070615 81.70331614966437
137.98055095646285 82.4104010851622
135.91940700586423 82.11395523521203
133.85826305526555 80.87633684636968
131.79711910466693 82.25210194672765
129.73597515406829 82.4961171551737
127.67483120346965 82.34258644528616
125.61368725287102 83.21531779980218
123.55254330227235 82.15716572508862
121.49139935167372 82.27461972341695
119.43025540107509 83.77958672040337
117.36911145047644 83.72551665658783
115.3079674998778 83.64607869106437
113.24682354927916 83.43071203657703
111.18567959868052 83.21284151156782
109.12453564808189 83.6903624159936
107.06339169748324 83.29883561411621
105.0022477468846 83.71295802186253
102.94110379628596 84.03777808260546
100.87995984568732 83.76415433437164
98.81881589508868 83.96218644072809
96.75767194449004 84.9058785465441
94.69652799389141 83.5614867327544
92.63538404329276 83.50417761024259
90.57424009269413 84.83011939217371
88.51309614209548 84.06680830664551
86.45195219149684 84.05650361132851
84.39080824089818 84.45352811279722
82.32966429029955 84.28170856744512
80.26852033970091 84.65390018980214
78.20737638910227 84.51979939727023
76.14623243850363 85.1297346943417
74.08508848790498 84.43967096411207
72.02394453730635 83.85193546617076
69.9628005867077 84.86634443130026
67.90165663610907 84.39318077324141
65.84051268551043 85.06798726081337
63.779368734911785 84.2321137406926
61.71822478431314 85.18436980455421
59.65708083371451 84.9195216252878
57.59593688311587 84.66621245123406
55.53479293251722 85.2417792826449
53.47364898191858 84.80111424839626
51.41250503131994 85.27272980705193
49.351361080721304 85.02608078083748
47.29021713012266 85.60669846895236
45.22907317952402 85.59613638895607
43.16792922892539 85.97058687932179
41.10678527832675 85.48138070554322
39.045641327728106 85.06790306223701
36.984497377129465 85.48841298652442
34.92335342653082 85.9129741457521
32.862209475932175 85.16299560066543
30.801065525333538 85.38738381554346
28.739921574734897 85.58949667132107
26.678777624136256 85.46935291708272
24.617633673537618 86.53057900066383
22.556489722938977 87.15033059538095
20.495345772340333 86.59602095396579
18.434201821741695 87.08211921799521
16.373057871143054 88.12915346380598
14.311913920544413 88.55694238669294
12.25076996994577 88.30049998713326
10.18962601934713 89.94717507889331
8.12848206874849 93.6254405021168
6.067338118149849 99.32039026511457
4.006194167551208 105.36547479166607
1.9450502169525672 111.56566429405744
-0.1160937336460736 110.45723447174383
-2.1772376842447145 106.98925103999649
-4.238381634843355 106.00566993023585
-6.299525585441996 104.43466784060614
-8.360669536040637 103.48806244680178
-10.421813486639278 101.67795037846827
-12.482957437237918 99.26186985999544
-14.544101387836557 99.13604861441853
-16.605245338435196 98.57604845827956
-18.66638928903384 99.16285267236256
-20.727533239632482 98.95221290492992
-22.78867719023112 98.72599007969546
-24.84982114082976 99.44766519485894
-26.9109650914284 98.49712288162185
-28.972109042027046 98.45053630132428
-31.033252992625684 99.0975827715853
-33.094396943224325 99.31222251383564
-35.155540893822966 98.9987530260964
-37.21668484442161 99.18574517416283
-39.27782879502025 97.89919030878119
-41.33897274561888 99.66792079976047
-43.40011669621753 99.22954157463181
-45.46126064681617 99.42284818131232
-47.52240459741481 99.77565037692861
-49.58354854801346 100.29553629774117
-51.644692498612095 100.38020767177227
-53.705836449210736 100.6090560452077
-55.76698039980938 100.70527492970794
-57.82812435040802 99.98169314521044
-59.88926830100666 99.77817573263563
-61.95041225160531 99.40326902960668
-64.01155620220393 98.40056108572557
-66.07270015280258 97.71196143540917
-68.13384410340122 96.98760763775245
-70.19498805399988 95.78271789263823
-72.25613200459851 93.32658697926689
-74.31727595519715 92.58072818199156
-76.3784199057958 90.44328052735138
-78.43956385639443 90.62566251847711
-80.50070780699308 89.84708562513009
-82.56185175759171 87.841990485955
-84.62299570819034 87.91107173340501
-86.684139658789 88.17718624279911
-88.74528360938763 88.11730273725722
-90.80642755998628 88.50611988972047
-92.86757151058491 89.26915177476175
-94.92871546118356 88.53861328471376
-96.98985941178219 88.06879158974611
-99.05100336238083 87.72145277199957
-101.11214731297947 87.8121562227356
-103.17329126357811 87.53165472994097
-105.23443521417676 86.2122610579075
-107.29557916477539 86.37752784825376
-109.35672311537405 85.73750183554162
-111.41786706597269 85.20765877845575
-113.47901101657132 85.03190968838392
-115.54015496716997 84.00805936858674
-117.6012989177686 83.71412478782614
-119.66244286836725 83.8449764072111
-121.72358681896588 83.90500161384692
-123.78473076956453 83.08614180189024
-125.84587472016317 83.61230661445364
-127.9070186707618 82.83913176408309
-129.96816262136045 82.36593873943218
-132.0293065719591 81.79762124914515
-134.09045052255772 81.63587753863384
-136.1515944731564 82.19649937034058
-138.212738423755 81.95632010300488
-140.27388237435366 81.07516937838946
-142.33502632495228 81.12188575396931
-144.39617027555093 82.43508913793718
-146.45731422614958 80.49666651989182
-148.51845817674823 81.24766843526405
-150.57960212734685 81.04356833882788
-152.6407460779455 80.90723698179605
-154.7018900285441 81.13601124087738
-156.7630339791428 80.02889338580187
-158.8241779297414 79.69800990127119
-160.88532188034006 80.59101468101572
-162.94646583093868 80.04010408342481
-165.00760978153735 79.2462481906138
-167.068753732136 79.24191415520609
-169.12989768273462 79.51636565002742
-171.19104163333327 79.06571945997214
-173.2521855839319 78.73084496219299
-175.31332953453057 78.80989243743828
-177.3744734851292 78.86936507294513
-179.43561743572783 78.27254692031376
-181.49676138632645 78.0148923099766
-183.5579053369251 78.41511693531169
-185.61904928752375 77.94839961992942
-187.6801932381224 77.15909852576894
-189.74133718872102 76.44489724719621
-191.80248113931967 77.0179957709365
-193.86362508991832 76.26254650592503
-195.92476904051696 76.03059981533004
-197.98591299111558 75.04580755744904
-200.0470569417142 74.45678355587805
-202.10820089231285 74.70485583587448
-204.1693448429115 72.913779730951
-206.23048879351012 72.4733231873813
-208.29163274410877 71.74443489324155
-210.35277669470742 70.91205181237548
-212.41392064530606 69.08991862927381
-214.4750645959047 68.36026425777877
-216.53620854650333 66.08610610435218
-218.59735249710198 65.377263739856
-220.65849644770063 64.06561408164258
-222.71964039829928 61.888572945653735
-224.7807843488979 60.81103207549029
-226.84192829949654 58.08936056531974
-228.90307225009516 56.622321896631384
-230.96421620069384 54.49785381721772
-233.02536015129246 52.10286680742453
-235.0865041018911 50.55152924808195
-237.14764805248973 47.80426690058234
-239.20879200308838 46.09925701096118
-241.26993595368702 44.014480326619484
-243.33107990428567 42.47157573121548
-245.3922238548843 40.58070523922664
-247.45336780548294 38.89447701760348
-249.51451175608162 37.11785267643891
-251.57565570668024 36.62172225021504
-253.63679965727889 34.88602972438942
-255.6979436078775 34.79562156084579
-257.75908755847615 32.16659597079525
-259.8202315090748 36.154925419932304
