# BEGINHEADER
# This file contains data from the SALSA 2m radio telescope.
# DATE=2024-01-31T11:19:0059
# GLON and GLAT given in degrees
# GLON=32.582519391382746
# GLAT=-27.9227440658889
# DATA in two columns below. Col. 1 is velocity relative to LSR [km/s]. Col. 2 is uncalibrated antenna temperature [K].
# ENDHEADER
2388.654329158342 18.05179757597441
2386.5931852077438 37.07277494955725
2384.532041257145 32.4419484628988
2382.4708973065467 35.959829035035845
2380.409753355948 35.335436937870554
2378.348609405349 37.104458937850254
2376.2874654547504 37.706678583494934
2374.226321504152 39.79846323959185
2372.1651775535533 41.01573774357849
2370.1040336029546 43.28134271997147
2368.042889652356 45.133238864408504
2365.9817457017575 47.91022060899305
2363.9206017511588 49.28585925048638
2361.85945780056 51.37634873117472
2359.7983138499612 53.85194617658978
2357.7371698993625 56.158668249366414
2355.6760259487637 57.814290428630386
2353.6148819981654 59.829519970198476
2351.5537380475666 61.74097241783298
2349.492594096968 63.117997779184776
2347.431450146369 65.15840685982913
2345.370306195771 66.88110362035503
2343.309162245172 68.32055726029355
2341.2480182945737 70.24075767740051
2339.186874343975 71.47344410774237
2337.125730393376 72.862266996035
2335.0645864427775 74.22737754285158
2333.003442492179 74.28644343296503
2330.9422985415804 74.98296607965177
2328.8811545909816 75.68478913063697
2326.820010640383 76.04798348195924
2324.7588666897846 77.07268994771135
2322.697722739186 77.98272144517685
2320.6365787885875 78.5599134540083
2318.5754348379887 78.44189076721945
2316.51429088739 78.47883210999743
2314.453146936791 78.36188497931666
2312.392002986193 79.29531249852383
2310.330859035594 79.0081298686181
2308.2697150849954 80.31097953109271
2306.2085711343966 80.14575832059515
2304.1474271837983 80.13161934104933
2302.0862832331995 81.02963436536886
2300.025139282601 79.93408198232152
2297.963995332002 80.97929008483004
2295.9028513814033 81.44317086151531
2293.8417074308045 81.81889622328902
2291.780563480206 81.1986362220954
2289.7194195296074 80.65409611562792
2287.6582755790087 82.23279949210303
2285.59713162841 82.60349128164738
2283.5359876778116 81.96582758111855
2281.474843727213 83.143814942129
2279.4136997766145 82.71999376972298
2277.3525558260158 84.68381267992991
2275.291411875417 83.00242138695789
2273.2302679248182 82.5802051660359
2271.16912397422 84.29416475144872
2269.107980023621 83.62991228695154
2267.0468360730224 83.44688185772551
2264.9856921224236 83.56808541736433
2262.9245481718253 84.17153168089378
2260.8634042212266 85.22439362138408
2258.8022602706283 84.51425707815615
2256.7411163200295 83.71401479783495
2254.6799723694307 84.52593797298536
2252.618828418832 84.28384087354512
2250.5576844682337 85.44947510362407
2248.496540517635 84.5721888764565
2246.435396567036 84.49430918776396
2244.3742526164374 84.81627522277793
2242.313108665839 85.63589272328976
2240.2519647152403 86.04133172494637
2238.190820764642 85.80455308584804
2236.129676814043 84.62677628938073
2234.068532863444 84.98040754440166
2232.0073889128453 85.30137780862164
2229.946244962247 85.67742015277118
2227.885101011648 85.97694938427962
2225.8239570610494 85.23284399068123
2223.7628131104507 85.9878125228692
2221.7016691598524 85.90256146177012
2219.6405252092536 86.78780706001785
2217.5793812586553 86.66464875623493
2215.5182373080565 86.92680944474128
2213.457093357458 85.96892996045685
2211.395949406859 87.28339788945374
2209.3348054562607 90.31237354800876
2207.273661505662 86.59754980093349
2205.212517555063 87.40109843425347
2203.1513736044644 86.7658472135728
2201.090229653866 87.98556356295411
2199.0290857032674 86.43983196753926
2196.967941752669 87.0873134448574
2194.9067978020703 86.47642501541414
2192.8456538514715 87.69103143388529
2190.7845099008728 87.36458693640051
2188.7233659502745 87.89157496819699
2186.6622219996757 86.21126002364119
2184.601078049077 87.30767301422134
2182.539934098478 87.81776466005871
2180.47879014788 87.03113936748461
2178.417646197281 86.5105377735117
2176.356502246683 87.38503213188271
2174.2953582960836 87.45203262923337
2172.234214345485 87.32356019371464
2170.173070394886 86.80705848368663
2168.1119264442877 87.39080002891272
2166.050782493689 87.65894931899389
2163.98963854309 87.81407992398988
2161.9284945924915 88.51012262191679
2159.867350641893 87.61185832363657
2157.8062066912944 87.17884903523304
2155.745062740696 86.8553035159575
2153.6839187900973 87.12645095460742
2151.6227748394986 86.88355695493652
2149.5616308889 86.84967006123016
2147.5004869383015 87.26656971847584
2145.4393429877027 88.37855931273413
2143.378199037104 87.88567789113887
2141.317055086505 88.21406509900454
2139.255911135907 89.10656185808917
2137.194767185308 87.61700984066803
2135.13362323471 87.42037762456877
2133.072479284111 87.66249557558208
2131.0113353335123 87.96626222842043
2128.9501913829135 87.66710237872735
2126.8890474323152 89.57490091447428
2124.8279034817165 91.46321665405559
2122.7667595311177 89.41240085217852
2120.705615580519 88.46496414021196
2118.6444716299206 88.55119119190554
2116.583327679322 87.70987337769127
2114.5221837287236 87.33820260636978
2112.4610397781244 87.81576378794534
2110.3998958275256 88.06375470451133
2108.338751876927 87.4015469361158
2106.2776079263285 86.78528317317148
2104.2164639757298 88.75597615299314
2102.155320025131 87.5526243380314
2100.0941760745322 87.85883181371918
2098.033032123934 87.42153644633765
2095.971888173335 87.39125581102402
2093.910744222737 86.56310036021968
2091.849600272138 86.53991769160548
2089.7884563215393 87.33345551934215
2087.7273123709406 87.29599870835814
2085.6661684203423 86.73452103347022
2083.6050244697435 87.2924692597026
2081.543880519145 86.81678271950847
2079.482736568546 86.91330957982883
2077.4215926179477 87.04313701482711
2075.360448667349 86.67232219708465
2073.29930471675 86.64677944907457
2071.2381607661514 86.9389154487598
2069.177016815553 87.10306822684436
2067.1158728649543 88.14124298415645
2065.054728914356 86.70715684792714
2062.993584963757 88.09672199193984
2060.9324410131585 85.96176782315864
2058.8712970625597 88.90491659536929
2056.8101531119614 84.73463411262354
2054.7490091613627 102.10537586562957
2052.687865210764 94.26132859306117
2050.626721260165 83.86839385999947
2048.5655773095664 87.18255715141544
2046.5044333589678 86.11210840884303
2044.4432894083695 86.20614682521219
2042.3821454577705 85.47947703521908
2040.3210015071722 87.12106809241882
2038.2598575565735 86.24483360239203
2036.198713605975 85.34467651860497
2034.137569655376 86.15753923631992
2032.0764257047774 85.51030443989495
2030.0152817541787 85.03517936384537
2027.9541378035801 85.62942773862036
2025.8929938529814 85.78541601299742
2023.831849902383 85.8926593330381
2021.770705951784 85.77019465199491
2019.7095620011858 85.18301976940721
2017.648418050587 84.9313829622117
2015.5872740999885 85.50522792279823
2013.5261301493897 85.79711270544459
2011.4649861987912 84.85848324099558
2009.4038422481924 85.01550673415149
2007.3426982975939 84.67757919787829
2005.281554346995 84.97706721581727
2003.2204103963963 84.64822261145876
2001.1592664457976 84.5388369972151
1999.0981224951993 84.94356505856268
1997.0369785446005 83.41468165278292
1994.975834594002 84.10008554453883
1992.9146906434032 83.63183510186505
1990.8535466928047 83.23305132984875
1988.792402742206 83.83166121885135
1986.7312587916074 83.67067430602772
1984.6701148410086 83.39166325716536
1982.60897089041 82.3989955711592
1980.5478269398113 82.53512197438543
1978.486682989213 83.01390781956738
1976.4255390386143 82.30749134896152
1974.3643950880157 82.39050948281715
1972.303251137417 82.3844112295779
1970.2421071868182 82.32394340893123
1968.1809632362194 81.98569196749854
1966.119819285621 81.7782258851771
1964.0586753350221 82.19197717202616
1961.9975313844236 81.18265838735141
1959.9363874338248 81.50718529657482
1957.8752434832265 81.40629780103939
1955.8140995326278 80.4543538156375
1953.7529555820292 81.294788903671
1951.6918116314305 80.07369018507197
1949.630667680832 80.75664803293951
1947.5695237302332 80.85042941527308
1945.5083797796347 79.24325241676225
1943.447235829036 79.9723099241605
1941.3860918784374 79.29487028625988
1939.3249479278384 79.97711144109526
1937.26380397724 78.56973858766692
1935.202660026641 78.18335108554338
1933.1415160760428 78.4669218922641
1931.080372125444 78.1126430484193
1929.0192281748455 78.21620030925433
1926.9580842242467 77.32660810216053
1924.8969402736482 76.00358840145672
1922.8357963230494 75.545971637386
1920.7746523724509 75.0600069000536
1918.713508421852 74.50307658439849
1916.6523644712538 73.76214762814236
1914.5912205206548 72.42185621311096
1912.5300765700565 72.19377793856083
1910.4689326194577 71.68580456793028
1908.407788668859 69.29638612296881
1906.3466447182602 67.8362600217574
1904.2855007676617 66.39708654298904
1902.224356817063 64.67853590834967
1900.1632128664644 63.06073745959877
1898.1020689158656 61.282639747736745
1896.0409249652673 59.58766917218985
1893.9797810146683 57.30602163918391
1891.91863706407 55.659607859843184
1889.8574931134713 53.51058427020408
1887.7963491628727 50.86278479449761
1885.735205212274 49.281937321119024
1883.6740612616754 47.05273028039803
1881.6129173110767 44.98136474889327
1879.5517733604781 43.29143243509364
1877.4906294098791 41.24143161878619
1875.4294854592808 40.123561798957994
1873.3683415086819 37.89533348155022
1871.3071975580835 37.072341186469274
1869.2460536074848 35.004231387275865
1867.1849096568862 35.679617381289326
1865.1237657062875 32.68238128938776
1863.062621755689 36.62402907440085
