249.759640 0.000000
247.698496 0.000000
245.637352 0.000000
243.576209 0.000000
241.515065 0.000000
239.453921 0.000000
237.392777 0.000000
235.331633 0.000000
233.270489 0.000000
231.209345 0.000000
229.148201 0.000000
227.087057 0.000000
225.025913 0.000000
222.964769 0.000000
220.903625 0.000000
218.842481 0.000000
216.781337 0.000000
214.720193 0.000000
212.659049 0.000000
210.597905 0.000000
208.536761 0.000000
206.475617 0.000000
204.414473 0.000000
202.353330 0.000000
200.292186 0.000000
198.231042 0.000000
196.169898 0.000000
194.108754 0.000000
192.047610 0.000000
189.986466 0.000000
187.925322 0.000000
185.864178 0.000000
183.803034 0.000000
181.741890 0.000000
179.680746 0.000000
177.619602 0.000000
175.558458 0.000000
173.497314 0.000000
171.436170 0.000000
169.375026 0.000000
167.313882 0.000000
165.252738 0.000000
163.191594 0.000000
161.130451 0.000000
159.069307 0.000000
157.008163 0.000000
154.947019 0.000000
152.885875 0.000000
150.824731 0.000000
148.763587 0.000000
146.702443 0.000000
144.641299 0.000000
142.580155 0.000000
140.519011 0.000000
138.457867 0.000000
136.396723 0.000000
134.335579 0.000000
132.274435 0.000000
130.213291 0.000000
128.152147 0.000000
126.091003 0.000000
124.029859 0.000000
121.968715 0.000000
119.907572 0.000000
117.846428 0.000000
115.785284 0.000000
113.724140 0.000000
111.662996 0.000000
109.601852 0.000000
107.540708 0.000000
105.479564 0.000000
103.418420 0.000000
101.357276 0.000000
99.296132 0.000000
97.234988 0.000000
95.173844 0.000000
93.112700 0.000000
91.051556 0.000000
88.990412 0.000000
86.929268 0.000000
84.868124 0.000000
82.806980 0.000000
80.745836 0.000000
78.684692 0.000000
76.623549 0.000000
74.562405 0.000000
72.501261 0.000000
70.440117 0.000000
68.378973 0.000000
66.317829 0.000000
64.256685 0.000000
62.195541 0.000000
60.134397 0.000000
58.073253 0.000000
56.012109 0.000000
53.950965 0.000000
51.889821 0.000000
49.828677 0.000000
47.767533 0.000000
45.706389 0.000000
43.645245 0.000000
41.584101 0.000001
39.522957 0.000004
37.461813 0.000017
35.400670 0.000064
33.339526 0.000228
31.278382 0.000766
29.217238 0.002424
27.156094 0.007214
25.094950 0.020171
23.033806 0.052979
20.972662 0.130705
18.911518 0.302866
16.850374 0.659112
14.789230 1.347127
12.728086 2.585783
10.666942 4.661314
8.605798 7.891494
6.544654 12.547301
4.483510 18.736673
2.422366 26.278735
0.361222 34.619252
-1.699922 42.843513
-3.761066 49.819257
-5.822209 54.451871
-7.883353 55.977865
-9.944497 54.191456
-12.005641 49.515274
-14.066785 42.886336
-16.127929 35.503383
-18.189073 28.532902
-20.250217 22.874726
-22.311361 19.048216
-24.372505 17.202648
-26.433649 17.210749
-28.494793 18.788776
-30.555937 21.597880
-32.617081 25.305823
-34.678225 29.610388
-36.739369 34.238107
-38.800513 38.933819
-40.861657 43.452294
-42.922801 47.557142
-44.983945 51.027429
-47.045088 53.669682
-49.106232 55.331889
-51.167376 55.916223
-53.228520 55.387844
-55.289664 53.778083
-57.350808 51.181352
-59.411952 47.746198
-61.473096 43.661884
-63.534240 39.142655
-65.595384 34.412267
-67.656528 29.691209
-69.717672 25.187994
-71.778816 21.093744
-73.839960 17.576537
-75.901104 14.769981
-77.962248 12.751850
-80.023392 11.514907
-82.084536 10.941782
-84.145680 10.802839
-86.206824 10.792567
-88.267968 10.603359
-90.329111 10.012929
-92.390255 8.947992
-94.451399 7.494238
-96.512543 5.848625
-98.573687 4.238819
-100.634831 2.847672
-102.695975 1.771740
-104.757119 1.020702
-106.818263 0.544758
-108.879407 0.269702
-110.940551 0.124171
-113.001695 0.053396
-115.062839 0.021605
-117.123983 0.008327
-119.185127 0.003116
-121.246271 0.001161
-123.307415 0.000444
-125.368559 0.000178
-127.429703 0.000075
-129.490847 0.000033
-131.551990 0.000015
-133.613134 0.000006
-135.674278 0.000003
-137.735422 0.000001
-139.796566 0.000001
-141.857710 0.000000
-143.918854 0.000000
-145.979998 0.000000
-148.041142 0.000000
-150.102286 0.000000
-152.163430 0.000000
-154.224574 0.000000
-156.285718 0.000000
-158.346862 0.000000
-160.408006 0.000000
-162.469150 0.000000
-164.530294 0.000000
-166.591438 0.000000
-168.652582 0.000000
-170.713726 0.000000
-172.774869 0.000000
-174.836013 0.000000
-176.897157 0.000000
-178.958301 0.000000
-181.019445 0.000000
-183.080589 0.000000
-185.141733 0.000000
-187.202877 0.000000
-189.264021 0.000000
-191.325165 0.000000
-193.386309 0.000000
-195.447453 0.000000
-197.508597 0.000000
-199.569741 0.000000
-201.630885 0.000000
-203.692029 0.000000
-205.753173 0.000000
-207.814317 0.000000
-209.875461 0.000000
-211.936605 0.000000
-213.997748 0.000000
-216.058892 0.000000
-218.120036 0.000000
-220.181180 0.000000
-222.242324 0.000000
-224.303468 0.000000
-226.364612 0.000000
-228.425756 0.000000
-230.486900 0.000000
-232.548044 0.000000
-234.609188 0.000000
-236.670332 0.000000
-238.731476 0.000000
-240.792620 0.000000
-242.853764 0.000000
-244.914908 0.000000
-246.976052 0.000000
-249.037196 0.000000
-251.098340 0.000000
-253.159484 0.000000
-255.220628 0.000000
-257.281771 0.000000
-259.342915 0.000000
-261.404059 0.000000
-263.465203 0.000000
-265.526347 0.000000
-267.587491 0.000000
-269.648635 0.000000
-271.709779 0.000000
-273.770923 0.000000
-275.832067 0.000000
