249.759640 -3.518451
247.698496 -4.800238
245.637352 -4.873034
243.576209 -4.716235
241.515065 -5.230091
239.453921 -6.218527
237.392777 -6.175705
235.331633 -5.296063
233.270489 -5.051532
231.209345 -4.777710
229.148201 -4.733574
227.087057 -5.331408
225.025913 -5.864890
222.964769 -6.066768
220.903625 -5.845497
218.842481 -5.442301
216.781337 -5.090023
214.720193 -4.893470
212.659049 -5.492097
210.597905 -6.948966
208.536761 -8.216501
206.475617 -8.664527
204.414473 -8.431382
202.353330 -7.538384
200.292186 -6.999443
198.231042 -7.310833
196.169898 -7.603339
194.108754 -7.491511
192.047610 -6.991409
189.986466 -6.345735
187.925322 -5.858399
185.864178 -5.896183
183.803034 -6.102962
181.741890 -6.217057
179.680746 -6.046549
177.619602 -5.790592
175.558458 -6.133424
173.497314 -6.703684
171.436170 -7.137798
169.375026 -7.238959
167.313882 -6.907240
165.252738 -6.689542
163.191594 -6.849328
161.130451 -7.062998
159.069307 -7.032402
157.008163 -6.997548
154.947019 -7.222528
152.885875 -7.540713
150.824731 -7.320790
148.763587 -7.141996
146.702443 -7.438555
144.641299 -7.771908
142.580155 -7.890039
140.519011 -7.883068
138.457867 -7.899782
136.396723 -8.062104
134.335579 -8.217188
132.274435 -8.158045
130.213291 -7.955110
128.152147 -7.838697
126.091003 -7.700035
124.029859 -8.100847
121.968715 -8.820112
119.907572 -9.149949
117.846428 -9.200925
115.785284 -8.752219
113.724140 -8.010604
111.662996 -8.015858
109.601852 -8.562824
107.540708 -8.837350
105.479564 -9.197174
103.418420 -10.041800
101.357276 -10.697684
99.296132 -10.676733
97.234988 -10.340754
95.173844 -9.917699
93.112700 -9.648635
91.051556 -9.779101
88.990412 -9.699916
86.929268 -9.117375
84.868124 -8.830137
82.806980 -8.935506
80.745836 -8.928827
78.684692 -9.081940
76.623549 -10.005723
74.562405 -10.520186
72.501261 -10.131462
70.440117 -9.657433
68.378973 -9.501169
66.317829 -9.453096
64.256685 -9.401930
62.195541 -9.815095
60.134397 -10.262520
58.073253 -10.141973
56.012109 -9.896263
53.950965 -9.696595
51.889821 -9.567683
49.828677 -9.290314
47.767533 -9.573551
45.706389 -10.380541
43.645245 -10.437533
41.584101 -10.088346
39.522957 -9.739240
37.461813 -9.642723
35.400670 -9.834534
33.339526 -9.544063
31.278382 -9.056824
29.217238 -9.200487
27.156094 -9.762933
25.094950 -10.353430
23.033806 -10.581453
20.972662 -9.752443
18.911518 -8.443074
16.850374 -7.741180
14.789230 -7.386223
12.728086 -6.862499
10.666942 -4.954976
8.605798 -0.444439
6.544654 6.982306
4.483510 18.065732
2.422366 31.818425
0.361222 43.306916
-1.699922 49.228729
-3.761066 51.303357
-5.822209 51.685748
-7.883353 51.329784
-9.944497 49.831284
-12.005641 46.524895
-14.066785 42.310759
-16.127929 37.663732
-18.189073 32.171878
-20.250217 26.370620
-22.311361 21.398615
-24.372505 18.406526
-26.433649 17.954877
-28.494793 18.887449
-30.555937 20.557906
-32.617081 23.776451
-34.678225 28.492492
-36.739369 33.875336
-38.800513 39.520068
-40.861657 44.309523
-42.922801 48.036931
-44.983945 50.906329
-47.045088 52.018574
-49.106232 52.436573
-51.167376 53.624362
-53.228520 55.279702
-55.289664 56.304423
-57.350808 54.752551
-59.411952 50.464193
-61.473096 45.027823
-63.534240 39.518974
-65.595384 33.748079
-67.656528 27.855377
-69.717672 22.778632
-71.778816 18.928123
-73.839960 16.422830
-75.901104 14.559974
-77.962248 13.493926
-80.023392 12.567713
-82.084536 11.584189
-84.145680 11.277696
-86.206824 11.083826
-88.267968 10.154337
-90.329111 8.586606
-92.390255 7.643352
-94.451399 7.786618
-96.512543 7.052671
-98.573687 5.380109
-100.634831 4.145902
-102.695975 3.067926
-104.757119 1.062391
-106.818263 -1.931293
-108.879407 -4.703994
-110.940551 -6.270718
-113.001695 -6.910243
-115.062839 -6.825599
-117.123983 -6.619068
-119.185127 -6.477380
-121.246271 -6.778466
-123.307415 -7.391279
-125.368559 -8.152376
-127.429703 -8.032359
-129.490847 -7.322529
-131.551990 -7.584047
-133.613134 -8.505486
-135.674278 -8.716109
-137.735422 -8.348349
-139.796566 -8.114380
-141.857710 -8.234211
-143.918854 -8.879914
-145.979998 -9.288241
-148.041142 -9.251295
-150.102286 -9.027744
-152.163430 -8.383695
-154.224574 -8.283850
-156.285718 -9.422118
-158.346862 -9.825917
-160.408006 -8.820815
-162.469150 -7.771101
-164.530294 -7.382261
-166.591438 -7.488307
-168.652582 -8.212253
-170.713726 -8.543116
-172.774869 -8.126566
-174.836013 -8.304787
-176.897157 -9.091367
-178.958301 -8.926528
-181.019445 -8.017692
-183.080589 -7.776717
-185.141733 -7.773215
-187.202877 -7.995993
-189.264021 -8.425935
-191.325165 -8.620578
-193.386309 -8.687706
-195.447453 -8.961525
-197.508597 -8.764704
-199.569741 -8.205301
-201.630885 -7.848205
-203.692029 -7.662644
-205.753173 -7.582566
-207.814317 -7.703707
-209.875461 -7.787512
-211.936605 -7.557827
-213.997748 -7.481238
-216.058892 -7.845343
-218.120036 -8.060733
-220.181180 -8.028054
-222.242324 -8.245537
-224.303468 -7.930485
-226.364612 -7.187776
-228.425756 -6.950993
-230.486900 -7.212663
-232.548044 -7.203735
-234.609188 -6.918666
-236.670332 -7.100392
-238.731476 -7.035965
-240.792620 -6.308048
-242.853764 -6.459621
-244.914908 -6.961656
-246.976052 -7.126667
-249.037196 -7.333336
-251.098340 -7.738087
-253.159484 -8.210555
-255.220628 -8.114962
-257.281771 -7.386654
-259.342915 -6.831808
-261.404059 -6.669111
-263.465203 -6.340559
-265.526347 -5.771001
-267.587491 -5.068713
-269.648635 -4.646904
-271.709779 -5.622311
-273.770923 -7.333462
-275.832067 -8.119057
