# BEGINHEADER
# This file contains data from the SALSA 2m radio telescope.
# DATE=2024-01-31T18:25:0055
# GLON and GLAT given in degrees
# GLON=129.88264227086296
# GLAT=-0.15982602306305566
# DATA in two columns below. Col. 1 is velocity relative to LSR [km/s]. Col. 2 is uncalibrated antenna temperature [K].
# ENDHEADER
249.7596403964582 -2.1266806816955857
247.69849644585955 -7.487143561020826
245.63735249526093 -3.6278125125081218
243.57620854466228 -5.152295310094946
241.51506459406366 -3.8752510679149914
239.45392064346498 -7.348418651471673
237.39277669286636 -7.702642313344062
235.33163274226771 -2.9748599986397473
233.2704887916691 -6.53327365243095
231.20934484107045 -4.29634430400535
229.1482008904718 -3.8812650771567263
227.08705693987315 -5.963638419937919
225.0259129892745 -5.66128395835592
222.96476903867588 -6.575630556548307
220.9036250880772 -5.910610333694333
218.8424811374786 -5.165711517461102
216.78133718687994 -5.452542952848426
214.72019323628132 -4.240503607692909
212.65904928568267 -4.76191938381634
210.59790533508402 -7.079900903340011
208.53676138448537 -9.206504401916774
206.47561743388675 -8.286031727736827
204.4144734832881 -9.56538277758043
202.3533295326895 -7.142658094468152
200.2921855820908 -5.859985117234888
198.2310416314922 -8.025953673014811
196.16989768089354 -7.407315731329271
194.10875373029492 -8.13516100612135
192.04760977969627 -6.6203580990905415
189.98646582909763 -6.835751920653197
187.92532187849898 -4.869435136259973
185.86417792790033 -6.257609386283683
183.8030339773017 -6.009852013269519
181.74189002670303 -6.246092120819011
179.6807460761044 -6.753152850307741
177.61960212550576 -4.57216024171861
175.55845817490714 -6.506397119646634
173.4973142243085 -6.680492666820652
171.43617027370985 -7.146682181826866
169.3750263231112 -7.918132188427815
167.31388237251258 -6.517475180342274
165.25273842191393 -6.543678122773374
163.1915944713153 -6.606016622183529
161.13045052071664 -7.649292585964421
159.06930657011802 -6.640104156561342
157.00816261951937 -7.292921549066586
154.94701866892075 -6.316783425834287
152.88587471832207 -8.863753313509186
150.82473076772345 -6.830886705523309
148.7635868171248 -6.753137543280024
146.70244286652616 -7.5207470019938905
144.64129891592754 -7.998380080717513
142.58015496532886 -7.838225516366961
140.51901101473024 -8.035675961671386
138.4578670641316 -7.568804699306851
136.39672311353297 -8.262274514319786
134.33557916293432 -8.098011779759144
132.27443521233567 -8.754124845486043
130.21329126173703 -7.1118986278824075
128.1521473111384 -8.767211635265486
126.09100336053974 -6.810044404088795
124.02985940994111 -7.756835806229592
121.96871545934248 -9.644740109033833
119.90757150874383 -8.798630897154005
117.8464275581452 -9.558922143418613
115.78528360754655 -9.461608850524405
113.72413965694791 -7.004780722441565
111.66299570634926 -7.56952374871454
109.60185175575063 -9.237854049020672
107.540707805152 -8.74498973538856
105.47956385455335 -8.549279626531886
103.41841990395471 -10.215435357167108
101.35727595335607 -11.431119727666514
99.29613200275743 -10.557659371155381
97.23498805215878 -10.43972936979267
95.17384410156014 -10.012032949249711
93.1127001509615 -9.076014302099265
91.05155620036284 -9.829481669342123
88.9904122497642 -10.683440839931494
86.92926829916557 -8.298240780598354
84.86812434856692 -8.80424668386947
82.80698039796829 -8.797231436951545
80.74583644736964 -9.741039310073985
78.684692496771 -7.249733442394675
76.62354854617236 -11.025734821555043
74.56240459557372 -11.196856226751043
72.50126064497509 -9.890331191472605
70.44011669437644 -9.524289887792268
68.37897274377781 -9.216654232448152
66.31782879317916 -10.006421007313127
64.25668484258053 -8.694464783184856
62.19554089198188 -9.550991072300862
60.13439694138324 -11.426230534312873
58.073252990784596 -9.367171990640497
56.012109040185955 -10.56955737907864
53.95096508958732 -8.886815715003578
51.88982113898868 -10.403628859841675
49.82867718839004 -8.902181378696332
47.767533237791405 -8.21480003074394
45.70638928719276 -12.240007406267736
43.64524533659412 -9.83277985127341
41.584101385995474 -10.336933890770974
39.52295743539683 -9.759181469070462
37.46181348479819 -8.827272711014869
35.40066953419956 -10.705295001963531
33.33952558360092 -9.785263963204905
31.278381633002276 -8.227798157080136
29.217237682403635 -9.123657191761438
27.15609373180499 -9.893906624920984
25.094949781206353 -10.115333007367639
23.033805830607708 -11.564524063889662
20.97266188000907 -10.417853872038046
18.91151792941043 -7.156182053386896
16.850373978811785 -8.212455147557602
14.789230028213145 -6.954392333366031
12.728086077614506 -7.497796633700477
10.666942127015865 -6.86875474637965
8.605798176417224 -1.3813335963691622
6.544654225818584 5.090925406995321
4.483510275219943 15.17961761386798
2.422366324621302 33.292317704849395
0.36122237402266094 48.135461413981545
-1.6999215765759799 50.1828226752354
-3.7610655271746207 52.36254071918868
-5.822209477773261 51.67966658863168
-7.883353428371901 51.52843202208741
-9.944497378970542 51.68854550214964
-12.005641329569183 46.53926776686738
-14.066785280167826 42.16440330555608
-16.127929230766465 38.59233598463164
-18.189073181365107 32.35795560634623
-20.250217131963748 25.791262598446245
-22.31136108256239 20.745657305420213
-24.37250503316103 16.194496183955184
-26.433648983759667 17.635772512935926
-28.49479293435831 19.048263750301846
-30.55593688495695 19.428135897087053
-32.61708083555559 22.545299239549934
-34.678224786154225 28.987426395469242
-36.73936873675287 32.835314176970805
-38.800512687351514 40.460689280578094
-40.861656637950155 45.368496736495445
-42.922800588548796 47.14364800996707
-44.98394453914744 53.144685844273816
-47.04508848974607 52.30910691321459
-49.10623244034471 51.1098563390196
-51.16737639094336 54.13216571992254
-53.228520341542 54.43458442565991
-55.28966429214065 58.670143398002814
-57.350808242739284 56.27308640154507
-59.411952193337925 50.94864541390266
-61.473096143936566 44.67976378193018
-63.53424009453521 39.59513977904046
-65.59538404513386 34.60925756145658
-67.65652799573249 26.365959933942847
-69.71767194633114 23.307096149559097
-71.77881589692977 16.6619648610758
-73.83995984752842 17.783115212883743
-75.90110379812705 12.824457048354567
-77.96224774872569 13.970678469217708
-80.02339169932434 13.075936723116683
-82.08453564992297 10.446136463271438
-84.14567960052162 11.419834304846816
-86.20682355112025 11.631364207357331
-88.2679675017189 10.563313443149834
-90.32911145231753 8.812332291696146
-92.39025540291617 5.272524848684018
-94.45139935351482 9.719604271645824
-96.51254330411345 7.621831714079274
-98.5736872547121 4.575560531601846
-100.63483120531072 3.8933587831292074
-102.69597515590938 3.9275013754130663
-104.75711910650801 1.6291945624307944
-106.81826305710666 -1.6278774025157763
-108.8794070077053 -6.478113316661189
-110.94055095830394 -5.5524691940837965
-113.00169490890258 -8.563121706150612
-115.06283885950121 -5.563865478597198
-117.12398281009986 -7.861306004548536
-119.1851267606985 -4.955821433885021
-121.24627071129714 -7.806153899327536
-123.30741466189578 -6.05967899313368
-125.36855861249441 -9.426226763483236
-127.42970256309306 -8.75934718834203
-129.4908465136917 -6.104882560902528
-131.55199046429036 -6.928079114947601
-133.61313441488898 -9.495167369761909
-135.67427836548762 -9.160678788555096
-137.73542231608627 -7.694422632885627
-139.79656626668492 -8.657474255432971
-141.85771021728354 -7.025118519749859
-143.9188541678822 -9.58167706236813
-145.9799981184808 -9.637471599882629
-148.04114206907948 -8.868136235427885
-150.1022860196781 -9.652693469830206
-152.16342997027675 -8.68012105054986
-154.22457392087537 -5.866540446459745
-156.28571787147402 -11.004195356489435
-158.34686182207267 -10.718703650722606
-160.40800577267132 -8.804809581251432
-162.46914972326996 -6.731268658847257
-164.53029367386858 -8.07587426748142
-166.59143762446726 -6.162680028661073
-168.65258157506588 -8.747827277821182
-170.71372552566453 -9.667778276756486
-172.77486947626315 -7.226066213571216
-174.8360134268618 -7.521798832751695
-176.89715737746045 -9.944072339756099
-178.9583013280591 -10.381972933665738
-181.0194452786577 -5.871736695862918
-183.08058922925636 -9.010390047681788
-185.14173317985498 -6.93488512195784
-187.20287713045366 -8.139060405844655
-189.26402108105228 -8.33567464834955
-191.32516503165093 -9.361787541085805
-193.38630898224955 -7.499471089993079
-195.4474529328482 -10.050491292771955
-197.50859688344684 -8.806045356505956
-199.5697408340455 -7.914821852071549
-201.63088478464414 -7.814797166819984
-203.69202873524276 -7.686398118501773
-205.75317268584143 -7.408273933902546
-207.81431663644005 -7.5355137114360184
-209.8754605870387 -8.376795696240887
-211.93660453763732 -7.3131634973995014
-213.99774848823597 -7.073798947652389
-216.05889243883462 -7.774537279509279
-218.12003638943327 -9.10254531748149
-220.1811803400319 -6.546556168901132
-222.24232429063053 -9.478901054166737
-224.30346824122915 -8.101617394661718
-226.36461219182783 -6.725214532108578
-228.42575614242645 -6.449522998115257
-230.4869000930251 -7.529023998423214
-232.54804404362372 -7.784451684765603
-234.6091879942224 -6.18139896240816
-236.67033194482102 -6.663068923163078
-238.73147589541966 -9.315639809161645
-240.7926198460183 -3.8019523995260696
-242.85376379661693 -7.129422821505795
-244.9149077472156 -7.272055515421377
-246.97605169781423 -6.822812473016974
-249.03719564841288 -7.474307988626568
-251.0983395990115 -7.289963991623757
-253.15948354961014 -8.747952376533814
-255.2206275002088 -8.715131673347347
-257.2817714508074 -7.117853135512658
-259.34291540140606 -6.279814695958996
-261.4040593520047 -7.106289196727214
-263.46520330260336 -6.462496737284599
-265.526347253202 -5.577324810974244
-267.5874912038006 -5.680926034887135
-269.64863515439924 -3.2029358147526232
-271.70977910499795 -4.7441893257777785
-273.77092305559654 -8.864225332545335
-275.8320670061952 -8.153393069352825
