# BEGINHEADER
# This file contains data from the SALSA 2m radio telescope.
# DATE=2024-01-31T11:50:0014
# GLON and GLAT given in degrees
# GLON=32.61240242522217
# GLAT=-41.45761223598714
# DATA in two columns below. Col. 1 is velocity relative to LSR [km/s]. Col. 2 is uncalibrated antenna temperature [K].
# ENDHEADER
2379.344202023936 19.995903046542967
2377.283058073337 41.02270045603977
2375.221914122739 36.68468291722906
2373.16077017214 39.935222076255656
2371.0996262215413 39.072018853557914
2369.0384822709425 41.628843262604754
2366.977338320344 42.46054936314115
2364.9161943697454 44.705503929928604
2362.8550504191467 45.994116022242295
2360.793906468548 47.91756894562536
2358.7327625179496 50.82576591506684
2356.671618567351 53.26633014313681
2354.6104746167525 55.52598649045833
2352.5493306661538 58.073577487663954
2350.488186715555 59.90550773139609
2348.4270427649562 62.763004196488936
2346.365898814358 64.38659704236349
2344.304754863759 66.6687543930091
2342.2436109131604 69.44196030259238
2340.1824669625616 71.2595785979062
2338.1213230119633 74.01530513727381
2336.0601790613646 75.31942384484843
2333.9990351107663 76.5112382434053
2331.9378911601675 77.88802858374277
2329.8767472095687 80.39389428068478
2327.81560325897 81.90931612862134
2325.7544593083717 82.44186713840195
2323.6933153577725 83.09711842858387
2321.6321714071737 83.70888552491864
2319.571027456575 84.6070251892699
2317.5098835059766 85.31787370562091
2315.448739555378 86.85146236838558
2313.3875956047796 87.30527936585418
2311.326451654181 88.27233182375124
2309.265307703582 87.0615219114493
2307.2041637529833 87.31446048358323
2305.143019802385 88.29301127565672
2303.081875851786 88.25711380524902
2301.0207319011874 89.67925761553012
2298.9595879505887 89.01203330379148
2296.8984439999904 88.71454142523804
2294.8373000493916 90.58939211431648
2292.7761560987933 90.68446422773519
2290.7150121481945 90.52583581221867
2288.653868197596 90.33972086119518
2286.592724246997 91.40053674617951
2284.5315802963987 90.91881219987748
2282.4704363458 91.12166328072625
2280.409292395201 91.4915359735838
2278.3481484446024 92.13268031736426
2276.287004494004 92.66747494468105
2274.2258605434054 92.10508812009574
2272.164716592807 92.08819993960107
2270.1035726422083 93.19538967716332
2268.0424286916095 93.2238157839067
2265.9812847410108 93.74737501851777
2263.9201407904125 92.69766434126217
2261.8589968398132 93.00370157506788
2259.7978528892145 93.34960708148124
2257.7367089386157 93.7864946321701
2255.6755649880174 94.28846621802967
2253.6144210374187 94.63794187146482
2251.5532770868203 93.86163254534472
2249.492133136221 93.7283425589024
2247.430989185623 94.1252327388897
2245.369845235024 95.58573369420577
2243.3087012844258 94.55654277717618
2241.247557333827 95.72231424570758
2239.1864133832282 95.32873633932317
2237.1252694326295 94.09517645889183
2235.064125482031 94.91896606578376
2233.0029815314324 94.96633827780244
2230.941837580834 95.86676457636707
2228.880693630235 94.98878713087926
2226.8195496796366 95.43069190149431
2224.758405729038 95.9214384912636
2222.6972617784395 95.39143470724822
2220.6361178278407 96.46277910644633
2218.574973877242 97.33630020941534
2216.513829926643 96.23325107331763
2214.452685976045 96.38897666093821
2212.391542025446 96.83216216693705
2210.330398074848 96.75770012814526
2208.2692541242486 96.55661153740454
2206.2081101736503 97.3680859807528
2204.1469662230515 96.09645956288111
2202.0858222724532 98.39006527379814
2200.0246783218545 108.74468898784788
2197.9635343712553 95.61025457778551
2195.9023904206565 97.22691864732799
2193.841246470058 97.56757168730626
2191.7801025194594 97.49120031260753
2189.718958568861 96.29470607342122
2187.657814618262 97.63851903288544
2185.5966706676636 96.51003719108802
2183.535526717065 97.51895228454433
2181.4743827664665 98.00384661423918
2179.4132388158678 96.93646908645471
2177.352094865269 96.41940907341125
2175.2909509146702 96.66355622161531
2173.229806964072 97.12653990309722
2171.168663013473 97.29560895800698
2169.107519062875 98.00471046004857
2167.0463751122757 98.26769282647521
2164.9852311616773 97.81893570561509
2162.9240872110786 97.68458488090039
2160.8629432604803 97.84040515413172
2158.8017993098815 98.31156795462702
2156.7406553592828 98.02169557820037
2154.679511408684 97.25939626645982
2152.6183674580857 98.5888754232547
2150.557223507487 98.42289554221459
2148.4960795568886 97.56984574483462
2146.4349356062894 97.06999507719068
2144.373791655691 98.39899668100502
2142.3126477050923 97.81881165104845
2140.251503754494 98.4125932064098
2138.1903598038953 98.92753655335189
2136.129215853296 98.83014830519397
2134.0680719026973 97.99547725546235
2132.006927952099 98.12367370129759
2129.9457840015 98.12246712778268
2127.884640050902 97.61454185337163
2125.8234961003027 98.53449277215957
2123.7623521497044 98.12809807929561
2121.7012081991056 99.40628390631247
2119.6400642485073 98.35759938597681
2117.5789202979086 100.43146894401819
2115.51777634731 102.10717946038342
2113.456632396711 99.54512925217404
2111.3954884461127 98.31381930789718
2109.334344495514 98.68460971991719
2107.2732005449157 97.47826516158462
2105.2120565943164 97.64330853556683
2103.150912643718 98.83979953294501
2101.0897686931194 99.46530714578324
2099.028624742521 98.04171246202709
2096.967480791922 98.30832348583438
2094.9063368413235 97.96921963072046
2092.845192890725 97.4159900431991
2090.7840489401265 96.946610899922
2088.7229049895277 98.11462099453053
2086.661761038929 100.31507629658834
2084.60061708833 97.69376393384331
2082.539473137732 98.40701185829647
2080.478329187133 97.27831049222657
2078.4171852365344 97.14786145571838
2076.3560412859356 96.91020551642092
2074.2948973353373 98.92257931503313
2072.233753384738 99.3173068068082
2070.1726094341398 97.05026170267908
2068.111465483541 98.16636425983673
2066.0503215329427 97.19474004919344
2063.989177582344 96.7656412406338
2061.928033631745 96.67946361277872
2059.8668896811464 98.20005742228481
2057.805745730548 97.78785542908251
2055.7446017799493 95.62889405343603
2053.683457829351 100.08308477302695
2051.622313878752 93.60908523298512
2049.5611699281535 101.26922842203072
2047.5000259775547 88.02695567904512
2045.4388820269562 147.00697182154352
2043.3777380763574 122.38113226899036
2041.316594125759 88.26247504956801
2039.2554501751601 100.56310505928766
2037.1943062245616 93.13675368285652
2035.1331622739629 97.59507532674965
2033.0720183233645 95.33379914209418
2031.0108743727656 98.12720558946657
2028.9497304221672 96.19073656744409
2026.8885864715683 95.37083327769355
2024.8274425209697 95.94665593402097
2022.766298570371 95.42964618510366
2020.7051546197724 94.82663334802899
2018.6440106691737 95.50998972205929
2016.5828667185751 96.04962165223426
2014.5217227679764 95.06873387529555
2012.460578817378 95.43017449112587
2010.399434866779 94.62235992339227
2008.3382909161808 94.43546254423761
2006.277146965582 95.2179036429371
2004.2160030149835 94.4943554364003
2002.1548590643847 95.05799353460834
2000.0937151137862 94.18708372616939
1998.0325711631874 94.8166531034977
1995.9714272125887 94.34957426439802
1993.91028326199 94.35616183370207
1991.8491393113916 94.02088266869464
1989.7879953607926 93.60378008744205
1987.7268514101943 95.3902249863066
1985.6657074595955 93.12916027697285
1983.604563508997 93.19913129152755
1981.5434195583982 93.58355898537006
1979.4822756077997 93.94063719082193
1977.421131657201 92.81614672047974
1975.3599877066024 92.9842064873448
1973.2988437560036 93.73493794570462
1971.2376998054053 92.43719272624294
1969.1765558548063 91.38588530170802
1967.115411904208 92.0280338141903
1965.0542679536093 91.48626631150121
1962.9931240030105 92.55142935278509
1960.9319800524117 91.73132299018116
1958.8708361018132 91.37324654960216
1956.8096921512144 91.26999984577743
1954.748548200616 90.42199328429497
1952.6874042500172 91.25135897553119
1950.6262602994188 91.35228682544118
1948.5651163488199 89.4201470843081
1946.5039723982215 90.601089593164
1944.4428284476228 90.24446204568119
1942.3816844970243 89.84732457006504
1940.3205405464255 89.4667047017685
1938.259396595827 90.02894044296494
1936.1982526452282 89.42883967124092
1934.1371086946297 88.35529267036499
1932.0759647440307 88.38632667103724
1930.0148207934324 88.68156500596407
1927.9536768428334 87.7023783739728
1925.892532892235 87.5701998180176
1923.8313889416363 86.87333585763471
1921.7702449910378 86.98786608334557
1919.709101040439 85.94641679496266
1917.6479570898405 85.63808270368145
1915.5868131392417 85.3232328979031
1913.5256691886432 85.45670966210598
1911.4645252380444 83.93788141173805
1909.4033812874459 83.70553297243572
1907.3422373368471 82.06530031312126
1905.2810933862488 80.7373847302568
1903.21994943565 80.71891413224795
1901.1588054850513 79.12072415989604
1899.0976615344525 76.80463278262498
1897.036517583854 76.3049903426307
1894.9753736332552 74.39320628502325
1892.9142296826567 72.45246839559078
1890.853085732058 70.55960507062453
1888.7919417814594 68.02113629251232
1886.7307978308606 65.94875583967739
1884.6696538802623 63.774742967852845
1882.6085099296636 61.80497107093641
1880.547365979065 59.82900233075406
1878.4862220284663 57.410388503454286
1876.4250780778677 54.714139093317655
1874.363934127269 52.66036738075686
1872.3027901766704 50.76463701480454
1870.2416462260715 48.24222644930597
1868.180502275473 46.04924467468146
1866.1193583248742 44.36962937035463
1864.0582143742758 42.559914862790016
1861.997070423677 41.48342534845283
1859.9359264730786 39.31636584927423
1857.8747825224798 40.172335072807385
1855.8136385718813 36.19407553341395
1853.7524946212825 40.68945030217
