# BEGINHEADER
# This file contains data from the SALSA 2m radio telescope.
# DATE=2024-01-31T12:14:0031
# GLON and GLAT given in degrees
# GLON=99.83591792831974
# GLAT=0.0005335639390967958
# DATA in two columns below. Col. 1 is velocity relative to LSR [km/s]. Col. 2 is uncalibrated antenna temperature [K].
# ENDHEADER
265.7768027709174 -21.777300739338514
263.7156588203188 -17.003405758694363
261.6545148697202 -21.59332261740889
259.5933709191215 -12.734631029927828
257.5322269685229 -3.7207552057909306
255.47108301792426 -9.027468710130785
253.40993906732558 -24.61335603498458
251.34879511672696 -13.670432868577628
249.2876511661283 -2.7771367231103645
247.2265072155297 -22.204213014077308
245.16536326493105 1.0261681316319724
243.1042193143324 -8.206033503512481
241.04307536373375 -22.81679999886047
238.98193141313513 -17.63367044603839
236.92078746253648 -5.467732042841327
234.85964351193783 -10.864187699979292
232.79849956133918 -26.159648890018094
230.73735561074054 -17.832964483798605
228.67621166014192 -6.459841479103368
226.61506770954327 -23.645358597585048
224.55392375894462 -11.182473783522646
222.49277980834597 -8.269892215078762
220.43163585774735 -18.137627725784462
218.3704919071487 -7.108551924325498
216.30934795655008 -4.654304805519348
214.2482040059514 -11.22009145807273
212.1870600553528 -22.66339759500904
210.12591610475414 -15.701417739645818
208.06477215415552 -18.924274279122965
206.00362820355684 -2.261350377591865
203.94248425295822 -10.255939296652206
201.88134030235958 -10.1225358694662
199.82019635176096 -33.28110470618872
197.7590524011623 -21.28511042921407
195.69790845056366 -13.286121010556036
193.636764499965 -14.065132958306679
191.57562054936636 -21.44816897833244
189.51447659876774 -18.24490895636828
187.4533326481691 -8.885740266042538
185.39218869757045 -16.194081831979716
183.3310447469718 -12.408134579690596
181.26990079637318 -27.20363047465692
179.20875684577453 -5.391192254024772
177.1476128951759 -14.497211458172437
175.08646894457723 -9.018057579578752
173.02532499397861 -29.45548295301317
170.96418104337997 -23.175503745500393
168.90303709278135 -16.237078015581687
166.84189314218267 -28.635006866996054
164.78074919158405 -19.15347566085071
162.7196052409854 7.735848264546697
160.65846129038678 2.1243157098469143
158.59731733978813 -28.562138129857402
156.53617338918949 -30.405640105086864
154.47502943859084 -18.169366369492444
152.4138854879922 -3.4584097302898007
150.35274153739357 -26.2370568198165
148.29159758679492 -10.679847562775356
146.23045363619627 -10.469407839135803
144.16930968559763 -3.2543594994677094
142.108165734999 -7.465180244277233
140.04702178440036 -23.094008371203063
137.9858778338017 -23.367180008124325
135.92473388320306 -17.345150351593485
133.86358993260444 -13.912891796008308
131.8024459820058 -26.866896648073027
129.74130203140714 -15.688169249493649
127.68015808080851 -12.96015558340595
125.61901413020986 -16.276758007847487
123.55787017961123 -16.511110532774907
121.4967262290126 -0.4039683683621669
119.43558227841395 -19.652150944169556
117.37443832781531 1.793417790267765
115.31329437721666 -9.188009993549759
113.25215042661803 -19.264959163879293
111.19100647601938 -14.184363888628493
109.12986252542075 -5.344839249004234
107.06871857482211 -3.4934408901880474
105.00757462422347 -5.857044611422864
102.94643067362483 -23.2789023879064
100.88528672302618 -19.10098861113143
98.82414277242755 -32.590113085227784
96.7629988218289 -19.211326252993533
94.70185487123025 -24.9753627626122
92.64071092063162 -33.492382765567974
90.57956697003297 -10.651779500499643
88.51842301943434 -25.804953603183733
86.45727906883569 -30.51324963572958
84.39613511823705 -9.6285618087668
82.3349911676384 -25.12512537409866
80.27384721703977 -32.51959836414067
78.21270326644114 -8.515280781168423
76.15155931584249 -22.988051985415733
74.09041536524386 -7.787663456881143
72.02927141464521 -7.6201135316502295
69.96812746404657 -18.222367229335653
67.90698351344793 -11.246645585524192
65.84583956284929 -2.017017789880539
63.784695612250644 -14.47090225709321
61.723551661652 -16.95760736631028
59.66240771105337 -24.98659354970457
57.60126376045473 -26.812603397168544
55.54011980985609 -33.73181520150719
53.478975859257446 -14.56930441531419
51.417831908658805 -23.991106347218732
49.35668795806017 -16.184943832505216
47.29554400746153 -21.48327955970145
45.23440005686288 -12.6939489681419
43.17325610626425 -20.77241322327331
41.112112155665606 -18.483155778497604
39.050968205066965 -20.34828823523208
36.989824254468324 -22.66386407225248
34.92868030386968 -22.558290316963213
32.86753635327104 -18.547599989398556
30.8063924026724 -12.264678912617859
28.74524845207376 -18.596787766461667
26.68410450147512 -7.278984983034332
24.622960550876478 -21.893160906311454
22.561816600277833 -30.904426035949772
20.500672649679196 -28.85036674540505
18.439528699080554 -20.104895184603233
16.378384748481913 -1.4369641391223031
14.317240797883272 -12.58174476865735
12.256096847284633 -11.887458069838718
10.194952896685992 -24.444301164126763
8.133808946087353 6.640899316932375
6.072664995488711 15.490762559771303
4.01152104489007 53.60149032078991
1.9503770942914291 51.91245742097816
-0.11076685630721173 44.988429485095665
-2.1719108069058524 59.03655168591372
-4.233054757504493 48.473704520382086
-6.294198708103134 35.737479324511035
-8.355342658701774 45.13844232876078
-10.416486609300415 30.24785998254271
-12.477630559899056 6.020143100635675
-14.5387745104977 9.58207968259225
-16.59991846109634 26.168261913750428
-18.66106241169498 21.19843626429617
-20.72220636229362 14.64589682415243
-22.78335031289226 23.023450328679527
-24.844494263490898 37.89925400132509
-26.905638214089542 1.362214391774708
-28.966782164688183 -0.8040719065120374
-31.02792611528682 13.495896706620773
-33.089070065885466 27.721035966698388
-35.15021401648411 15.069898413602942
-37.21135796708275 22.025816074761067
-39.27250191768139 29.065277008524387
-41.33364586828002 21.14665348400714
-43.394789818878664 14.726494243433297
-45.455933769477305 36.037563365477986
-47.517077720075946 24.982166324784036
-49.578221670674594 34.65421060092127
-51.639365621273235 37.68380867438534
-53.700509571871876 24.72200308773206
-55.76165352247052 23.982010947155494
-57.82279747306916 26.48287974953674
-59.8839414236678 32.275185885396986
-61.94508537426644 42.64503603321593
-64.00622932486507 22.975751475589927
-66.06737327546372 11.961539322888596
-68.12851722606237 23.16975842773347
-70.189661176661 30.99572431358616
-72.25080512725964 1.5665502849849453
-74.31194907785829 8.014511668991931
-76.37309302845692 19.13702298860164
-78.43423697905557 -5.637309211498982
-80.4953809296542 -8.114665363286262
-82.55652488025285 -14.256756770801623
-84.61766883085149 -14.101176176266437
-86.67881278145012 -15.531119502571713
-88.73995673204877 4.8387487307995025
-90.8011006826474 -0.7054191464341749
-92.86224463324605 9.294656627909625
-94.92338858384468 13.484341150706495
-96.98453253444333 31.664387751784002
-99.04567648504198 8.078142237164927
-101.10682043564061 23.31234727173192
-103.16796438623926 4.063921381751931
-105.2291083368379 -9.263288368949151
-107.29025228743654 8.541922862000497
-109.35139623803518 -15.671296731400666
-111.41254018863383 -12.653587282761439
-113.47368413923246 -14.592988090016627
-115.5348280898311 -4.431924589260584
-117.59597204042974 5.950465852046042
-119.65711599102838 -23.775707910202186
-121.71825994162703 -1.7932120255957078
-123.77940389222566 -17.72723353666644
-125.84054784282431 -14.380774680557963
-127.90169179342294 -16.565065507852324
-129.9628357440216 -22.59447753813483
-132.0239796946202 -14.502556298116868
-134.08512364521889 -10.203981120828633
-136.1462675958175 -8.649309757940665
-138.20741154641615 -17.363469274003318
-140.26855549701477 -12.571963736356832
-142.32969944761342 -23.82519071021147
-144.39084339821207 -14.499792598059832
-146.45198734881072 -8.693780198434355
-148.51313129940934 -13.873880937887424
-150.574275250008 4.5594273445443205
-152.63541920060663 -14.069995728827074
-154.69656315120528 3.5672429650999864
-156.75770710180393 5.563593795210459
-158.81885105240255 -15.839007268406961
-160.8799950030012 -5.478412600918832
-162.94113895359985 -21.26696569825003
-165.0022829041985 -22.21027599730622
-167.06342685479711 -21.246332577585363
-169.12457080539576 -6.268659041339524
-171.18571475599438 -7.533737483982513
-173.24685870659306 -19.388019075011478
-175.30800265719168 -17.277881418134633
-177.36914660779033 -7.347368465670698
-179.43029055838895 -17.920077199617165
-181.4914345089876 -7.896536745465933
-183.55257845958624 -4.458430329873227
-185.6137224101849 -9.274219790094246
-187.6748663607835 -2.7033809030835094
-189.73601031138216 -22.649709352818064
-191.7971542619808 -14.147307939036427
-193.85829821257946 -4.884260502786573
-195.9194421631781 -21.522887564352295
-197.98058611377672 -14.614886266853578
-200.04173006437537 -16.729994589298673
-202.10287401497402 -6.063086663478305
-204.16401796557267 -16.66360171495295
-206.2251619161713 -17.61080486669443
-208.28630586676994 4.4826151240903345
-210.34744981736856 -11.959257934125729
-212.40859376796723 -23.404797667427527
-214.46973771856585 -5.7231848310788305
-216.5308816691645 -4.867998866839895
-218.59202561976312 -9.377999841875493
-220.6531695703618 -9.374355691207112
-222.71431352096042 -9.676688241310236
-224.77545747155906 -11.754768584195475
-226.83660142215768 -4.351381845527743
-228.89774537275633 -28.128808206636517
-230.95888932335498 8.431200583284385
-233.02003327395363 -12.306085822192244
-235.08117722455228 -14.793564718962154
-237.1423211751509 -11.223568361834303
-239.20346512574955 -15.054927354488653
-241.2646090763482 -1.3370294786118584
-243.32575302694684 8.778461191831486
-245.38689697754546 -23.767236710112066
-247.4480409281441 -27.900032543168685
-249.50918487874276 -9.20256128754403
-251.5703288293414 -13.283775327729849
-253.63147277994003 -6.388725329589808
-255.69261673053867 -12.453177237473996
-257.7537606811373 -16.741943054810868
-259.81490463173594 -6.569104578074584
