288.028204 0.000000
285.967060 0.000000
283.905916 0.000000
281.844772 0.000000
279.783628 0.000000
277.722484 0.000000
275.661340 0.000000
273.600196 0.000000
271.539052 0.000000
269.477908 0.000000
267.416764 0.000000
265.355620 0.000000
263.294476 0.000000
261.233332 0.000000
259.172188 0.000000
257.111044 0.000000
255.049900 0.000000
252.988756 0.000000
250.927612 0.000000
248.866469 0.000000
246.805325 0.000000
244.744181 0.000000
242.683037 0.000000
240.621893 0.000000
238.560749 0.000000
236.499605 0.000000
234.438461 0.000000
232.377317 0.000000
230.316173 0.000000
228.255029 0.000000
226.193885 0.000000
224.132741 0.000000
222.071597 0.000000
220.010453 0.000000
217.949309 0.000000
215.888165 0.000000
213.827021 0.000000
211.765877 0.000000
209.704733 0.000000
207.643590 0.000000
205.582446 0.000000
203.521302 0.000000
201.460158 0.000000
199.399014 0.000000
197.337870 0.000000
195.276726 0.000000
193.215582 0.000000
191.154438 0.000000
189.093294 0.000000
187.032150 0.000000
184.971006 0.000000
182.909862 0.000000
180.848718 0.000000
178.787574 0.000000
176.726430 0.000000
174.665286 0.000000
172.604142 0.000000
170.542998 0.000000
168.481854 0.000000
166.420711 0.000000
164.359567 0.000000
162.298423 0.000000
160.237279 0.000000
158.176135 0.000000
156.114991 0.000000
154.053847 0.000000
151.992703 0.000000
149.931559 0.000000
147.870415 0.000000
145.809271 0.000000
143.748127 0.000000
141.686983 0.000000
139.625839 0.000000
137.564695 0.000000
135.503551 0.000000
133.442407 0.000000
131.381263 0.000000
129.320119 0.000000
127.258975 0.000000
125.197832 0.000000
123.136688 0.000000
121.075544 0.000000
119.014400 0.000000
116.953256 0.000000
114.892112 0.000000
112.830968 0.000000
110.769824 0.000000
108.708680 0.000000
106.647536 0.000000
104.586392 0.000000
102.525248 0.000000
100.464104 0.000000
98.402960 0.000000
96.341816 0.000000
94.280672 0.000001
92.219528 0.000002
90.158384 0.000007
88.097240 0.000022
86.036096 0.000069
83.974952 0.000209
81.913809 0.000611
79.852665 0.001711
77.791521 0.004577
75.730377 0.011679
73.669233 0.028380
71.608089 0.065622
69.546945 0.144302
67.485801 0.301657
65.424657 0.599322
63.363513 1.131494
61.302369 2.029867
59.241225 3.460346
57.180081 5.606089
55.118937 8.633476
53.057793 12.643018
50.996649 17.615203
48.935505 23.368952
46.874361 29.553380
44.813217 35.688016
42.752073 41.252031
40.690930 45.803533
38.629786 49.094074
36.568642 51.139201
34.507498 52.216777
32.446354 52.784298
30.385210 53.321108
28.324066 54.109567
26.262922 55.023432
24.201778 55.551854
22.140634 55.338554
20.079490 54.957078
18.018346 55.829040
15.957202 58.802833
13.896058 62.914046
11.834914 66.026186
9.773770 66.563674
7.712626 64.316868
5.651482 59.940032
3.590338 54.214923
1.529194 47.753229
-0.531949 41.012192
-2.593093 34.355115
-4.654237 28.071284
-6.715381 22.373121
-8.776525 17.393353
-10.837669 13.189646
-12.898813 9.756213
-14.959957 7.039613
-17.021101 4.955791
-19.082245 3.406037
-21.143389 2.290406
-23.204533 1.518072
-25.265677 1.014851
-27.326821 0.728560
-29.387965 0.632898
-31.449109 0.730076
-33.510253 1.051585
-35.571397 1.655497
-37.632541 2.618044
-39.693685 4.017488
-41.754828 5.909991
-43.815972 8.300386
-45.877116 11.114523
-47.938260 14.182733
-49.999404 17.243852
-52.060548 19.975078
-54.121692 22.045160
-56.182836 23.179560
-58.243980 23.220039
-60.305124 22.160831
-62.366268 20.149963
-64.427412 17.455308
-66.488556 14.406079
-68.549700 11.327370
-70.610844 8.485498
-72.671988 6.056066
-74.733132 4.117834
-76.794276 2.667547
-78.855420 1.646343
-80.916564 0.968040
-82.977708 0.542290
-85.038851 0.289424
-87.099995 0.147164
-89.161139 0.071291
-91.222283 0.032903
-93.283427 0.014468
-95.344571 0.006061
-97.405715 0.002419
-99.466859 0.000920
-101.528003 0.000333
-103.589147 0.000115
-105.650291 0.000038
-107.711435 0.000012
-109.772579 0.000004
-111.833723 0.000001
-113.894867 0.000000
-115.956011 0.000000
-118.017155 0.000000
-120.078299 0.000000
-122.139443 0.000000
-124.200587 0.000000
-126.261730 0.000000
-128.322874 0.000000
-130.384018 0.000000
-132.445162 0.000000
-134.506306 0.000000
-136.567450 0.000000
-138.628594 0.000000
-140.689738 0.000000
-142.750882 0.000000
-144.812026 0.000000
-146.873170 0.000000
-148.934314 0.000000
-150.995458 0.000000
-153.056602 0.000000
-155.117746 0.000000
-157.178890 0.000000
-159.240034 0.000000
-161.301178 0.000000
-163.362322 0.000000
-165.423466 0.000000
-167.484609 0.000000
-169.545753 0.000000
-171.606897 0.000000
-173.668041 0.000000
-175.729185 0.000000
-177.790329 0.000000
-179.851473 0.000000
-181.912617 0.000000
-183.973761 0.000000
-186.034905 0.000000
-188.096049 0.000000
-190.157193 0.000000
-192.218337 0.000000
-194.279481 0.000000
-196.340625 0.000000
-198.401769 0.000000
-200.462913 0.000000
-202.524057 0.000000
-204.585201 0.000000
-206.646345 0.000000
-208.707488 0.000000
-210.768632 0.000000
-212.829776 0.000000
-214.890920 0.000000
-216.952064 0.000000
-219.013208 0.000000
-221.074352 0.000000
-223.135496 0.000000
-225.196640 0.000000
-227.257784 0.000000
-229.318928 0.000000
-231.380072 0.000000
-233.441216 0.000000
-235.502360 0.000000
-237.563504 0.000000
