288.028204 -3.860366
285.967060 -4.214768
283.905916 -4.016881
281.844772 -4.195380
279.783628 -4.780636
277.722484 -5.281311
275.661340 -5.904019
273.600196 -6.128157
271.539052 -5.537502
269.477908 -4.823334
267.416764 -4.411387
265.355620 -4.349760
263.294476 -4.174648
261.233332 -4.206769
259.172188 -5.036318
257.111044 -5.748744
255.049900 -5.832821
252.988756 -5.403680
250.927612 -4.880473
248.866469 -4.627857
246.805325 -5.351117
244.744181 -5.800875
242.683037 -5.202682
240.621893 -5.162810
238.560749 -6.028014
236.499605 -6.273402
234.438461 -5.557170
232.377317 -5.318806
230.316173 -5.610298
228.255029 -5.764751
226.193885 -5.709151
224.132741 -5.211769
222.071597 -5.232136
220.010453 -5.960528
217.949309 -5.928927
215.888165 -5.575018
213.827021 -5.257323
211.765877 -4.844615
209.704733 -4.814325
207.643590 -5.204777
205.582446 -5.839229
203.521302 -6.467702
201.460158 -6.299498
199.399014 -5.592647
197.337870 -5.434069
195.276726 -5.803196
193.215582 -5.987265
191.154438 -6.127016
189.093294 -6.161302
187.032150 -6.236874
184.971006 -6.709208
182.909862 -7.080355
180.848718 -7.256915
178.787574 -7.377644
176.726430 -7.413330
174.665286 -7.343887
172.604142 -7.255310
170.542998 -7.500580
168.481854 -7.919740
166.420711 -8.012256
164.359567 -7.854880
162.298423 -7.405839
160.237279 -7.203947
158.176135 -7.737619
156.114991 -8.117765
154.053847 -7.802315
151.992703 -7.485058
149.931559 -7.657496
147.870415 -7.940079
145.809271 -7.832785
143.748127 -7.937483
141.686983 -8.494939
139.625839 -8.564080
137.564695 -8.036794
135.503551 -7.580084
133.442407 -7.757076
131.381263 -8.129744
129.320119 -8.518990
127.258975 -9.165508
125.197832 -9.751670
123.136688 -9.967760
121.075544 -9.934766
119.014400 -9.811764
116.953256 -9.675763
114.892112 -8.987899
112.830968 -8.602958
110.769824 -8.786849
108.708680 -8.797084
106.647536 -8.791682
104.586392 -9.369490
102.525248 -9.968439
100.464104 -10.077093
98.402960 -9.923806
96.341816 -9.532157
94.280672 -9.005368
92.219528 -9.128948
90.158384 -9.885150
88.097240 -10.689949
86.036096 -10.922253
83.974952 -10.526410
81.913809 -10.648231
79.852665 -10.772994
77.791521 -9.837728
75.730377 -9.016099
73.669233 -8.739363
71.608089 -8.011138
69.546945 -6.804321
67.485801 -4.985319
65.424657 -3.129906
63.363513 -1.691194
61.302369 0.419276
59.241225 3.186602
57.180081 6.377473
55.118937 9.981822
53.057793 13.952040
50.996649 18.657476
48.935505 24.040228
46.874361 29.563090
44.813217 35.033696
42.752073 40.183972
40.690930 44.751696
38.629786 48.527607
36.568642 51.205737
34.507498 53.450712
32.446354 54.479765
30.385210 54.170438
28.324066 53.560936
26.262922 53.015186
24.201778 54.081201
22.140634 56.109860
20.079490 56.279259
18.018346 55.917431
15.957202 57.812496
13.896058 62.190834
11.834914 66.282977
9.773770 67.862348
7.712626 66.047234
5.651482 61.108895
3.590338 53.780030
1.529194 45.790709
-0.531949 38.769779
-2.593093 32.818434
-4.654237 27.378217
-6.715381 22.567256
-8.776525 18.712110
-10.837669 15.381977
-12.898813 12.593523
-14.959957 9.500277
-17.021101 5.786320
-19.082245 2.573570
-21.143389 0.471064
-23.204533 -0.810951
-25.265677 -1.718026
-27.326821 -2.076634
-29.387965 -1.609642
-31.449109 -1.054134
-33.510253 -0.389713
-35.571397 0.718880
-37.632541 2.198804
-39.693685 4.313419
-41.754828 7.154767
-43.815972 9.577051
-45.877116 11.760373
-47.938260 14.433677
-49.999404 17.108041
-52.060548 19.661222
-54.121692 21.140442
-56.182836 22.113396
-58.243980 23.211458
-60.305124 22.927319
-62.366268 20.561287
-64.427412 17.238900
-66.488556 14.382667
-68.549700 11.686115
-70.610844 9.153565
-72.671988 7.040761
-74.733132 4.353109
-76.794276 1.650469
-78.855420 0.524564
-80.916564 -0.065441
-82.977708 -1.118143
-85.038851 -2.212760
-87.099995 -2.808505
-89.161139 -3.051068
-91.222283 -3.481807
-93.283427 -4.379055
-95.344571 -5.486826
-97.405715 -6.127715
-99.466859 -6.812996
-101.528003 -7.953658
-103.589147 -8.864547
-105.650291 -8.885911
-107.711435 -8.155497
-109.772579 -7.656316
-111.833723 -8.055966
-113.894867 -8.483890
-115.956011 -9.129913
-118.017155 -10.001670
-120.078299 -10.192212
-122.139443 -9.636288
-124.200587 -9.026294
-126.261730 -8.782932
-128.322874 -8.704561
-130.384018 -8.302897
-132.445162 -7.725345
-134.506306 -7.649974
-136.567450 -8.126785
-138.628594 -8.663051
-140.689738 -8.607680
-142.750882 -8.312183
-144.812026 -8.114855
-146.873170 -8.313701
-148.934314 -8.607310
-150.995458 -8.535409
-153.056602 -8.157187
-155.117746 -7.871114
-157.178890 -7.886284
-159.240034 -7.852151
-161.301178 -7.779741
-163.362322 -7.885635
-165.423466 -7.614767
-167.484609 -7.019696
-169.545753 -6.822694
-171.606897 -7.115698
-173.668041 -7.403314
-175.729185 -7.690719
-177.790329 -8.053098
-179.851473 -7.714007
-181.912617 -6.779496
-183.973761 -6.602074
-186.034905 -7.464434
-188.096049 -7.821636
-190.157193 -6.870538
-192.218337 -5.997981
-194.279481 -6.538011
-196.340625 -7.431561
-198.401769 -7.449951
-200.462913 -6.881010
-202.524057 -6.357264
-204.585201 -6.579886
-206.646345 -7.418959
-208.707488 -7.917228
-210.768632 -7.107673
-212.829776 -6.183786
-214.890920 -6.361143
-216.952064 -6.566164
-219.013208 -6.213316
-221.074352 -6.035114
-223.135496 -6.217143
-225.196640 -6.483534
-227.257784 -6.360004
-229.318928 -6.181027
-231.380072 -5.822817
-233.441216 -5.159318
-235.502360 -4.940352
-237.563504 -5.608003
