# BEGINHEADER
# This file contains data from the SALSA 2m radio telescope.
# DATE=2024-01-31T12:44:0013
# GLON and GLAT given in degrees
# GLON=54.803153232162195
# GLAT=0.21537334861538054
# DATA in two columns below. Col. 1 is velocity relative to LSR [km/s]. Col. 2 is uncalibrated antenna temperature [K].
# ENDHEADER
288.0282036050895 -3.2932026018085403
285.96705965449087 -5.702343778340809
283.90591570389216 -2.9402610546427774
281.84477175329357 -3.9701730650857754
279.7836278026949 -5.349688593954108
277.72248385209633 -4.7218700514846015
275.6613399014976 -6.036589387790356
273.600195950899 -7.251270501534336
271.5390520003004 -4.979335850698761
269.47790804970174 -5.062543791998967
267.4167640991031 -3.75402526201562
265.35562014850444 -4.639575426601688
263.2944761979058 -4.675530089199931
261.23333224730715 -2.496187331448393
259.1721882967085 -6.149025322016779
257.1110443461099 -5.419601643966377
255.04990039551126 -6.922709926298117
252.9887564449126 -4.453103722268036
250.92761249431396 -6.0336460200155955
248.8664685437153 -2.6890096292887358
246.8053245931167 -5.799334172430884
244.74418064251805 -7.4306388417993805
242.68303669191937 -4.11701597031037
240.62189274132075 -4.3484695634241
238.5607487907221 -6.466458010549869
236.49960484012348 -7.776791489501045
234.43846088952483 -4.360421549562202
232.37731693892619 -4.972908205656734
230.31617298832754 -6.297182670573906
228.25502903772892 -5.1225171770296525
226.19388508713027 -6.701702015842008
224.13274113653165 -5.016655959872766
222.07159718593297 -3.382045828672034
220.01045323533435 -8.180360803110675
217.9493092847357 -5.1593225463943195
215.88816533413708 -5.617188001564621
213.8270213835384 -5.676979316287772
211.7658774329398 -4.329969379396077
209.70473348234114 -4.5522172142489365
207.6435895317425 -5.383336973867904
205.58244558114387 -5.221539372790777
203.5213016305452 -7.445294371426264
201.46015767994658 -6.726678138996644
199.39901372934793 -5.061118224637967
197.33786977874928 -4.685514361469988
195.27672582815063 -6.689108891928733
193.215581877552 -5.479058078439676
191.15443792695334 -6.323436857195699
189.09329397635472 -6.5223660028615775
187.03215002575607 -5.262804673563849
184.97100607515745 -7.36620949193894
182.9098621245588 -6.978860638852622
180.84871817396015 -7.2861968046315395
178.7875742233615 -7.465884085343545
176.72643027276288 -7.3830330877369805
174.66528632216423 -7.5497583971143785
172.6041423715656 -6.979817856200782
170.54299842096694 -7.048862527477002
168.4818544703683 -8.721336089873258
166.42071051976967 -7.5876464260931025
164.35956656917102 -8.406037167027437
162.29842261857237 -7.407599437449697
160.23727866797373 -6.168421211546536
158.1761347173751 -8.042469962740189
156.11499076677646 -8.919745933374358
154.05384681617784 -7.542187870676274
151.99270286557916 -7.17864207632018
149.93155891498054 -7.335658699135661
147.8704149643819 -8.667376307005942
145.80927101378327 -7.7237970396436415
143.7481270631846 -6.900844312537516
141.68698311258598 -9.56677657552369
139.62583916198733 -8.5344237136644
137.5646952113887 -8.4674216788074
135.50355126079006 -6.494577956968541
133.4424073101914 -8.088721517961783
131.38126335959277 -8.174140494275157
129.32011940899412 -8.20184272609202
127.2589754583955 -9.07799961588239
125.19783150779685 -10.414193635097405
123.13668755719821 -9.48356313320618
121.07554360659957 -10.862927913790761
119.01439965600093 -8.449866736035881
116.95325570540228 -11.517625487521922
114.89211175480365 -7.927307503752244
112.83096780420502 -8.276045841288981
110.76982385360635 -9.043360127712274
108.70867990300772 -9.233313427474927
106.64753595240907 -7.740655959713788
104.58639200181044 -9.65712212125729
102.52524805121179 -10.37868593211145
100.46410410061316 -10.15018757140104
98.40296015001452 -9.789211785630222
96.34181619941587 -10.257119815825096
94.28067224881724 -8.070922079604184
92.21952829821859 -8.842344841820639
90.15838434761996 -10.011498870183129
88.09724039702131 -10.586513041217675
86.03609644642268 -12.311040966220716
83.97495249582404 -9.32022559198103
81.9138085452254 -10.306268466628598
79.85266459462676 -12.520495137036729
77.79152064402811 -9.304706741074648
75.73037669342948 -7.922731165809074
73.66923274283081 -10.106151805396681
71.60808879223218 -7.433317747617193
69.54694484163355 -7.565399205576534
67.4858008910349 -5.402448993647462
65.42465694043626 -1.545293063025986
63.36351298983762 -3.368184075021751
61.30236903923898 0.707232527901834
59.24122508864034 2.8402854705273244
57.1800811380417 6.049588376770204
55.11893718744306 10.117805167901176
53.05779323684442 13.370590315390992
50.996649286245784 18.1317892883045
48.93550533564715 24.214796957477695
46.87436138504851 29.55171280462619
44.81321743444987 34.936324516935905
42.75207348385122 41.10103562755942
40.69092953325258 44.06799900938347
38.62978558265394 50.68981180645566
36.5686416320553 49.81975445668883
34.50749768145666 54.72504717401871
32.446353730858014 55.82983999294349
30.38520978025938 53.09758165098586
28.324065829660736 54.831520140813424
26.262921879062095 51.6949496187157
24.201777928463454 51.73810428350006
22.140633977864812 59.81666091621247
20.07949002726617 55.6251017519239
18.01834607666753 55.097673315244116
15.95720212606889 54.850606405364836
13.89605817547025 63.57182830191789
11.834914224871607 67.03413035216096
9.773770274272968 70.41445604420784
7.712626323674327 67.04820379796995
5.6514823730756865 62.94877658247897
3.590338422477046 54.02087780362035
1.5291944718784047 44.81182126124493
-0.531949478720236 38.24205866822363
-2.5930934293188765 32.55728789971998
-4.654237379917517 27.63320548902181
-6.715381330516158 20.999430502146858
-8.7765252811148 19.640544912428144
-10.837669231713441 14.03291884738346
-12.89881318231208 13.190110524182636
-14.959957132910722 10.293067050936212
-17.02110108350936 5.181604790764374
-19.082245034108006 1.8655158288468754
-21.143388984706647 0.09101376059951582
-23.204532935305284 -1.0301179796534072
-25.265676885903922 -1.459577889014333
-27.326820836502563 -3.525633411891313
-29.387964787101208 -0.7584116622959265
-31.449108737699845 -1.4033822046353663
-33.510252688298486 -0.6190832525664399
-35.57139663889713 0.4674226068549528
-37.63254058949577 2.342701501864967
-39.69368454009441 2.9197078580380427
-41.75482849069305 8.10929679487356
-43.81597244129169 10.193279628299624
-45.87711639189033 10.094177283074519
-47.93826034248897 16.044773218336793
-49.999404293087615 15.466334860750619
-52.06054824368626 21.553141318956104
-54.121692194284904 21.358292716302
-56.182836144883545 20.870285865763357
-58.24398009548218 24.78592642168846
-60.30512404608082 23.872030564997292
-62.36626799667946 21.749295508418147
-64.4274119472781 15.771839798937686
-66.48855589787674 14.90532594875993
-68.54969984847538 11.835006745724938
-70.61084379907402 8.101256602351597
-72.67198774967267 7.834451803955714
-74.7331317002713 5.34533669150527
-76.79427565086995 -0.9326885454160609
-78.85541960146858 1.0672944851590789
-80.91656355206722 0.2860883007705887
-82.97770750266588 -1.0576961792034785
-85.03885145326451 -2.6267161265570613
-87.09999540386316 -3.182760138709659
-89.1611393544618 -2.641538527664044
-91.22228330506044 -3.550989461611806
-93.28342725565908 -3.539835525430756
-95.34457120625771 -6.659040950750655
-97.40571515685636 -5.740718142277126
-99.466859107455 -6.368575194132648
-101.52800305805364 -8.038109391738445
-103.58914700865228 -9.649555028316252
-105.65029095925092 -9.108189305786796
-107.71143490984956 -8.6907870542727
-109.77257886044819 -5.718190513230856
-111.83372281104684 -9.400770407174326
-113.89486676164547 -7.808860910883953
-115.95601071224412 -8.75370662568494
-118.01715466284276 -10.716113263716661
-120.0782986134414 -10.69752831992127
-122.13944256404005 -9.558451072938716
-124.20058651463869 -8.71856350045442
-126.26173046523733 -8.626176851246441
-128.32287441583597 -8.919742977917934
-130.38401836643462 -8.840792396703247
-132.44516231703324 -6.841736912202401
-134.50630626763189 -7.826341833527521
-136.5674502182305 -7.342888458730989
-138.62859416882918 -10.020798313047296
-140.68973811942783 -7.942614998768761
-142.75088207002645 -8.868607491811895
-144.8120260206251 -7.367969322537299
-146.87316997122375 -8.412481093586052
-148.9343139218224 -8.888665863654886
-150.995457872421 -8.73137678157452
-153.05660182301966 -8.162683531496123
-155.11774577361828 -7.435063316086422
-157.17888972421696 -8.027812247724595
-159.24003367481558 -8.206901065531063
-161.30117762541423 -7.023305293912889
-163.36232157601285 -8.54752601335643
-165.4234655266115 -7.890893797599947
-167.48460947721014 -6.629319648825821
-169.5457534278088 -6.379223198088607
-171.6068973784074 -7.287003440924284
-173.66804132900606 -7.654680533592842
-175.72918527960468 -7.009245398838201
-177.79032923020335 -8.84404434695056
-179.851473180802 -8.361964963724475
-181.91261713140062 -6.187270360271679
-183.97376108199927 -5.384214614408369
-186.03490503259792 -8.04737011823793
-188.09604898319657 -9.009184346477115
-190.1571929337952 -7.017489941205734
-192.21833688439384 -4.3220396139231845
-194.27948083499246 -6.42362181906827
-196.34062478559113 -8.624221265175336
-198.40176873618972 -7.205397322786864
-200.46291268678837 -7.469931909795961
-202.52405663738702 -5.255510525297432
-204.58520058798567 -6.655759132183996
-206.6463445385843 -6.863187817053966
-208.70748848918294 -9.699530644832961
-210.76863243978156 -7.113617696923473
-212.82977639038023 -4.655492304099422
-214.89092034097885 -6.694926022884054
-216.9520642915775 -7.514564848245825
-219.01320824217615 -5.337965755075413
-221.07435219277477 -6.4403246098059075
-223.13549614337344 -5.353617811237281
-225.19664009397206 -7.725696514446543
-227.2577840445707 -5.576203730489789
-229.31892799516933 -6.613279741835736
-231.38007194576798 -5.994142128716698
-233.44121589636663 -5.27693571025073
-235.50235984696528 -3.507089859693162
-237.5635037975639 -6.357697634942702
