iter      chisq       delta/lim  lambda   a             b             c            
   0 6.9751825795e+06   0.00e+00  2.28e+00    1.000000e+00   1.000000e+00   1.000000e+00
   * 5.8487723450e+61   1.00e+05  2.28e+01   -9.214297e+01   4.277724e+01   1.388940e+02
   1 6.4442953852e+06  -8.24e+03  2.28e+00   -6.154759e-02  -4.772545e+00   2.716747e+01
   2 3.3401043240e+06  -9.29e+04  2.28e-01    6.833880e+01  -2.104993e+01   5.812869e+00
   * 1.6524898023e+30   1.00e+05  2.28e+00    2.512364e+01   1.916046e+01   1.044923e+01
   * 1.7544810671e+29   1.00e+05  2.28e+01    2.722544e+01   1.834480e+01   1.046492e+01
   * 9.3686533025e+06   6.43e+04  2.28e+02    6.453081e+01  -1.332419e+00   1.113629e+01
   3 2.8966651879e+06  -1.53e+04  2.28e+01    6.847028e+01  -2.027090e+01   7.567207e+00
   * 1.5703999128e+07   8.16e+04  2.28e+02    6.421380e+01  -9.137967e-01   1.100505e+01
   4 2.6176501797e+06  -1.07e+04  2.28e+01    6.858983e+01  -1.949192e+01   8.878182e+00
   * 2.5885961655e+07   8.99e+04  2.28e+02    6.388685e+01  -5.463051e-01   1.084862e+01
   5 2.4308737458e+06  -7.68e+03  2.28e+01    6.869992e+01  -1.870435e+01   9.850131e+00
   * 4.1392066833e+07   9.41e+04  2.28e+02    6.354894e+01  -2.311910e-01   1.066717e+01
   6 2.2942337410e+06  -5.96e+03  2.28e+01    6.880243e+01  -1.790013e+01   1.056177e+01
   * 6.2825513639e+07   9.63e+04  2.28e+02    6.319964e+01   2.828748e-02   1.045955e+01
   7 2.1828504552e+06  -5.10e+03  2.28e+01    6.889870e+01  -1.707151e+01   1.107219e+01
   * 8.8037622759e+07   9.75e+04  2.28e+02    6.283954e+01   2.269920e-01   1.022333e+01
   8 2.0816093127e+06  -4.86e+03  2.28e+01    6.898965e+01  -1.621089e+01   1.142535e+01
   * 1.1047588730e+08   9.81e+04  2.28e+02    6.247071e+01   3.580342e-01   9.954636e+00
   9 1.9808123849e+06  -5.09e+03  2.28e+01    6.907574e+01  -1.531060e+01   1.165335e+01
   * 1.2048872097e+08   9.84e+04  2.28e+02    6.209749e+01   4.129685e-01   9.647918e+00
  10 1.8736185770e+06  -5.72e+03  2.28e+01    6.915700e+01  -1.436291e+01   1.177888e+01
   * 1.1128850136e+08   9.83e+04  2.28e+02    6.172778e+01   3.821714e-01   9.295517e+00
  11 1.7545306615e+06  -6.79e+03  2.28e+01    6.923293e+01  -1.336025e+01   1.181669e+01
   * 8.5525838088e+07   9.79e+04  2.28e+02    6.137500e+01   2.556385e-01   8.887089e+00
  12 1.6185657466e+06  -8.40e+03  2.28e+01    6.930232e+01  -1.229604e+01   1.177450e+01
   * 5.4469848512e+07   9.70e+04  2.28e+02    6.106122e+01   2.464737e-02   8.408914e+00
  13 1.4610836168e+06  -1.08e+04  2.28e+01    6.936297e+01  -1.116682e+01   1.165308e+01
   * 2.9164494658e+07   9.50e+04  2.28e+02    6.082165e+01  -3.148995e-01   7.843498e+00
  14 1.2787270272e+06  -1.43e+04  2.28e+01    6.941123e+01  -9.977157e+00   1.144584e+01
   * 1.3531537649e+07   9.06e+04  2.28e+02    6.070957e+01  -7.561374e-01   7.170785e+00
  15 1.0726771531e+06  -1.92e+04  2.28e+01    6.944140e+01  -8.749763e+00   1.113827e+01
   * 5.6226223263e+06   8.09e+04  2.28e+02    6.079567e+01  -1.270684e+00   6.374960e+00
  16 8.5549159526e+05  -2.54e+04  2.28e+01    6.944567e+01  -7.542544e+00   1.071005e+01
   * 2.1475309963e+06   6.02e+04  2.28e+02    6.114244e+01  -1.796609e+00   5.465426e+00
  17 6.5668155326e+05  -3.03e+04  2.28e+01    6.941599e+01  -6.462521e+00   1.014637e+01
   * 7.8721655214e+05   1.66e+04  2.28e+02    6.172548e+01  -2.242401e+00   4.516882e+00
  18 5.0708565309e+05  -2.95e+04  2.28e+01    6.935013e+01  -5.633791e+00   9.464327e+00
  19 3.0903033578e+05  -6.41e+04  2.28e+00    6.236195e+01  -2.536532e+00   3.681315e+00
  20 1.5255697057e+01  -2.03e+09  2.28e-01    6.259605e+01  -2.666242e+00   3.752919e-02
  21 1.1409240132e-05  -1.34e+11  2.28e-02    6.264373e+01  -2.666667e+00  -7.694804e-07
  22 1.1218332343e-05  -1.70e+03  2.28e-03    6.264373e+01  -2.666667e+00  -2.373857e-07
  23 1.1218332254e-05  -7.93e-04  2.28e-04    6.264373e+01  -2.666667e+00  -2.394571e-07
iter      chisq       delta/lim  lambda   a             b             c            

After 23 iterations the fit converged.
final sum of squares of residuals : 1.12183e-05
rel. change during last iteration : -7.93297e-09

degrees of freedom    (FIT_NDF)                        : 16381
rms of residuals      (FIT_STDFIT) = sqrt(WSSR/ndf)    : 2.61694e-05
variance of residuals (reduced chisquare) = WSSR/ndf   : 6.84838e-10

Final set of parameters            Asymptotic Standard Error
=======================            ==========================
a               = 62.6437          +/- 8.317e-07    (1.328e-06%)
b               = -2.66667         +/- 8.981e-08    (3.368e-06%)
c               = -2.39457e-07     +/- 5.121e-07    (213.8%)

correlation matrix of the fit parameters:
                a      b      c      
a               1.000 
b              -0.258  1.000 
c              -0.157 -0.832  1.000 
