# BEGINHEADER
# This file contains data from the SALSA 2m radio telescope.
# DATE=2024-01-31T12:00:0054
# GLON and GLAT given in degrees
# GLON=33.89943238902614
# GLAT=-33.01567381753938
# DATA in two columns below. Col. 1 is velocity relative to LSR [km/s]. Col. 2 is uncalibrated antenna temperature [K].
# ENDHEADER
2384.9923148666585 25.66344918880228
2382.9311709160597 53.36570510291272
2380.8700269654614 47.40440982104556
2378.8088830148627 51.594616126755625
2376.7477390642644 50.22888080500476
2374.686595113665 53.74789574454345
2372.625451163067 54.911542847239886
2370.5643072124676 57.06379644583773
2368.5031632618693 59.76521089542617
2366.4420193112705 62.47673979385332
2364.380875360672 64.8960859691778
2362.319731410073 68.27885261812271
2360.2585874594747 70.89262261217748
2358.197443508876 74.00442411581967
2356.1362995582776 76.9991830089234
2354.0751556076784 79.87209910903599
2352.01401165708 82.71397556375082
2349.9528677064814 85.47576326789391
2347.891723755883 89.13278248160232
2345.8305798052843 90.5161810324201
2343.7694358546855 93.58391997217448
2341.7082919040868 96.47459757366356
2339.6471479534885 96.75659473837095
2337.5860040028897 99.0547417918975
2335.5248600522914 101.92093721069163
2333.463716101692 103.74492959366185
2331.402572151094 104.71564287309512
2329.341428200495 105.82677823917048
2327.280284249897 107.17575947078517
2325.219140299298 109.58113089658801
2323.1579963486993 108.59781691608443
2321.0968523981005 110.85195287151387
2319.035708447502 110.82761780789339
2316.9745644969034 110.61081572688035
2314.9134205463047 114.08705898062122
2312.852276595706 112.82871070599796
2310.7911326451076 114.66407758935769
2308.7299886945084 112.39608650118564
2306.66884474391 114.82194888828509
2304.6077007933113 114.78057914162697
2302.5465568427126 116.39140379149981
2300.485412892114 115.04179163604863
2298.4242689415155 115.79514661724248
2296.3631249909167 115.75714668653882
2294.301981040318 115.94044315779813
2292.240837089719 116.47759910288579
2290.179693139121 117.23562597863496
2288.118549188522 117.58906894224033
2286.057405237924 116.99610038973161
2283.996261287325 118.11766399826521
2281.9351173367263 117.67726493234547
2279.8739733861275 118.28238295082785
2277.8128294355292 118.78787633789877
2275.7516854849305 117.67144422312829
2273.6905415343317 118.99950951092349
2271.629397583733 119.59068196736901
2269.5682536331346 120.4579087481665
2267.507109682536 120.44814787204771
2265.4459657319376 119.70980474412409
2263.384821781339 119.72377707499481
2261.32367783074 120.8523400768829
2259.2625338801413 119.94955729611975
2257.201389929543 120.74466415020235
2255.140245978944 120.8165994011222
2253.0791020283455 120.40811641332897
2251.0179580777467 120.85302130089748
2248.9568141271484 121.38481372160463
2246.895670176549 121.24327426264479
2244.834526225951 121.36422212751953
2242.773382275352 122.91403055651384
2240.7122383247533 122.85689434706914
2238.6510943741546 121.88577479318928
2236.5899504235563 121.60819442935085
2234.5288064729575 121.93138412669238
2232.4676625223588 121.10010765823577
2230.40651857176 122.29176934872532
2228.3453746211617 122.42051457577648
2226.284230670563 123.2390163133573
2224.2230867199646 124.38911735429994
2222.161942769366 122.39569177618401
2220.100798818767 123.45376751722388
2218.0396548681683 123.85286774277802
2215.97851091757 125.32114792828862
2213.9173669669713 123.48558633443368
2211.8562230163725 123.67806327537686
2209.7950790657737 123.13011050038442
2207.7339351151754 125.15500373862642
2205.6727911645767 128.71489631181305
2203.6116472139784 124.22591528557531
2201.5505032633796 124.3990845797451
2199.489359312781 124.79812699538664
2197.428215362182 123.3012463142711
2195.3670714115838 124.80531131346561
2193.305927460985 126.76842470479971
2191.2447835103862 125.41762025528963
2189.1836395597875 124.7037380638697
2187.122495609189 125.51543249854677
2185.0613516585904 125.65991611609586
2183.0002077079916 123.75316747338503
2180.939063757393 124.51511174663187
2178.877919806794 125.78656425406368
2176.8167758561954 125.07364475322161
2174.755631905597 126.50564396246845
2172.6944879549983 126.02980004938735
2170.6333440043995 125.28346429018985
2168.5722000538008 125.78395436367737
2166.5110561032025 125.70964801807011
2164.4499121526037 125.08523862921312
2162.3887682020054 125.3643885617542
2160.3276242514066 124.21668567177156
2158.266480300808 125.1612868737297
2156.205336350209 125.79516369306096
2154.144192399611 124.71887138388209
2152.083048449012 124.19174407909969
2150.0219044984133 126.50585980946106
2147.9607605478145 125.66319287766747
2145.899616597216 124.74718938394903
2143.8384726466174 125.37362955553172
2141.777328696019 124.94351678644094
2139.7161847454204 125.16541511499892
2137.6550407948216 123.96606898409522
2135.593896844223 126.05421509235514
2133.5327528936245 126.00166157407499
2131.471608943026 127.47487615121292
2129.410464992427 125.62765361241465
2127.3493210418283 126.32093588327696
2125.28817709123 125.84936340294902
2123.227033140631 127.68862799870591
2121.1658891900324 129.91014011105972
2119.1047452394337 127.86968201066442
2117.043601288835 126.89557798946048
2114.982457338236 126.64938027965016
2112.921313387638 126.00084491463572
2110.860169437039 124.98522610295898
2108.7990254864403 125.43145258276732
2106.7378815358416 125.79740263893025
2104.6767375852432 125.37812230698945
2102.6155936346445 124.91174994767958
2100.554449684046 124.01453580905631
2098.4933057334474 124.95107988439511
2096.4321617828487 124.18399590650024
2094.37101783225 125.43851129886801
2092.3098738816516 125.26251974782465
2090.2487299310524 124.68125268021453
2088.187585980454 125.17143123038684
2086.1264420298553 125.27877392914937
2084.065298079257 124.70018121640673
2082.0041541286582 124.5082855489442
2079.9430101780595 125.95757083223735
2077.8818662274607 124.56152877308155
2075.8207222768624 124.96087096963096
2073.7595783262636 125.6197522583559
2071.6984343756653 123.3997594648483
2069.637290425066 124.64840949771113
2067.576146474468 124.83842190619491
2065.515002523869 124.56039469682202
2063.4538585732707 125.47130418278796
2061.392714622672 122.90317280352906
2059.331570672073 125.87583240063539
2057.2704267214745 120.9979841106313
2055.2092827708757 127.97514145739501
2053.148138820277 118.6701564039
2051.0869948696786 165.95098558623266
2049.02585091908 143.88640322072072
2046.9647069684816 118.11815836291616
2044.9035630178828 126.67883053111477
2042.842419067284 120.92253945254657
2040.7812751166853 125.03207923570737
2038.7201311660867 123.07450140143509
2036.658987215488 125.9635950639754
2034.5978432648894 123.86882129879035
2032.5366993142907 122.99830775538862
2030.4755553636924 124.1655239375015
2028.4144114130934 123.70679257726985
2026.353267462495 123.68236658928397
2024.2921235118963 123.53374053608015
2022.2309795612978 123.81884317626634
2020.169835610699 122.89832643816985
2018.1086916601005 122.82279479483016
2016.0475477095017 121.7443388260482
2013.9864037589032 122.49794526790639
2011.9252598083042 122.5726812451542
2009.8641158577059 122.40425277989034
2007.802971907107 122.70816862202729
2005.7418279565086 122.24030092596846
2003.6806840059098 121.27086314552544
2001.6195400553113 121.28348961569907
1999.5583961047125 121.69540819178923
1997.497252154114 120.63770586914639
1995.4361082035152 121.40944244145048
1993.3749642529167 122.65329922301308
1991.313820302318 119.9510355869616
1989.2526763517196 121.18073120832177
1987.1915324011206 120.07158107836989
1985.1303884505223 119.98513470645064
1983.0692444999236 120.91951979230295
1981.008100549325 119.71080259447957
1978.946956598726 120.93252137705007
1976.8858126481275 120.07891376146208
1974.8246686975288 119.26636552354366
1972.7635247469302 119.65063435217188
1970.7023807963315 118.6262610969539
1968.6412368457331 117.17234968797881
1966.5800928951342 118.53586316717877
1964.5189489445359 117.57305430270632
1962.457804993937 118.65785379752103
1960.3966610433386 117.39137498653665
1958.3355170927398 116.86768634812825
1956.2743731421413 116.94514281491249
1954.2132291915425 116.21647129903795
1952.152085240944 117.17840003382287
1950.090941290345 116.89481711439983
1948.0297973397467 116.36713352770774
1945.9686533891477 115.88612654779602
1943.9075094385494 114.73117059267939
1941.8463654879506 114.94227722348478
1939.785221537352 115.1160723504531
1937.7240775867533 114.91093075118619
1935.6629336361548 113.86881551387354
1933.601789685556 113.73480045891455
1931.5406457349575 112.58679365425841
1929.4795017843587 113.37637300633752
1927.4183578337602 112.35138919664782
1925.3572138831614 112.18288071329512
1923.2960699325631 111.32244760721484
1921.2349259819644 110.66402202701636
1919.1737820313658 109.62497417753998
1917.1126380807668 108.5653148306114
1915.0514941301683 107.98532016979232
1912.9903501795695 105.80375358270975
1910.929206228971 106.42341183506578
1908.8680622783722 104.74105982865944
1906.8069183277737 103.2400108069343
1904.745774377175 100.68170518603826
1902.6846304265766 98.42839893532967
1900.6234864759779 95.6346952669622
1898.5623425253793 93.49437133552512
1896.5011985747806 91.80238620883462
1894.440054624182 88.49594774624656
1892.3789106735833 86.21272454974657
1890.3177667229847 84.17742759639026
1888.256622772386 80.15771024476052
1886.1954788217872 76.87761995152394
1884.1343348711885 74.09182156965517
1882.0731909205902 71.52598941177723
1880.0120469699914 68.34808391359945
1877.9509030193929 65.98158344586402
1875.889759068794 62.36728502296501
1873.8286151181956 59.687468424368504
1871.7674711675968 57.61419507547611
1869.7063272169983 55.20027758314328
1867.6451832663995 53.66692339069544
1865.584039315801 50.490438936832646
1863.5228953652022 51.301265953741876
1861.461751414604 47.28968273037131
1859.400607464005 52.9187390590796
