# BEGINHEADER
# This file contains data from the SALSA 2m radio telescope.
# DATE=2024-01-31T11:35:0019
# GLON and GLAT given in degrees
# GLON=35.62650021687097
# GLAT=-39.890691325638464
# DATA in two columns below. Col. 1 is velocity relative to LSR [km/s]. Col. 2 is uncalibrated antenna temperature [K].
# ENDHEADER
2379.940465045833 19.107031849454778
2377.879321095234 39.489919737465215
2375.8181771446357 35.81671626276523
2373.757033194037 38.89647565745038
2371.6958892434386 38.102263703072495
2369.63474529284 40.37329939015621
2367.573601342241 41.337566966923205
2365.512457391642 43.24904247864334
2363.4513134410436 45.37069944003216
2361.390169490445 46.91916254412074
2359.329025539846 49.47755696521887
2357.2678815892473 51.16868897345214
2355.206737638649 53.76853314489517
2353.14559368805 56.11757658565388
2351.084449737452 58.220197018143494
2349.023305786853 61.04485019837386
2346.9621618362544 62.85194303319225
2344.9010178856556 65.4612918051481
2342.8398739350573 67.78991979508154
2340.7787299844586 69.11711905159771
2338.71758603386 71.62054541710425
2336.656442083261 72.80224378710508
2334.5952981326627 73.92114442823774
2332.534154182064 75.802160183304
2330.4730102314657 77.18439505195873
2328.411866280867 78.54936130985726
2326.350722330268 79.5953262539045
2324.2895783796694 81.47427844722566
2322.228434429071 81.5425425084507
2320.1672904784723 82.95283782374368
2318.1061465278735 83.18201658073104
2316.0450025772748 84.15796464263018
2313.9838586266765 85.32834611792516
2311.9227146760777 85.21413527305813
2309.8615707254794 84.89475252922918
2307.8004267748806 85.68382496918967
2305.739282824282 86.62248190226252
2303.6781388736827 85.48417336796075
2301.6169949230843 87.67640469604045
2299.5558509724856 86.88700248654297
2297.494707021887 86.80934635091175
2295.433563071288 87.55695782403916
2293.3724191206898 87.80630454890444
2291.311275170091 88.61611583616713
2289.2501312194927 88.27721589974534
2287.188987268894 89.42976071620959
2285.127843318295 88.33859655200399
2283.0666993676964 89.16116589947943
2281.005555417098 89.5298730097578
2278.9444114664993 89.39288433873017
2276.8832675159006 89.46784484847103
2274.822123565302 90.3621268131839
2272.7609796147035 90.20948120061827
2270.6998356641047 90.039018914167
2268.6386917135064 89.59679690565939
2266.5775477629077 91.01665301864091
2264.516403812309 89.85334966839517
2262.45525986171 90.95001009952135
2260.394115911112 91.58925700310012
2258.332971960513 92.10354082435236
2256.2718280099143 91.73772564190092
2254.2106840593156 91.08900600857937
2252.1495401087172 92.5452463976716
2250.0883961581185 91.76663278589491
2248.02725220752 92.17971479711402
2245.9661082569214 91.83328907857988
2243.9049643063227 93.21728352463933
2241.8438203557234 93.41618326643383
2239.782676405125 93.23435955490162
2237.7215324545264 93.02291920539635
2235.6603885039276 93.46271746305257
2233.599244553329 93.59476099382768
2231.5381006027305 93.09988029000671
2229.476956652132 93.4328248766389
2227.4158127015335 93.52371322483097
2225.3546687509347 93.61206568631778
2223.293524800336 93.56223364603814
2221.232380849737 94.34144356005505
2219.171236899139 94.79507130694691
2217.11009294854 94.03176361426083
2215.0489489979414 94.0891155844929
2212.9878050473426 94.34278718326419
2210.9266610967443 94.1688056250607
2208.8655171461455 94.18772830707496
2206.804373195547 95.24716862039003
2204.7432292449485 94.16034596456845
2202.6820852943497 96.9149657531776
2200.620941343751 101.18897923247542
2198.5597973931526 94.01979083157417
2196.498653442554 94.92141243268311
2194.437509491955 94.3966440646161
2192.3763655413563 95.2392785499192
2190.315221590758 95.21245453815672
2188.2540776401593 95.32135919919747
2186.192933689561 95.52189212465571
2184.131789738962 95.45111717570714
2182.0706457883634 94.46901540948093
2180.009501837764 95.00130074504507
2177.948357887166 95.91241994685336
2175.887213936567 95.8289161012234
2173.8260699859684 94.97110482159378
2171.7649260353696 94.9799014625052
2169.7037820847713 94.91470904333919
2167.6426381341726 95.47858154982731
2165.5814941835743 95.55027769158539
2163.5203502329755 94.9191661870563
2161.4592062823767 95.79005459149231
2159.398062331778 95.95717313666938
2157.3369183811797 94.87767545379866
2155.275774430581 95.15918239176824
2153.214630479982 95.8803314047826
2151.1534865293834 95.26785115803285
2149.092342578785 95.88384600508616
2147.0311986281863 96.03076332790147
2144.970054677588 96.11757965412444
2142.9089107269892 95.76030572941174
2140.8477667763905 95.46594443336546
2138.7866228257917 95.56725290236254
2136.7254788751934 94.63348829979472
2134.6643349245946 95.35082347365689
2132.603190973996 95.00137668641574
2130.542047023397 95.49297545305475
2128.480903072799 95.84387485088212
2126.4197591222 95.79654871219145
2124.3586151716017 96.09866260824529
2122.297471221003 96.2964560022869
2120.236327270404 96.31554137906959
2118.1751833198055 96.69700870165369
2116.1140393692067 99.22842074265158
2114.052895418608 96.60214492742614
2111.991751468009 95.69462555735792
2109.9306075174104 96.60369591584382
2107.869463566812 95.14354580412099
2105.8083196162133 94.76566028713025
2103.747175665615 96.7162592201857
2101.6860317150163 95.85923700517004
2099.6248877644175 95.3107237476785
2097.5637438138187 95.23146888715547
2095.5025998632204 95.11265591316385
2093.4414559126217 94.64211507360919
2091.3803119620234 94.68541827442068
2089.3191680114246 96.50299558212231
2087.258024060826 95.50806257708432
2085.196880110227 95.69038842432741
2083.1357361596283 97.47593445212998
2081.0745922090296 94.77543060023888
2079.0134482584313 95.02583535932432
2076.9523043078325 95.37724359996928
2074.891160357234 96.16328447138093
2072.830016406635 95.3109679127687
2070.7688724560367 94.02027533655618
2068.707728505438 94.27342152185281
2066.6465845548396 94.83999971176213
2064.585440604241 94.47232362269614
2062.524296653642 94.95693854387281
2060.4631527030433 95.67150552709349
2058.402008752445 94.7663567178332
2056.3408648018462 93.35008859703387
2054.279720851248 94.47865047263483
2052.2185769006487 92.81773190385057
2050.1574329500504 95.8382726843801
2048.0962889994516 93.14463645331429
2046.035145048853 109.6399299660962
2043.9740010982543 100.74496605736655
2041.9128571476558 92.02198079239501
2039.851713197057 94.66425571519001
2037.7905692464583 93.56772349719313
2035.7294252958595 94.80122248008601
2033.6682813452612 93.87040181595427
2031.6071373946622 95.36627506643498
2029.545993444064 93.04636419099135
2027.4848494934652 93.83744696905208
2025.4237055428666 93.83581583384496
2023.3625615922679 92.93998259960098
2021.3014176416693 93.17784090840766
2019.2402736910706 92.39665064921083
2017.179129740472 94.88732572132479
2015.1179857898733 93.08845564129824
2013.056841839275 93.24653449809179
2010.995697888676 91.65223085536023
2008.9345539380777 92.42307780297602
2006.8734099874787 91.98054392646371
2004.8122660368801 91.93639445866403
2002.7511220862814 92.16422233457651
2000.6899781356828 91.44753320387221
1998.628834185084 92.79419493859363
1996.5676902344856 92.11113917059158
1994.5065462838868 91.74524154336481
1992.4454023332885 92.8563703194226
1990.3842583826895 91.29201930092904
1988.3231144320912 91.8127255780372
1986.2619704814924 90.78088171157857
1984.200826530894 90.39627490206341
1982.1396825802951 90.56333879838282
1980.0785386296966 91.24996143159798
1978.0173946790978 89.16141882791044
1975.9562507284993 90.22435983293073
1973.8951067779003 90.0097416729727
1971.833962827302 89.599431545173
1969.772818876703 90.18671834229514
1967.7116749261047 90.03451699357386
1965.650530975506 89.22227840617379
1963.5893870249074 89.15839868274352
1961.5282430743086 89.75193672470868
1959.46709912371 90.39212398147302
1957.4059551731114 89.82548102691628
1955.3448112225128 89.67606227150864
1953.283667271914 89.04536070208613
1951.2225233213155 88.44230726020915
1949.1613793707168 87.45802321100028
1947.1002354201185 88.49916634556251
1945.0390914695197 88.16341221096032
1942.977947518921 87.48524392500133
1940.9168035683222 88.07414183322966
1938.8556596177236 87.80773777104771
1936.7945156671249 87.22312659616433
1934.7333717165263 87.13581425775322
1932.6722277659276 86.49771112073458
1930.611083815329 86.67199859254347
1928.5499398647303 85.86047029935827
1926.488795914132 85.02850149856232
1924.4276519635332 85.39661600868406
1922.3665080129347 84.41984050214512
1920.305364062336 83.97572550263736
1918.2442201117374 83.53592805741414
1916.1830761611386 82.38466593107155
1914.12193221054 81.91562783486765
1912.060788259941 81.44961130371951
1909.9996443093426 81.62663610328418
1907.9385003587438 80.22730965885299
1905.8773564081455 78.2997820419212
1903.8162124575465 77.90627278424256
1901.7550685069482 75.65579899798367
1899.6939245563494 75.24970555443015
1897.632780605751 73.2047878867231
1895.5716366551521 71.8034486487948
1893.5104927045536 70.20644861450856
1891.4493487539548 69.05698833209036
1889.3882048033563 66.99239234801992
1887.3270608527575 64.35728306453218
1885.2659169021592 62.28209263739742
1883.2047729515602 59.91781615019728
1881.1436290009617 57.47666174681867
1879.082485050363 55.42528009715326
1877.0213410997644 53.120288165204435
1874.9601971491657 51.07382829512107
1872.8990531985671 48.868455589721464
1870.8379092479684 46.76113874495326
1868.7767652973698 44.48328200805639
1866.715621346771 43.416204283789234
1864.6544773961728 40.629733527606035
1862.5933334455738 40.23254248593994
1860.5321894949755 38.43463754191975
1858.4710455443767 38.26827134568124
1856.4099015937782 35.499366069421804
1854.3487576431794 40.296579979937064
