# BEGINHEADER
# This file contains data from the SALSA 2m radio telescope.
# DATE=2024-01-31T11:33:0044
# GLON and GLAT given in degrees
# GLON=31.075518874186468
# GLAT=-31.103156328662177
# DATA in two columns below. Col. 1 is velocity relative to LSR [km/s]. Col. 2 is uncalibrated antenna temperature [K].
# ENDHEADER
2386.7674801659546 36.858759379068495
2384.706336215356 76.62614876559063
2382.6451922647575 68.79559884988842
2380.5840483141587 74.73461613487734
2378.52290436356 73.65708925969736
2376.461760412961 78.46527247654456
2374.400616462363 79.5896202645581
2372.339472511764 83.70373324356657
2370.278328561166 86.25254651338524
2368.217184610567 90.61465528436537
2366.1560406599683 95.99543325880532
2364.0948967093696 99.50758494121318
2362.0337527587712 102.95937457329754
2359.9726088081725 107.56469290420071
2357.9114648575737 112.91663929613121
2355.850320906975 116.2778756620828
2353.7891769563767 120.836136730978
2351.728033005778 126.57292057950559
2349.6668890551796 129.38876966217092
2347.6057451045804 134.15883712834616
2345.544601153982 138.7150648613754
2343.4834572033833 141.05270638534003
2341.422313252785 143.24578385535597
2339.361169302186 146.17224478316777
2337.3000253515875 148.95558189038553
2335.2388814009887 149.6969200854379
2333.1777374503904 153.51809404784927
2331.116593499791 155.17520340698115
2329.055449549193 156.19685130395393
2326.9943055985937 159.87112790431755
2324.9331616479953 161.85321941391572
2322.8720176973966 161.96179916744993
2320.8108737467983 164.54505402952356
2318.7497297961995 162.90338440178502
2316.6885858456008 164.10195016917356
2314.627441895002 166.23750214318054
2312.5662979444037 166.73155444137538
2310.505153993805 167.40821064398162
2308.4440100432066 167.40289017483593
2306.3828660926074 170.6381962941785
2304.321722142009 167.25016451355475
2302.2605781914103 168.6616898828017
2300.199434240812 169.38514347146366
2298.1382902902133 170.03078626933285
2296.0771463396145 170.76745099844638
2294.0160023890157 169.62945672908262
2291.9548584384174 171.44860566663795
2289.8937144878187 172.37469235526268
2287.8325705372204 172.51278250307786
2285.771426586621 171.81414371362996
2283.710282636023 173.1017652387578
2281.649138685424 172.96838667784746
2279.5879947348258 174.2512065444755
2277.526850784227 173.92411517415212
2275.4657068336282 173.82966021737
2273.4045628830295 175.0904615373731
2271.343418932431 175.67579092450325
2269.282274981832 175.2234295147264
2267.2211310312337 176.06612973136055
2265.1599870806344 178.95764914206643
2263.098843130036 177.8676186377783
2261.0376991794374 175.87620757486073
2258.976555228839 175.72989300206766
2256.9154112782403 176.85938521315202
2254.8542673276415 176.83902434566906
2252.793123377043 178.76800488185256
2250.7319794264445 177.58197377490083
2248.6708354758457 180.13968268406737
2246.6096915252474 178.92283560002542
2244.548547574648 178.05703657593304
2242.48740362405 178.82699437826864
2240.426259673451 178.65014447043845
2238.365115722853 180.01825728998256
2236.303971772254 179.50064689514593
2234.2428278216553 178.984271411643
2232.1816838710565 180.46994794719862
2230.120539920458 179.96919036165835
2228.0593959698595 180.84786921488296
2225.998252019261 182.49910885525586
2223.937108068662 180.6219679034409
2221.8759641180636 181.3002028413642
2219.814820167465 179.74225922450705
2217.7536762168666 180.1883393289329
2215.692532266268 182.87579597895083
2213.631388315669 183.8319984934187
2211.5702443650703 183.09738498305921
2209.509100414472 183.83868566179183
2207.4479564638727 189.37582205487215
2205.3868125132744 182.32438151094593
2203.325668562675 182.7331546750479
2201.264524612077 183.0726097946393
2199.203380661478 183.10146831590907
2197.14223671088 182.59691467218224
2195.081092760281 182.517951540892
2193.0199488096823 181.1740705327804
2190.9588048590836 184.66764855898262
2188.8976609084852 182.26459013589508
2186.8365169578865 184.04554043972578
2184.775373007288 183.24863575424556
2182.714229056689 182.28730050010046
2180.6530851060907 182.72725419579845
2178.591941155492 181.92678770965057
2176.5307972048936 182.84743040883328
2174.469653254295 183.74944647282652
2172.408509303696 184.4907633115172
2170.3473653530973 184.65326794907122
2168.286221402499 183.50077295700757
2166.2250774519002 184.90470679495323
2164.163933501302 183.44735299004674
2162.1027895507027 182.7488631830399
2160.0416456001044 185.90575684837066
2157.9805016495056 182.30986998122432
2155.9193576989073 183.92648967917023
2153.8582137483086 183.9391660652079
2151.79706979771 184.07904505535618
2149.735925847111 184.3531342316247
2147.6747818965127 185.73438090451538
2145.613637945914 185.21671223626652
2143.5524939953148 184.66084638411533
2141.491350044716 185.0795082373124
2139.4302060941177 185.02718775351227
2137.369062143519 186.41168171243305
2135.3079181929206 185.50497640270973
2133.246774242322 184.27474895642237
2131.185630291723 183.84763339079987
2129.1244863411243 184.84070453289524
2127.063342390526 183.0175942393451
2125.0021984399273 185.1096873077435
2122.9410544893285 182.97845608402972
2120.8799105387297 185.8950205268979
2118.8187665881314 185.754043058165
2116.7576226375327 185.40000947145055
2114.6964786869344 185.04644813577227
2112.6353347363356 184.67771397966442
2110.574190785737 185.90740207180113
2108.513046835138 184.17285157823406
2106.45190288454 184.32221095645284
2104.390758933941 185.74617798053353
2102.3296149833423 183.5857500107637
2100.2684710327435 184.13050601820882
2098.207327082145 184.51602524404578
2096.1461831315464 184.64832355681247
2094.0850391809477 184.10989903365913
2092.023895230349 184.58273659726413
2089.9627512797506 185.10489302098262
2087.901607329152 184.4155922682755
2085.8404633785535 184.58856076824506
2083.7793194279548 184.05656034133935
2081.718175477356 183.09212317624977
2079.6570315267572 184.23640940817353
2077.5958875761585 185.06321689610624
2075.5347436255597 182.9213830106545
2073.4735996749614 183.22228177179764
2071.4124557243626 183.39192419079507
2069.3513117737643 182.15603883412248
2067.290167823165 184.3766451882481
2065.229023872567 183.0541441200209
2063.167879921968 182.1238864865165
2061.1067359713697 183.53268651455244
2059.045592020771 179.03654716397747
2056.984448070172 184.70949394789048
2054.9233041195735 179.27542777608184
2052.862160168975 208.5869815857294
2050.801016218376 192.73518074539132
2048.7398722677776 177.5439550614949
2046.6787283171789 184.6437077952704
2044.6175843665806 180.45993598083555
2042.5564404159818 181.21656412636585
2040.4952964653833 180.7448538158029
2038.4341525147845 182.96869270149764
2036.373008564186 181.65968064024716
2034.311864613587 179.41573074650483
2032.2507206629884 177.6546585321362
2030.1895767123897 179.36232542932007
2028.1284327617914 180.23884114595467
2026.0672888111924 179.44148142537375
2024.006144860594 181.2922315173229
2021.9450009099953 179.9138533986471
2019.8838569593968 179.7207691060191
2017.822713008798 180.4465351349112
2015.7615690581995 179.51525108911667
2013.7004251076007 179.79223257074992
2011.6392811570022 179.5649175337316
2009.5781372064034 179.30640225056322
2007.516993255805 178.61673740575506
2005.4558493052061 178.2610788798233
2003.3947053546076 178.02304582662484
2001.3335614040088 179.89291017325908
1999.2724174534103 177.93125292521253
1997.2112735028115 176.59572212776055
1995.150129552213 178.14703108586403
1993.0889856016142 177.2530284186691
1991.0278416510157 175.8779378775936
1988.966697700417 176.16912291010755
1986.9055537498184 175.28588100691329
1984.8444097992196 173.0496889177647
1982.7832658486213 174.257790485485
1980.7221218980226 176.29685430863918
1978.660977947424 174.55883070107953
1976.5998339968253 175.63715720071133
1974.5386900462267 172.73185825152342
1972.4775460956278 171.8159057352616
1970.4164021450292 172.9340711244945
1968.3552581944305 173.62723304843644
1966.294114243832 173.6556637747499
1964.2329702932332 170.64289810991198
1962.1718263426349 171.43018967811656
1960.1106823920359 172.23701880356185
1958.0495384414376 172.1014258933715
1955.9883944908388 169.57661525440614
1953.9272505402403 171.12605580125893
1951.8661065896415 169.9943658698357
1949.804962639043 169.3015643612498
1947.7438186884442 169.30947559246553
1945.6826747378457 168.28422598981032
1943.621530787247 168.11261112359796
1941.5603868366486 168.50425184972727
1939.4992428860494 167.11384373711465
1937.438098935451 166.96087533864437
1935.3769549848523 165.37843935039115
1933.3158110342538 167.1190978360308
1931.254667083655 166.5804879070157
1929.1935231330565 164.342627339318
1927.1323791824577 162.12944772200115
1925.0712352318592 162.45760020465352
1923.0100912812604 161.58872353545092
1920.9489473306621 161.30832427668474
1918.8878033800631 158.39674503704566
1916.8266594294648 155.3524301128888
1914.765515478866 154.4820805342581
1912.7043715282675 153.55435254648182
1910.6432275776688 149.43990125954363
1908.58208362707 147.90755522246042
1906.5209396764712 144.44301771805678
1904.4597957258727 142.1412944874522
1902.398651775274 140.85579179920217
1900.3375078246756 136.94335260370275
1898.2763638740767 133.5642396489373
1896.2152199234783 129.45397392271127
1894.1540759728796 124.66076559286493
1892.092932022281 120.06943431574967
1890.0317880716823 117.3794779086106
1887.9706441210838 112.19845716210766
1885.909500170485 107.67489918468131
1883.8483562198865 103.5357671737042
1881.7872122692877 99.31741458245267
1879.7260683186894 95.70259713994443
1877.6649243680902 91.56164522451674
1875.6037804174919 86.6751523054251
1873.542636466893 83.3716538921668
1871.4814925162946 79.49295129576649
1869.4203485656958 77.79219914273031
1867.3592046150973 73.30987758643681
1865.2980606644985 75.20727986234992
1863.2369167139 68.8035016286554
1861.1757727633012 77.12300456308274
