# BEGINHEADER
# This file contains data from the SALSA 2m radio telescope.
# DATE=2024-01-31T11:59:0009
# GLON and GLAT given in degrees
# GLON=31.569808732217712
# GLAT=-33.609784487814494
# DATA in two columns below. Col. 1 is velocity relative to LSR [km/s]. Col. 2 is uncalibrated antenna temperature [K].
# ENDHEADER
2384.978861379337 63.97992740595318
2382.9177174287383 131.17776595920853
2380.85657347814 116.826902366225
2378.7954295275413 128.71355653389656
2376.734285576943 126.50318769552197
2374.6731416263437 133.23944556555847
2372.6119976757454 137.85198753872857
2370.5508537251467 144.38033118716072
2368.4897097745484 148.59189689290724
2366.4285658239496 154.57801925033033
2364.367421873351 161.99434199676847
2362.306277922752 170.0186531017105
2360.245133972154 176.86703287883267
2358.183990021555 184.9725327845566
2356.1228460709567 190.09704571627918
2354.061702120357 199.17339507778755
2352.0005581697587 206.78699223579122
2349.93941421916 211.76415349402458
2347.8782702685617 219.79000626132694
2345.817126317963 228.23908743158088
2343.755982367364 234.27008555706936
2341.6948384167654 239.46257813393908
2339.633694466167 246.09358374455198
2337.5725505155683 250.1626261402515
2335.5114065649695 255.63522317188324
2333.450262614371 257.11171329859525
2331.3891186637725 258.2151622201938
2329.3279747131737 266.2452060719808
2327.2668307625754 268.807836411752
2325.2056868119766 272.0446095923543
2323.144542861378 274.69582945598114
2321.083398910779 276.1453618680392
2319.022254960181 278.69009149763355
2316.961111009582 279.6712528539757
2314.8999670589833 282.5690158464517
2312.8388231083845 283.5747727871431
2310.777679157786 285.56841422955483
2308.7165352071875 284.70018734673914
2306.655391256589 286.08788668978025
2304.5942473059904 285.756596410705
2302.5331033553916 287.1942086850343
2300.471959404793 290.3464035425721
2298.4108154541946 290.531540452068
2296.349671503596 288.97273454544893
2294.2885275529966 286.56499354120933
2292.227383602398 289.63807135805456
2290.1662396517995 290.7772426910785
2288.1050957012008 293.5200782031372
2286.0439517506024 294.09714613713965
2283.9828078000037 291.2447759209542
2281.921663849405 293.7377499693367
2279.860519898806 298.0775077121667
2277.799375948208 295.73476913937606
2275.738231997609 295.9838258243923
2273.6770880470103 296.5063057305612
2271.6159440964116 298.14095534487177
2269.5548001458133 297.48146726296056
2267.4936561952145 296.9386922067016
2265.432512244616 302.1242548445393
2263.3713682940174 299.5404923261638
2261.3102243434187 299.927402184602
2259.24908039282 300.54628895906734
2257.1879364422216 298.09728767318614
2255.126792491623 303.72886725156246
2253.065648541024 302.5600192667987
2251.0045045904253 307.56622729943433
2248.943360639827 308.06736002627815
2246.8822166892282 302.9466069203946
2244.82107273863 301.27025209737667
2242.759928788031 302.7336921849982
2240.6987848374324 303.4649026673231
2238.6376408868337 306.67356838807046
2236.5764969362353 307.02104343854757
2234.5153529856366 306.8205769539117
2232.454209035038 306.4078211695725
2230.3930650844386 303.44473870218616
2228.3319211338403 305.4122013249307
2226.2707771832415 307.1510497516701
2224.2096332326432 306.6391394785292
2222.1484892820445 307.34320433131484
2220.0873453314457 306.7081807415994
2218.026201380847 308.6235713387942
2215.9650574302486 310.30536989479714
2213.90391347965 306.6799879114014
2211.842769529051 308.05438702605244
2209.7816255784523 309.82731500700936
2207.720481627854 311.2918059339127
2205.6593376772553 312.6152043428275
2203.598193726657 309.0697897645575
2201.537049776058 311.2128465777816
2199.4759058254594 308.95166827299846
2197.4147618748607 308.96284045729215
2195.3536179242624 309.55140515921966
2193.2924739736636 312.14250521870395
2191.231330023065 312.68632836364634
2189.170186072466 308.23822812304064
2187.109042121868 308.38497518590856
2185.047898171269 313.7317826927239
2182.9867542206707 309.06795989923546
2180.925610270072 309.7744540014828
2178.864466319473 311.75386603457446
2176.8033223688744 310.1089900695977
2174.742178418276 310.88933109801417
2172.6810344676774 308.2661828445109
2170.6198905170786 310.145874299038
2168.5587465664794 313.7270807563073
2166.497602615881 315.06918285044827
2164.4364586652823 317.2050200424847
2162.375314714684 313.7313795534665
2160.3141707640852 309.95793161316476
2158.2530268134865 311.5663035352275
2156.1918828628877 307.97767792461275
2154.1307389122894 311.700342017734
2152.0695949616907 314.925112547392
2150.008451011092 312.44838434493283
2147.947307060493 312.5843010676673
2145.886163109895 312.85867132490415
2143.825019159296 314.32498060819273
2141.7638752086978 310.71571206778043
2139.702731258099 311.53516343269314
2137.6415873075002 312.9185897246351
2135.5804433569015 315.42470066855043
2133.519299406303 312.704136009938
2131.4581554557044 311.2746746261035
2129.3970115051056 314.4464718734937
2127.335867554507 307.7900487391413
2125.2747236039086 315.16581601161477
2123.21357965331 314.638274446665
2121.1524357027115 306.8644950302293
2119.0912917521127 317.10252805922556
2117.030147801514 311.0783662927295
2114.969003850915 311.7875263366677
2112.907859900317 311.5495466566908
2110.846715949718 308.9161319747539
2108.7855719991194 309.1988760018335
2106.72442804852 315.28235774218217
2104.663284097922 313.2077455684564
2102.602140147323 313.9701311985807
2100.540996196725 313.6967511587673
2098.479852246126 312.8881535316862
2096.4187082955273 311.09209042233135
2094.3575643449285 311.92742567668455
2092.29642039433 311.52985688601086
2090.2352764437314 312.0667452434333
2088.174132493133 311.6817510475079
2086.1129885425344 306.77099490178404
2084.0518445919356 314.74384662369584
2081.990700641337 310.8619047187021
2079.9295566907385 311.3079823217591
2077.86841274014 312.51826611957665
2075.807268789541 307.7231416047139
2073.7461248389423 310.9814266027474
2071.684980888344 308.7657967204993
2069.6238369377447 311.77720240006687
2067.5626929871464 310.10764249147616
2065.5015490365477 310.3691413428654
2063.4404050859494 310.38139329098374
2061.3792611353506 307.8476110663377
2059.318117184752 307.47159073307307
2057.256973234153 307.3559442707112
2055.1958292835548 312.30378154424784
2053.134685332956 302.48704682420606
2051.0735413823577 340.59939641342817
2049.0123974317585 323.218334323996
2046.9512534811602 306.3285154598577
2044.8901095305614 309.39728674773085
2042.8289655799629 306.49480251884086
2040.767821629364 308.9920472770548
2038.7066776787656 305.4478927265552
2036.6455337281668 313.62863166287684
2034.5843897775683 308.4222845172893
2032.5232458269695 309.60253733761454
2030.4621018763712 307.63605430392323
2028.400957925772 308.1991547393507
2026.3398139751737 304.087018538966
2024.278670024575 303.95939291950003
2022.2175260739764 309.758913811193
2020.1563821233776 306.4093287612402
2018.095238172779 305.85697287060026
2016.0340942221803 303.7537157700534
2013.9729502715818 304.17420762252175
2011.911806320983 303.2677319421114
2009.8506623703847 305.9289413418404
2007.7895184197857 304.3365181604151
2005.7283744691874 302.63028377006344
2003.6672305185887 302.58389854629525
2001.6060865679901 302.6610777485485
1999.5449426173914 305.27381459284607
1997.4837986667928 303.1826884969556
1995.4226547161938 301.05376736665534
1993.3615107655953 302.97391248952573
1991.3003668149966 300.7287206252298
1989.2392228643982 298.9122748274326
1987.1780789137993 298.77618053398515
1985.116934963201 299.7299044908175
1983.0557910126022 299.7382598523255
1980.9946470620037 298.27164719136954
1978.933503111405 298.04298928434514
1976.8723591608064 298.41967832025375
1974.8112152102076 293.91552644633344
1972.750071259609 296.3482276275539
1970.6889273090103 296.54128960684386
1968.627783358412 295.02071375564066
1966.566639407813 295.9645005027595
1964.5054954572145 293.40882168044453
1962.4443515066157 293.89959780697535
1960.3832075560172 292.25336482509874
1958.3220636054184 292.24687272472875
1956.2609196548199 292.23657786334365
1954.199775704221 289.56828981757826
1952.1386317536226 290.67292888816957
1950.0774878030238 289.71815626752885
1948.0163438524253 288.2644943714561
1945.9551999018265 287.61735905029025
1943.8940559512282 287.93507145190836
1941.8329120006294 287.9257878458988
1939.771768050031 286.8956402594223
1937.7106240994322 284.5968008484416
1935.6494801488336 288.1333084576632
1933.5883361982346 283.51278709128434
1931.527192247636 281.23976438529576
1929.4660482970373 280.59102774791495
1927.4049043464388 281.1414776253684
1925.34376039584 278.64162326333314
1923.2826164452417 276.3394653865992
1921.221472494643 275.47642073674854
1919.1603285440444 272.3196641957706
1917.0991845934457 273.584087800854
1915.0380406428471 270.4303931946165
1912.9768966922484 265.0576736602352
1910.9157527416498 263.01506406637253
1908.854608791051 258.6482372552719
1906.7934648404525 254.92877064826249
1904.7323208898538 249.75135799906664
1902.6711769392555 245.6078246518501
1900.6100329886565 239.35731591554799
1898.548889038058 234.78758883244325
1896.4877450874592 228.8875518844693
1894.4266011368607 221.8576349497312
1892.365457186262 215.33987219004626
1890.3043132356634 209.16033926952102
1888.2431692850646 198.6917572238639
1886.182025334466 191.4236554444804
1884.1208813838673 183.06031322567543
1882.059737433269 176.80550375583215
1879.99859348267 168.48831028905795
1877.9374495320717 161.70361011706873
1875.876305581473 153.56481933387292
1873.8151616308744 149.1663532413432
1871.7540176802756 142.50865191687785
1869.6928737296769 136.37066758271737
1867.6317297790781 133.25883997988777
1865.5705858284796 126.25616558558414
1863.5094418778808 127.66272849801942
1861.4482979272825 117.7968836648105
1859.3871539766835 131.687779667133
