# BEGINHEADER
# This file contains data from the SALSA 2m radio telescope.
# DATE=2024-01-31T11:39:0025
# GLON and GLAT given in degrees
# GLON=24.051615321124647
# GLAT=-27.9586550197441
# DATA in two columns below. Col. 1 is velocity relative to LSR [km/s]. Col. 2 is uncalibrated antenna temperature [K].
# ENDHEADER
2389.8618043736606 20.626952825754696
2387.8006604230623 42.593424948542875
2385.7395164724635 38.19324162230633
2383.6783725218647 41.382063307529265
2381.617228571266 41.144909380225684
2379.5560846206677 43.05326452844928
2377.494940670069 44.11044650233579
2375.43379671947 46.69320618531233
2373.3726527688714 48.06779761459986
2371.311508818273 50.53012715525967
2369.2503648676743 52.87892554478093
2367.189220917076 55.191077472436746
2365.1280769664772 57.30841774743255
2363.0669330158785 59.94215963169714
2361.0057890652797 62.290676963623305
2358.9446451146814 65.22248273034678
2356.8835011640826 67.04582129679304
2354.822357213484 69.58939547407918
2352.761213262885 71.94404765865966
2350.700069312287 74.06160185200643
2348.638925361688 75.62189133404729
2346.5777814110893 77.79096452861059
2344.5166374604905 79.97954888083389
2342.4554935098918 82.50783375774465
2340.394349559293 83.01667416947444
2338.3332056086947 83.37815246209871
2336.272061658096 85.67212340953971
2334.210917707497 87.1057988847524
2332.1497737568984 87.31705360694157
2330.0886298063 88.42334643910506
2328.0274858557013 90.13071994488726
2325.966341905103 90.13185018468484
2323.9051979545043 89.48212049190337
2321.8440540039055 91.00679009508423
2319.7829100533068 91.92507872035294
2317.7217661027084 90.89819922773276
2315.6606221521097 91.3171320514213
2313.599478201511 92.21264038577932
2311.538334250912 92.94947355118234
2309.477190300314 93.19081886832168
2307.416046349715 93.86529820032256
2305.354902399117 93.92304287797141
2303.293758448518 93.71103493002009
2301.2326144979193 95.29448516859962
2299.1714705473205 94.54268411197552
2297.110326596722 95.10217884169923
2295.0491826461234 95.00548658435673
2292.9880386955247 95.99040570197278
2290.926894744926 95.91422128556191
2288.8657507943276 95.87114658274176
2286.804606843729 95.58261286178791
2284.7434628931305 95.95584902051763
2282.6823189425313 97.07055414632315
2280.6211749919325 96.65205076725168
2278.560031041334 97.19957254337582
2276.4988870907355 97.19989135032525
2274.4377431401367 96.93350642717549
2272.376599189538 97.44870136689954
2270.315455238939 97.4724766496424
2268.254311288341 97.57791250361554
2266.193167337742 97.00883719176657
2264.132023387144 98.02292356738906
2262.070879436545 98.30546244775591
2260.0097354859463 99.15221188299637
2257.9485915353475 98.81575715325921
2255.887447584749 98.5232331602567
2253.8263036341505 98.76730981999167
2251.7651596835517 99.78556684991234
2249.704015732953 99.04539406677743
2247.6428717823546 99.46288764872139
2245.581727831756 100.27361553247519
2243.5205838811576 99.20492977201646
2241.459439930559 100.2373038200658
2239.39829597996 99.53575705136694
2237.3371520293613 99.07965393459284
2235.276008078763 99.93108508632118
2233.214864128164 100.12563123082421
2231.1537201775654 99.51702305881777
2229.0925762269667 99.89086820682448
2227.0314322763684 101.26178155832393
2224.9702883257696 100.19782679536819
2222.9091443751713 100.62475754518876
2220.848000424572 100.59250528858601
2218.7868564739733 101.67083856838858
2216.7257125233746 100.12053637532325
2214.6645685727763 100.26409821782195
2212.6034246221775 102.12946174526093
2210.5422806715787 103.5822529448632
2208.48113672098 101.33831807474623
2206.4199927703817 101.21210026724296
2204.358848819783 101.1924764202599
2202.2977048691846 101.21225209166404
2200.236560918586 100.9235584075655
2198.175416967987 101.79564885160798
2196.1142730173883 102.05303878649228
2194.05312906679 101.61761462598466
2191.9919851161912 102.3805951145859
2189.9308411655925 102.44301959693043
2187.8696972149937 101.71152632017495
2185.8085532643954 102.22821974430782
2183.7474093137967 100.74381326465222
2181.6862653631983 102.43679240426299
2179.6251214125996 102.27637196193326
2177.563977462001 101.12238507933561
2175.502833511402 102.44626542205918
2173.4416895608038 100.98708030537883
2171.380545610205 101.79798860274167
2169.3194016596062 101.60928743197398
2167.2582577090075 102.58804477632424
2165.197113758409 101.14702631779117
2163.1359698078104 101.1985409675177
2161.074825857212 102.81197508554456
2159.013681906613 101.89890296119509
2156.952537956014 102.16986392617599
2154.8913940054153 102.96083516620027
2152.830250054817 102.02072883752875
2150.7691061042183 102.26390412245391
2148.7079621536195 103.81745548702492
2146.6468182030208 102.33461846315092
2144.5856742524225 101.2881649592917
2142.5245303018237 101.80945193064511
2140.4633863512254 102.57528966179649
2138.4022424006266 102.3247022210477
2136.341098450028 102.13770271958032
2134.279954499429 102.14196263429386
2132.218810548831 102.03028468305811
2130.157666598232 103.09548934257381
2128.0965226476333 104.87870847768518
2126.0353786970345 105.4966972308871
2123.974234746436 103.81496861634395
2121.9130907958374 103.49076208505949
2119.851946845239 102.88983969315328
2117.79080289464 102.10930959292997
2115.7296589440416 103.1296476912437
2113.668514993443 103.12762730812135
2111.6073710428445 102.2050173528112
2109.5462270922458 102.14340294805073
2107.485083141647 100.84819624517091
2105.4239391910482 101.86391732185886
2103.36279524045 101.88425347229563
2101.301651289851 101.54894373878403
2099.240507339253 102.6131021574052
2097.179363388653 101.43016763627804
2095.118219438055 101.40499219869261
2093.057075487456 100.91867928836322
2090.995931536858 101.68653463463264
2088.934787586259 101.60043034906143
2086.8736436356608 101.95299464687109
2084.812499685062 102.44624350395965
2082.7513557344632 100.3271261468938
2080.6902117838645 100.0990389677619
2078.629067833266 101.37609127367837
2076.5679238826674 101.05833534203396
2074.5067799320686 99.6915840580807
2072.44563598147 101.89096599839961
2070.3844920308716 102.0369323347331
2068.323348080273 100.76993573881549
2066.2622041296745 100.87117480294457
2064.2010601790753 100.39651913360035
2062.139916228477 101.34525698227863
2060.078772277878 99.63914391554512
2058.0176283272795 101.99566755375356
2055.9564843766807 106.37480087816611
2053.8953404260824 101.60940576685988
2051.8341964754836 99.72889017780305
2049.773052524885 99.63992144053115
2047.711908574286 100.23083623785514
2045.6507646236878 99.65455614683434
2043.589620673089 100.39776121717675
2041.5284767224905 100.09914883597138
2039.4673327718917 99.12571457793746
2037.4061888212932 99.7337003296971
2035.3450448706944 99.93928819952613
2033.283900920096 98.73331568140829
2031.2227569694971 98.70166975107696
2029.1616130188986 99.4900108640465
2027.1004690682998 100.48248051477275
2025.0393251177015 98.03053583678323
2022.9781811671028 99.24667877199546
2020.9170372165042 98.129262018492
2018.8558932659055 97.74391456521596
2016.7947493153067 97.98490718321769
2014.733605364708 98.41553553372728
2012.6724614141094 98.57230656982709
2010.6113174635107 97.64991517538813
2008.5501735129121 97.63915545592486
2006.4890295623134 97.63967137538415
2004.427885611715 98.39844987231794
2002.3667416611163 98.88941656556761
2000.3055977105178 97.2753955402644
1998.244453759919 97.64575157269016
1996.1833098093205 97.44306229186006
1994.1221658587217 98.0142543973436
1992.0610219081232 97.80857811906358
1989.9998779575244 96.38949087381688
1987.9387340069259 95.90981086026285
1985.8775900563269 96.7643738184995
1983.8164461057286 96.82032018129297
1981.7553021551296 95.99790623939164
1979.6941582045313 95.91250068255917
1977.6330142539325 95.72266810515566
1975.571870303334 95.1848902589175
1973.5107263527352 95.07795787017658
1971.4495824021367 94.94798823218835
1969.388438451538 95.35373726636594
1967.3272945009394 94.00422961634641
1965.2661505503406 94.69469814435811
1963.2050065997423 94.25058745860154
1961.1438626491433 93.27329022173737
1959.082718698545 93.2392377002895
1957.0215747479463 93.82292817612462
1954.9604307973475 93.31163509071575
1952.8992868467487 93.14291237420105
1950.8381428961502 93.11880844371366
1948.7769989455514 92.5265919042548
1946.715854994953 92.85037029703037
1944.6547110443541 91.45397602562562
1942.5935670937558 92.29441104943662
1940.5324231431568 91.86491409064946
1938.4712791925585 90.40250501515898
1936.4101352419598 90.569232355891
1934.3489912913612 90.53035932337855
1932.2878473407625 89.57787785742683
1930.226703390164 89.47888778471287
1928.1655594395652 90.69497363614927
1926.1044154889667 87.79170914821674
1924.0432715383677 87.65397407092543
1921.9821275877694 86.28483878630928
1919.9209836371704 85.13325124009597
1917.859839686572 85.03819345472185
1915.7986957359733 83.90257084918154
1913.7375517853748 82.52556336259464
1911.676407834776 82.45759367146537
1909.6152638841775 79.85426491406693
1907.5541199335787 78.17470364439052
1905.4929759829802 76.98606820018655
1903.4318320323814 75.1413364650282
1901.370688081783 73.12975505833789
1899.309544131184 70.98117052753122
1897.2484001805858 68.81372167076672
1895.187256229987 66.56570502614986
1893.1261122793885 64.2663714390897
1891.0649683287895 62.409502411124144
1889.003824378191 59.335484594393726
1886.9426804275922 56.49779254793582
1884.8815364769937 54.84286383065994
1882.820392526395 52.08136488468905
1880.7592485757966 49.652656505037605
1878.6981046251976 47.77364555859524
1876.6369606745993 46.00897925086037
1874.5758167240006 43.84116672554084
1872.514672773402 43.428431573062554
1870.4535288228033 40.673926847176304
1868.3923848722047 41.052395652737204
1866.331240921606 37.38532623181003
1864.2700969710074 42.23320159964147
